0.0
0.00126422250316
0.00252844500632
0.00379266750948
0.00505689001264
0.0063211125158
0.00758533501896
0.00884955752212
0.0101137800253
0.0101137800253
0.0113780025284
0.0126422250316
0.0139064475348
0.0151706700379
0.0164348925411
0.0176991150442
0.0189633375474
0.0202275600506
0.0214917825537
0.0214917825537
0.0227560050569
0.0240202275601
0.0252844500632
0.0265486725664
0.0278128950695
0.0278128950695
0.0290771175727
0.0303413400759
0.031605562579
0.031605562579
0.031605562579
0.0328697850822
0.0341340075853
0.0341340075853
0.0353982300885
0.0366624525917
0.0366624525917
0.0366624525917
0.0366624525917
0.0379266750948
0.039190897598
0.0404551201011
0.0404551201011
0.0417193426043
0.0417193426043
0.0417193426043
0.0417193426043
0.0429835651075
0.0429835651075
0.0429835651075
0.0442477876106
0.0442477876106
0.0442477876106
0.0442477876106
0.0442477876106
0.0442477876106
0.0455120101138
0.0455120101138
0.0455120101138
0.0455120101138
0.0455120101138
0.0455120101138
0.0455120101138
0.0467762326169
0.0480404551201
0.0480404551201
0.0480404551201
0.0493046776233
0.0493046776233
0.0493046776233
0.0505689001264
0.0505689001264
0.0505689001264
0.0518331226296
0.0530973451327
0.0530973451327
0.0530973451327
0.0543615676359
0.0543615676359
0.0556257901391
0.0556257901391
0.0556257901391
0.0556257901391
0.0556257901391
0.0556257901391
0.0568900126422
0.0568900126422
0.0568900126422
0.0581542351454
0.0581542351454
0.0594184576485
0.0594184576485
0.0594184576485
0.0594184576485
0.0594184576485
0.0594184576485
0.0594184576485
0.0594184576485
0.0594184576485
0.0594184576485
0.0594184576485
0.0594184576485
0.0594184576485
0.0594184576485
0.0594184576485
0.0606826801517
0.0606826801517
0.0606826801517
0.0606826801517
0.0606826801517
0.0606826801517
0.0606826801517
0.0619469026549
0.0619469026549
0.063211125158
0.063211125158
0.063211125158
0.063211125158
0.063211125158
0.063211125158
0.063211125158
0.063211125158
0.063211125158
0.063211125158
0.063211125158
0.063211125158
0.0644753476612
0.0657395701643
0.0657395701643
0.0657395701643
0.0657395701643
0.0657395701643
0.0657395701643
0.0657395701643
0.0657395701643
0.0670037926675
0.0670037926675
0.0670037926675
0.0682680151707
0.0682680151707
0.0695322376738
0.0695322376738
0.0695322376738
0.0695322376738
0.0695322376738
0.0695322376738
0.0695322376738
0.0695322376738
0.0695322376738
0.070796460177
0.070796460177
0.070796460177
0.070796460177
0.070796460177
0.070796460177
0.070796460177
0.070796460177
0.070796460177
0.070796460177
0.070796460177
0.070796460177
0.070796460177
0.070796460177
0.070796460177
0.070796460177
0.070796460177
0.070796460177
0.070796460177
0.070796460177
0.070796460177
0.070796460177
0.070796460177
0.0720606826802
0.0720606826802
0.0720606826802
0.0720606826802
0.0720606826802
0.0720606826802
0.0720606826802
0.0720606826802
0.0720606826802
0.0720606826802
0.0720606826802
0.0720606826802
0.0720606826802
0.0720606826802
0.0720606826802
0.0720606826802
0.0720606826802
0.0720606826802
0.0720606826802
0.0733249051833
0.0733249051833
0.0733249051833
0.0733249051833
0.0733249051833
0.0733249051833
0.0733249051833
0.0733249051833
0.0733249051833
0.0733249051833
0.0733249051833
0.0733249051833
0.0733249051833
0.0745891276865
0.0745891276865
0.0745891276865
0.0745891276865
0.0745891276865
0.0758533501896
0.0771175726928
0.0771175726928
0.0771175726928
0.0771175726928
0.0771175726928
0.0771175726928
0.0771175726928
0.0771175726928
0.078381795196
0.078381795196
0.0796460176991
0.0796460176991
0.0796460176991
0.0796460176991
0.0796460176991
0.0796460176991
0.0796460176991
0.0796460176991
0.0796460176991
0.0796460176991
0.0796460176991
0.0796460176991
0.0796460176991
0.0796460176991
0.0796460176991
0.0796460176991
0.0809102402023
0.0809102402023
0.0809102402023
0.0809102402023
0.0809102402023
0.0809102402023
0.0809102402023
0.0821744627054
0.0821744627054
0.0821744627054
0.0821744627054
0.0821744627054
0.0821744627054
0.0821744627054
0.0821744627054
0.0821744627054
0.0821744627054
0.0821744627054
0.0821744627054
0.0821744627054
0.0821744627054
0.0821744627054
0.0821744627054
0.0821744627054
0.0834386852086
0.0834386852086
0.0834386852086
0.0834386852086
0.0834386852086
0.0834386852086
0.0834386852086
0.0834386852086
0.0834386852086
0.0834386852086
0.0834386852086
0.0834386852086
0.0834386852086
0.0834386852086
0.0847029077118
0.0847029077118
0.0847029077118
0.0847029077118
0.0859671302149
0.0859671302149
0.0859671302149
0.0859671302149
0.0859671302149
0.0859671302149
0.0859671302149
0.0859671302149
0.0859671302149
0.0859671302149
0.0859671302149
0.0859671302149
0.0859671302149
0.0872313527181
0.0872313527181
0.0872313527181
0.0872313527181
0.0872313527181
0.0872313527181
0.0872313527181
0.0872313527181
0.0872313527181
0.0872313527181
0.0872313527181
0.0872313527181
0.0872313527181
0.0872313527181
0.0872313527181
0.0872313527181
0.0872313527181
0.0872313527181
0.0872313527181
0.0872313527181
0.0872313527181
0.0872313527181
0.0872313527181
0.0884955752212
0.0884955752212
0.0884955752212
0.0884955752212
0.0884955752212
0.0884955752212
0.0884955752212
0.0884955752212
0.0884955752212
0.0884955752212
0.0884955752212
0.0884955752212
0.0884955752212
0.0884955752212
0.0884955752212
0.0884955752212
0.0884955752212
0.0884955752212
0.0884955752212
0.0884955752212
0.0884955752212
0.0884955752212
0.0884955752212
0.0884955752212
0.0897597977244
0.0897597977244
0.0897597977244
0.0897597977244
0.0897597977244
0.0897597977244
0.0897597977244
0.0897597977244
0.0897597977244
0.0897597977244
0.0897597977244
0.0897597977244
0.0897597977244
0.0897597977244
0.0897597977244
0.0897597977244
0.0897597977244
0.0897597977244
0.0897597977244
0.0897597977244
0.0897597977244
0.0897597977244
0.0897597977244
0.0897597977244
0.0897597977244
0.0897597977244
0.0897597977244
0.0897597977244
0.0897597977244
0.0897597977244
0.0897597977244
0.0897597977244
0.0897597977244
0.0910240202276
0.0910240202276
0.0910240202276
0.0910240202276
0.0910240202276
0.0910240202276
0.0910240202276
0.0910240202276
0.0910240202276
0.0922882427307
0.0922882427307
0.0922882427307
0.0922882427307
0.0922882427307
0.0922882427307
0.0935524652339
0.0935524652339
0.0935524652339
0.0935524652339
0.0935524652339
0.0935524652339
0.0935524652339
0.0935524652339
0.0935524652339
0.0935524652339
0.0935524652339
0.0935524652339
0.0935524652339
0.0935524652339
0.0935524652339
0.0935524652339
0.0935524652339
0.0935524652339
0.0935524652339
0.0935524652339
0.0935524652339
0.0935524652339
0.0935524652339
0.0935524652339
0.0935524652339
0.0935524652339
0.0935524652339
0.0935524652339
0.0935524652339
0.0935524652339
0.0935524652339
0.0935524652339
0.0935524652339
0.0935524652339
0.0935524652339
0.0935524652339
0.0935524652339
0.0935524652339
0.0935524652339
0.0935524652339
0.0935524652339
0.0935524652339
0.0935524652339
0.0935524652339
0.0935524652339
0.0935524652339
0.0935524652339
0.0935524652339
0.0935524652339
0.0935524652339
0.0935524652339
0.0935524652339
0.0935524652339
0.0935524652339
0.0935524652339
0.0935524652339
0.0935524652339
0.0935524652339
0.0935524652339
0.0935524652339
0.0935524652339
0.0935524652339
0.0935524652339
0.0935524652339
0.0935524652339
0.0935524652339
0.0935524652339
0.0935524652339
0.0935524652339
0.0935524652339
0.0935524652339
0.0935524652339
0.0935524652339
0.0935524652339
0.0935524652339
0.0935524652339
0.0935524652339
0.0935524652339
0.0935524652339
0.0935524652339
0.0935524652339
0.0935524652339
0.0935524652339
0.0935524652339
0.0935524652339
0.0935524652339
0.0935524652339
0.0935524652339
0.0935524652339
0.0935524652339
0.0935524652339
0.0935524652339
0.0935524652339
0.0935524652339
0.0935524652339
0.0935524652339
0.0935524652339
0.0935524652339
0.0935524652339
0.0935524652339
0.0935524652339
0.0935524652339
0.0935524652339
0.0935524652339
0.0935524652339
0.0935524652339
0.0935524652339
0.0935524652339
0.0935524652339
0.0935524652339
0.0935524652339
0.0935524652339
0.0935524652339
0.0935524652339
0.0935524652339
0.0935524652339
0.0935524652339
0.0935524652339
0.0935524652339
0.0935524652339
0.0935524652339
0.0935524652339
0.0935524652339
0.0935524652339
0.0935524652339
0.0935524652339
0.0935524652339
0.0935524652339
0.0935524652339
0.0935524652339
0.0935524652339
0.0935524652339
0.0935524652339
0.0935524652339
0.0935524652339
0.0935524652339
0.0935524652339
0.0935524652339
0.0935524652339
0.0935524652339
0.0935524652339
0.0935524652339
0.0935524652339
0.0935524652339
0.0935524652339
0.0935524652339
0.0935524652339
0.0935524652339
0.0935524652339
0.0935524652339
0.0935524652339
0.0935524652339
0.0935524652339
0.0935524652339
0.0935524652339
0.0935524652339
0.0935524652339
0.0935524652339
0.0935524652339
0.0935524652339
0.0935524652339
0.0935524652339
0.0935524652339
0.0935524652339
0.0935524652339
0.0935524652339
0.0935524652339
0.0935524652339
0.0935524652339
0.0935524652339
0.0935524652339
0.0935524652339
0.0935524652339
0.0935524652339
0.0935524652339
0.0935524652339
0.0935524652339
0.0935524652339
0.094816687737
0.094816687737
0.094816687737
0.094816687737
0.094816687737
0.094816687737
0.094816687737
0.094816687737
0.094816687737
0.094816687737
0.094816687737
0.094816687737
0.094816687737
0.094816687737
0.094816687737
0.094816687737
0.094816687737
0.094816687737
0.094816687737
0.094816687737
0.094816687737
0.094816687737
0.094816687737
0.094816687737
0.094816687737
0.094816687737
0.094816687737
0.094816687737
0.094816687737
0.094816687737
0.094816687737
0.094816687737
0.094816687737
0.094816687737
0.094816687737
0.094816687737
0.094816687737
0.094816687737
0.094816687737
0.094816687737
0.094816687737
0.094816687737
0.094816687737
0.094816687737
0.094816687737
0.094816687737
0.094816687737
0.094816687737
0.094816687737
0.094816687737
0.094816687737
0.094816687737
0.094816687737
0.094816687737
0.094816687737
0.094816687737
0.094816687737
0.094816687737
0.094816687737
0.094816687737
0.094816687737
0.094816687737
0.094816687737
0.094816687737
0.094816687737
0.0960809102402
0.0960809102402
0.0960809102402
0.0960809102402
0.0960809102402
0.0960809102402
0.0960809102402
0.0960809102402
0.0960809102402
0.0960809102402
0.0960809102402
0.0960809102402
0.0960809102402
0.0960809102402
0.0960809102402
0.0960809102402
0.0960809102402
0.0960809102402
0.0960809102402
0.0960809102402
0.0960809102402
0.0960809102402
0.0960809102402
0.0960809102402
0.0960809102402
0.0960809102402
0.0960809102402
0.0960809102402
0.0960809102402
0.0960809102402
0.0960809102402
0.0960809102402
0.0960809102402
0.0960809102402
0.0960809102402
0.0960809102402
0.0960809102402
0.0960809102402
0.0960809102402
0.0960809102402
0.0960809102402
0.0960809102402
0.0960809102402
0.0960809102402
0.0960809102402
0.0960809102402
0.0960809102402
0.0960809102402
0.0960809102402
0.0960809102402
0.0960809102402
0.0960809102402
0.0960809102402
0.0960809102402
0.0960809102402
0.0960809102402
0.0960809102402
0.0960809102402
0.0960809102402
0.0960809102402
0.0960809102402
0.0960809102402
0.0960809102402
0.0960809102402
0.0960809102402
0.0960809102402
0.0960809102402
0.0960809102402
0.0960809102402
0.0960809102402
0.0960809102402
0.0960809102402
0.0960809102402
0.0960809102402
0.0960809102402
0.0960809102402
0.0960809102402
0.0960809102402
0.0960809102402
0.0973451327434
0.0973451327434
0.0973451327434
0.0973451327434
0.0973451327434
0.0973451327434
0.0973451327434
0.0973451327434
0.0973451327434
0.0973451327434
0.0973451327434
0.0973451327434
0.0973451327434
0.0973451327434
0.0973451327434
0.0973451327434
0.0973451327434
0.0973451327434
0.0973451327434
0.0973451327434
0.0973451327434
0.0973451327434
0.0973451327434
0.0973451327434
0.0973451327434
0.0973451327434
0.0973451327434
0.0973451327434
0.0973451327434
0.0973451327434
0.0973451327434
0.0973451327434
0.0973451327434
0.0973451327434
0.0973451327434
0.0973451327434
0.0973451327434
0.0973451327434
0.0973451327434
0.0973451327434
0.0973451327434
0.0973451327434
0.0973451327434
0.0973451327434
0.0973451327434
0.0973451327434
0.0973451327434
0.0973451327434
0.0973451327434
0.0973451327434
0.0973451327434
0.0973451327434
0.0973451327434
0.0973451327434
0.0973451327434
0.0973451327434
0.0973451327434
0.0973451327434
0.0973451327434
0.0973451327434
0.0973451327434
0.0973451327434
0.0973451327434
0.0973451327434
0.0973451327434
0.0973451327434
0.0973451327434
0.0973451327434
0.0973451327434
0.0973451327434
0.0973451327434
0.0973451327434
0.0973451327434
0.0973451327434
0.0973451327434
0.0973451327434
0.0973451327434
0.0973451327434
0.0973451327434
0.0973451327434
0.0973451327434
0.0973451327434
0.0973451327434
