0.00061919504644
0.00123839009288
0.00123839009288
0.00185758513932
0.00185758513932
0.00185758513932
0.00247678018576
0.0030959752322
0.0030959752322
0.0030959752322
0.00371517027864
0.00433436532508
0.00433436532508
0.00433436532508
0.00495356037152
0.00495356037152
0.00557275541796
0.0061919504644
0.0061919504644
0.0061919504644
0.00681114551084
0.00681114551084
0.00743034055728
0.00804953560372
0.00804953560372
0.00866873065015
0.00866873065015
0.00866873065015
0.00866873065015
0.00928792569659
0.00928792569659
0.00928792569659
0.00928792569659
0.00928792569659
0.00990712074303
0.00990712074303
0.0105263157895
0.0105263157895
0.0105263157895
0.0105263157895
0.0105263157895
0.0111455108359
0.0111455108359
0.0111455108359
0.0111455108359
0.0111455108359
0.0117647058824
0.0123839009288
0.0123839009288
0.0123839009288
0.0123839009288
0.0130030959752
0.0130030959752
0.0136222910217
0.0136222910217
0.0136222910217
0.0136222910217
0.0136222910217
0.0142414860681
0.0142414860681
0.0148606811146
0.015479876161
0.015479876161
0.0160990712074
0.0160990712074
0.0160990712074
0.0160990712074
0.0160990712074
0.0160990712074
0.0160990712074
0.0167182662539
0.0173374613003
0.0173374613003
0.0173374613003
0.0179566563467
0.0179566563467
0.0179566563467
0.0179566563467
0.0179566563467
0.0179566563467
0.0185758513932
0.0191950464396
0.0191950464396
0.0198142414861
0.0198142414861
0.0198142414861
0.0198142414861
0.0204334365325
0.0204334365325
0.0204334365325
0.0210526315789
0.0210526315789
0.0216718266254
0.0216718266254
0.0216718266254
0.0222910216718
0.0222910216718
0.0229102167183
0.0229102167183
0.0229102167183
0.0235294117647
0.0235294117647
0.0235294117647
0.0235294117647
0.0241486068111
0.0241486068111
0.0247678018576
0.0247678018576
0.025386996904
0.025386996904
0.025386996904
0.025386996904
0.025386996904
0.025386996904
0.025386996904
0.025386996904
0.025386996904
0.025386996904
0.025386996904
0.025386996904
0.0260061919505
0.0260061919505
0.0260061919505
0.0260061919505
0.0260061919505
0.0260061919505
0.0266253869969
0.0266253869969
0.0266253869969
0.0266253869969
0.0266253869969
0.0266253869969
0.0266253869969
0.0266253869969
0.0266253869969
0.0266253869969
0.0266253869969
0.0266253869969
0.0266253869969
0.0266253869969
0.0266253869969
0.0272445820433
0.0272445820433
0.0272445820433
0.0278637770898
0.0278637770898
0.0278637770898
0.0278637770898
0.0278637770898
0.0278637770898
0.0278637770898
0.0278637770898
0.0278637770898
0.0284829721362
0.0284829721362
0.0284829721362
0.0291021671827
0.0297213622291
0.0297213622291
0.0297213622291
0.0297213622291
0.0297213622291
0.0297213622291
0.0297213622291
0.0297213622291
0.0297213622291
0.0297213622291
0.0297213622291
0.0297213622291
0.0303405572755
0.0303405572755
0.0303405572755
0.0303405572755
0.0303405572755
0.0303405572755
0.0303405572755
0.0303405572755
0.0303405572755
0.0303405572755
0.0303405572755
0.0303405572755
0.0303405572755
0.0303405572755
0.0303405572755
0.0303405572755
0.030959752322
0.030959752322
0.030959752322
0.030959752322
0.030959752322
0.030959752322
0.030959752322
0.030959752322
0.030959752322
0.030959752322
0.030959752322
0.030959752322
0.030959752322
0.030959752322
0.030959752322
0.030959752322
0.030959752322
0.030959752322
0.030959752322
0.0315789473684
0.0315789473684
0.0315789473684
0.0315789473684
0.0315789473684
0.0315789473684
0.0315789473684
0.0321981424149
0.0321981424149
0.0321981424149
0.0321981424149
0.0321981424149
0.0321981424149
0.0321981424149
0.0321981424149
0.0321981424149
0.0321981424149
0.0321981424149
0.0328173374613
0.0328173374613
0.0328173374613
0.0328173374613
0.0328173374613
0.0328173374613
0.0328173374613
0.0328173374613
0.0328173374613
0.0328173374613
0.0328173374613
0.0328173374613
0.0328173374613
0.0328173374613
0.0328173374613
0.0328173374613
0.0328173374613
0.0328173374613
0.0328173374613
0.0328173374613
0.0334365325077
0.0334365325077
0.0334365325077
0.0334365325077
0.0340557275542
0.0340557275542
0.0340557275542
0.0340557275542
0.0340557275542
0.0340557275542
0.0340557275542
0.0340557275542
0.0340557275542
0.0340557275542
0.0346749226006
0.0346749226006
0.0346749226006
0.0346749226006
0.0346749226006
0.0346749226006
0.0346749226006
0.0346749226006
0.0346749226006
0.0346749226006
0.0352941176471
0.0352941176471
0.0359133126935
0.0359133126935
0.0365325077399
0.0365325077399
0.0365325077399
0.0365325077399
0.0365325077399
0.0365325077399
0.0365325077399
0.0365325077399
0.0365325077399
0.0365325077399
0.0371517027864
0.0371517027864
0.0371517027864
0.0371517027864
0.0371517027864
0.0371517027864
0.0371517027864
0.0371517027864
0.0371517027864
0.0371517027864
0.0371517027864
0.0371517027864
0.0371517027864
0.0371517027864
0.0371517027864
0.0371517027864
0.0371517027864
0.0371517027864
0.0371517027864
0.0371517027864
0.0371517027864
0.0371517027864
0.0371517027864
0.0371517027864
0.0377708978328
0.0377708978328
0.0377708978328
0.0377708978328
0.0383900928793
0.0383900928793
0.0383900928793
0.0383900928793
0.0383900928793
0.0390092879257
0.0390092879257
0.0390092879257
0.0390092879257
0.0390092879257
0.0390092879257
0.0390092879257
0.0390092879257
0.0390092879257
0.0390092879257
0.0390092879257
0.0390092879257
0.0390092879257
0.0390092879257
0.0390092879257
0.0390092879257
0.0390092879257
0.0390092879257
0.0390092879257
0.0390092879257
0.0390092879257
0.0390092879257
0.0390092879257
0.0390092879257
0.0390092879257
0.0390092879257
0.0390092879257
0.0396284829721
0.0396284829721
0.0396284829721
0.0396284829721
0.0396284829721
0.0396284829721
0.0396284829721
0.0396284829721
0.0396284829721
0.0396284829721
0.0396284829721
0.0396284829721
0.0396284829721
0.0396284829721
0.0396284829721
0.0396284829721
0.0396284829721
0.0396284829721
0.0396284829721
0.0396284829721
0.0396284829721
0.0396284829721
0.0396284829721
0.0396284829721
0.0396284829721
0.0396284829721
0.0396284829721
0.0396284829721
0.0396284829721
0.0396284829721
0.0396284829721
0.0396284829721
0.0396284829721
0.0396284829721
0.0396284829721
0.0396284829721
0.0402476780186
0.0402476780186
0.0402476780186
0.0402476780186
0.0402476780186
0.0402476780186
0.0402476780186
0.0402476780186
0.0402476780186
0.0402476780186
0.0402476780186
0.0402476780186
0.0402476780186
0.0402476780186
0.0402476780186
0.0402476780186
0.0402476780186
0.040866873065
0.040866873065
0.0414860681115
0.0414860681115
0.0414860681115
0.0414860681115
0.0414860681115
0.0414860681115
0.0414860681115
0.0414860681115
0.0414860681115
0.0414860681115
0.0414860681115
0.0414860681115
0.0414860681115
0.0414860681115
0.0421052631579
0.0421052631579
0.0421052631579
0.0421052631579
0.0421052631579
0.0421052631579
0.0421052631579
0.0421052631579
0.0421052631579
0.0421052631579
0.0421052631579
0.0421052631579
0.0421052631579
0.0421052631579
0.0421052631579
0.0421052631579
0.0421052631579
0.0421052631579
0.0421052631579
0.0421052631579
0.0421052631579
0.0421052631579
0.0421052631579
0.0421052631579
0.0421052631579
0.0421052631579
0.0421052631579
0.0421052631579
0.0421052631579
0.0421052631579
0.0421052631579
0.0421052631579
0.0421052631579
0.0421052631579
0.0421052631579
0.0421052631579
0.0421052631579
0.0421052631579
0.0427244582043
0.0427244582043
0.0427244582043
0.0427244582043
0.0427244582043
0.0427244582043
0.0427244582043
0.0433436532508
0.0433436532508
0.0439628482972
0.0439628482972
0.0439628482972
0.0439628482972
0.0439628482972
0.0439628482972
0.0439628482972
0.0439628482972
0.0439628482972
0.0439628482972
0.0439628482972
0.0439628482972
0.0439628482972
0.0439628482972
0.0439628482972
0.0439628482972
0.0439628482972
0.0439628482972
0.0439628482972
0.0439628482972
0.0439628482972
0.0439628482972
0.0439628482972
0.0439628482972
0.0439628482972
0.0439628482972
0.0439628482972
0.0439628482972
0.0439628482972
0.0439628482972
0.0439628482972
0.0439628482972
0.0439628482972
0.0439628482972
0.0439628482972
0.0439628482972
0.0439628482972
0.0439628482972
0.0439628482972
0.0439628482972
0.0439628482972
0.0445820433437
0.0445820433437
0.0445820433437
0.0445820433437
0.0445820433437
0.0445820433437
0.0445820433437
0.0445820433437
0.0445820433437
0.0445820433437
0.0452012383901
0.0458204334365
0.0458204334365
0.0458204334365
0.0458204334365
0.0458204334365
0.0458204334365
0.0458204334365
0.0458204334365
0.0458204334365
0.0458204334365
0.0458204334365
0.0458204334365
0.0458204334365
0.0458204334365
0.0458204334365
0.0458204334365
0.0458204334365
0.0458204334365
0.0458204334365
0.046439628483
0.046439628483
0.046439628483
0.046439628483
0.046439628483
0.046439628483
0.046439628483
0.046439628483
0.046439628483
0.046439628483
0.046439628483
0.046439628483
0.046439628483
0.046439628483
0.046439628483
0.046439628483
0.046439628483
0.046439628483
0.046439628483
0.046439628483
0.046439628483
0.046439628483
0.0470588235294
0.0470588235294
0.0470588235294
0.0470588235294
0.0470588235294
0.0470588235294
0.0470588235294
0.0470588235294
0.0470588235294
0.0470588235294
0.0470588235294
0.0470588235294
0.0470588235294
0.0470588235294
0.0476780185759
0.0476780185759
0.0476780185759
0.0476780185759
0.0476780185759
0.0476780185759
0.0476780185759
0.0476780185759
0.0476780185759
0.0476780185759
0.0476780185759
0.0476780185759
0.0476780185759
0.0476780185759
0.0476780185759
0.0476780185759
0.0482972136223
0.0482972136223
0.0482972136223
0.0482972136223
0.0482972136223
0.0482972136223
0.0482972136223
0.0482972136223
0.0482972136223
0.0482972136223
0.0482972136223
0.0482972136223
0.0482972136223
0.0482972136223
0.0482972136223
0.0482972136223
0.0482972136223
0.0482972136223
0.0482972136223
0.0482972136223
0.0482972136223
0.0482972136223
0.0482972136223
0.0482972136223
0.0489164086687
0.0489164086687
0.0495356037152
0.0495356037152
0.0495356037152
0.0495356037152
0.0495356037152
0.0495356037152
0.0495356037152
0.0495356037152
0.0495356037152
0.0495356037152
0.0495356037152
0.0495356037152
0.0495356037152
0.0495356037152
0.0495356037152
0.0495356037152
0.0495356037152
0.0495356037152
0.0495356037152
0.0495356037152
0.0495356037152
0.0495356037152
0.0495356037152
0.0495356037152
0.0495356037152
0.0495356037152
0.0495356037152
0.0495356037152
0.0495356037152
0.0495356037152
0.0495356037152
0.0495356037152
0.0495356037152
0.0495356037152
0.0495356037152
0.0495356037152
0.0501547987616
0.0501547987616
0.0501547987616
0.0501547987616
0.0501547987616
0.0501547987616
0.0501547987616
0.0501547987616
0.0501547987616
0.0501547987616
0.0501547987616
0.0501547987616
0.0501547987616
0.0501547987616
0.0501547987616
0.0501547987616
0.0501547987616
0.0501547987616
0.050773993808
0.050773993808
0.050773993808
0.050773993808
0.050773993808
0.050773993808
0.050773993808
0.050773993808
0.050773993808
0.0513931888545
0.0513931888545
0.0513931888545
0.0513931888545
0.0513931888545
0.0513931888545
0.0513931888545
0.0513931888545
0.0513931888545
0.0513931888545
0.0513931888545
0.0513931888545
0.0513931888545
0.0513931888545
0.0513931888545
0.0513931888545
0.0513931888545
0.0513931888545
0.0513931888545
0.0513931888545
0.0513931888545
0.0513931888545
0.0513931888545
0.0513931888545
0.0513931888545
0.0513931888545
0.0513931888545
0.0513931888545
0.0513931888545
0.0513931888545
0.0513931888545
0.0513931888545
0.0520123839009
0.0520123839009
0.0520123839009
0.0520123839009
0.0520123839009
0.0520123839009
0.0520123839009
0.0520123839009
0.0520123839009
0.0520123839009
0.0520123839009
0.0520123839009
0.0520123839009
0.0520123839009
0.0520123839009
0.0520123839009
0.0520123839009
0.0520123839009
0.0520123839009
0.0526315789474
0.0526315789474
0.0526315789474
0.0526315789474
0.0526315789474
0.0526315789474
0.0526315789474
0.0526315789474
0.0526315789474
0.0526315789474
0.0526315789474
0.0526315789474
0.0526315789474
0.0526315789474
0.0526315789474
0.0526315789474
0.0526315789474
0.0526315789474
0.0526315789474
0.0526315789474
0.0526315789474
0.0526315789474
0.0526315789474
0.0532507739938
0.0532507739938
0.0532507739938
0.0532507739938
0.0532507739938
0.0532507739938
0.0532507739938
0.0532507739938
0.0532507739938
0.0532507739938
0.0532507739938
0.0532507739938
0.0532507739938
0.0532507739938
0.0532507739938
0.0532507739938
0.0532507739938
0.0532507739938
0.0532507739938
0.0532507739938
0.0532507739938
0.0532507739938
0.0532507739938
0.0532507739938
0.0532507739938
0.0532507739938
0.0538699690402
0.0538699690402
0.0538699690402
0.0538699690402
0.0538699690402
0.0538699690402
0.0538699690402
0.0538699690402
0.0538699690402
0.0538699690402
0.0538699690402
0.0538699690402
0.0538699690402
0.0538699690402
0.0538699690402
0.0538699690402
0.0538699690402
0.0538699690402
0.0544891640867
0.0544891640867
0.0544891640867
0.0544891640867
0.0544891640867
0.0544891640867
0.0551083591331
0.0551083591331
0.0551083591331
0.0551083591331
0.0551083591331
0.0551083591331
0.0551083591331
0.0551083591331
0.0551083591331
0.0551083591331
0.0551083591331
0.0551083591331
0.0551083591331
0.0551083591331
0.0551083591331
0.0551083591331
0.0551083591331
0.0551083591331
0.0551083591331
0.0551083591331
0.0551083591331
0.0551083591331
0.0551083591331
0.0551083591331
0.0551083591331
0.0551083591331
0.0551083591331
0.0551083591331
0.0551083591331
0.0551083591331
0.0551083591331
0.0551083591331
0.0551083591331
0.0557275541796
0.0557275541796
0.0557275541796
0.0557275541796
0.0557275541796
0.0557275541796
0.0557275541796
0.0557275541796
0.0557275541796
0.0557275541796
0.0557275541796
0.0557275541796
0.0557275541796
0.0557275541796
0.0557275541796
0.0557275541796
0.0557275541796
0.0557275541796
0.0557275541796
0.0557275541796
0.0557275541796
0.0557275541796
0.0557275541796
0.0557275541796
0.0557275541796
0.0557275541796
0.0557275541796
0.0557275541796
0.0557275541796
0.0557275541796
0.0557275541796
0.0557275541796
0.0557275541796
0.0557275541796
0.0557275541796
0.0557275541796
0.0557275541796
0.0557275541796
0.0557275541796
0.0557275541796
0.0557275541796
0.0557275541796
0.0557275541796
0.0557275541796
0.0557275541796
0.0557275541796
0.0557275541796
0.0557275541796
0.0557275541796
0.0557275541796
0.0557275541796
0.0557275541796
0.0557275541796
0.0557275541796
0.0557275541796
0.056346749226
0.056346749226
0.056346749226
0.056346749226
0.056346749226
0.056346749226
0.056346749226
0.056346749226
0.056346749226
0.056346749226
0.056346749226
0.056346749226
0.056346749226
0.056346749226
0.056346749226
0.056346749226
0.056346749226
0.056346749226
0.056346749226
0.056346749226
0.056346749226
0.056346749226
0.056346749226
0.056346749226
0.056346749226
0.056346749226
0.056346749226
0.056346749226
0.056346749226
0.056346749226
0.056346749226
0.056346749226
0.056346749226
0.056346749226
0.056346749226
0.056346749226
0.056346749226
0.056346749226
0.056346749226
0.056346749226
0.056346749226
0.056346749226
0.056346749226
0.056346749226
0.056346749226
0.056346749226
0.056346749226
0.056346749226
0.056346749226
0.056346749226
0.056346749226
0.056346749226
0.056346749226
0.056346749226
0.056346749226
0.056346749226
0.056346749226
0.056346749226
0.056346749226
0.056346749226
0.056346749226
0.056346749226
0.056346749226
0.056346749226
0.056346749226
0.056346749226
0.056346749226
0.056346749226
0.056346749226
0.056346749226
0.056346749226
0.056346749226
0.056346749226
0.056346749226
0.056346749226
0.056346749226
0.056346749226
0.056346749226
0.056346749226
0.056346749226
0.056346749226
0.056346749226
0.056346749226
0.056346749226
0.056346749226
0.056346749226
0.056346749226
0.056346749226
0.056346749226
0.056346749226
0.056346749226
0.056346749226
0.056346749226
0.056346749226
0.056346749226
0.056346749226
0.056346749226
0.056346749226
0.056346749226
0.056346749226
0.056346749226
0.056346749226
0.056346749226
0.056346749226
0.0569659442724
0.0569659442724
0.0569659442724
0.0569659442724
0.0569659442724
0.0569659442724
0.0569659442724
0.0569659442724
0.0569659442724
0.0569659442724
0.0569659442724
0.0569659442724
0.0569659442724
0.0569659442724
0.0569659442724
0.0569659442724
0.0569659442724
0.0569659442724
0.0569659442724
0.0569659442724
0.0569659442724
0.0569659442724
0.0569659442724
0.0569659442724
0.0569659442724
0.0569659442724
0.0569659442724
0.0569659442724
0.0569659442724
0.0569659442724
0.0569659442724
0.0569659442724
0.0569659442724
0.0569659442724
0.0569659442724
0.0569659442724
0.0569659442724
0.0569659442724
0.0569659442724
0.0569659442724
0.0569659442724
0.0569659442724
0.0569659442724
0.0569659442724
0.0569659442724
0.0569659442724
0.0569659442724
0.0569659442724
0.0569659442724
0.0569659442724
0.0569659442724
0.0569659442724
0.0569659442724
0.0569659442724
0.0569659442724
0.0569659442724
0.0569659442724
0.0569659442724
0.0569659442724
0.0569659442724
0.0569659442724
0.0569659442724
0.0569659442724
0.0569659442724
0.0569659442724
0.0569659442724
0.0569659442724
0.0569659442724
0.0569659442724
0.0569659442724
0.0569659442724
0.0569659442724
0.0569659442724
0.0569659442724
0.0569659442724
0.0569659442724
0.0569659442724
0.0569659442724
0.0569659442724
0.0569659442724
0.0569659442724
0.0569659442724
0.0569659442724
0.0569659442724
0.0569659442724
0.0569659442724
0.0569659442724
0.0569659442724
0.0569659442724
0.0569659442724
0.0569659442724
0.0569659442724
0.0569659442724
0.0569659442724
0.0569659442724
0.0569659442724
0.0569659442724
0.0569659442724
0.0569659442724
0.0569659442724
0.0569659442724
0.0569659442724
0.0569659442724
0.0569659442724
0.0569659442724
0.0569659442724
0.0569659442724
0.0569659442724
0.0569659442724
0.0569659442724
0.0569659442724
0.0569659442724
0.0569659442724
0.0569659442724
0.0569659442724
0.0569659442724
0.0569659442724
0.0569659442724
0.0569659442724
0.0569659442724
0.0569659442724
0.0569659442724
0.0569659442724
0.0569659442724
0.0569659442724
0.0569659442724
0.0569659442724
0.0569659442724
0.0569659442724
0.0569659442724
0.0569659442724
0.0569659442724
0.0569659442724
0.0569659442724
0.0569659442724
0.0569659442724
0.0569659442724
0.0569659442724
0.0569659442724
0.0569659442724
0.0569659442724
0.0569659442724
0.0569659442724
0.0569659442724
0.0569659442724
0.0569659442724
0.0569659442724
0.0569659442724
0.0569659442724
0.0569659442724
0.0569659442724
0.0569659442724
0.0569659442724
0.0569659442724
0.0569659442724
0.0569659442724
0.0569659442724
0.0569659442724
0.0569659442724
0.0569659442724
0.0569659442724
0.0569659442724
0.0569659442724
0.0569659442724
0.0569659442724
0.0569659442724
0.0569659442724
0.0569659442724
0.0569659442724
0.0569659442724
0.0569659442724
0.0569659442724
0.0569659442724
0.0569659442724
0.0569659442724
0.0569659442724
0.0569659442724
0.0569659442724
0.0569659442724
0.0569659442724
0.0569659442724
0.0569659442724
0.0569659442724
0.0569659442724
0.0569659442724
0.0569659442724
0.0569659442724
0.0569659442724
0.0569659442724
0.0569659442724
0.0569659442724
0.0569659442724
0.0569659442724
0.0569659442724
0.0569659442724
0.0569659442724
0.0569659442724
0.0569659442724
0.0569659442724
0.0569659442724
0.0569659442724
0.0569659442724
0.0569659442724
0.0569659442724
0.0569659442724
0.0569659442724
0.0569659442724
0.0569659442724
0.0569659442724
0.0569659442724
0.0569659442724
0.0569659442724
0.0569659442724
0.0569659442724
0.0569659442724
0.0569659442724
0.0569659442724
0.0569659442724
0.0569659442724
0.0569659442724
0.0569659442724
0.0569659442724
0.0569659442724
0.0569659442724
0.0569659442724
0.0569659442724
0.0569659442724
0.0569659442724
0.0569659442724
0.0569659442724
0.0569659442724
0.0569659442724
0.0569659442724
0.0569659442724
0.0569659442724
0.0569659442724
0.0569659442724
0.0569659442724
0.0569659442724
0.0569659442724
0.0569659442724
0.0569659442724
0.0569659442724
0.0569659442724
0.0569659442724
0.0569659442724
0.0569659442724
0.0569659442724
0.0569659442724
0.0569659442724
0.0569659442724
0.0569659442724
0.0569659442724
0.0569659442724
0.0569659442724
0.0569659442724
0.0569659442724
0.0569659442724
0.0569659442724
0.0569659442724
0.0569659442724
0.0569659442724
0.0569659442724
0.0569659442724
0.0569659442724
0.0569659442724
0.0569659442724
0.0569659442724
0.0569659442724
0.0569659442724
0.0569659442724
0.0569659442724
0.0569659442724
0.0569659442724
0.0569659442724
0.0569659442724
0.0569659442724
0.0569659442724
0.0569659442724
0.0569659442724
0.0569659442724
0.0569659442724
0.0569659442724
0.0569659442724
0.0569659442724
0.0569659442724
0.0569659442724
0.0569659442724
0.0569659442724
0.0569659442724
0.0569659442724
0.0569659442724
0.0569659442724
0.0569659442724
0.0569659442724
0.0569659442724
0.0569659442724
0.0569659442724
0.0569659442724
0.0569659442724
0.0569659442724
0.0569659442724
0.0569659442724
0.0569659442724
0.0569659442724
0.0569659442724
0.0569659442724
0.0569659442724
0.0569659442724
0.0569659442724
0.0569659442724
0.0569659442724
0.0569659442724
0.0569659442724
0.0569659442724
0.0569659442724
0.0569659442724
0.0569659442724
0.0569659442724
0.0569659442724
0.0569659442724
0.0569659442724
0.0569659442724
0.0569659442724
0.0569659442724
0.0569659442724
0.0569659442724
0.0569659442724
0.0569659442724
0.0569659442724
0.0569659442724
0.0569659442724
0.0569659442724
0.0569659442724
0.0569659442724
0.0569659442724
0.0569659442724
0.0569659442724
0.0569659442724
0.0569659442724
0.0569659442724
0.0569659442724
0.0569659442724
0.0569659442724
0.0569659442724
0.0569659442724
0.0569659442724
0.0569659442724
0.0569659442724
0.0569659442724
0.0569659442724
0.0569659442724
0.0569659442724
0.0569659442724
0.0569659442724
0.0569659442724
0.0569659442724
0.0569659442724
0.0569659442724
0.0569659442724
0.0569659442724
0.0569659442724
0.0569659442724
0.0569659442724
0.0569659442724
0.0569659442724
0.0569659442724
0.0569659442724
0.0569659442724
0.0569659442724
0.0569659442724
0.0569659442724
0.0569659442724
0.0569659442724
0.0569659442724
0.0569659442724
0.0569659442724
0.0569659442724
0.0569659442724
0.0569659442724
0.0569659442724
0.0569659442724
0.0569659442724
0.0569659442724
0.0569659442724
0.0569659442724
0.0569659442724
0.0569659442724
0.0569659442724
0.0569659442724
0.0569659442724
0.0569659442724
0.0569659442724
0.0569659442724
0.0569659442724
0.0569659442724
0.0569659442724
0.0569659442724
0.0569659442724
0.0569659442724
0.0569659442724
0.0569659442724
0.0569659442724
0.0569659442724
0.0569659442724
0.0569659442724
0.0569659442724
0.0569659442724
0.0569659442724
0.0569659442724
0.0569659442724
0.0569659442724
0.0569659442724
0.0569659442724
0.0569659442724
0.0569659442724
0.0569659442724
0.0569659442724
0.0569659442724
0.0569659442724
0.0569659442724
0.0569659442724
0.0569659442724
0.0569659442724
0.0569659442724
0.0569659442724
0.0569659442724
0.0569659442724
0.0569659442724
0.0569659442724
0.0569659442724
0.0569659442724
0.0569659442724
0.0569659442724
0.0569659442724
0.0569659442724
0.0569659442724
0.0569659442724
0.0569659442724
0.0569659442724
0.0569659442724
0.0569659442724
0.0569659442724
0.0569659442724
0.0569659442724
0.0569659442724
0.0569659442724
0.0569659442724
0.0569659442724
0.0569659442724
0.0569659442724
0.0569659442724
0.0569659442724
0.0569659442724
0.0569659442724
0.0569659442724
0.0569659442724
0.0569659442724
0.0569659442724
0.0569659442724
0.0569659442724
0.0569659442724
0.0569659442724
0.0569659442724
0.0569659442724
0.0569659442724
0.0569659442724
0.0569659442724
0.0569659442724
0.0569659442724
0.0569659442724
0.0569659442724
0.0569659442724
0.0569659442724
0.0569659442724
0.0569659442724
0.0569659442724
0.0569659442724
0.0569659442724
0.0569659442724
0.0569659442724
0.0569659442724
0.0569659442724
0.0569659442724
0.0569659442724
0.0569659442724
0.0569659442724
0.0569659442724
0.0569659442724
0.0569659442724
0.0569659442724
0.0569659442724
0.0569659442724
0.0569659442724
0.0569659442724
0.0569659442724
0.0569659442724
0.0569659442724
0.0569659442724
0.0569659442724
0.0569659442724
0.0569659442724
0.0569659442724
0.0569659442724
0.0569659442724
0.0569659442724
0.0569659442724
0.0569659442724
0.0569659442724
0.0569659442724
0.0569659442724
0.0569659442724
0.0569659442724
0.0569659442724
0.0569659442724
0.0569659442724
0.0569659442724
0.0569659442724
0.0569659442724
0.0569659442724
0.0569659442724
0.0569659442724
0.0569659442724
0.0569659442724
0.0569659442724
0.0569659442724
0.0569659442724
0.0569659442724
0.0569659442724
0.0569659442724
0.0569659442724
0.0569659442724
0.0569659442724
0.0569659442724
0.0569659442724
0.0569659442724
0.0569659442724
0.0569659442724
0.0569659442724
0.0569659442724
0.0569659442724
0.0569659442724
0.0569659442724
0.0569659442724
0.0569659442724
0.0569659442724
0.0569659442724
0.0569659442724
0.0569659442724
0.0569659442724
0.0569659442724
0.0569659442724
0.0569659442724
0.0569659442724
0.0569659442724
0.0569659442724
0.0569659442724
0.0569659442724
0.0569659442724
0.0569659442724
0.0569659442724
0.0569659442724
0.0569659442724
0.0569659442724
0.0569659442724
0.0569659442724
0.0569659442724
0.0569659442724
0.0569659442724
0.0569659442724
0.0569659442724
0.0569659442724
0.0569659442724
0.0569659442724
0.0569659442724
0.0569659442724
0.0569659442724
0.0569659442724
0.0569659442724
0.0569659442724
0.0569659442724
0.0569659442724
0.0569659442724
0.0569659442724
0.0569659442724
0.0569659442724
0.0569659442724
0.0569659442724
0.0569659442724
0.0569659442724
0.0569659442724
0.0569659442724
0.0569659442724
0.0569659442724
0.0569659442724
0.0569659442724
0.0569659442724
0.0569659442724
0.0569659442724
0.0569659442724
0.0569659442724
0.0569659442724
0.0569659442724
0.0569659442724
0.0569659442724
0.0569659442724
0.0569659442724
0.0569659442724
0.0569659442724
0.0569659442724
0.0569659442724
0.0569659442724
0.0569659442724
0.0569659442724
0.0569659442724
0.0569659442724
0.0569659442724
0.0569659442724
0.0569659442724
0.0569659442724
0.0569659442724
0.0569659442724
0.0569659442724
0.0569659442724
0.0569659442724
0.0569659442724
0.0569659442724
0.0569659442724
0.0569659442724
0.0569659442724
0.0569659442724
