0.00287356321839
0.00287356321839
0.00287356321839
0.00287356321839
0.00287356321839
0.00574712643678
0.00574712643678
0.00862068965517
0.0114942528736
0.0114942528736
0.0114942528736
0.0114942528736
0.0114942528736
0.0114942528736
0.0114942528736
0.0114942528736
0.0114942528736
0.0114942528736
0.0114942528736
0.014367816092
0.014367816092
0.0172413793103
0.0172413793103
0.0172413793103
0.0172413793103
0.0172413793103
0.0172413793103
0.0172413793103
0.0201149425287
0.0201149425287
0.0201149425287
0.0201149425287
0.0201149425287
0.0201149425287
0.0201149425287
0.0201149425287
0.0201149425287
0.0201149425287
0.0201149425287
0.0229885057471
0.0229885057471
0.0229885057471
0.0229885057471
0.0229885057471
0.0229885057471
0.0229885057471
0.0229885057471
0.0229885057471
0.0229885057471
0.0229885057471
0.0229885057471
0.0258620689655
0.0258620689655
0.0287356321839
0.0287356321839
0.0287356321839
0.0287356321839
0.0287356321839
0.0287356321839
0.0287356321839
0.0287356321839
0.0287356321839
0.0287356321839
0.0287356321839
0.0287356321839
0.0287356321839
0.0287356321839
0.0287356321839
0.0287356321839
0.0287356321839
0.0287356321839
0.0287356321839
0.0287356321839
0.0287356321839
0.0287356321839
0.0287356321839
0.0287356321839
0.0287356321839
0.0287356321839
0.0287356321839
0.0287356321839
0.0287356321839
0.0287356321839
0.0287356321839
0.0287356321839
0.0287356321839
0.0287356321839
0.0287356321839
0.0287356321839
0.0287356321839
0.0287356321839
0.0287356321839
0.0287356321839
0.0287356321839
0.0287356321839
0.0287356321839
0.0287356321839
0.0287356321839
0.0287356321839
0.0287356321839
0.0287356321839
0.0287356321839
0.0287356321839
0.0287356321839
0.0287356321839
0.0287356321839
0.0287356321839
0.0287356321839
0.0287356321839
0.0316091954023
0.0316091954023
0.0316091954023
0.0316091954023
0.0316091954023
0.0316091954023
0.0316091954023
0.0316091954023
0.0316091954023
0.0316091954023
0.0316091954023
0.0316091954023
0.0316091954023
0.0316091954023
0.0316091954023
0.0316091954023
0.0316091954023
0.0316091954023
0.0344827586207
0.0344827586207
0.0344827586207
0.0344827586207
0.0344827586207
0.0344827586207
0.0344827586207
0.0344827586207
0.0344827586207
0.0344827586207
0.0344827586207
0.0344827586207
0.0344827586207
0.0344827586207
0.0344827586207
0.0344827586207
0.0344827586207
0.0344827586207
0.0344827586207
0.0344827586207
0.0344827586207
0.0344827586207
0.0344827586207
0.0344827586207
0.0344827586207
0.0344827586207
0.0344827586207
0.0373563218391
0.0373563218391
0.0373563218391
0.0373563218391
0.0373563218391
0.0373563218391
0.0373563218391
0.0373563218391
0.0373563218391
0.0373563218391
0.0373563218391
0.0373563218391
0.0373563218391
0.0373563218391
0.0373563218391
0.0373563218391
0.0373563218391
0.0373563218391
0.0373563218391
0.0373563218391
0.0373563218391
0.0373563218391
0.0373563218391
0.0373563218391
0.0373563218391
0.0373563218391
0.0373563218391
0.0373563218391
0.0373563218391
0.0373563218391
0.0373563218391
0.0373563218391
0.0373563218391
0.0373563218391
0.0373563218391
0.0373563218391
0.0373563218391
0.0402298850575
0.0402298850575
0.0402298850575
0.0402298850575
0.0402298850575
0.0402298850575
0.0402298850575
0.0402298850575
0.0402298850575
0.0402298850575
0.0402298850575
0.0402298850575
0.0402298850575
0.0431034482759
0.0431034482759
0.0431034482759
0.0431034482759
0.0431034482759
0.0431034482759
0.0431034482759
0.0431034482759
0.0459770114943
0.0459770114943
0.0459770114943
0.0459770114943
0.0459770114943
0.0459770114943
0.0459770114943
0.0459770114943
0.0459770114943
0.0459770114943
0.0459770114943
0.0459770114943
0.0459770114943
0.0459770114943
0.0459770114943
0.0459770114943
0.0459770114943
0.0459770114943
0.0459770114943
0.0459770114943
0.0488505747126
0.0488505747126
0.0488505747126
0.0488505747126
0.0488505747126
0.0488505747126
0.0488505747126
0.0488505747126
0.0488505747126
0.0488505747126
0.0488505747126
0.0488505747126
0.0488505747126
0.0488505747126
0.0488505747126
0.0488505747126
0.0488505747126
0.0488505747126
0.0488505747126
0.0488505747126
0.0488505747126
0.0488505747126
0.0488505747126
0.0488505747126
0.0488505747126
0.0488505747126
0.0488505747126
0.0488505747126
0.0488505747126
0.0488505747126
0.0488505747126
0.0488505747126
0.0488505747126
0.0488505747126
0.0488505747126
0.051724137931
0.051724137931
0.051724137931
0.051724137931
0.051724137931
0.051724137931
0.051724137931
0.051724137931
0.051724137931
0.051724137931
0.051724137931
0.051724137931
0.051724137931
0.051724137931
0.051724137931
0.051724137931
0.051724137931
0.051724137931
0.051724137931
0.051724137931
0.051724137931
0.051724137931
0.0545977011494
0.0545977011494
0.0545977011494
0.0545977011494
0.0545977011494
0.0545977011494
0.0545977011494
0.0545977011494
0.0545977011494
0.0545977011494
0.0545977011494
0.0545977011494
0.0545977011494
0.0545977011494
0.0545977011494
0.0545977011494
0.0545977011494
0.0545977011494
0.0545977011494
0.0545977011494
0.0545977011494
0.0545977011494
0.0545977011494
0.0545977011494
0.0545977011494
0.0545977011494
0.0545977011494
0.0545977011494
0.0545977011494
0.0545977011494
0.0545977011494
0.0545977011494
0.0545977011494
0.0545977011494
0.0545977011494
0.0545977011494
0.0545977011494
0.0545977011494
0.0545977011494
0.0545977011494
0.0545977011494
0.0545977011494
0.0545977011494
0.0545977011494
0.0545977011494
0.0545977011494
0.0545977011494
0.0545977011494
0.0545977011494
0.0545977011494
0.0545977011494
0.0545977011494
0.0545977011494
0.0545977011494
0.0545977011494
0.0545977011494
0.0545977011494
0.0545977011494
0.0574712643678
