0.00877192982456
0.00877192982456
0.0175438596491
0.0175438596491
0.0263157894737
0.0263157894737
0.0263157894737
0.0263157894737
0.0263157894737
0.0350877192982
0.0350877192982
0.0350877192982
0.0438596491228
0.0526315789474
0.0526315789474
0.0526315789474
0.0614035087719
0.0701754385965
0.0789473684211
0.0789473684211
0.0789473684211
0.0789473684211
0.0789473684211
0.0877192982456
0.0964912280702
0.0964912280702
0.0964912280702
0.0964912280702
0.105263157895
0.105263157895
0.114035087719
0.122807017544
0.122807017544
0.131578947368
0.131578947368
0.131578947368
0.131578947368
0.131578947368
0.140350877193
0.140350877193
0.140350877193
0.140350877193
0.140350877193
0.140350877193
0.140350877193
0.149122807018
0.149122807018
0.149122807018
0.149122807018
0.157894736842
0.157894736842
0.166666666667
0.166666666667
0.175438596491
0.175438596491
0.184210526316
0.184210526316
0.184210526316
0.184210526316
0.184210526316
0.184210526316
0.19298245614
0.19298245614
0.19298245614
0.19298245614
0.19298245614
0.19298245614
0.19298245614
0.19298245614
0.19298245614
0.19298245614
0.19298245614
0.19298245614
0.19298245614
0.19298245614
0.19298245614
0.19298245614
0.19298245614
0.19298245614
0.19298245614
0.19298245614
0.19298245614
0.19298245614
0.19298245614
0.19298245614
0.19298245614
0.19298245614
0.19298245614
0.201754385965
0.201754385965
0.201754385965
0.201754385965
0.201754385965
0.201754385965
0.201754385965
0.201754385965
0.201754385965
0.201754385965
0.201754385965
0.201754385965
0.201754385965
0.201754385965
0.201754385965
0.201754385965
0.201754385965
0.201754385965
0.201754385965
0.201754385965
0.201754385965
0.201754385965
0.201754385965
0.201754385965
0.201754385965
0.201754385965
