0.0
0.0
0.0
0.0
0.0
0.0
0.0
0.0
0.0
0.0
0.0
0.0
0.0
0.00414937759336
0.00414937759336
0.00414937759336
0.00414937759336
0.00414937759336
0.00414937759336
0.00414937759336
0.00829875518672
0.00829875518672
0.0124481327801
0.0124481327801
0.0124481327801
0.0124481327801
0.0124481327801
0.0124481327801
0.0124481327801
0.0124481327801
0.0165975103734
0.0165975103734
0.0165975103734
0.0165975103734
0.0165975103734
0.0165975103734
0.0207468879668
0.0207468879668
0.0207468879668
0.0207468879668
0.0207468879668
0.0207468879668
0.0207468879668
0.0207468879668
0.0207468879668
0.0207468879668
0.0207468879668
0.0207468879668
0.0207468879668
0.0207468879668
0.0207468879668
0.0248962655602
0.0248962655602
0.0248962655602
0.0248962655602
0.0248962655602
0.0248962655602
0.0248962655602
0.0248962655602
0.0248962655602
0.0248962655602
0.0248962655602
0.0248962655602
0.0248962655602
0.0248962655602
0.0290456431535
0.0290456431535
0.0290456431535
0.0290456431535
0.0290456431535
0.0290456431535
0.0331950207469
0.0331950207469
0.0331950207469
0.0331950207469
0.0331950207469
0.0331950207469
0.0331950207469
0.0331950207469
0.0331950207469
0.0331950207469
0.0331950207469
0.0331950207469
0.0331950207469
0.0373443983402
0.0373443983402
0.0414937759336
0.0414937759336
0.0414937759336
0.0414937759336
0.0414937759336
0.0414937759336
0.0414937759336
0.0414937759336
0.0414937759336
0.0414937759336
0.0414937759336
0.0414937759336
0.045643153527
0.045643153527
0.045643153527
0.045643153527
0.045643153527
0.045643153527
0.045643153527
0.045643153527
0.045643153527
0.045643153527
0.045643153527
0.045643153527
0.045643153527
0.045643153527
0.045643153527
0.045643153527
0.045643153527
0.045643153527
0.045643153527
0.045643153527
0.045643153527
0.045643153527
0.045643153527
0.045643153527
0.045643153527
0.045643153527
0.045643153527
0.045643153527
0.045643153527
0.045643153527
0.045643153527
0.045643153527
0.045643153527
0.045643153527
0.045643153527
0.045643153527
0.045643153527
0.045643153527
0.045643153527
0.045643153527
0.045643153527
0.045643153527
0.045643153527
0.045643153527
0.045643153527
0.045643153527
0.045643153527
0.045643153527
0.045643153527
0.045643153527
0.045643153527
0.045643153527
0.045643153527
0.045643153527
0.045643153527
0.045643153527
0.045643153527
0.045643153527
0.045643153527
0.045643153527
0.045643153527
0.045643153527
0.045643153527
0.045643153527
0.045643153527
0.045643153527
0.045643153527
0.045643153527
0.045643153527
0.045643153527
0.045643153527
0.045643153527
0.045643153527
0.045643153527
0.045643153527
0.045643153527
0.045643153527
0.045643153527
0.045643153527
0.045643153527
0.045643153527
0.045643153527
0.045643153527
0.045643153527
0.045643153527
0.045643153527
0.045643153527
0.045643153527
0.045643153527
0.045643153527
0.045643153527
0.045643153527
0.045643153527
0.045643153527
0.045643153527
0.045643153527
0.045643153527
0.045643153527
0.045643153527
0.045643153527
0.045643153527
0.045643153527
0.045643153527
0.045643153527
0.045643153527
0.045643153527
0.045643153527
0.045643153527
0.045643153527
0.045643153527
0.045643153527
0.045643153527
0.045643153527
0.045643153527
0.045643153527
0.045643153527
0.045643153527
0.045643153527
0.045643153527
0.045643153527
0.045643153527
0.045643153527
0.045643153527
0.045643153527
0.045643153527
0.045643153527
0.045643153527
0.045643153527
0.045643153527
0.045643153527
0.045643153527
0.045643153527
0.045643153527
0.045643153527
0.045643153527
0.045643153527
0.045643153527
0.045643153527
0.045643153527
0.045643153527
0.045643153527
0.045643153527
0.045643153527
