-4.9047184033
-4.8202265507
-4.73579700458
-4.65142971899
-4.56712464802
-4.48288174579
-4.39870096645
-4.3145822642
-4.23052559326
-4.14653090788
-4.06259816235
-3.978727311
-3.89491830819
-3.8111711083
-3.72748566577
-3.64386193504
-3.56029987062
-3.47679942703
-3.39336055882
-3.30998322059
-3.22666736697
-3.14341295262
-3.06021993222
-2.97708826051
-2.89401789224
-2.81100878222
-2.72806088525
-2.64517415622
-2.56234855
-2.47958402152
-2.39688052575
-2.31423801768
-2.23165645233
-2.14913578477
-2.06667597007
-1.98427696338
-1.90193871985
-1.81966119467
-1.73744434306
-1.65528812029
-1.57319248164
-1.49115738244
-1.40918277804
-1.32726862384
-1.24541487526
-1.16362148774
-1.08188841679
-1.00021561791
-0.918603046674
-0.837050658656
-0.755558409479
-0.674126254794
-0.592754150287
-0.511442051675
-0.430189914708
-0.348997695169
-0.267865348872
-0.186792831667
-0.105780099433
-0.0248271080833
0.0560661864361
0.136899828148
0.21767386104
0.298388329072
0.379043276167
0.459638746217
0.540174783083
0.620651430592
0.701068732539
0.781426732687
0.861725474767
0.941965002478
1.02214535948
1.10226658942
1.18232873589
1.26233184246
1.34227595268
1.42216111003
1.50198735801
1.58175474004
1.66146329955
1.7411130799
1.82070412444
1.90023647648
1.97971017932
2.05912527618
2.1384818103
2.21777982486
2.29701936302
2.37620046789
2.45532318256
2.53438755009
2.61339361352
2.69234141583
2.77123099999
2.85006240893
2.92883568555
3.00755087271
3.08620801326
3.16480715001
3.24334832571
3.32183158312
3.40025696494
3.47862451386
3.55693427253
3.63518628355
3.71338058951
3.79151723297
3.86959625645
3.94761770243
4.02558161338
4.10348803173
4.18133699987
4.25912856017
4.33686275495
4.41453962653
4.49215921718
4.56972156913
4.6472267246
4.72467472576
4.80206561476
4.87939943372
4.95667622472
5.03389602981
5.11105889103
5.18816485035
5.26521394974
5.34220623114
5.41914173643
5.4960205075
5.57284258616
5.64960801424
5.72631683351
5.80296908571
5.87956481256
5.95610405573
6.03258685689
6.10901325765
6.18538329961
6.26169702432
6.33795447332
6.4141556881
6.49030071013
6.56638958086
6.64242234168
6.71839903398
6.7943196991
6.87018437836
6.94599311304
7.0217459444
7.09744291366
7.17308406202
7.24866943064
7.32419906065
7.39967299316
7.47509126924
7.55045392993
7.62576101625
7.70101256917
7.77620862965
7.85134923861
7.92643443694
8.0014642655
8.07643876513
8.15135797662
8.22622194075
8.30103069825
8.37578428984
8.4504827562
8.52512613798
8.59971447579
8.67424781024
8.74872618187
8.82314963123
8.89751819881
8.97183192509
9.0460908505
9.12029501546
9.19444446035
9.26853922552
9.3425793513
9.41656487796
9.49049584579
9.56437229501
9.63819426583
9.71196179841
9.78567493291
9.85933370943
9.93293816807
10.0064883489
10.0799842919
10.1534260371
10.2268136244
10.3001470939
10.3734264853
10.4466518386
10.5198231937
10.5929405903
10.6660040682
10.7390136673
10.8119694272
10.8848713876
10.9577195882
11.0305140687
11.1032548686
11.1759420276
11.2485755852
11.321155581
11.3936820543
11.4661550448
11.5385745918
11.6109407348
11.6832535131
11.7555129661
11.8277191331
11.8998720534
11.9719717663
12.044018311
12.1160117267
12.1879520525
12.2598393278
12.3316735915
12.4034548827
12.4751832406
12.5468587041
12.6184813123
12.6900511041
12.7615681185
12.8330323944
12.9044439707
12.9758028863
13.0471091799
13.1183628905
13.1895640567
13.2607127173
13.3318089111
13.4028526767
13.4738440527
13.544783078
13.6156697909
13.6865042301
13.7572864342
13.8280164417
13.898694291
13.9693200207
14.0398936691
14.1104152746
14.1808848758
14.2513025108
14.321668218
14.3919820357
14.4622440022
14.5324541558
14.6026125345
14.6727191766
14.7427741203
14.8127774036
14.8827290647
14.9526291417
15.0224776725
15.0922746952
15.1620202478
15.2317143682
15.3013570944
15.3709484642
15.4404885155
15.5099772862
15.5794148141
15.648801137
15.7181362926
15.7874203186
15.8566532528
15.9258351329
15.9949659965
16.0640458811
16.1330748245
16.2020528641
16.2709800376
16.3398563824
16.4086819359
16.4774567358
16.5461808193
16.6148542239
16.6834769869
16.7520491458
16.8205707377
16.8890418001
16.9574623701
17.0258324851
17.0941521821
17.1624214985
17.2306404713
17.2988091376
17.3669275346
17.4349956993
17.5030136688
17.5709814801
17.6388991702
17.706766776
17.7745843345
17.8423518826
17.9100694571
17.9777370949
18.0453548329
18.1129227078
18.1804407564
18.2479090154
18.3153275216
18.3826963117
18.4500154223
18.51728489
18.5845047514
18.6516750432
18.7187958019
18.785867064
18.852888866
18.9198612444
18.9867842357
19.0536578762
19.1204822023
19.1872572505
19.253983057
19.3206596582
19.3872870903
19.4538653897
19.5203945924
19.5868747348
19.6533058531
19.7196879833
19.7860211616
19.8523054241
19.9185408069
19.984727346
20.0508650775
20.1169540372
20.1829942613
20.2489857855
20.314928646
20.3808228784
20.4466685188
20.5124656028
20.5782141664
20.6439142453
20.7095658753
20.775169092
20.8407239313
20.9062304287
20.9716886199
21.0370985406
21.1024602263
21.1677737126
21.233039035
21.2982562291
21.3634253304
21.4285463742
21.4936193962
21.5586444316
21.6236215158
21.6885506843
21.7534319723
21.8182654152
21.8830510482
21.9477889067
22.0124790257
22.0771214406
22.1417161865
22.2062632986
22.2707628119
22.3352147617
22.3996191829
22.4639761106
22.5282855799
22.5925476257
22.656762283
22.7209295867
22.7850495718
22.8491222732
22.9131477257
22.9771259642
23.0410570235
23.1049409384
23.1687777436
23.2325674739
23.296310164
23.3600058486
23.4236545623
23.4872563399
23.5508112158
23.6143192248
23.6777804013
23.7411947798
23.804562395
23.8678832813
23.9311574731
23.9943850048
24.057565911
24.1207002259
24.1837879839
24.2468292194
24.3098239667
24.37277226
24.4356741336
24.4985296217
24.5613387586
24.6241015784
24.6868181152
24.7494884033
24.8121124767
24.8746903694
24.9372221156
24.9997077493
25.0621473044
25.124540815
25.1868883151
25.2491898384
25.311445419
25.3736550908
25.4358188875
25.497936843
25.5600089911
25.6220353656
25.6840160003
25.7459509288
25.807840185
25.8696838024
25.9314818147
25.9932342555
26.0549411585
26.1166025573
26.1782184853
26.2397889761
26.3013140633
26.3627937803
26.4242281605
26.4856172375
26.5469610446
26.6082596151
26.6695129825
26.7307211801
26.7918842411
26.853002199
26.9140750869
26.975102938
27.0360857857
27.097023663
27.1579166031
27.2187646392
27.2795678044
27.3403261318
27.4010396544
27.4617084053
27.5223324174
27.5829117239
27.6434463576
27.7039363515
27.7643817386
27.8247825516
27.8851388235
27.9454505871
28.0057178753
28.0659407208
28.1261191565
28.186253215
28.2463429291
28.3063883315
28.3663894548
28.4263463318
28.486258995
28.5461274771
28.6059518106
28.665732028
28.7254681621
28.7851602451
28.8448083097
28.9044123882
28.9639725131
29.0234887169
29.0829610319
29.1423894904
29.2017741249
29.2611149676
29.3204120508
29.3796654068
29.4388750679
29.4980410662
29.557163434
29.6162422035
29.6752774067
29.7342690758
29.793217243
29.8521219402
29.9109831996
29.9698010532
30.028575533
30.0873066709
30.145994499
30.2046390492
30.2632403534
30.3217984434
30.3803133512
30.4387851086
30.4972137474
30.5555992994
30.6139417964
30.6722412701
30.7304977523
30.7887112747
30.8468818689
30.9050095666
30.9630943994
31.021136399
31.0791355969
31.1370920246
31.1950057139
31.252876696
31.3107050026
31.3684906652
31.426233715
31.4839341837
31.5415921025
31.5992075029
31.6567804162
31.7143108738
31.7717989069
31.8292445468
31.8866478249
31.9440087723
32.0013274202
32.0586037999
32.1158379425
32.1730298791
32.230179641
32.2872872591
32.3443527646
32.4013761885
32.4583575619
32.5152969157
32.572194281
32.6290496887
32.6858631697
32.742634755
32.7993644755
32.856052362
32.9126984454
32.9693027565
33.0258653262
33.0823861851
33.1388653641
33.1953028938
33.2516988051
33.3080531286
33.3643658949
33.4206371348
33.4768668788
33.5330551575
33.5892020015
33.6453074414
33.7013715077
33.7573942309
33.8133756414
33.8693157699
33.9252146466
33.9810723021
34.0368887667
34.0926640708
34.1483982447
34.2040913188
34.2597433234
34.3153542888
34.3709242452
34.4264532229
34.4819412521
34.5373883629
34.5927945857
34.6481599504
34.7034844873
34.7587682265
34.814011198
34.8692134319
34.9243749582
34.979495807
35.0345760083
35.089615592
35.1446145881
35.1995730265
35.2544909371
35.3093683499
35.3642052946
35.4190018011
35.4737578993
35.5284736189
35.5831489898
35.6377840416
35.6923788041
35.746933307
35.80144758
35.8559216527
35.9103555549
35.9647493161
36.019102966
36.073416534
36.1276900499
36.181923543
36.2361170429
36.2902705792
36.3443841812
36.3984578785
36.4524917004
36.5064856764
36.5604398359
36.6143542081
36.6682288225
36.7220637084
36.775858895
36.8296144116
36.8833302876
36.9370065521
36.9906432343
37.0442403634
37.0977979686
37.1513160791
37.2047947239
37.2582339322
37.311633733
37.3649941554
37.4183152285
37.4715969812
37.5248394426
37.5780426417
37.6312066073
37.6843313684
37.737416954
37.7904633928
37.8434707139
37.896438946
37.9493681179
38.0022582585
38.0551093965
38.1079215608
38.16069478
38.2134290828
38.266124498
38.3187810543
38.3713987802
38.4239777045
38.4765178557
38.5290192625
38.5814819533
38.6339059568
38.6862913015
38.7386380159
38.7909461284
38.8432156677
38.8954466619
38.9476391397
38.9997931295
39.0519086595
39.1039857582
39.1560244539
39.2080247749
39.2599867495
39.311910406
39.3637957727
39.4156428777
39.4674517494
39.5192224158
39.5709549053
39.6226492458
39.6743054656
39.7259235928
39.7775036554
39.8290456816
39.8805496993
39.9320157367
39.9834438216
40.0348339822
40.0861862463
40.1375006419
40.188777197
40.2400159394
40.2912168971
40.3423800978
40.3935055695
40.4445933399
40.4956434368
40.5466558881
40.5976307216
40.6485679648
40.6994676456
40.7503297917
40.8011544307
40.8519415903
40.9026912981
40.9534035818
41.0040784689
41.0547159871
41.1053161638
41.1558790267
41.2064046032
41.2568929208
41.3073440071
41.3577578894
41.4081345952
41.4584741519
41.508776587
41.5590419277
41.6092702014
41.6594614356
41.7096156574
41.7597328942
41.8098131732
41.8598565217
41.909862967
41.9598325363
42.0097652567
42.0596611554
42.1095202596
42.1593425964
42.2091281929
42.2588770762
42.3085892734
42.3582648115
42.4079037177
42.4575060188
42.5070717419
42.5566009139
42.6060935619
42.6555497126
42.7049693932
42.7543526304
42.8036994511
42.8530098822
42.9022839505
42.9515216828
43.000723106
43.0498882468
43.0990171319
43.1481097881
43.1971662421
43.2461865206
43.2951706503
43.3441186578
43.3930305698
43.4419064129
43.4907462136
43.5395499987
43.5883177945
43.6370496278
43.6857455249
43.7344055124
43.7830296168
43.8316178645
43.8801702819
43.9286868956
43.9771677318
44.0256128171
44.0740221776
44.1223958399
44.1707338302
44.2190361747
44.2673028999
44.315534032
44.3637295971
44.4118896217
44.4600141317
44.5081031535
44.5561567132
44.604174837
44.652157551
44.7001048813
44.7480168539
44.7958934951
44.8437348307
44.891540887
44.9393116898
44.9870472652
45.0347476391
45.0824128376
45.1300428865
45.1776378117
45.2251976393
45.272722395
45.3202121047
45.3676667942
45.4150864895
45.4624712162
45.5098210002
45.5571358673
45.6044158431
45.6516609535
45.6988712241
45.7460466807
45.7931873488
45.8402932542
45.8873644225
45.9344008792
45.9814026501
46.0283697607
46.0753022364
46.122200103
46.1690633859
46.2158921106
46.2626863025
46.3094459872
46.3561711901
46.4028619367
46.4495182522
46.4961401622
46.542727692
46.589280867
46.6357997124
46.6822842536
46.728734516
46.7751505247
46.821532305
46.8678798822
46.9141932815
46.9604725281
47.0067176472
47.052928664
47.0991056035
47.145248491
47.1913573515
47.2374322102
47.2834730921
47.3294800222
47.3754530256
47.4213921274
47.4672973524
47.5131687258
47.5590062724
47.6048100172
47.6505799852
47.6963162012
47.7420186901
47.7876874769
47.8333225863
47.8789240432
47.9244918723
47.9700260986
48.0155267468
48.0609938416
48.1064274079
48.1518274702
48.1971940533
48.242527182
48.2878268808
48.3330931745
48.3783260876
48.4235256448
48.4686918707
48.5138247898
48.5589244268
48.6039908061
48.6490239523
48.6940238899
48.7389906434
48.7839242372
48.8288246958
48.8736920437
48.9185263052
48.9633275048
49.0080956668
49.0528308157
49.0975329756
49.1422021711
49.1868384263
49.2314417656
49.2760122132
49.3205497934
49.3650545305
49.4095264486
49.453965572
49.4983719248
49.5427455313
49.5870864155
49.6313946015
49.6756701136
49.7199129757
49.7641232121
49.8083008466
49.8524459034
49.8965584066
49.94063838
49.9846858477
50.0287008336
50.0726833618
50.1166334561
50.1605511405
50.2044364389
50.2482893751
50.292109973
50.3358982564
50.3796542493
50.4233779753
50.4670694583
50.5107287221
50.5543557905
50.5979506871
50.6415134357
50.68504406
50.7285425837
50.7720090305
50.8154434239
50.8588457878
50.9022161456
50.945554521
50.9888609375
51.0321354188
51.0753779883
51.1185886697
51.1617674864
51.2049144619
51.2480296197
51.2911129833
51.3341645761
51.3771844215
51.420172543
51.463128964
51.5060537077
51.5489467977
51.5918082571
51.6346381095
51.6774363779
51.7202030859
51.7629382565
51.8056419131
51.848314079
51.8909547773
51.9335640312
51.976141864
52.0186882988
52.0612033587
52.103687067
52.1461394466
52.1885605208
52.2309503125
52.273308845
52.3156361411
52.357932224
52.4001971167
52.4424308422
52.4846334234
52.5268048834
52.568945245
52.6110545312
52.653132765
52.6951799691
52.7371961666
52.7791813803
52.8211356329
52.8630589474
52.9049513466
52.9468128533
52.9886434901
53.03044328
53.0722122457
53.1139504098
53.1556577951
53.1973344243
53.2389803201
53.2805955051
53.3221800021
53.3637338335
53.4052570221
53.4467495903
53.4882115609
53.5296429564
53.5710437993
53.6124141121
53.6537539174
53.6950632377
53.7363420954
53.777590513
53.8188085129
53.8599961176
53.9011533495
53.942280231
53.9833767845
54.0244430323
54.0654789969
54.1064847004
54.1474601652
54.1884054137
54.2293204681
54.2702053507
54.3110600837
54.3518846894
54.39267919
54.4334436076
54.4741779645
54.5148822829
54.5555565848
54.5962008924
54.6368152279
54.6773996133
54.7179540707
54.7584786223
54.7989732899
54.8394380958
54.8798730619
54.9202782101
54.9606535626
55.0009991413
55.041314968
55.0816010649
55.1218574537
55.1620841564
55.2022811949
55.2424485911
55.2825863668
55.3226945439
55.3627731441
55.4028221894
55.4428417014
55.4828317021
55.5227922131
55.5627232561
55.602624853
55.6424970254
55.682339795
55.7221531836
55.7619372127
55.8016919041
55.8414172793
55.88111336
55.9207801678
55.9604177242
56.0000260509
56.0396051694
56.0791551012
56.1186758679
56.1581674909
56.1976299918
56.237063392
56.276467713
56.3158429763
56.3551892032
56.3945064152
56.4337946337
56.47305388
56.5122841755
56.5514855416
56.5906579996
56.6298015708
56.6689162765
56.708002138
56.7470591766
56.7860874136
56.8250868701
56.8640575673
56.9029995266
56.9419127691
56.980797316
57.0196531884
57.0584804074
57.0972789943
57.1360489701
57.1747903558
57.2135031727
57.2521874418
57.2908431841
57.3294704206
57.3680691724
57.4066394605
57.4451813059
57.4836947295
57.5221797523
57.5606363953
57.5990646793
57.6374646254
57.6758362543
57.714179587
57.7524946443
57.7907814471
57.8290400162
57.8672703725
57.9054725367
57.9436465297
57.9817923721
58.0199100849
58.0579996886
58.0960612041
58.134094652
58.1721000531
58.2100774281
58.2480267975
58.2859481821
58.3238416024
58.3617070792
58.399544633
58.4373542844
58.475136054
58.5128899624
58.55061603
58.5883142774
58.6259847252
58.6636273938
58.7012423038
58.7388294755
58.7763889295
58.8139206862
58.851424766
58.8889011893
58.9263499765
58.963771148
59.0011647242
59.0385307254
59.0758691719
59.1131800841
59.1504634823
59.1877193867
59.2249478177
59.2621487954
59.2993223402
59.3364684723
59.3735872118
59.410678579
59.4477425941
59.4847792772
59.5217886485
59.5587707281
59.5957255362
59.6326530929
59.6695534182
59.7064265323
59.7432724552
59.7800912069
59.8168828076
59.8536472772
59.8903846357
59.9270949031
59.9637780994
60.0004342446
60.0370633586
60.0736654613
60.1102405727
60.1467887127
60.1833099011
60.2198041579
60.2562715028
60.2927119558
60.3291255367
60.3655122652
60.4018721612
60.4382052445
60.4745115348
60.510791052
60.5470438156
60.5832698456
60.6194691615
60.6556417832
60.6917877302
60.7279070222
60.763999679
60.8000657201
60.8361051651
60.8721180338
60.9081043456
60.9440641202
60.9799973771
61.0159041359
61.0517844161
61.0876382373
61.1234656189
61.1592665805
61.1950411416
61.2307893216
61.2665111399
61.302206616
61.3378757694
61.3735186194
61.4091351855
61.444725487
61.4802895432
61.5158273736
61.5513389975
61.5868244342
61.6222837031
61.6577168233
61.6931238143
61.7285046952
61.7638594853
61.7991882039
61.8344908702
61.8697675034
61.9050181227
61.9402427473
61.9754413963
62.0106140889
62.0457608443
62.0808816816
62.1159766198
62.1510456781
62.1860888756
62.2211062313
62.2560977644
62.2910634937
62.3260034384
62.3609176176
62.39580605
62.4306687549
62.4655057511
62.5003170576
62.5351026933
62.5698626772
62.6045970282
62.6393057652
62.6739889071
62.7086464727
62.743278481
62.7778849507
62.8124659007
62.8470213498
62.8815513168
62.9160558205
62.9505348797
62.9849885132
63.0194167397
63.0538195779
63.0881970465
63.1225491644
63.1568759501
63.1911774223
63.2254535997
63.259704501
63.2939301448
63.3281305497
63.3623057344
63.3964557174
63.4305805173
63.4646801527
63.4987546421
63.5328040042
63.5668282573
63.6008274201
63.634801511
63.6687505486
63.7026745512
63.7365735375
63.7704475257
63.8042965344
63.8381205819
63.8719196867
63.9056938672
63.9394431417
63.9731675286
64.0068670463
64.0405417131
64.0741915474
64.1078165673
64.1414167914
64.1749922377
64.2085429246
64.2420688704
64.2755700933
64.3090466116
64.3424984433
64.3759256069
64.4093281203
64.4427060019
64.4760592698
64.5093879421
64.542692037
64.5759715726
64.609226567
64.6424570383
64.6756630046
64.708844484
64.7420014945
64.7751340541
64.808242181
64.841325893
64.8743852083
64.9074201447
64.9404307204
64.9734169532
65.0063788611
65.039316462
65.0722297739
65.1051188147
65.1379836022
65.1708241544
65.2036404891
65.2364326242
65.2692005776
65.301944367
65.3346640103
65.3673595252
65.4000309297
65.4326782414
65.4653014782
65.4979006577
65.5304757977
65.563026916
65.5955540303
65.6280571582
65.6605363175
65.6929915258
65.7254228008
65.7578301601
65.7902136214
65.8225732023
65.8549089204
65.8872207934
65.9195088387
65.9517730739
65.9840135167
66.0162301846
66.048423095
66.0805922656
66.1127377137
66.144859457
66.1769575129
66.2090318989
66.2410826324
66.2731097308
66.3051132116
66.3370930922
66.3690493901
66.4009821225
66.4328913069
66.4647769607
66.4966391011
66.5284777456
66.5602929115
66.592084616
66.6238528765
66.6555977102
66.6873191345
66.7190171666
66.7506918237
66.7823431232
66.8139710821
66.8455757178
66.8771570474
66.9087150881
66.9402498571
66.9717613715
67.0032496485
67.0347147053
67.0661565589
67.0975752265
67.1289707251
67.1603430719
67.1916922839
67.2230183782
67.2543213718
67.2856012818
67.3168581251
67.3480919189
67.37930268
67.4104904256
67.4416551724
67.4727969376
67.5039157381
67.5350115907
67.5660845124
67.5971345202
67.6281616309
67.6591658614
67.6901472286
67.7211057493
67.7520414404
67.7829543187
67.8138444011
67.8447117043
67.8755562452
67.9063780405
67.937177107
67.9679534615
67.9987071207
68.0294381014
68.0601464202
68.0908320939
68.1214951393
68.1521355729
68.1827534114
68.2133486716
68.24392137
68.2744715234
68.3049991482
68.3355042612
68.365986879
68.3964470181
68.426884695
68.4572999265
68.4876927289
68.518063119
68.5484111131
68.5787367278
68.6090399796
68.6393208851
68.6695794606
68.6998157226
68.7300296877
68.7602213722
68.7903907925
68.8205379652
68.8506629065
68.8807656329
68.9108461608
68.9409045066
68.9709406865
69.000954717
69.0309466144
69.0609163949
69.090864075
69.1207896709
69.1506931988
69.1805746752
69.2104341161
69.240271538
69.2700869569
69.2998803892
69.329651851
69.3594013586
69.3891289282
69.4188345758
69.4485183178
69.4781801702
69.5078201491
69.5374382708
69.5670345513
69.5966090068
69.6261616532
69.6556925068
69.6852015836
69.7146888996
69.7441544709
69.7735983136
69.8030204436
69.8324208769
69.8617996296
69.8911567177
69.9204921571
69.9498059637
69.9790981536
70.0083687427
70.0376177469
70.0668451821
70.0960510643
70.1252354093
70.154398233
70.1835395513
70.21265938
70.241757735
70.2708346321
70.2998900871
70.328924116
70.3579367343
70.3869279581
70.4158978029
70.4448462846
70.473773419
70.5026792217
70.5315637086
70.5604268953
70.5892687975
70.618089431
70.6468888114
70.6756669544
70.7044238756
70.7331595908
70.7618741154
70.7905674653
70.8192396559
70.8478907029
70.8765206219
70.9051294284
70.9337171381
70.9622837665
70.990829329
71.0193538414
71.047857319
71.0763397775
71.1048012322
71.1332416987
71.1616611925
71.190059729
71.2184373237
71.246793992
71.2751297494
71.3034446113
71.331738593
71.3600117101
71.3882639778
71.4164954115
71.4447060267
71.4728958386
71.5010648626
71.5292131141
71.5573406083
71.5854473606
71.6135333862
71.6415987005
71.6696433187
71.697667256
71.7256705278
71.7536531492
71.7816151356
71.809556502
71.8374772637
71.865377436
71.8932570339
71.9211160728
71.9489545676
71.9767725336
72.0045699859
72.0323469397
72.06010341
72.087839412
72.1155549607
72.1432500713
72.1709247588
72.1985790382
72.2262129247
72.2538264332
72.2814195788
72.3089923765
72.3365448413
72.3640769883
72.3915888323
72.4190803883
72.4465516714
72.4740026964
72.5014334783
72.5288440321
72.5562343726
72.5836045148
72.6109544735
72.6382842637
72.6655939001
72.6928833978
72.7201527714
72.7474020359
72.7746312061
72.8018402968
72.8290293228
72.8561982989
72.8833472399
72.9104761606
72.9375850757
72.964674
72.9917429483
73.0187919351
73.0458209754
73.0728300838
73.0998192749
73.1267885635
73.1537379642
73.1806674918
73.2075771608
73.234466986
73.2613369819
73.2881871632
73.3150175444
73.3418281402
73.3686189652
73.395390034
73.4221413611
73.448872961
73.4755848484
73.5022770378
73.5289495436
73.5556023804
73.5822355628
73.6088491051
73.635443022
73.6620173278
73.688572037
73.7151071641
73.7416227235
73.7681187296
73.7945951969
73.8210521398
73.8474895726
73.8739075098
73.9003059657
73.9266849547
73.9530444912
73.9793845894
74.0057052638
74.0320065287
74.0582883983
74.0845508869
74.110794009
74.1370177787
74.1632222103
74.189407318
74.2155731162
74.2417196191
74.2678468408
74.2939547957
74.3200434979
74.3461129616
74.372163201
74.3981942302
74.4242060636
74.4501987151
74.4761721989
74.5021265293
74.5280617203
74.5539777859
74.5798747404
74.6057525978
74.6316113723
74.6574510777
74.6832717284
74.7090733382
74.7348559212
74.7606194915
74.786364063
74.8120896499
74.837796266
74.8634839254
74.8891526421
74.91480243
74.940433303
74.9660452752
74.9916383605
75.0172125728
75.042767926
75.068304434
75.0938221107
75.11932097
75.1448010258
75.170262292
75.1957047824
75.2211285108
75.2465334911
75.2719197371
75.2972872626
75.3226360815
75.3479662075
75.3732776543
75.3985704359
75.423844566
75.4491000582
75.4743369264
75.4995551842
75.5247548455
75.5499359239
75.5750984331
75.6002423868
75.6253677987
75.6504746825
75.6755630518
75.7006329203
75.7256843017
75.7507172095
75.7757316574
75.800727659
75.8257052278
75.8506643776
75.8756051219
75.9005274742
75.9254314481
75.9503170572
75.975184315
76.0000332351
76.0248638309
76.0496761159
76.0744701038
76.0992458079
76.1240032418
76.1487424189
76.1734633527
76.1981660567
76.2228505442
76.2475168288
76.2721649238
76.2967948426
76.3214065987
76.3460002055
76.3705756763
76.3951330245
76.4196722635
76.4441934067
76.4686964673
76.4931814587
76.5176483942
76.5420972872
76.566528151
76.5909409987
76.6153358439
76.6397126996
76.6640715792
76.688412496
76.7127354631
76.7370404939
76.7613276014
76.7855967991
76.8098481
76.8340815174
76.8582970644
76.8824947542
76.9066746001
76.9308366151
76.9549808124
76.9791072052
77.0032158065
77.0273066295
77.0513796873
77.0754349931
77.0994725598
77.1234924006
77.1474945286
77.1714789567
77.1954456981
77.2193947659
77.2433261729
77.2672399324
77.2911360572
77.3150145603
77.3388754549
77.3627187538
77.3865444701
77.4103526166
77.4341432064
77.4579162524
77.4816717676
77.5054097648
77.529130257
77.5528332571
77.576518778
77.6001868326
77.6238374337
77.6474705943
77.6710863272
77.6946846452
77.7182655612
77.7418290881
77.7653752385
77.7889040255
77.8124154617
77.8359095599
77.8593863331
77.8828457938
77.9062879549
77.9297128292
77.9531204293
77.9765107681
77.9998838582
78.0232397124
78.0465783435
78.069899764
78.0932039866
78.1164910242
78.1397608892
78.1630135945
78.1862491527
78.2094675763
78.232668878
78.2558530706
78.2790201665
78.3021701784
78.3253031188
78.3484190005
78.3715178358
78.3945996376
78.4176644181
78.4407121902
78.4637429662
78.4867567587
78.5097535802
78.5327334433
78.5556963605
78.5786423442
78.6015714069
78.6244835612
78.6473788194
78.6702571941
78.6931186977
78.7159633426
78.7387911413
78.7616021061
78.7843962496
78.8071735841
78.829934122
78.8526778757
78.8754048575
78.8981150799
78.9208085552
78.9434852957
78.9661453138
78.9887886219
79.0114152321
79.0340251569
79.0566184086
79.0791949994
79.1017549417
79.1242982477
79.1468249296
79.1693349998
79.1918284705
79.214305354
79.2367656623
79.2592094079
79.2816366029
79.3040472595
79.3264413899
79.3488190063
79.3711801208
79.3935247457
79.4158528931
79.4381645751
79.4604598039
79.4827385916
79.5050009504
79.5272468923
79.5494764295
79.5716895741
79.5938863381
79.6160667337
79.6382307728
79.6603784677
79.6825098302
79.7046248725
79.7267236066
79.7488060445
79.7708721983
79.7929220799
79.8149557013
79.8369730746
79.8589742117
79.8809591246
79.9029278253
79.9248803256
79.9468166377
79.9687367733
79.9906407444
80.012528563
80.034400241
80.0562557902
80.0780952225
80.0999185499
80.1217257842
80.1435169373
80.1652920211
80.1870510473
80.2087940278
80.2305209746
80.2522318993
80.2739268138
80.2956057299
80.3172686594
80.3389156141
80.3605466058
80.3821616463
80.4037607472
80.4253439204
80.4469111776
80.4684625306
80.4899979911
80.5115175707
80.5330212812
80.5545091344
80.5759811418
80.5974373153
80.6188776664
80.6403022068
80.6617109482
80.6831039023
80.7044810807
80.7258424949
80.7471881567
80.7685180777
80.7898322694
80.8111307435
80.8324135115
80.8536805851
80.8749319758
80.8961676951
80.9173877547
80.9385921661
80.9597809408
80.9809540903
81.0021116263
81.0232535601
81.0443799032
81.0654906673
81.0865858638
81.1076655041
81.1287295997
81.1497781621
81.1708112028
81.1918287332
81.2128307647
81.2338173087
81.2547883768
81.2757439802
81.2966841304
81.3176088388
81.3385181168
81.3594119758
81.380290427
81.401153482
81.422001152
81.4428334484
81.4636503825
81.4844519657
81.5052382093
81.5260091245
81.5467647227
81.5675050153
81.5882300133
81.6089397283
81.6296341713
81.6503133538
81.6709772868
81.6916259818
81.7122594499
81.7328777023
81.7534807503
81.7740686051
81.7946412778
81.8151987797
81.835741122
81.8562683159
81.8767803724
81.8972773029
81.9177591183
81.93822583
81.958677449
81.9791139864
81.9995354533
82.019941861
82.0403332205
82.0607095428
82.0810708391
82.1014171205
82.121748398
82.1420646826
82.1623659856
82.1826523178
82.2029236903
82.2231801142
82.2434216006
82.2636481603
82.2838598044
82.3040565439
82.3242383899
82.3444053532
82.3645574448
82.3846946759
82.4048170571
82.4249245997
82.4450173144
82.4650952122
82.485158304
82.5052066009
82.5252401135
82.545258853
82.5652628301
82.5852520558
82.6052265408
82.6251862962
82.6451313328
82.6650616613
82.6849772928
82.7048782379
82.7247645075
82.7446361125
82.7644930637
82.7843353718
82.8041630477
82.8239761022
82.843774546
82.8635583899
82.8833276447
82.9030823212
82.92282243
82.942547982
82.9622589878
82.9819554582
83.0016374039
83.0213048357
83.0409577642
83.0605962001
83.0802201541
83.0998296369
83.1194246592
83.1390052316
83.1585713648
83.1781230694
83.197660356
83.2171832354
83.2366917181
83.2561858147
83.2756655359
83.2951308922
83.3145818943
83.3340185527
83.353440878
83.3728488808
83.3922425716
83.411621961
83.4309870596
83.4503378778
83.4696744262
83.4889967154
83.5083047558
83.5275985579
83.5468781323
83.5661434895
83.5853946398
83.6046315939
83.6238543622
83.643062955
83.662257383
83.6814376565
83.700603786
83.7197557818
83.7388936545
83.7580174145
83.777127072
83.7962226377
83.8153041217
83.8343715346
83.8534248867
83.8724641883
83.8914894499
83.9105006817
83.9294978942
83.9484810976
83.9674503024
83.9864055187
84.005346757
84.0242740275
84.0431873406
84.0620867065
84.0809721355
84.0998436379
84.118701224
84.137544904
84.1563746881
84.1751905868
84.1939926101
84.2127807682
84.2315550716
84.2503155302
84.2690621544
84.2877949544
84.3065139403
84.3252191223
84.3439105107
84.3625881156
84.3812519471
84.3999020154
84.4185383306
84.437160903
84.4557697426
84.4743648596
84.492946264
84.511513966
84.5300679758
84.5486083033
84.5671349587
84.585647952
84.6041472935
84.622632993
84.6411050607
84.6595635066
84.6780083407
84.6964395732
84.714857214
84.7332612731
84.7516517607
84.7700286866
84.7883920609
84.8067418935
84.8250781945
84.8434009739
84.8617102415
84.8800060075
84.8982882816
84.916557074
84.9348123944
84.953054253
84.9712826594
84.9894976238
85.0076991561
85.025887266
85.0440619635
85.0622232586
85.080371161
85.0985056808
85.1166268276
85.1347346115
85.1528290422
85.1709101296
85.1889778835
85.2070323138
85.2250734303
85.2431012428
85.2611157612
85.2791169951
85.2971049545
85.3150796491
85.3330410887
85.3509892831
85.368924242
85.3868459752
85.4047544925
85.4226498036
85.4405319181
85.458400846
85.4762565968
85.4940991804
85.5119286064
85.5297448845
85.5475480244
85.5653380358
85.5831149284
85.6008787118
85.6186293958
85.63636699
85.654091504
85.6718029475
85.6895013301
85.7071866615
85.7248589512
85.742518209
85.7601644443
85.7777976669
85.7954178862
85.813025112
85.8306193537
85.848200621
85.8657689234
85.8833242705
85.9008666719
85.918396137
85.9359126754
85.9534162966
85.9709070103
85.9883848258
86.0058497528
86.0233018006
86.0407409789
86.0581672971
86.0755807646
86.092981391
86.1103691858
86.1277441583
86.1451063181
86.1624556745
86.1797922371
86.1971160153
86.2144270185
86.2317252561
86.2490107375
86.2662834721
86.2835434694
86.3007907388
86.3180252895
86.3352471311
86.3524562728
86.369652724
86.3868364942
86.4040075925
86.4211660285
86.4383118114
86.4554449506
86.4725654553
86.4896733349
86.5067685988
86.5238512561
86.5409213162
86.5579787885
86.5750236821
86.5920560064
86.6090757706
86.626082984
86.6430776558
86.6600597953
86.6770294118
86.6939865144
86.7109311124
86.727863215
86.7447828315
86.761689971
86.7785846427
86.7954668559
86.8123366197
86.8291939433
86.8460388358
86.8628713065
86.8796913645
86.8964990189
86.913294279
86.9300771538
86.9468476525
86.9636057841
86.9803515579
86.9970849829
87.0138060683
87.0305148231
87.0472112564
87.0638953774
87.080567195
87.0972267184
87.1138739567
87.1305089188
87.1471316139
87.163742051
87.1803402391
87.1969261873
87.2134999046
87.2300614
87.2466106825
87.2631477612
87.279672645
87.2961853429
87.3126858639
87.329174217
87.3456504112
87.3621144554
87.3785663585
87.3950061297
87.4114337777
87.4278493115
87.4442527401
87.4606440724
87.4770233173
87.4933904837
87.5097455806
87.5260886167
87.5424196011
87.5587385426
87.5750454501
87.5913403325
87.6076231986
87.6238940573
87.6401529174
87.6563997878
87.6726346774
87.6888575949
87.7050685493
87.7212675492
87.7374546036
87.7536297213
87.769792911
87.7859441815
87.8020835417
87.8182110003
87.8343265661
87.8504302478
87.8665220543
87.8826019943
87.8986700765
87.9147263097
87.9307707026
87.946803264
87.9628240025
87.9788329269
87.9948300459
88.0108153683
88.0267889026
88.0427506577
88.0587006421
88.0746388646
88.0905653339
88.1064800585
88.1223830473
88.1382743087
88.1541538516
88.1700216844
88.1858778159
88.2017222547
88.2175550093
88.2333760885
88.2491855008
88.2649832549
88.2807693593
88.2965438225
88.3123066533
88.3280578602
88.3437974517
88.3595254365
88.375241823
88.3909466199
88.4066398356
88.4223214787
88.4379915578
88.4536500814
88.469297058
88.4849324961
88.5005564042
88.5161687908
88.5317696645
88.5473590337
88.5629369068
88.5785032925
88.5940581991
88.6096016351
88.6251336089
88.6406541291
88.6561632041
88.6716608422
88.687147052
88.7026218419
88.7180852203
88.7335371955
88.7489777761
88.7644069704
88.7798247868
88.7952312337
88.8106263195
88.8260100526
88.8413824413
88.856743494
88.872093219
88.8874316248
88.9027587197
88.9180745119
88.9333790099
88.9486722219
88.9639541564
88.9792248215
88.9944842257
89.0097323772
89.0249692843
89.0401949553
89.0554093985
89.0706126222
89.0858046346
89.1009854441
89.1161550588
89.1313134871
89.1464607371
89.1615968172
89.1767217356
89.1918355004
89.2069381199
89.2220296024
89.2371099561
89.2521791891
89.2672373096
89.2822843259
89.2973202462
89.3123450785
89.3273588312
89.3423615124
89.3573531301
89.3723336927
89.3873032082
89.4022616848
89.4172091307
89.4321455539
89.4470709626
89.4619853649
89.4768887689
89.4917811828
89.5066626147
89.5215330726
89.5363925646
89.5512410989
89.5660786834
89.5809053264
89.5957210358
89.6105258197
89.6253196862
89.6401026433
89.654874699
89.6696358615
89.6843861387
89.6991255387
89.7138540694
89.728571739
89.7432785553
89.7579745265
89.7726596605
89.7873339653
89.8019974489
89.8166501192
89.8312919843
89.8459230521
89.8605433306
89.8751528277
89.8897515513
89.9043395095
89.9189167102
89.9334831613
89.9480388706
89.9625838463
89.9771180961
89.9916416279
90.0061544497
90.0206565694
90.0351479949
90.049628734
90.0640987946
90.0785581846
90.0930069119
90.1074449844
90.1218724098
90.1362891961
90.1506953511
90.1650908825
90.1794757984
90.1938501064
90.2082138145
90.2225669304
90.2369094619
90.2512414169
90.2655628031
90.2798736284
90.2941739005
90.3084636272
90.3227428163
90.3370114755
90.3512696127
90.3655172355
90.3797543518
90.3939809692
90.4081970956
90.4224027387
90.4365979061
90.4507826057
90.464956845
90.479120632
90.4932739742
90.5074168793
90.5215493551
90.5356714093
90.5497830495
90.5638842834
90.5779751187
90.592055563
90.6061256241
90.6201853095
90.6342346269
90.6482735841
90.6623021885
90.6763204479
90.6903283698
90.704325962
90.7183132319
90.7322901873
90.7462568357
90.7602131848
90.774159242
90.7880950151
90.8020205116
90.8159357391
90.8298407051
90.8437354172
90.8576198831
90.8714941101
90.885358106
90.8992118781
90.9130554342
90.9268887816
90.940711928
90.9545248808
90.9683276476
90.9821202359
90.9959026532
91.0096749069
91.0234370047
91.0371889539
91.0509307621
91.0646624367
91.0783839852
91.0920954151
91.1057967338
91.1194879489
91.1331690676
91.1468400976
91.1605010462
91.1741519208
91.187792729
91.201423478
91.2150441754
91.2286548286
91.2422554448
91.2558460317
91.2694265965
91.2829971466
91.2965576895
91.3101082324
91.3236487829
91.3371793482
91.3506999357
91.3642105527
91.3777112067
91.391201905
91.4046826548
91.4181534637
91.4316143388
91.4450652874
91.4585063171
91.4719374349
91.4853586483
91.4987699646
91.512171391
91.5255629348
91.5389446034
91.552316404
91.5656783438
91.5790304303
91.5923726705
91.6057050718
91.6190276415
91.6323403868
91.6456433149
91.6589364331
91.6722197486
91.6854932687
91.6987570005
91.7120109512
91.7252551282
91.7384895386
91.7517141896
91.7649290884
91.7781342421
91.7913296581
91.8045153434
91.8176913053
91.8308575508
91.8440140872
91.8571609217
91.8702980613
91.8834255133
91.8965432847
91.9096513828
91.9227498146
91.9358385873
91.948917708
91.9619871838
91.9750470218
91.9880972292
92.001137813
92.0141687804
92.0271901384
92.040201894
92.0532040545
92.0661966269
92.0791796182
92.0921530355
92.1051168859
92.1180711764
92.131015914
92.1439511059
92.156876759
92.1697928805
92.1826994772
92.1955965563
92.2084841247
92.2213621896
92.2342307578
92.2470898363
92.2599394323
92.2727795526
92.2856102043
92.2984313944
92.3112431298
92.3240454174
92.3368382644
92.3496216775
92.3623956639
92.3751602303
92.3879153839
92.4006611314
92.41339748
92.4261244364
92.4388420076
92.4515502005
92.4642490222
92.4769384793
92.4896185789
92.5022893279
92.5149507332
92.5276028016
92.5402455401
92.5528789554
92.5655030546
92.5781178444
92.5907233318
92.6033195235
92.6159064265
92.6284840476
92.6410523936
92.6536114714
92.6661612877
92.6787018496
92.6912331637
92.7037552369
92.716268076
92.7287716878
92.7412660791
92.7537512567
92.7662272274
92.778693998
92.7911515753
92.8035999661
92.8160391771
92.8284692151
92.8408900869
92.8533017992
92.8657043588
92.8780977724
92.8904820468
92.9028571887
92.9152232048
92.927580102
92.9399278868
92.9522665661
92.9645961465
92.9769166347
92.9892280376
93.0015303616
93.0138236136
93.0261078003
93.0383829282
93.0506490042
93.0629060348
93.0751540268
93.0873929869
93.0996229215
93.1118438376
93.1240557416
93.1362586402
93.1484525401
93.1606374479
93.1728133702
93.1849803137
93.1971382849
93.2092872906
93.2214273373
93.2335584316
93.2456805801
93.2577937894
93.2698980661
93.2819934168
93.2940798481
93.3061573666
93.3182259787
93.3302856912
93.3423365105
93.3543784433
93.366411496
93.3784356752
93.3904509875
93.4024574393
93.4144550374
93.426443788
93.4384236979
93.4503947734
93.4623570212
93.4743104477
93.4862550595
93.4981908629
93.5101178646
93.5220360711
93.5339454887
93.545846124
93.5577379835
93.5696210736
93.5814954008
93.5933609716
93.6052177924
93.6170658697
93.6289052099
93.6407358195
93.6525577048
93.6643708724
93.6761753287
93.6879710801
93.6997581329
93.7115364937
93.7233061688
93.7350671647
93.7468194877
93.7585631442
93.7702981406
93.7820244834
93.7937421789
93.8054512334
93.8171516533
93.8288434451
93.840526615
93.8522011695
93.8638671148
93.8755244574
93.8871732036
93.8988133596
93.910444932
93.9220679268
93.9336823506
93.9452882096
93.9568855102
93.9684742586
93.9800544612
93.9916261242
94.003189254
94.0147438568
94.026289939
94.0378275068
94.0493565664
94.0608771243
94.0723891866
94.0838927596
94.0953878496
94.1068744628
94.1183526054
94.1298222838
94.1412835042
94.1527362727
94.1641805957
94.1756164794
94.1870439299
94.1984629535
94.2098735565
94.221275745
94.2326695252
94.2440549033
94.2554318856
94.2668004782
94.2781606873
94.289512519
94.3008559797
94.3121910754
94.3235178123
94.3348361965
94.3461462343
94.3574479318
94.3687412951
94.3800263304
94.3913030438
94.4025714415
94.4138315296
94.4250833142
94.4363268014
94.4475619974
94.4587889083
94.4700075401
94.4812178991
94.4924199912
94.5036138226
94.5147993994
94.5259767277
94.5371458135
94.548306663
94.5594592821
94.570603677
94.5817398538
94.5928678184
94.603987577
94.6150991356
94.6262025003
94.637297677
94.6483846719
94.6594634909
94.6705341402
94.6815966256
94.6926509533
94.7036971292
94.7147351594
94.7257650499
94.7367868066
94.7478004357
94.7588059429
94.7698033345
94.7807926162
94.7917737942
94.8027468744
94.8137118628
94.8246687653
94.8356175878
94.8465583365
94.8574910171
94.8684156357
94.8793321983
94.8902407106
94.9011411787
94.9120336086
94.9229180061
94.9337943771
94.9446627277
94.9555230636
94.9663753908
94.9772197153
94.9880560429
94.9988843794
95.0097047309
95.0205171032
95.0313215022
95.0421179337
95.0529064036
95.0636869179
95.0744594823
95.0852241027
95.0959807851
95.1067295351
95.1174703588
95.1282032619
95.1389282503
95.1496453298
95.1603545063
95.1710557855
95.1817491734
95.1924346756
95.2031122981
95.2137820466
95.224443927
95.2350979451
95.2457441066
95.2563824173
95.2670128831
95.2776355097
95.2882503028
95.2988572684
95.3094564121
95.3200477398
95.3306312571
95.3412069698
95.3517748838
95.3623350047
95.3728873383
95.3834318903
95.3939686665
95.4044976726
95.4150189144
95.4255323975
95.4360381277
95.4465361107
95.4570263522
95.4675088579
95.4779836336
95.4884506849
95.4989100175
95.5093616372
95.5198055495
95.5302417603
95.5406702751
95.5510910996
95.5615042396
95.5719097006
95.5823074884
95.5926976086
95.6030800668
95.6134548688
95.6238220201
95.6341815264
95.6445333933
95.6548776265
95.6652142316
95.6755432142
95.68586458
95.6961783345
95.7064844834
95.7167830323
95.7270739867
95.7373573523
95.7476331347
95.7579013395
95.7681619723
95.7784150386
95.788660544
95.7988984941
95.8091288945
95.8193517507
95.8295670683
95.8397748529
95.84997511
95.8601678451
95.8703530639
95.8805307718
95.8907009745
95.9008636773
95.9110188859
95.9211666058
95.9313068426
95.9414396016
95.9515648885
95.9616827087
95.9717930678
95.9818959712
95.9919914246
96.0020794332
96.0121600027
96.0222331385
96.0322988462
96.0423571311
96.0524079988
96.0624514547
96.0724875043
96.0825161531
96.0925374064
96.1025512699
96.1125577489
96.1225568488
96.1325485751
96.1425329333
96.1525099288
96.1624795669
96.1724418532
96.1823967931
96.1923443919
96.2022846551
96.2122175881
96.2221431963
96.232061485
96.2419724598
96.251876126
96.261772489
96.2716615541
96.2815433268
96.2914178123
96.3012850162
96.3111449438
96.3209976004
96.3308429914
96.3406811221
96.350511998
96.3603356243
96.3701520064
96.3799611497
96.3897630594
96.399557741
96.4093451997
96.4191254409
96.4288984699
96.438664292
96.4484229125
96.4581743368
96.4679185701
96.4776556178
96.4873854851
96.4971081774
96.5068236999
96.5165320579
96.5262332567
96.5359273016
96.5456141979
96.5552939508
96.5649665656
96.5746320476
96.5842904019
96.593941634
96.603585749
96.6132227522
96.6228526488
96.6324754441
96.6420911432
96.6516997516
96.6613012742
96.6708957165
96.6804830836
96.6900633807
96.699636613
96.7092027858
96.7187619042
96.7283139735
96.7378589989
96.7473969855
96.7569279386
96.7664518633
96.7759687648
96.7854786482
96.7949815189
96.8044773819
96.8139662424
96.8234481055
96.8329229765
96.8423908605
96.8518517626
96.861305688
96.8707526419
96.8801926293
96.8896256554
96.8990517253
96.9084708443
96.9178830173
96.9272882495
96.9366865461
96.9460779121
96.9554623527
96.964839873
96.9742104781
96.983574173
96.9929309629
97.0022808528
97.0116238479
97.0209599533
97.0302891739
97.0396115149
97.0489269814
97.0582355785
97.0675373111
97.0768321844
97.0861202034
97.0954013732
97.1046756988
97.1139431853
97.1232038377
97.1324576611
97.1417046604
97.1509448408
97.1601782073
97.1694047648
97.1786245184
97.1878374731
97.1970436339
97.2062430059
97.215435594
97.2246214033
97.2338004387
97.2429727053
97.252138208
97.2612969518
97.2704489418
97.2795941828
97.2887326798
97.297864438
97.3069894621
97.3161077572
97.3252193282
97.3343241801
97.3434223178
97.3525137464
97.3615984707
97.3706764957
97.3797478263
97.3888124675
97.3978704242
97.4069217013
97.4159663038
97.4250042365
97.4340355045
97.4430601125
97.4520780656
97.4610893686
97.4700940264
97.479092044
97.4880834262
97.4970681779
97.506046304
97.5150178094
97.523982699
97.5329409777
97.5418926503
97.5508377217
97.5597761968
97.5687080804
97.5776333774
97.5865520926
97.595464231
97.6043697973
97.6132687965
97.6221612333
97.6310471125
97.6399264391
97.6487992179
97.6576654536
97.6665251511
97.6753783153
97.6842249509
97.6930650628
97.7018986558
97.7107257346
97.7195463041
97.7283603691
97.7371679344
97.7459690047
97.754763585
97.7635516798
97.7723332941
97.7811084326
97.7898771001
97.7986393014
97.8073950411
97.8161443242
97.8248871553
97.8336235393
97.8423534808
97.8510769846
97.8597940554
97.8685046981
97.8772089174
97.8859067179
97.8945981044
97.9032830817
97.9119616544
97.9206338274
97.9292996052
97.9379589927
97.9466119945
97.9552586154
97.9638988601
97.9725327332
97.9811602394
97.9897813835
97.9983961702
98.0070046041
98.0156066899
98.0242024323
98.032791836
98.0413749057
98.0499516459
98.0585220615
98.067086157
98.0756439371
98.0841954065
98.0927405698
98.1012794317
98.1098119968
98.1183382698
98.1268582553
98.1353719579
98.1438793823
98.1523805331
98.160875415
98.1693640325
98.1778463902
98.1863224929
98.1947923451
98.2032559513
98.2117133163
98.2201644446
98.2286093409
98.2370480096
98.2454804555
98.253906683
98.2623266969
98.2707405016
98.2791481017
98.2875495019
98.2959447066
98.3043337205
98.3127165481
98.3210931941
98.3294636628
98.337827959
98.3461860871
98.3545380517
98.3628838574
98.3712235086
98.37955701
98.387884366
98.3962055812
98.4045206602
98.4128296074
98.4211324273
98.4294291246
98.4377197036
98.446004169
98.4542825251
98.4625547767
98.470820928
98.4790809836
98.4873349481
98.4955828259
98.5038246215
98.5120603394
98.520289984
98.5285135599
98.5367310715
98.5449425234
98.5531479198
98.5613472654
98.5695405646
98.5777278219
98.5859090416
98.5940842283
98.6022533864
98.6104165204
98.6185736347
98.6267247336
98.6348698218
98.6430089036
98.6511419833
98.6592690656
98.6673901547
98.6755052551
98.6836143713
98.6917175075
98.6998146684
98.7079058581
98.7159910812
98.724070342
98.732143645
98.7402109946
98.748272395
98.7563278508
98.7643773662
98.7724209458
98.7804585938
98.7884903146
98.7965161127
98.8045359923
98.8125499578
98.8205580136
98.8285601641
98.8365564136
98.8445467664
98.852531227
98.8605097996
98.8684824886
98.8764492983
98.8844102332
98.8923652974
98.9003144953
98.9082578313
98.9161953096
98.9241269347
98.9320527108
98.9399726422
98.9478867333
98.9557949882
98.9636974115
98.9715940073
98.9794847799
98.9873697337
98.9952488729
99.0031222018
99.0109897247
99.0188514459
99.0267073697
99.0345575003
99.0424018421
99.0502403992
99.0580731759
99.0659001766
99.0737214054
99.0815368666
99.0893465646
99.0971505034
99.1049486874
99.1127411209
99.120527808
99.128308753
99.1360839601
99.1438534336
99.1516171777
99.1593751966
99.1671274945
99.1748740757
99.1826149443
99.1903501047
99.1980795609
99.2058033172
99.2135213779
99.221233747
99.2289404288
99.2366414275
99.2443367474
99.2520263924
99.259710367
99.2673886752
99.2750613211
99.2827283091
99.2903896433
99.2980453278
99.3056953668
99.3133397644
99.3209785249
99.3286116523
99.3362391509
99.3438610248
99.3514772781
99.359087915
99.3666929396
99.374292356
99.3818861685
99.3894743811
99.3970569979
99.4046340231
99.4122054608
99.4197713152
99.4273315903
99.4348862902
99.4424354192
99.4499789812
99.4575169803
99.4650494208
99.4725763066
99.480097642
99.4876134309
99.4951236774
99.5026283857
99.5101275599
99.5176212039
99.525109322
99.5325919181
99.5400689964
99.5475405609
99.5550066156
99.5624671647
99.5699222122
99.5773717621
99.5848158186
99.5922543856
99.5996874672
99.6071150674
99.6145371904
99.6219538401
99.6293650206
99.6367707358
99.64417099
99.6515657869
99.6589551308
99.6663390255
99.6737174752
99.6810904838
99.6884580554
99.695820194
99.7031769035
99.7105281879
99.7178740514
99.7252144978
99.7325495312
99.7398791556
99.7472033749
99.7545221931
99.7618356142
99.7691436422
99.7764462811
99.7837435349
99.7910354074
99.7983219028
99.8056030249
99.8128787777
99.8201491652
99.8274141913
99.83467386
99.8419281752
99.8491771409
99.856420761
99.8636590395
99.8708919803
99.8781195874
99.8853418646
99.8925588159
99.8997704453
99.9069767566
99.9141777538
99.9213734408
99.9285638215
99.9357488998
99.9429286797
99.950103165
99.9572723597
99.9644362676
99.9715948927
99.9787482388
99.9858963098
99.9930391097
100.000176642
100.007308912
100.014435921
100.021557675
100.028674177
100.035785432
100.042891442
100.049992212
100.057087746
100.064178048
100.071263121
100.078342969
100.085417596
100.092487006
100.099551204
100.106610191
100.113663974
100.120712554
100.127755937
100.134794126
100.141827125
100.148854937
100.155877567
100.162895019
100.169907295
100.176914401
100.183916339
100.190913114
100.197904729
100.204891188
100.211872496
100.218848655
100.22581967
100.232785544
100.239746281
100.246701885
100.253652361
100.26059771
100.267537938
100.274473048
100.281403044
100.28832793
100.295247709
100.302162385
100.309071962
100.315976444
100.322875834
100.329770136
100.336659355
100.343543493
100.350422555
100.357296543
100.364165463
100.371029317
100.37788811
100.384741845
100.391590526
100.398434157
100.40527274
100.412106281
100.418934783
100.425758249
100.432576683
100.43939009
100.446198471
100.453001833
100.459800177
100.466593508
100.473381829
100.480165144
100.486943458
100.493716772
100.500485092
100.507248421
100.514006762
100.52076012
100.527508497
100.534251899
100.540990327
100.547723786
100.55445228
100.561175812
100.567894386
100.574608005
100.581316674
100.588020395
100.594719173
100.601413011
100.608101913
100.614785883
100.621464923
100.628139038
100.634808232
100.641472507
100.648131868
100.654786318
100.661435862
100.668080501
100.674720241
100.681355084
100.687985035
100.694610096
100.701230272
100.707845566
100.714455982
100.721061523
100.727662193
100.734257996
100.740848934
100.747435013
100.754016234
100.760592602
100.767164121
100.773730794
100.780292624
100.786849616
100.793401772
100.799949096
100.806491593
100.813029264
100.819562115
100.826090148
100.832613367
100.839131776
100.845645378
100.852154177
100.858658176
100.865157379
100.871651789
100.878141409
100.884626245
100.891106298
100.897581572
100.904052072
100.9105178
100.91697876
100.923434956
100.92988639
100.936333068
100.942774991
100.949212164
100.955644589
100.962072272
100.968495214
100.97491342
100.981326893
100.987735637
100.994139655
101.00053895
101.006933526
101.013323387
101.019708535
101.026088975
101.03246471
101.038835743
101.045202078
101.051563719
101.057920668
101.064272929
101.070620506
101.076963403
101.083301621
101.089635166
101.09596404
101.102288248
101.108607791
101.114922675
101.121232901
101.127538475
101.133839398
101.140135675
101.146427309
101.152714303
101.158996661
101.165274387
101.171547483
101.177815953
101.1840798
101.190339028
101.196593641
101.202843641
101.209089033
101.215329819
101.221566003
101.227797588
101.234024577
101.240246975
101.246464784
101.252678009
101.258886651
101.265090715
101.271290204
101.277485121
101.28367547
101.289861254
101.296042476
101.30221914
101.30839125
101.314558807
101.320721817
101.326880282
101.333034206
101.339183591
101.345328442
101.351468762
101.357604553
101.36373582
101.369862565
101.375984793
101.382102505
101.388215707
101.3943244
101.400428588
101.406528276
101.412623465
101.418714159
101.424800362
101.430882077
101.436959307
101.443032055
101.449100326
101.455164121
101.461223445
101.4672783
101.473328691
101.479374619
101.48541609
101.491453105
101.497485668
101.503513783
101.509537453
101.51555668
101.521571469
101.527581822
101.533587743
101.539589235
101.545586302
101.551578946
101.557567171
101.56355098
101.569530377
101.575505364
101.581475945
101.587442123
101.593403902
101.599361284
101.605314273
101.611262872
101.617207085
101.623146914
101.629082363
101.635013435
101.640940133
101.646862461
101.652780421
101.658694017
101.664603253
101.670508131
101.676408654
101.682304827
101.688196651
101.694084131
101.699967269
101.705846068
101.711720533
101.717590665
101.723456469
101.729317947
101.735175103
101.741027939
101.746876459
101.752720667
101.758560565
101.764396156
101.770227444
101.776054432
101.781877123
101.78769552
101.793509627
101.799319446
101.805124981
101.810926234
101.81672321
101.822515911
101.82830434
101.8340885
101.839868395
101.845644028
101.851415402
101.85718252
101.862945385
101.868704
101.874458369
101.880208495
101.88595438
101.891696027
101.897433441
101.903166624
101.908895579
101.91462031
101.920340819
101.926057109
101.931769184
101.937477047
101.943180701
101.948880149
101.954575394
101.960266439
101.965953287
101.971635941
101.977314406
101.982988682
101.988658775
101.994324686
101.999986418
102.005643976
102.011297362
102.016946579
102.022591629
102.028232517
102.033869246
102.039501817
102.045130236
102.050754503
102.056374623
102.061990599
102.067602433
102.073210129
102.078813689
102.084413118
102.090008417
102.09559959
102.101186641
102.106769571
102.112348384
102.117923083
102.123493671
102.129060151
102.134622527
102.1401808
102.145734975
102.151285054
102.15683104
102.162372937
102.167910746
102.173444472
102.178974118
102.184499685
102.190021178
102.195538599
102.201051952
102.206561238
102.212066463
102.217567627
102.223064735
102.228557789
102.234046792
102.239531748
102.245012658
102.250489527
102.255962358
102.261431152
102.266895914
102.272356646
102.27781335
102.283266031
102.288714691
102.294159333
102.29959996
102.305036575
102.310469181
102.315897781
102.321322377
102.326742974
102.332159573
102.337572177
102.342980791
102.348385415
102.353786055
102.359182711
102.364575389
102.369964089
102.375348816
102.380729571
102.386106359
102.391479182
102.396848043
102.402212945
102.40757389
102.412930882
102.418283924
102.423633018
102.428978168
102.434319376
102.439656646
102.444989979
102.45031938
102.45564485
102.460966394
102.466284013
102.471597711
102.47690749
102.482213354
102.487515305
102.492813346
102.498107481
102.503397711
102.50868404
102.513966471
102.519245007
102.52451965
102.529790403
102.53505727
102.540320252
102.545579354
102.550834577
102.556085925
102.561333401
102.566577007
102.571816746
102.577052621
102.582284635
102.587512791
102.592737092
102.59795754
102.603174138
102.60838689
102.613595797
102.618800864
102.624002092
102.629199484
102.634393044
102.639582774
102.644768677
102.649950755
102.655129012
102.660303451
102.665474074
102.670640884
102.675803884
102.680963076
102.686118464
102.69127005
102.696417837
102.701561829
102.706702026
102.711838434
102.716971053
102.722099888
102.727224941
102.732346214
102.737463711
102.742577434
102.747687385
102.752793569
102.757895987
102.762994643
102.768089539
102.773180677
102.778268062
102.783351694
102.788431578
102.793507716
102.798580111
102.803648765
102.808713681
102.813774862
102.818832311
102.823886031
102.828936024
102.833982293
102.83902484
102.844063669
102.849098783
102.854130183
102.859157873
102.864181856
102.869202133
102.874218709
102.879231585
102.884240765
102.88924625
102.894248045
102.899246151
102.904240571
102.909231309
102.914218366
102.919201745
102.92418145
102.929157482
102.934129845
102.939098541
102.944063573
102.949024944
102.953982656
102.958936712
102.963887115
102.968833868
102.973776972
102.978716432
102.983652249
102.988584426
102.993512966
102.998437871
103.003359145
103.00827679
103.013190808
103.018101203
103.023007976
103.027911132
103.032810671
103.037706597
103.042598913
103.047487622
103.052372725
103.057254226
103.062132127
103.067006431
103.07187714
103.076744258
103.081607787
103.086467729
103.091324087
103.096176864
103.101026063
103.105871686
103.110713735
103.115552214
103.120387124
103.125218469
103.130046252
103.134870474
103.139691139
103.144508249
103.149321807
103.154131815
103.158938276
103.163741193
103.168540568
103.173336403
103.178128702
103.182917467
103.187702701
103.192484406
103.197262585
103.20203724
103.206808375
103.211575991
103.216340091
103.221100678
103.225857755
103.230611323
103.235361386
103.240107946
103.244851006
103.249590569
103.254326636
103.259059211
103.263788296
103.268513893
103.273236006
103.277954637
103.282669788
103.287381461
103.292089661
103.296794388
103.301495646
103.306193437
103.310887764
103.315578629
103.320266035
103.324949985
103.32963048
103.334307524
103.338981119
103.343651267
103.348317971
103.352981235
103.357641059
103.362297447
103.366950401
103.371599925
103.376246019
103.380888687
103.385527932
103.390163755
103.39479616
103.399425149
103.404050725
103.408672889
103.413291645
103.417906995
103.422518941
103.427127487
103.431732634
103.436334385
103.440932742
103.445527709
103.450119287
103.45470748
103.459292288
103.463873716
103.468451765
103.473026439
103.477597739
103.482165668
103.486730228
103.491291422
103.495849253
103.500403723
103.504954834
103.509502589
103.514046991
103.518588041
103.523125743
103.527660098
103.53219111
103.53671878
103.541243112
103.545764107
103.550281768
103.554796098
103.559307099
103.563814773
103.568319123
103.572820152
103.577317861
103.581812254
103.586303333
103.590791099
103.595275556
103.599756707
103.604234552
103.608709096
103.61318034
103.617648287
103.622112939
103.626574298
103.631032368
103.63548715
103.639938648
103.644386862
103.648831796
103.653273453
103.657711834
103.662146942
103.66657878
103.671007349
103.675432653
103.679854693
103.684273473
103.688688993
103.693101258
103.697510269
103.701916029
103.70631854
103.710717804
103.715113824
103.719506603
103.723896142
103.728282444
103.732665511
103.737045347
103.741421952
103.74579533
103.750165483
103.754532414
103.758896124
103.763256616
103.767613893
103.771967956
103.776318809
103.780666453
103.785010891
103.789352126
103.793690159
103.798024993
103.802356631
103.806685074
103.811010326
103.815332387
103.819651262
103.823966952
103.828279459
103.832588786
103.836894936
103.84119791
103.84549771
103.84979434
103.854087802
103.858378097
103.862665229
103.866949199
103.87123001
103.875507664
103.879782164
103.884053512
103.88832171
103.89258676
103.896848666
103.901107428
103.90536305
103.909615534
103.913864881
103.918111096
103.922354179
103.926594133
103.93083096
103.935064663
103.939295244
103.943522705
103.947747049
103.951968278
103.956186393
103.960401399
103.964613296
103.968822087
103.973027774
103.97723036
103.981429847
103.985626237
103.989819533
103.994009736
103.998196849
104.002380875
104.006561815
104.010739672
104.014914449
104.019086146
104.023254768
104.027420315
104.031582791
104.035742197
104.039898535
104.044051809
104.04820202
104.052349171
104.056493263
104.060634299
104.064772282
104.068907213
104.073039095
104.07716793
104.081293721
104.085416469
104.089536176
104.093652846
104.09776648
104.10187708
104.105984649
104.11008919
104.114190703
104.118289192
104.122384658
104.126477105
104.130566533
104.134652946
104.138736345
104.142816734
104.146894113
104.150968485
104.155039853
104.159108219
104.163173584
104.167235952
104.171295324
104.175351702
104.179405089
104.183455487
104.187502898
104.191547325
104.195588769
104.199627232
104.203662718
104.207695228
104.211724764
104.215751329
104.219774924
104.223795552
104.227813216
104.231827916
104.235839656
104.239848438
104.243854264
104.247857135
104.251857055
104.255854025
104.259848048
104.263839125
104.267827259
104.271812452
104.275794707
104.279774025
104.283750408
104.287723859
104.29169438
104.295661973
104.29962664
104.303588384
104.307547206
104.311503108
104.315456094
104.319406164
104.323353322
104.327297569
104.331238907
104.335177339
104.339112867
104.343045492
104.346975217
104.350902045
104.354825976
104.358747015
104.362665161
104.366580419
104.370492789
104.374402274
104.378308876
104.382212597
104.386113439
104.390011405
104.393906497
104.397798716
104.401688065
104.405574546
104.40945816
104.413338911
104.417216801
104.42109183
104.424964002
104.428833319
104.432699782
104.436563394
104.440424157
104.444282072
104.448137143
104.451989371
104.455838759
104.459685307
104.463529019
104.467369897
104.471207942
104.475043158
104.478875544
104.482705105
104.486531842
104.490355757
104.494176852
104.497995129
104.50181059
104.505623238
104.509433074
104.513240101
104.517044321
104.520845735
104.524644346
104.528440155
104.532233166
104.536023379
104.539810798
104.543595423
104.547377258
104.551156304
104.554932563
104.558706037
104.562476729
104.56624464
104.570009773
104.573772129
104.57753171
104.581288519
104.585042558
104.588793829
104.592542333
104.596288073
104.60003105
104.603771268
104.607508727
104.611243431
104.61497538
104.618704577
104.622431024
104.626154724
104.629875677
104.633593886
104.637309354
104.641022081
104.644732071
104.648439325
104.652143845
104.655845633
104.659544692
104.663241022
104.666934627
104.670625508
104.674313668
104.677999107
104.681681829
104.685361835
104.689039128
104.692713708
104.696385579
104.700054743
104.7037212
104.707384954
104.711046006
104.714704358
104.718360013
104.722012971
104.725663236
104.729310809
104.732955693
104.736597888
104.740237398
104.743874224
104.747508367
104.751139831
104.754768617
104.758394728
104.762018164
104.765638928
104.769257022
104.772872448
104.776485208
104.780095303
104.783702737
104.78730751
104.790909625
104.794509084
104.798105888
104.80170004
104.805291542
104.808880395
104.812466602
104.816050164
104.819631083
104.823209362
104.826785002
104.830358006
104.833928374
104.83749611
104.841061214
104.84462369
104.848183539
104.851740762
104.855295362
104.858847341
104.862396701
104.865943444
104.86948757
104.873029084
104.876567985
104.880104278
104.883637962
104.88716904
104.890697515
104.894223387
104.89774666
104.901267334
104.904785413
104.908300896
104.911813788
104.915324089
104.918831801
104.922336927
104.925839467
104.929339425
104.932836802
104.9363316
104.939823821
104.943313467
104.946800539
104.95028504
104.953766971
104.957246335
104.960723132
104.964197366
104.967669038
104.97113815
104.974604703
104.978068701
104.981530144
104.984989034
104.988445373
104.991899164
104.995350408
104.998799107
105.002245263
105.005688877
105.009129952
105.012568489
105.016004491
105.019437959
105.022868895
105.026297301
105.029723179
105.03314653
105.036567357
105.039985662
105.043401445
105.04681471
105.050225458
105.05363369
105.05703941
105.060442617
105.063843316
105.067241506
105.070637191
105.074030371
105.077421049
105.080809227
105.084194906
105.087578089
105.090958777
105.094336971
105.097712675
105.101085889
105.104456616
105.107824857
105.111190614
105.11455389
105.117914685
105.121273001
105.124628842
105.127982207
105.1313331
105.134681522
105.138027474
105.141370959
105.144711979
105.148050534
105.151386628
105.154720262
105.158051437
105.161380156
105.16470642
105.168030232
105.171351592
105.174670503
105.177986967
105.181300984
105.184612559
105.187921691
105.191228382
105.194532636
105.197834452
105.201133834
105.204430783
105.207725301
105.211017389
105.214307049
105.217594284
105.220879094
105.224161482
105.22744145
105.230718999
105.233994131
105.237266848
105.240537151
105.243805043
105.247070525
105.250333599
105.253594266
105.256852529
105.26010839
105.263361849
105.266612909
105.269861572
105.27310784
105.276351713
105.279593194
105.282832285
105.286068987
105.289303303
105.292535233
105.29576478
105.298991946
105.302216731
105.305439139
105.30865917
105.311876827
105.315092111
105.318305024
105.321515568
105.324723744
105.327929555
105.331133001
105.334334085
105.337532809
105.340729173
105.343923181
105.347114833
105.350304132
105.353491079
105.356675675
105.359857923
105.363037825
105.366215382
105.369390595
105.372563467
105.375733999
105.378902193
105.382068051
105.385231574
105.388392765
105.391551624
105.394708154
105.397862356
105.401014232
105.404163784
105.407311013
105.410455921
105.413598511
105.416738783
105.419876739
105.423012381
105.426145711
105.42927673
105.43240544
105.435531843
105.438655941
105.441777735
105.444897227
105.448014418
105.451129311
105.454241906
105.457352207
105.460460214
105.463565928
105.466669353
105.469770489
105.472869338
105.475965902
105.479060183
105.482152182
105.4852419
105.48832934
105.491414504
105.494497392
105.497578007
105.50065635
105.503732423
105.506806228
105.509877766
105.512947039
105.516014049
105.519078797
105.522141285
105.525201515
105.528259488
105.531315205
105.53436867
105.537419883
105.540468846
105.54351556
105.546560028
105.54960225
105.552642229
105.555679967
105.558715464
105.561748723
105.564779745
105.567808532
105.570835085
105.573859407
105.576881498
105.579901361
105.582918997
105.585934407
105.588947594
105.591958559
105.594967304
105.59797383
105.600978138
105.603980232
105.606980111
105.609977778
105.612973235
105.615966483
105.618957523
105.621946358
105.624932989
105.627917417
105.630899645
105.633879673
105.636857504
105.639833139
105.64280658
105.645777827
105.648746884
105.651713752
105.654678431
105.657640925
105.660601233
105.663559359
105.666515303
105.669469068
105.672420654
105.675370064
105.678317298
105.68126236
105.684205249
105.687145969
105.69008452
105.693020904
105.695955122
105.698887177
105.70181707
105.704744802
105.707670375
105.71059379
105.71351505
105.716434156
105.719351109
105.722265911
105.725178563
105.728089068
105.730997426
105.73390364
105.736807711
105.73970964
105.742609429
105.74550708
105.748402593
105.751295972
105.754187217
105.75707633
105.759963313
105.762848166
105.765730892
105.768611493
105.771489969
105.774366322
105.777240554
105.780112667
105.782982662
105.785850541
105.788716304
105.791579954
105.794441493
105.797300921
105.800158241
105.803013454
105.805866561
105.808717564
105.811566465
105.814413265
105.817257966
105.820100569
105.822941076
105.825779488
105.828615807
105.831450034
105.834282171
105.83711222
105.839940182
105.842766059
105.845589851
105.848411561
105.851231191
105.854048741
105.856864214
105.85967761
105.862488931
105.86529818
105.868105357
105.870910463
105.873713502
105.876514473
105.879313378
105.88211022
105.884904999
105.887697718
105.890488376
105.893276977
105.896063522
105.898848012
105.901630448
105.904410832
105.907189167
105.909965452
105.91273969
105.915511882
105.91828203
105.921050135
105.923816199
105.926580223
105.929342209
105.932102158
105.934860072
105.937615952
105.9403698
105.943121617
105.945871405
105.948619165
105.951364899
105.954108608
105.956850294
105.959589958
105.962327601
105.965063226
105.967796834
105.970528425
105.973258003
105.975985567
105.97871112
105.981434664
105.984156198
105.986875726
105.989593249
105.992308767
105.995022283
105.997733798
106.000443313
106.003150831
106.005856351
106.008559877
106.011261409
106.013960949
106.016658498
106.019354058
106.02204763
106.024739215
106.027428816
106.030116434
106.032802069
106.035485725
106.038167401
106.040847099
106.043524822
106.04620057
106.048874345
106.051546148
106.05421598
106.056883844
106.059549741
106.062213672
106.064875638
106.067535641
106.070193683
106.072849764
106.075503887
106.078156053
106.080806263
106.083454519
106.086100821
106.088745173
106.091387574
106.094028027
106.096666532
106.099303092
106.101937707
106.10457038
106.107201112
106.109829903
106.112456756
106.115081671
106.117704651
106.120325697
106.12294481
106.125561992
106.128177243
106.130790566
106.133401962
106.136011432
106.138618978
106.141224601
106.143828303
106.146430084
106.149029947
106.151627893
106.154223923
106.156818038
106.159410241
106.162000532
106.164588913
106.167175385
106.16975995
106.172342609
106.174923363
106.177502214
106.180079164
106.182654213
106.185227363
106.187798616
106.190367973
106.192935435
106.195501003
106.19806468
106.200626466
106.203186363
106.205744373
106.208300496
106.210854734
106.213407088
106.215957561
106.218506152
106.221052864
106.223597698
106.226140656
106.228681738
106.231220947
106.233758283
106.236293747
106.238827342
106.241359069
106.243888929
106.246416923
106.248943053
106.25146732
106.253989726
106.256510272
106.259028959
106.261545788
106.264060762
106.266573881
106.269085147
106.271594561
106.274102124
106.276607838
106.279111705
106.281613725
106.2841139
106.286612231
106.28910872
106.291603368
106.294096176
106.296587146
106.29907628
106.301563577
106.304049041
106.306532671
106.30901447
106.311494439
106.31397258
106.316448892
106.318923379
106.321396041
106.323866879
106.326335896
106.328803091
106.331268468
106.333732026
106.336193768
106.338653694
106.341111806
106.343568106
106.346022594
106.348475272
106.350926142
106.353375204
106.35582246
106.358267912
106.36071156
106.363153406
106.365593452
106.368031698
106.370468146
106.372902797
106.375335654
106.377766716
106.380195985
106.382623463
106.38504915
106.38747305
106.389895161
106.392315487
106.394734027
106.397150784
106.399565759
106.401978953
106.404390368
106.406800004
106.409207864
106.411613947
106.414018257
106.416420793
106.418821558
106.421220553
106.423617778
106.426013235
106.428406926
106.430798852
106.433189014
106.435577414
106.437964052
106.44034893
106.44273205
106.445113412
106.447493018
106.449870869
106.452246967
106.454621313
106.456993907
106.459364753
106.461733849
106.464101199
106.466466803
106.468830663
106.471192779
106.473553154
106.475911787
106.478268682
106.480623839
106.482977258
106.485328943
106.487678893
106.49002711
106.492373596
106.494718351
106.497061377
106.499402675
106.501742247
106.504080093
106.506416216
106.508750616
106.511083294
106.513414252
106.515743492
106.518071013
106.520396819
106.522720909
106.525043285
106.527363949
106.529682901
106.532000144
106.534315677
106.536629503
106.538941623
106.541252038
106.543560749
106.545867757
106.548173064
106.550476672
106.55277858
106.555078791
106.557377306
106.559674126
106.561969252
106.564262685
106.566554428
106.56884448
106.571132844
106.57341952
106.57570451
106.577987814
106.580269435
106.582549374
106.584827631
106.587104208
106.589379107
106.591652328
106.593923872
106.596193742
106.598461937
106.60072846
106.602993312
106.605256493
106.607518005
106.60977785
106.612036028
106.614292541
106.616547391
106.618800577
106.621052101
106.623301966
106.625550171
106.627796718
106.630041609
106.632284844
106.634526425
106.636766353
106.63900463
106.641241255
106.643476232
106.64570956
106.647941241
106.650171277
106.652399668
106.654626416
106.656851522
106.659074986
106.661296812
106.663516999
106.665735548
106.667952462
106.670167741
106.672381386
106.674593399
106.67680378
106.679012532
106.681219655
106.68342515
106.685629019
106.687831263
106.690031882
106.692230879
106.694428254
106.696624009
106.698818145
106.701010663
106.703201563
106.705390849
106.707578519
106.709764577
106.711949022
106.714131857
106.716313082
106.718492698
106.720670707
106.722847111
106.725021909
106.727195103
106.729366695
106.731536685
106.733705075
106.735871866
106.73803706
106.740200656
106.742362657
106.744523064
106.746681878
106.7488391
106.75099473
106.753148772
106.755301225
106.75745209
106.75960137
106.761749064
106.763895175
106.766039703
106.76818265
106.770324016
106.772463804
106.774602013
106.776738646
106.778873703
106.781007186
106.783139095
106.785269432
106.787398198
106.789525395
106.791651023
106.793775083
106.795897577
106.798018506
106.80013787
106.802255672
106.804371912
106.806486592
106.808599712
106.810711274
106.812821279
106.814929727
106.817036621
106.819141962
106.82124575
106.823347986
106.825448672
106.827547809
106.829645398
106.83174144
106.833835937
106.835928889
106.838020298
106.840110164
106.842198489
106.844285275
106.846370521
106.84845423
106.850536402
106.852617039
106.854696141
106.85677371
106.858849747
106.860924254
106.86299723
106.865068678
106.867138598
106.869206992
106.87127386
106.873339205
106.875403026
106.877465325
106.879526104
106.881585363
106.883643103
106.885699326
106.887754033
106.889807224
106.891858902
106.893909066
106.895957719
106.89800486
106.900050493
106.902094616
106.904137233
106.906178343
106.908217948
106.910256048
106.912292646
106.914327742
106.916361338
106.918393433
106.920424031
106.92245313
106.924480734
106.926506842
106.928531456
106.930554577
106.932576206
106.934596345
106.936614994
106.938632154
106.940647826
106.942662012
106.944674713
106.94668593
106.948695664
106.950703915
106.952710686
106.954715976
106.956719788
106.958722123
106.96072298
106.962722363
106.96472027
106.966716705
106.968711667
106.970705159
106.97269718
106.974687732
106.976676816
106.978664434
106.980650585
106.982635273
106.984618496
106.986600257
106.988580557
106.990559396
106.992536776
106.994512698
106.996487163
106.998460172
107.000431726
107.002401826
107.004370473
107.006337668
107.008303413
107.010267708
107.012230555
107.014191954
107.016151907
107.018110415
107.020067478
107.022023098
107.023977276
107.025930013
107.02788131
107.029831168
107.031779588
107.033726571
107.035672119
107.037616232
107.039558911
107.041500157
107.043439972
107.045378357
107.047315312
107.049250839
107.051184939
107.053117612
107.05504886
107.056978684
107.058907085
107.060834063
107.062759621
107.064683759
107.066606478
107.068527779
107.070447663
107.072366132
107.074283185
107.076198825
107.078113053
107.080025868
107.081937274
107.083847269
107.085755857
107.087663036
107.08956881
107.091473178
107.093376141
107.095277702
107.09717786
107.099076617
107.100973974
107.102869931
107.104764491
107.106657653
107.108549419
107.11043979
107.112328768
107.114216352
107.116102544
107.117987345
107.119870757
107.121752779
107.123633414
107.125512662
107.127390524
107.129267001
107.131142095
107.133015806
107.134888135
107.136759083
107.138628652
107.140496842
107.142363654
107.14422909
107.14609315
107.147955836
107.149817147
107.151677087
107.153535655
107.155392852
107.157248679
107.159103139
107.16095623
107.162807955
107.164658315
107.16650731
107.168354941
107.17020121
107.172046118
107.173889665
107.175731853
107.177572682
107.179412154
107.181250269
107.183087029
107.184922434
107.186756486
107.188589185
107.190420533
107.19225053
107.194079178
107.195906477
107.197732429
107.199557034
107.201380294
107.20320221
107.205022781
107.206842011
107.208659898
107.210476446
107.212291653
107.214105522
107.215918054
107.217729248
107.219539108
107.221347632
107.223154823
107.224960681
107.226765208
107.228568404
107.23037027
107.232170807
107.233970017
