7.60096529652
7.85106835198
8.1005083203
8.34928695949
8.5974060229
8.84486725925
9.09167241259
9.33782322236
9.58332142341
9.82816874597
10.0723669157
10.3159176536
10.5588226762
10.8010836956
11.042702419
11.2836805494
11.5240197852
11.7637218203
12.0027883439
12.2412210411
12.4790215922
12.7161916733
12.9527329559
13.188647107
13.4239357895
13.6586006614
13.8926433768
14.1260655851
14.3588689315
14.5910550567
14.8226255971
15.0535821848
15.2839264475
15.5136600087
15.7427844875
15.9713014987
16.1992126529
16.4265195564
16.6532238112
16.879327015
17.1048307614
17.3297366397
17.554046235
17.7777611283
18.0008828962
18.2234131112
18.4453533418
18.666705152
18.887470102
19.1076497477
19.3272456408
19.5462593291
19.7646923561
19.9825462613
20.1998225802
20.4165228439
20.6326485798
20.8482013112
21.0631825572
21.2775938329
21.4914366495
21.7047125141
21.9174229299
22.129569396
22.3411534075
22.5521764558
22.762640028
22.9725456075
23.1818946736
23.3906887018
23.5989291637
23.8066175268
24.013755255
24.2203438082
24.4263846422
24.6318792094
24.8368289579
25.0412353322
25.245099773
25.448423717
25.6512085972
25.8534558429
26.0551668795
26.2563431285
26.4569860078
26.6570969316
26.8566773101
27.0557285501
27.2542520543
27.4522492219
27.6497214485
27.8466701256
28.0430966415
28.2390023805
28.4343887232
28.6292570469
28.8236087247
29.0174451266
29.2107676187
29.4035775633
29.5958763196
29.7876652426
29.9789456842
30.1697189924
30.3599865118
30.5497495834
30.7390095446
30.9277677292
31.1160254676
31.3037840866
31.4910449095
31.6778092561
31.8640784427
32.049853782
32.2351365834
32.4199281528
32.6042297924
32.7880428013
32.9713684749
33.1542081052
33.336562981
33.5184343874
33.6998236061
33.8807319157
34.0611605911
34.2411109039
34.4205841225
34.5995815116
34.778104333
34.9561538447
35.1337313016
35.3108379552
35.4874750539
35.6636438424
35.8393455625
36.0145814524
36.1893527471
36.3636606784
36.5375064749
36.7108913616
36.8838165608
37.056283291
37.2282927678
37.3998462035
37.5709448072
37.7415897848
37.9117823389
38.081523669
38.2508149715
38.4196574394
38.5880522628
38.7560006285
38.9235037201
39.0905627182
39.2571788001
39.4233531403
39.5890869098
39.7543812767
39.9192374059
40.0836564594
40.247639596
40.4111879713
40.5743027381
40.736985046
40.8992360414
41.061056868
41.2224486662
41.3834125735
41.5439497243
41.70406125
41.8637482792
42.0230119373
42.1818533467
42.3402736268
42.4982738944
42.6558552628
42.8130188427
42.9697657418
43.1260970648
43.2820139135
43.4375173867
43.5926085805
43.7472885879
43.901558499
44.0554194012
44.2088723788
44.3619185132
44.5145588833
44.6667945647
44.8186266304
44.9700561505
45.1210841922
45.27171182
45.4219400954
45.5717700773
45.7212028215
45.8702393814
46.0188808072
46.1671281466
46.3149824444
46.4624447426
46.6095160807
46.7561974949
46.9024900193
47.0483946848
47.1939125197
47.3390445496
47.4837917974
47.6281552832
47.7721360246
47.9157350362
48.05895333
48.2017919156
48.3442517996
48.486333986
48.6280394762
48.7693692689
48.9103243601
49.0509057435
49.1911144096
49.3309513467
49.4704175403
49.6095139734
49.7482416263
49.8866014767
50.0245944998
50.1622216681
50.2994839515
50.4363823176
50.5729177311
50.7090911543
50.844903547
50.9803558663
51.1154490668
51.2501841008
51.3845619177
51.5185834647
51.6522496862
51.7855615245
51.918519919
52.0511258068
52.1833801225
52.3152837982
52.4468377635
52.5780429456
52.7089002692
52.8394106566
52.9695750277
53.0993942996
53.2288693875
53.3580012039
53.4867906588
53.6152386599
53.7433461125
53.8711139195
53.9985429814
54.1256341963
54.2523884599
54.3788066655
54.5048897041
54.6306384644
54.7560538325
54.8811366925
55.0058879258
55.1303084116
55.254399027
55.3781606464
55.5015941422
55.6247003841
55.74748024
55.869934575
55.9920642523
56.1138701327
56.2353530744
56.3565139339
56.4773535649
56.5978728192
56.7180725461
56.8379535928
56.9575168042
57.076763023
57.1956930896
57.3143078421
57.4326081166
57.5505947469
57.6682685644
57.7856303985
57.9026810764
58.0194214231
58.1358522612
58.2519744114
58.3677886921
58.4832959196
58.5984969078
58.7133924688
58.8279834122
58.9422705458
59.056254675
59.1699366031
59.2833171314
59.3963970588
59.5091771825
59.6216582973
59.7338411958
59.8457266688
59.9573155048
60.0686084903
60.1796064096
60.2903100451
60.4007201769
60.5108375832
60.6206630401
60.7301973217
60.8394411999
60.9483954446
61.0570608238
61.1654381033
61.2735280468
61.3813314164
61.4888489716
61.5960814703
61.7030296682
61.8096943191
61.9160761748
62.0221759849
62.1279944974
62.2335324579
62.3387906103
62.4437696964
62.5484704561
62.6528936273
62.7570399461
62.8609101462
62.96450496
63.0678251174
63.1708713466
63.273644374
63.3761449238
63.4783737184
63.5803314783
63.6820189222
63.7834367666
63.8845857265
63.9854665145
64.0860798418
64.1864264175
64.2865069487
64.3863221408
64.4858726974
64.5851593199
64.6841827083
64.7829435603
64.8814425721
64.9796804378
65.0776578498
65.1753754986
65.272834073
65.3700342598
65.466976744
65.5636622089
65.6600913359
65.7562648047
65.852183293
65.9478474769
66.0432580305
66.1384156264
66.2333209352
66.3279746257
66.4223773651
66.5165298187
66.6104326501
66.7040865211
66.7974920917
66.8906500203
66.9835609633
67.0762255758
67.1686445106
67.2608184192
67.3527479512
67.4444337545
67.5358764753
67.6270767581
67.7180352457
67.808752579
67.8992293974
67.9894663387
68.0794640388
68.169223132
68.2587442509
68.3480280264
68.4370750878
68.5258860626
68.6144615769
68.7028022548
68.790908719
68.8787815904
68.9664214884
69.0538290307
69.1410048331
69.2279495103
69.3146636748
69.401147938
69.4874029092
69.5734291965
69.6592274061
69.7447981427
69.8301420094
69.9152596077
70.0001515375
70.0848183971
70.1692607831
70.2534792909
70.3374745138
70.4212470439
70.5047974716
70.5881263858
70.6712343737
70.7541220211
70.8367899122
70.9192386295
71.0014687543
71.0834808659
71.1652755424
71.2468533604
71.3282148947
71.4093607188
71.4902914045
71.5710075223
71.6515096411
71.7317983281
71.8118741493
71.8917376691
71.9713894502
72.0508300541
72.1300600406
72.2090799682
72.2878903938
72.3664918727
72.4448849591
72.5230702053
72.6010481625
72.6788193802
72.7563844065
72.833743788
72.9108980701
72.9878477964
73.0645935094
73.1411357498
73.2174750572
73.2936119696
73.3695470235
73.4452807542
73.5208136955
73.5961463795
73.6712793374
73.7462130986
73.8209481913
73.8954851421
73.9698244764
74.0439667181
74.1179123898
74.1916620125
74.2652161062
74.3385751892
74.4117397785
74.4847103898
74.5574875373
74.630071734
74.7024634914
74.7746633198
74.846671728
74.9184892234
74.9901163123
75.0615534996
75.1328012885
75.2038601814
75.2747306789
75.3454132807
75.4159084848
75.4862167881
75.5563386861
75.626274673
75.6960252418
75.7655908839
75.8349720898
75.9041693483
75.9731831472
76.0420139729
76.1106623105
76.1791286438
76.2474134553
76.3155172263
76.3834404368
76.4511835656
76.5187470899
76.5861314861
76.6533372291
76.7203647924
76.7872146485
76.8538872686
76.9203831225
76.9867026789
77.0528464052
77.1188147675
77.1846082309
77.250227259
77.3156723142
77.3809438579
77.44604235
77.5109682494
77.5757220137
77.6403040991
77.7047149609
77.7689550531
77.8330248284
77.8969247383
77.9606552332
78.0242167622
78.0876097734
78.1508347135
78.2138920282
78.2767821618
78.3395055575
78.4020626575
78.4644539027
78.5266797326
78.5887405861
78.6506369003
78.7123691115
78.7739376549
78.8353429644
78.8965854726
78.9576656114
79.018583811
79.0793405009
79.1399361094
79.2003710633
79.2606457888
79.3207607105
79.3807162522
79.4405128365
79.5001508847
79.5596308172
79.6189530532
79.6781180108
79.7371261069
79.7959777575
79.8546733774
79.9132133801
79.9715981783
80.0298281835
80.0879038061
80.1458254553
80.2035935395
80.2612084656
80.3186706399
80.3759804673
80.4331383516
80.4901446958
80.5469999016
80.6037043698
80.6602584998
80.7166626905
80.7729173391
80.8290228424
80.8849795956
80.9407879931
80.9964484283
81.0519612935
81.1073269799
81.1625458776
81.217618376
81.2725448631
81.327325726
81.3819613509
81.4364521227
81.4907984256
81.5450006425
81.5990591555
81.6529743456
81.7067465927
81.7603762759
81.813863773
81.8672094611
81.9204137161
81.9734769131
82.026399426
82.0791816277
82.1318238904
82.1843265849
82.2366900814
82.2889147488
82.3410009554
82.392949068
82.444759453
82.4964324753
82.5479684993
82.5993678881
82.6506310039
82.7017582082
82.7527498611
82.8036063222
82.8543279498
82.9049151013
82.9553681334
83.0056874016
83.0558732606
83.105926064
83.1558461646
83.2056339143
83.255289664
83.3048137635
83.354206562
83.4034684076
83.4525996474
83.5016006277
83.5504716939
83.5992131904
83.6478254608
83.6963088476
83.7446636925
83.7928903364
83.8409891191
83.8889603797
83.9368044562
83.9845216858
84.0321124048
84.0795769486
84.1269156519
84.1741288481
84.22121687
84.2681800496
84.3150187178
84.3617332047
84.4083238395
84.4547909507
84.5011348656
84.547355911
84.5934544126
84.6394306953
84.6852850831
84.7310178992
84.7766294659
84.8221201047
84.8674901362
84.9127398801
84.9578696554
85.0028797801
85.0477705714
85.0925423458
85.1371954188
85.181730105
85.2261467185
85.2704455721
85.3146269781
85.358691248
85.4026386921
85.4464696204
85.4901843417
85.5337831641
85.5772663948
85.6206343404
85.6638873065
85.7070255979
85.7500495187
85.792959372
85.8357554604
85.8784380854
85.9210075478
85.9634641477
86.0058081844
86.0480399561
86.0901597606
86.1321678948
86.1740646546
86.2158503354
86.2575252317
86.2990896372
86.3405438449
86.3818881468
86.4231228344
86.4642481983
86.5052645284
86.5461721137
86.5869712425
86.6276622024
86.6682452801
86.7087207618
86.7490889326
86.789350077
86.8295044789
86.8695524212
86.9094941861
86.9493300552
86.9890603093
87.0286852283
87.0682050915
87.1076201774
87.1469307638
87.1861371279
87.2252395458
87.2642382933
87.3031336451
87.3419258753
87.3806152575
87.4192020642
87.4576865674
87.4960690384
87.5343497476
87.5725289649
87.6106069593
87.6485839992
87.6864603522
87.7242362854
87.7619120649
87.7994879563
87.8369642244
87.8743411333
87.9116189465
87.9487979267
87.9858783358
88.0228604354
88.0597444859
88.0965307474
88.1332194791
88.1698109396
88.2063053868
88.2427030779
88.2790042694
88.3152092171
88.3513181763
88.3873314014
88.4232491462
88.4590716639
88.494799207
88.5304320272
88.5659703757
88.6014145029
88.6367646587
88.6720210922
88.7071840519
88.7422537855
88.7772305404
88.8121145629
88.846906099
88.8816053938
88.9162126919
88.9507282372
88.985152273
89.0194850419
89.0537267858
89.0878777461
89.1219381634
89.1559082779
89.1897883289
89.2235785553
89.2572791951
89.2908904859
89.3244126646
89.3578459675
89.39119063
89.4244468874
89.4576149739
89.4906951234
89.5236875689
89.556592543
89.5894102776
89.622141004
89.6547849529
89.6873423543
89.7198134377
89.752198432
89.7844975654
89.8167110655
89.8488391594
89.8808820735
89.9128400337
89.9447132651
89.9765019925
90.0082064398
90.0398268305
90.0713633874
90.1028163329
90.1341858886
90.1654722756
90.1966757143
90.2277964248
90.2588346263
90.2897905376
90.3206643769
90.3514563617
90.3821667091
90.4127956356
90.4433433569
90.4738100884
90.5041960447
90.5345014402
90.5647264883
90.5948714021
90.624936394
90.6549216759
90.6848274592
90.7146539546
90.7444013723
90.774069922
90.8036598128
90.8331712533
90.8626044513
90.8919596145
90.9212369496
90.950436663
90.9795589605
91.0086040473
91.0375721282
91.0664634073
91.0952780882
91.124016374
91.1526784673
91.1812645701
91.2097748838
91.2382096093
91.2665689472
91.2948530972
91.3230622586
91.3511966304
91.3792564108
91.4072417975
91.4351529878
91.4629901783
91.4907535654
91.5184433447
91.5460597112
91.5736028597
91.6010729843
91.6284702786
91.6557949356
91.683047148
91.7102271078
91.7373350065
91.7643710353
91.7913353847
91.8182282447
91.8450498048
91.8718002542
91.8984797812
91.925088574
91.9516268201
91.9780947065
92.0044924198
92.030820146
92.0570780707
92.0832663789
92.1093852551
92.1354348836
92.1614154479
92.187327131
92.2131701156
92.2389445839
92.2646507175
92.2902886975
92.3158587047
92.3413609193
92.3667955209
92.392162689
92.4174626022
92.4426954388
92.4678613768
92.4929605934
92.5179932656
92.5429595698
92.5678596819
92.5926937774
92.6174620314
92.6421646185
92.6668017127
92.6913734876
92.7158801165
92.740321772
92.7646986265
92.7890108516
92.8132586189
92.8374420991
92.8615614628
92.8856168798
92.9096085198
92.9335365518
92.9574011445
92.981202466
93.0049406842
93.0286159662
93.0522284791
93.0757783891
93.0992658623
93.1226910642
93.1460541599
93.1693553141
93.1925946909
93.2157724543
93.2388887674
93.2619437933
93.2849376944
93.3078706328
93.3307427702
93.3535542676
93.3763052859
93.3989959855
93.4216265262
93.4441970676
93.4667077687
93.4891587881
93.5115502842
93.5338824147
93.556155337
93.5783692081
93.6005241846
93.6226204225
93.6446580777
93.6666373054
93.6885582605
93.7104210976
93.7322259708
93.7539730336
93.7756624394
93.7972943411
93.818868891
93.8403862413
93.8618465436
93.8832499492
93.9045966088
93.925886673
93.9471202918
93.9682976149
93.9894187914
94.0104839703
94.0314933001
94.0524469287
94.0733450039
94.094187673
94.1149750828
94.1357073799
94.1563847103
94.1770072199
94.1975750539
94.2180883574
94.2385472748
94.2589519504
94.279302528
94.299599151
94.3198419625
94.3400311051
94.3601667211
94.3802489525
94.4002779407
94.420253827
94.4401767521
94.4600468564
94.47986428
94.4996291625
94.5193416433
94.5390018612
94.5586099549
94.5781660625
94.5976703219
94.6171228705
94.6365238454
94.6558733834
94.6751716208
94.6944186936
94.7136147376
94.7327598879
94.7518542795
94.770898047
94.7898913246
94.8088342462
94.8277269452
94.8465695549
94.865362208
94.884105037
94.9027981739
94.9214417505
94.9400358983
94.9585807482
94.977076431
94.995523077
95.0139208162
95.0322697784
95.0505700927
95.0688218882
95.0870252935
95.105180437
95.1232874465
95.1413464497
95.1593575739
95.177320946
95.1952366926
95.21310494
95.2309258141
95.2486994405
95.2664259444
95.2841054509
95.3017380845
95.3193239694
95.3368632297
95.3543559889
95.3718023703
95.3892024969
95.4065564914
95.4238644759
95.4411265726
95.458342903
95.4755135886
95.4926387503
95.5097185087
95.5267529844
95.5437422973
95.5606865672
95.5775859136
95.5944404554
95.6112503115
95.6280156005
95.6447364403
95.6614129489
95.6780452438
95.6946334423
95.7111776612
95.7276780172
95.7441346265
95.7605476051
95.7769170687
95.7932431327
95.8095259121
95.8257655217
95.8419620759
95.858115689
95.8742264747
95.8902945465
95.9063200178
95.9223030015
95.9382436102
95.9541419563
95.9699981518
95.9858123084
96.0015845377
96.0173149508
96.0330036585
96.0486507715
96.0642564
96.0798206539
96.0953436431
96.1108254768
96.1262662642
96.1416661141
96.1570251352
96.1723434355
96.1876211231
96.2028583056
96.2180550905
96.2332115848
96.2483278953
96.2634041287
96.2784403911
96.2934367885
96.3083934267
96.3233104109
96.3381878465
96.3530258381
96.3678244905
96.3825839078
96.3973041942
96.4119854533
96.4266277886
96.4412313033
96.4557961004
96.4703222825
96.484809952
96.499259211
96.5136701613
96.5280429044
96.5423775418
96.5566741744
96.5709329029
96.5851538279
96.5993370496
96.613482668
96.6275907827
96.6416614931
96.6556948986
96.6696910978
96.6836501896
96.6975722723
96.7114574439
96.7253058025
96.7391174454
96.7528924702
96.7666309739
96.7803330533
96.793998805
96.8076283252
96.8212217101
96.8347790555
96.8483004569
96.8617860096
96.8752358087
96.8886499489
96.9020285248
96.9153716306
96.9286793605
96.9419518082
96.9551890672
96.9683912309
96.9815583923
96.9946906441
97.007788079
97.0208507892
97.0338788669
97.0468724038
97.0598314915
97.0727562214
97.0856466845
97.0985029716
97.1113251735
97.1241133804
97.1368676826
97.1495881698
97.1622749317
97.1749280578
97.1875476373
97.200133759
97.2126865116
97.2252059837
97.2376922635
97.250145439
97.2625655979
97.2749528278
97.287307216
97.2996288496
97.3119178153
97.3241741999
97.3363980896
97.3485895707
97.3607487291
97.3728756504
97.3849704202
97.3970331236
97.4090638457
97.4210626713
97.4330296849
97.444964971
97.4568686135
97.4687406964
97.4805813034
97.492390518
97.5041684233
97.5159151023
97.5276306379
97.5393151126
97.5509686088
97.5625912086
97.5741829939
97.5857440464
97.5972744476
97.6087742788
97.620243621
97.631682555
97.6430911615
97.6544695208
97.6658177132
97.6771358187
97.6884239169
97.6996820876
97.7109104099
97.7221089631
97.733277826
97.7444170775
97.7555267959
97.7666070597
97.7776579468
97.7886795352
97.7996719025
97.8106351263
97.8215692838
97.832474452
97.8433507078
97.8541981279
97.8650167887
97.8758067665
97.8865681373
97.8973009769
97.908005361
97.9186813651
97.9293290644
97.9399485339
97.9505398484
97.9611030827
97.9716383111
97.982145608
97.9926250473
98.003076703
98.0135006486
98.0238969577
98.0342657036
98.0446069592
98.0549207975
98.0652072912
98.0754665128
98.0856985345
98.0959034286
98.1060812668
98.116232121
98.1263560627
98.1364531633
98.1465234938
98.1565671253
98.1665841286
98.1765745743
98.1865385327
98.1964760742
98.2063872686
98.216272186
98.2261308959
98.2359634678
98.2457699711
98.2555504749
98.265305048
98.2750337593
98.2847366772
98.2944138703
98.3040654066
98.3136913542
98.323291781
98.3328667546
98.3424163425
98.351940612
98.3614396302
98.3709134642
98.3803621805
98.3897858459
98.3991845267
98.4085582893
98.4179071995
98.4272313235
98.4365307268
98.445805475
98.4550556335
98.4642812674
98.4734824419
98.4826592216
98.4918116714
98.5009398557
98.5100438388
98.519123685
98.5281794581
98.5372112221
98.5462190406
98.555202977
98.5641630948
98.573099457
98.5820121265
98.5909011664
98.5997666391
98.6086086071
98.6174271329
98.6262222785
98.6349941059
98.6437426769
98.6524680533
98.6611702964
98.6698494677
98.6785056283
98.6871388392
98.6957491612
98.7043366551
98.7129013813
98.7214434002
98.7299627721
98.7384595569
98.7469338146
98.7553856049
98.7638149873
98.7722220213
98.780606766
98.7889692807
98.7973096242
98.8056278553
98.8139240327
98.8221982147
98.8304504598
98.8386808261
98.8468893716
98.8550761541
98.8632412314
98.871384661
98.8795065002
98.8876068064
98.8956856366
98.9037430477
98.9117790966
98.9197938399
98.9277873341
98.9357596354
98.9437108001
98.9516408843
98.9595499438
98.9674380343
98.9753052115
98.9831515308
98.9909770475
98.9987818168
99.0065658936
99.0143293329
99.0220721893
99.0297945173
99.0374963716
99.0451778062
99.0528388754
99.0604796331
99.0681001333
99.0757004295
99.0832805754
99.0908406244
99.0983806298
99.1059006447
99.1134007222
99.120880915
99.1283412759
99.1357818574
99.1432027121
99.1506038922
99.1579854499
99.1653474372
99.172689906
99.180012908
99.1873164948
99.194600718
99.2018656289
99.2091112786
99.2163377182
99.2235449988
99.2307331709
99.2379022854
99.2450523927
99.2521835433
99.2592957873
99.266389175
99.2734637563
99.2805195811
99.2875566991
99.2945751599
99.3015750129
99.3085563075
99.315519093
99.3224634183
99.3293893325
99.3362968842
99.3431861223
99.3500570953
99.3569098515
99.3637444394
99.370560907
99.3773593024
99.3841396735
99.3909020681
99.3976465339
99.4043731184
99.411081869
99.4177728329
99.4244460575
99.4311015896
99.4377394761
99.444359764
99.4509624997
99.45754773
99.4641155011
99.4706658593
99.4771988509
99.4837145219
99.4902129181
99.4966940854
99.5031580695
99.509604916
99.5160346701
99.5224473774
99.5288430829
99.5352218318
99.541583669
99.5479286394
99.5542567876
99.5605681582
99.5668627958
99.5731407447
99.5794020492
99.5856467533
99.5918749012
99.5980865366
99.6042817034
99.6104604452
99.6166228056
99.622768828
99.6288985557
99.635012032
99.6411092998
99.6471904023
99.6532553822
99.6593042822
99.6653371451
99.6713540134
99.6773549293
99.6833399354
99.6893090736
99.6952623861
99.7011999149
99.7071217017
99.7130277884
99.7189182166
99.7247930277
99.7306522632
99.7364959643
99.7423241723
99.7481369283
99.7539342731
99.7597162477
99.7654828928
99.7712342491
99.776970357
99.7826912571
99.7883969895
99.7940875947
99.7997631125
99.8054235832
99.8110690464
99.8166995421
99.82231511
99.8279157895
99.8335016202
99.8390726414
99.8446288924
99.8501704124
99.8556972403
99.8612094153
99.8667069761
99.8721899614
99.8776584099
99.8831123602
99.8885518507
99.8939769196
99.8993876054
99.904783946
99.9101659795
99.9155337439
99.920887277
99.9262266165
99.9315518001
99.9368628652
99.9421598493
99.9474427898
99.9527117238
99.9579666886
99.9632077211
99.9684348583
99.973648137
99.9788475939
99.9840332658
99.9892051892
99.9943634004
99.9995079359
100.004638832
100.009756125
100.01485985
100.019950044
100.025026743
100.030089982
100.035139797
100.040176224
100.045199298
100.050209055
100.055205529
100.060188757
100.065158772
100.070115611
100.075059308
100.079989898
100.084907416
100.089811896
100.094703373
100.099581882
100.104447456
100.109300131
100.11413994
100.118966917
100.123781097
100.128582513
100.133371199
100.13814719
100.142910517
100.147661217
100.15239932
100.157124862
100.161837876
100.166538393
100.171226449
100.175902075
100.180565305
100.185216172
100.189854708
100.194480946
100.199094919
100.203696659
100.208286198
100.21286357
100.217428806
100.221981938
100.226522998
100.231052019
100.235569033
100.24007407
100.244567164
100.249048345
100.253517646
100.257975097
100.262420731
100.266854578
100.27127667
100.275687037
100.280085712
100.284472725
100.288848106
100.293211887
100.297564099
100.301904772
100.306233937
100.310551624
100.314857863
100.319152686
100.323436122
100.327708202
100.331968955
100.336218412
100.340456602
100.344683556
100.348899304
100.353103874
100.357297297
100.361479602
100.365650818
100.369810976
100.373960104
100.378098231
100.382225388
100.386341602
100.390446903
100.39454132
100.398624881
100.402697616
100.406759554
100.410810721
100.414851149
100.418880864
100.422899895
100.42690827
100.430906019
100.434893168
100.438869747
100.442835782
100.446791303
100.450736336
100.454670911
100.458595053
100.462508792
100.466412154
100.470305168
100.47418786
100.478060258
100.48192239
100.485774282
100.489615961
100.493447456
100.497268792
100.501079997
100.504881097
100.508672119
100.512453091
100.516224038
100.519984988
100.523735966
100.527477
100.531208115
100.534929338
100.538640695
100.542342212
100.546033915
100.549715831
100.553387986
100.557050404
100.560703112
100.564346137
100.567979502
100.571603235
100.57521736
100.578821903
100.58241689
100.586002345
100.589578294
100.593144763
100.596701776
100.600249359
100.603787535
100.607316332
100.610835772
100.614345882
100.617846685
100.621338207
100.624820472
100.628293505
100.63175733
100.635211971
