-2.53492856579
-2.37252659934
-2.21035853353
-2.0484240315
-1.88672275684
-1.72525437366
-1.56401854652
-1.40301494049
-1.24224322111
-1.0817030544
-0.921394106867
-0.761316045497
-0.601468537754
-0.44185125158
-0.282463855398
-0.123306018107
0.0356225909173
0.194322301823
0.352793444281
0.511036347491
0.669051340174
0.826838750581
0.984398906489
1.1417321352
1.29883876355
1.45571911791
1.61237352416
1.76880230773
1.92500579357
2.08098430617
2.23673816955
2.39226770727
2.5475732424
2.70265509757
2.85751359494
3.0121490562
3.16656180258
3.32075215485
3.4747204333
3.62846695779
3.7819920477
3.93529602194
4.08837919899
4.24124189685
4.39388443306
4.54630712472
4.69851028846
4.85049424044
5.00225929641
5.15380577161
5.30513398087
5.45624423855
5.60713685854
5.75781215431
5.90827043885
6.05851202473
6.20853722403
6.35834634842
6.5079397091
6.65731761681
6.80648038188
6.95542831416
7.10416172307
7.25268091756
7.40098620618
7.549077897
7.69695629764
7.84462171532
7.99207445677
8.1393148283
8.28634313579
8.43315968466
8.5797647799
8.72615872604
8.87234182721
9.01831438708
9.16407670887
9.30962909539
9.45497184899
9.60010527161
9.74502966472
9.8897453294
10.0342525663
10.1785516755
10.3226429568
10.4665267096
10.6102032328
10.7536728247
10.8969357836
11.0399924068
11.1828429917
11.325487835
11.4679272329
11.6101614815
11.7521908761
11.8940157118
12.0356362832
12.1770528846
12.3182658096
12.4592753517
12.6000818037
12.7406854581
12.8810866071
13.0212855423
13.1612825549
13.3010779358
13.4406719753
13.5800649635
13.7192571898
13.8582489436
13.9970405134
14.1356321876
14.2740242541
14.4122170004
14.5502107136
14.6880056803
14.8256021867
14.9630005188
15.1002009619
15.237203801
15.3740093207
15.5106178053
15.6470295385
15.7832448037
15.9192638838
16.0550870614
16.1907146187
16.3261468373
16.4613839987
16.5964263838
16.731274273
16.8659279466
17.0003876842
17.1346537652
17.2687264684
17.4026060724
17.5362928554
17.6697870949
17.8030890683
17.9361990526
18.0691173243
18.2018441594
18.3343798336
18.4667246224
18.5988788006
18.7308426428
18.8626164231
18.9942004151
19.1255948924
19.2568001278
19.3878163938
19.5186439627
19.6492831062
19.7797340957
19.9099972022
20.0400726963
20.1699608481
20.2996619276
20.4291762042
20.5585039468
20.6876454242
20.8166009046
20.9453706559
21.0739549456
21.2023540408
21.3305682083
21.4585977143
21.5864428249
21.7141038056
21.8415809216
21.9688744378
22.0959846185
22.2229117278
22.3496560295
22.4762177866
22.6025972623
22.728794719
22.8548104188
22.9806446236
23.1062975947
23.2317695933
23.3570608798
23.4821717146
23.6071023576
23.7318530683
23.8564241058
23.980815729
24.1050281962
24.2290617655
24.3529166945
24.4765932405
24.6000916604
24.7234122108
24.8465551479
24.9695207274
25.0923092049
25.2149208353
25.3373558734
25.4596145735
25.5816971896
25.7036039753
25.8253351838
25.9468910681
26.0682718806
26.1894778734
26.3105092985
26.4313664071
26.5520494503
26.6725586789
26.7928943432
26.9130566931
27.0330459783
27.1528624481
27.2725063512
27.3919779364
27.5112774517
27.630405145
27.7493612637
27.868146055
27.9867597656
28.1052026419
28.22347493
28.3415768755
28.4595087239
28.5772707199
28.6948631084
28.8122861336
28.9295400394
29.0466250694
29.1635414668
29.2802894744
29.3968693349
29.5132812904
29.6295255826
29.7456024532
29.8615121431
29.9772548933
30.0928309441
30.2082405357
30.3234839077
30.4385612996
30.5534729504
30.6682190988
30.7827999832
30.8972158417
31.0114669119
31.1255534311
31.2394756363
31.3532337643
31.4668280512
31.5802587331
31.6935260456
31.8066302241
31.9195715034
32.0323501181
32.1449663027
32.2574202909
32.3697123164
32.4818426125
32.5938114121
32.7056189478
32.8172654519
32.9287511562
33.0400762924
33.1512410918
33.2622457852
33.3730906033
33.4837757763
33.5943015341
33.7046681064
33.8148757225
33.9249246111
34.0348150011
34.1445471206
34.2541211976
34.3635374596
34.4727961341
34.581897448
34.6908416279
34.7996289002
34.9082594907
35.0167336252
35.125051529
35.2332134272
35.3412195444
35.449070105
35.5567653329
35.6643054521
35.7716906857
35.878921257
35.9859973887
36.0929193031
36.1996872225
36.3063013685
36.4127619627
36.5190692263
36.6252233801
36.7312246445
36.8370732398
36.9427693859
37.0483133023
37.1537052083
37.2589453228
37.3640338644
37.4689710515
37.5737571021
37.6783922337
37.7828766638
37.8872106094
37.9913942873
38.0954279138
38.1993117052
38.3030458771
38.4066306451
38.5100662244
38.6133528298
38.7164906759
38.8194799769
38.9223209468
39.0250137993
39.1275587476
39.2299560048
39.3322057835
39.4343082963
39.5362637551
39.6380723719
39.739734358
39.8412499246
39.9426192828
40.0438426429
40.1449202153
40.24585221
40.3466388367
40.4472803046
40.5477768229
40.6481286004
40.7483358455
40.8483987663
40.9483175707
41.0480924664
41.1477236605
41.24721136
41.3465557717
41.4457571018
41.5448155564
41.6437313414
41.7425046621
41.8411357239
41.9396247315
42.0379718896
42.1361774024
42.2342414741
42.3321643082
42.4299461082
42.5275870773
42.6250874182
42.7224473335
42.8196670255
42.9167466961
43.0136865469
43.1104867795
43.2071475947
43.3036691935
43.4000517763
43.4962955435
43.5924006947
43.6883674299
43.7841959482
43.8798864488
43.9754391304
44.0708541916
44.1661318305
44.261272245
44.3562756329
44.4511421915
44.5458721177
44.6404656085
44.7349228603
44.8292440693
44.9234294315
45.0174791426
45.1113933978
45.2051723923
45.2988163209
45.3923253782
45.4856997583
45.5789396553
45.6720452628
45.7650167743
45.8578543828
45.9505582813
46.0431286624
46.1355657182
46.2278696409
46.3200406221
46.4120788534
46.503984526
46.5957578307
46.6873989582
46.7789080989
46.8702854429
46.96153118
47.0526454997
47.1436285914
47.2344806439
47.3252018462
47.4157923865
47.5062524531
47.596582234
47.6867819166
47.7768516886
47.8667917368
47.9566022483
48.0462834094
48.1358354066
48.2252584259
48.314552653
48.4037182734
48.4927554724
48.5816644349
48.6704453456
48.7590983889
48.847623749
48.9360216097
49.0242921548
49.1124355676
49.2004520312
49.2883417284
49.3761048418
49.4637415538
49.5512520463
49.6386365011
49.7258950999
49.8130280238
49.9000354538
49.9869175708
50.0736745551
50.160306587
50.2468138465
50.3331965133
50.4194547668
50.5055887862
50.5915987504
50.6774848381
50.7632472278
50.8488860975
50.9344016252
51.0197939885
51.1050633649
51.1902099313
51.2752338648
51.360135342
51.4449145391
51.5295716324
51.6141067977
51.6985202105
51.7828120463
51.8669824802
51.951031687
52.0349598412
52.1187671174
52.2024536894
52.2860197313
52.3694654165
52.4527909184
52.5359964102
52.6190820647
52.7020480544
52.7848945517
52.8676217287
52.9502297573
53.0327188091
53.1150890554
53.1973406673
53.2794738157
53.3614886713
53.4433854043
53.525164185
53.6068251831
53.6883685684
53.7697945102
53.8511031777
53.9322947398
54.0133693651
54.0943272221
54.1751684789
54.2558933035
54.3365018636
54.4169943266
54.4973708597
54.5776316299
54.6577768039
54.7378065483
54.8177210292
54.8975204126
54.9772048645
55.0567745501
55.136229635
55.2155702841
55.2947966622
55.3739089339
55.4529072636
55.5317918153
55.610562753
55.6892202403
55.7677644405
55.8461955168
55.9245136322
56.0027189494
56.0808116307
56.1587918385
56.2366597347
56.3144154811
56.3920592392
56.4695911703
56.5470114354
56.6243201954
56.7015176109
56.7786038423
56.8555790496
56.9324433928
57.0091970316
57.0858401253
57.1623728333
57.2387953145
57.3151077276
57.3913102312
57.4674029835
57.5433861427
57.6192598666
57.6950243128
57.7706796387
57.8462260014
57.921663558
57.996992465
58.072212879
58.1473249562
58.2223288527
58.2972247242
58.3720127265
58.4466930147
58.5212657441
58.5957310696
58.6700891458
58.7443401273
58.8184841682
58.8925214226
58.9664520443
59.0402761869
59.1139940037
59.1876056479
59.2611112723
59.3345110297
59.4078050726
59.4809935531
59.5540766235
59.6270544353
59.6999271404
59.7726948899
59.8453578352
59.9179161271
59.9903699164
60.0627193536
60.134964589
60.2071057726
60.2791430544
60.3510765839
60.4229065106
60.4946329837
60.5662561523
60.637776165
60.7091931705
60.7805073171
60.851718753
60.9228276261
60.9938340841
61.0647382745
61.1355403446
61.2062404415
61.2768387121
61.347335303
61.4177303606
61.4880240312
61.5582164608
61.6283077953
61.6982981802
61.7681877609
61.8379766827
61.9076650904
61.9772531288
62.0467409426
62.116128676
62.1854164733
62.2546044782
62.3236928346
62.392681686
62.4615711757
62.5303614468
62.5990526421
62.6676449045
62.7361383763
62.8045332
62.8728295174
62.9410274706
63.0091272011
63.0771288505
63.1450325601
63.2128384708
63.2805467235
63.3481574589
63.4156708175
63.4830869394
63.5504059647
63.6176280333
63.6847532849
63.7517818588
63.8187138942
63.8855495304
63.9522889059
64.0189321596
64.0854794299
64.151930855
64.2182865728
64.2845467214
64.3507114383
64.416780861
64.4827551267
64.5486343724
64.6144187351
64.6801083514
64.7457033577
64.8112038903
64.8766100852
64.9419220784
65.0071400056
65.0722640021
65.1372942033
65.2022307442
65.2670737598
65.3318233848
65.3964797536
65.4610430007
65.52551326
65.5898906655
65.654175351
65.71836745
65.7824670959
65.8464744218
65.9103895606
65.9742126452
66.0379438081
66.1015831817
66.1651308982
66.2285870897
66.2919518879
66.3552254245
66.4184078308
66.4814992383
66.5444997779
66.6074095805
66.6702287768
66.7329574972
66.7955958722
66.8581440317
66.9206021058
66.9829702242
67.0452485165
67.1074371119
67.1695361398
67.2315457291
67.2934660086
67.355297107
67.4170391526
67.4786922738
67.5402565987
67.6017322551
67.6631193707
67.724418073
67.7856284894
67.8467507471
67.907784973
67.9687312939
68.0295898363
68.0903607269
68.1510440916
68.2116400568
68.2721487481
68.3325702913
68.3929048119
68.4531524353
68.5133132866
68.5733874908
68.6333751727
68.6932764569
68.7530914678
68.8128203296
68.8724631666
68.9320201024
68.991491261
69.0508767658
69.1101767402
69.1693913073
69.2285205902
69.2875647117
69.3465237945
69.405397961
69.4641873336
69.5228920343
69.5815121851
69.6400479079
69.6984993241
69.7568665552
69.8151497225
69.873348947
69.9314643497
69.9894960512
70.0474441721
70.1053088328
70.1630901535
70.2207882542
70.2784032548
70.3359352749
70.3933844341
70.4507508518
70.508034647
70.5652359388
70.6223548461
70.6793914874
70.7363459812
70.7932184459
70.8500089996
70.9067177603
70.9633448458
71.0198903737
71.0763544615
71.1327372264
71.1890387857
71.2452592562
71.3013987547
71.3574573979
71.4134353023
71.469332584
71.5251493593
71.580885744
71.636541854
71.6921178049
71.7476137121
71.8030296909
71.8583658564
71.9136223236
71.9687992072
72.0238966219
72.0789146822
72.1338535023
72.1887131963
72.2434938783
72.2981956619
72.3528186609
72.4073629888
72.4618287587
72.5162160839
72.5705250774
72.6247558519
72.6789085202
72.7329831947
72.7869799877
72.8408990114
72.8947403779
72.9485041989
73.0021905861
73.0557996512
73.1093315054
73.1627862599
73.2161640259
73.2694649141
73.3226890353
73.3758365
73.4289074188
73.4819019017
73.5348200589
73.5876620004
73.6404278359
73.6931176749
73.7457316271
73.7982698016
73.8507323076
73.9031192541
73.9554307499
74.0076669036
74.0598278239
74.111913619
74.1639243971
74.2158602664
74.2677213346
74.3195077095
74.3712194987
74.4228568096
74.4744197495
74.5259084255
74.5773229445
74.6286634134
74.6799299388
74.7311226272
74.7822415849
74.8332869182
74.884258733
74.9351571353
74.9859822308
75.0367341251
75.0874129236
75.1380187316
75.1885516542
75.2390117963
75.2893992629
75.3397141585
75.3899565877
75.4401266549
75.4902244643
75.5402501199
75.5902037257
75.6400853855
75.6898952028
75.7396332812
75.7892997239
75.8388946341
75.8884181149
75.9378702692
75.9872511996
76.0365610087
76.0857997991
76.1349676729
76.1840647323
76.2330910793
76.2820468157
76.3309320432
76.3797468635
76.4284913778
76.4771656875
76.5257698937
76.5743040972
76.6227683991
76.6711628998
76.7194877
76.7677429001
76.8159286002
76.8640449005
76.912091901
76.9600697014
77.0079784014
77.0558181006
77.1035888983
77.1512908937
77.198924186
77.246488874
77.2939850567
77.3414128326
77.3887723004
77.4360635582
77.4832867046
77.5304418374
77.5775290547
77.6245484542
77.6715001338
77.7183841908
77.7652007227
77.8119498267
77.8586316
77.9052461395
77.9517935421
77.9982739045
78.0446873231
78.0910338945
78.1373137149
78.1835268804
78.229673487
78.2757536307
78.3217674071
78.3677149118
78.4135962403
78.4594114878
78.5051607496
78.5508441207
78.5964616959
78.6420135701
78.6874998379
78.7329205938
78.778275932
78.8235659469
78.8687907325
78.9139503828
78.9590449915
79.0040746524
79.049039459
79.0939395047
79.1387748828
79.1835456863
79.2282520084
79.2728939419
79.3174715795
79.3619850138
79.4064343373
79.4508196424
79.4951410211
79.5393985657
79.583592368
79.6277225199
79.671789113
79.7157922388
79.7597319888
79.8036084543
79.8474217263
79.891171896
79.9348590541
79.9784832915
80.0220446987
80.0655433664
80.1089793847
80.152352844
80.1956638343
80.2389124456
80.2820987678
80.3252228906
80.3682849036
80.4112848961
80.4542229577
80.4970991773
80.5399136441
80.5826664471
80.625357675
80.6679874166
80.7105557604
80.7530627948
80.7955086081
80.8378932885
80.8802169241
80.9224796028
80.9646814122
81.0068224403
81.0489027744
81.0909225019
81.1328817103
81.1747804866
81.2166189178
81.258397091
81.3001150928
81.34177301
81.383370929
81.4249089363
81.4663871182
81.5078055608
81.5491643502
81.5904635723
81.6317033129
81.6728836576
81.7140046921
81.7550665016
81.7960691716
81.8370127872
81.8778974334
81.9187231953
81.9594901575
82.0001984047
82.0408480217
82.0814390927
82.1219717021
82.1624459341
82.2028618728
82.2432196022
82.283519206
82.323760768
82.3639443718
82.4040701009
82.4441380386
82.4841482681
82.5241008726
82.5639959351
82.6038335384
82.6436137653
82.6833366984
82.7230024203
82.7626110134
82.8021625598
82.8416571419
82.8810948415
82.9204757408
82.9597999214
82.999067465
83.0382784533
83.0774329677
83.1165310894
83.1555728999
83.19455848
83.2334879109
83.2723612734
83.3111786482
83.349940116
83.3886457573
83.4272956526
83.465889882
83.5044285258
83.542911664
83.5813393766
83.6197117434
83.6580288441
83.6962907584
83.7344975656
83.7726493451
83.8107461763
83.8487881383
83.88677531
83.9247077704
83.9625855983
84.0004088724
84.0381776712
84.0758920732
84.1135521568
84.1511580002
84.1887096814
84.2262072786
84.2636508696
84.3010405321
84.338376344
84.3756583826
84.4128867255
84.45006145
84.4871826334
84.5242503526
84.5612646848
84.5982257069
84.6351334955
84.6719881275
84.7087896792
84.7455382273
84.782233848
84.8188766175
84.855466612
84.8920039076
84.92848858
84.964920705
85.0013003585
85.0376276158
85.0739025526
85.1101252441
85.1462957656
85.1824141923
85.2184805991
85.254495061
85.2904576528
85.3263684492
85.3622275248
85.3980349541
85.4337908115
85.4694951713
85.5051481075
85.5407496944
85.5763000058
85.6117991156
85.6472470976
85.6826440253
85.7179899724
85.7532850122
85.788529218
85.8237226631
85.8588654206
85.8939575635
85.9289991646
85.9639902968
85.9989310328
86.0338214451
86.0686616063
86.1034515886
86.1381914644
86.1728813058
86.207521185
86.2421111738
86.2766513441
86.3111417676
86.3455825161
86.379973661
86.4143152738
86.4486074259
86.4828501884
86.5170436326
86.5511878293
86.5852828496
86.6193287644
86.6533256442
86.6872735598
86.7211725816
86.7550227802
86.7888242257
86.8225769884
86.8562811385
86.8899367459
86.9235438805
86.9571026123
86.9906130108
87.0240751457
87.0574890866
87.0908549027
87.1241726635
87.1574424382
87.1906642957
87.2238383053
87.2569645358
87.2900430559
87.3230739345
87.3560572401
87.3889930412
87.4218814063
87.4547224037
87.4875161016
87.5202625681
87.5529618713
87.5856140791
87.6182192592
87.6507774796
87.6832888077
87.7157533111
87.7481710573
87.7805421135
87.8128665472
87.8451444253
87.8773758149
87.9095607831
87.9416993966
87.9737917222
88.0058378267
88.0378377764
88.0697916381
88.1016994779
88.1335613622
88.1653773572
88.197147529
88.2288719435
88.2605506668
88.2921837645
88.3237713024
88.3553133461
88.3868099611
88.418261213
88.4496671669
88.4810278881
88.5123434419
88.5436138931
88.5748393069
88.6060197481
88.6371552813
88.6682459714
88.6992918829
88.7302930803
88.761249628
88.7921615903
88.8230290314
88.8538520154
88.8846306064
88.9153648683
88.9460548649
88.9767006601
89.0073023174
89.0378599005
89.0683734727
89.0988430976
89.1292688383
89.1596507582
89.1899889203
89.2202833876
89.250534223
89.2807414895
89.3109052498
89.3410255664
89.3711025021
89.4011361192
89.4311264801
89.4610736473
89.4909776828
89.5208386488
89.5506566073
89.5804316202
89.6101637495
89.6398530569
89.669499604
89.6991034524
89.7286646637
89.7581832993
89.7876594204
89.8170930882
89.8464843641
89.8758333089
89.9051399837
89.9344044493
89.9636267666
89.9928069962
90.0219451987
90.0510414348
90.0800957648
90.109108249
90.1380789478
90.1670079214
90.1958952297
90.224740933
90.2535450909
90.2823077635
90.3110290104
90.3397088913
90.3683474658
90.3969447934
90.4255009335
90.4540159454
90.4824898883
90.5109228214
90.5393148038
90.5676658944
90.5959761521
90.6242456358
90.6524744041
90.6806625157
90.7088100292
90.7369170031
90.7649834956
90.7930095652
90.82099527
90.8489406682
90.8768458178
90.9047107769
90.9325356032
90.9603203546
90.9880650888
91.0157698634
91.043434736
91.0710597641
91.0986450051
91.1261905162
91.1536963546
91.1811625776
91.2085892421
91.2359764052
91.2633241237
91.2906324545
91.3179014542
91.3451311795
91.3723216871
91.3994730333
91.4265852745
91.4536584672
91.4806926675
91.5076879316
91.5346443155
91.5615618753
91.5884406669
91.6152807461
91.6420821687
91.6688449904
91.6955692667
91.7222550531
91.7489024052
91.7755113782
91.8020820274
91.828614408
91.8551085752
91.881564584
91.9079824893
91.934362346
91.960704209
91.9870081328
92.0132741723
92.0395023818
92.0656928161
92.0918455293
92.1179605759
92.1440380101
92.1700778861
92.1960802579
92.2220451797
92.2479727053
92.2738628885
92.2997157833
92.3255314432
92.3513099219
92.3770512729
92.4027555498
92.4284228059
92.4540530946
92.479646469
92.5052029824
92.5307226879
92.5562056383
92.5816518868
92.6070614861
92.6324344891
92.6577709484
92.6830709167
92.7083344465
92.7335615903
92.7587524005
92.7839069295
92.8090252295
92.8341073527
92.8591533511
92.8841632769
92.9091371819
92.9340751181
92.9589771372
92.983843291
93.0086736311
93.0334682092
93.0582270767
93.082950285
93.1076378856
93.1322899296
93.1569064684
93.181487553
93.2060332345
93.2305435639
93.2550185921
93.27945837
93.3038629483
93.3282323778
93.352566709
93.3768659924
93.4011302787
93.4253596181
93.4495540611
93.4737136578
93.4978384585
93.5219285132
93.5459838721
93.5700045851
93.593990702
93.6179422728
93.6418593471
93.6657419747
93.6895902052
93.713404088
93.7371836728
93.7609290088
93.7846401454
93.8083171319
93.8319600174
93.8555688511
93.879143682
93.902684559
93.9261915311
93.9496646472
93.9731039559
93.9965095059
94.019881346
94.0432195246
94.0665240901
94.0897950912
94.1130325759
94.1362365928
94.1594071898
94.1825444153
94.2056483171
94.2287189434
94.2517563421
94.274760561
94.2977316479
94.3206696505
94.3435746164
94.3664465933
94.3892856287
94.41209177
94.4348650646
94.4576055598
94.4803133028
94.5029883408
94.5256307209
94.5482404901
94.5708176955
94.5933623839
94.6158746021
94.6383543969
94.6608018151
94.6832169031
94.7055997077
94.7279502753
94.7502686523
94.7725548851
94.7948090199
94.8170311031
94.8392211808
94.8613792991
94.8835055039
94.9055998413
94.9276623572
94.9496930974
94.9716921076
94.9936594336
95.015595121
95.0374992154
95.0593717622
95.0812128069
95.1030223949
95.1248005715
95.1465473819
95.1682628713
95.1899470847
95.2116000674
95.2332218641
95.25481252
95.2763720797
95.2979005881
95.3193980899
95.3408646297
95.3623002522
95.3837050019
95.4050789233
95.4264220607
95.4477344584
95.4690161609
95.4902672122
95.5114876565
95.5326775379
95.5538369005
95.5749657881
95.5960642446
95.617132314
95.6381700399
95.6591774661
95.6801546361
95.7011015937
95.7220183822
95.7429050452
95.763761626
95.7845881679
95.8053847143
95.8261513083
95.846887993
95.8675948116
95.888271807
95.9089190222
95.9295365002
95.9501242836
95.9706824153
95.9912109381
96.0117098944
96.032179327
96.0526192784
96.0730297909
96.0934109071
96.1137626692
96.1340851195
96.1543783003
96.1746422536
96.1948770217
96.2150826464
96.2352591699
96.255406634
96.2755250805
96.2956145513
96.3156750881
96.3357067326
96.3557095263
96.3756835109
96.3956287277
96.4155452184
96.4354330241
96.4552921863
96.4751227462
96.4949247449
96.5146982237
96.5344432236
96.5541597856
96.5738479507
96.5935077598
96.6131392536
96.6327424731
96.6523174589
96.6718642516
96.691382892
96.7108734204
96.7303358775
96.7497703037
96.7691767392
96.7885552245
96.8079057998
96.8272285053
96.8465233811
96.8657904673
96.885029804
96.9042414311
96.9234253884
96.942581716
96.9617104535
96.9808116406
96.9998853172
97.0189315227
97.0379502968
97.056941679
97.0759057087
97.0948424253
97.1137518682
97.1326340766
97.1514890897
97.1703169468
97.1891176869
97.2078913491
97.2266379724
97.2453575958
97.264050258
97.282715998
97.3013548546
97.3199668664
97.3385520721
97.3571105103
97.3756422196
97.3941472384
97.4126256053
97.4310773585
97.4495025365
97.4679011775
97.4862733197
97.5046190013
97.5229382604
97.541231135
97.5594976632
97.5777378828
97.5959518319
97.6141395482
97.6323010695
97.6504364335
97.6685456779
97.6866288404
97.7046859584
97.7227170696
97.7407222113
97.7587014209
97.7766547359
97.7945821935
97.8124838309
97.8303596854
97.848209794
97.8660341938
97.883832922
97.9016060154
97.9193535109
97.9370754455
97.954771856
97.972442779
97.9900882514
98.0077083098
98.0253029907
98.0428723308
98.0604163665
98.0779351342
98.0954286705
98.1128970115
98.1303401936
98.1477582531
98.165151226
98.1825191486
98.1998620569
98.217179987
98.2344729748
98.2517410562
98.2689842671
98.2862026434
98.3033962208
98.320565035
98.3377091217
98.3548285165
98.371923255
98.3889933726
98.4060389049
98.4230598872
98.4400563549
98.4570283433
98.4739758877
98.4908990233
98.5077977852
98.5246722085
98.5415223283
98.5583481796
98.5751497973
98.5919272164
98.6086804717
98.625409598
98.64211463
98.6587956025
98.6754525501
98.6920855074
98.7086945089
98.7252795893
98.7418407828
98.7583781239
98.774891647
98.7913813864
98.8078473764
98.824289651
98.8407082446
98.8571031911
98.8734745247
98.8898222794
98.906146489
98.9224471877
98.9387244091
98.9549781871
98.9712085555
98.987415548
99.0035991983
99.0197595399
99.0358966065
99.0520104315
99.0681010485
99.0841684908
99.1002127919
99.1162339851
99.1322321036
99.1482071808
99.1641592497
99.1800883435
99.1959944953
99.2118777382
99.2277381051
99.2435756289
99.2593903427
99.2751822792
99.2909514713
99.3066979517
99.322421753
99.3381229081
99.3538014494
99.3694574097
99.3850908213
99.4007017167
99.4162901285
99.4318560889
99.4473996303
99.4629207851
99.4784195853
99.4938960633
99.5093502512
99.5247821811
99.5401918851
99.5555793951
99.5709447431
99.586287961
99.6016090808
99.6169081342
99.6321851531
99.6474401691
99.6626732139
99.6778843192
99.6930735167
99.7082408378
99.723386314
99.7385099768
99.7536118577
99.768691988
99.783750399
99.798787122
99.8138021883
99.828795629
99.8437674753
99.8587177583
99.873646509
99.8885537584
99.9034395376
99.9183038775
99.9331468088
99.9479683626
99.9627685694
99.9775474602
99.9923050655
100.007041416
100.021756543
100.036450475
100.051123245
100.065774883
100.080405418
100.095014881
100.109603303
100.124170714
100.138717144
100.153242624
100.167747183
100.182230852
100.19669366
100.211135639
100.225556817
100.239957225
100.254336893
100.26869585
100.283034127
100.297351752
100.311648757
100.325925171
100.340181022
100.354416342
100.368631159
100.382825503
100.396999404
100.41115289
100.425285992
100.439398739
100.45349116
100.467563283
100.48161514
100.495646758
100.509658167
100.523649396
100.537620474
100.55157143
100.565502293
100.579413092
100.593303856
100.607174613
100.621025393
100.634856225
100.648667136
100.662458157
100.676229314
100.689980638
100.703712156
100.717423897
100.73111589
100.744788163
100.758440744
100.772073662
100.785686945
100.799280621
100.812854719
100.826409267
100.839944293
100.853459825
100.866955891
100.880432519
100.893889737
100.907327574
100.920746056
100.934145213
100.947525071
100.960885659
100.974227004
100.987549134
101.000852077
101.01413586
101.027400512
101.040646058
101.053872528
101.067079948
101.080268346
101.093437749
101.106588185
101.119719681
101.132832265
101.145925962
101.159000802
101.17205681
101.185094014
101.198112442
101.211112119
101.224093074
101.237055333
101.249998922
101.26292387
101.275830202
101.288717946
101.301587128
101.314437776
101.327269915
101.340083572
101.352878775
101.365655549
101.378413921
101.391153918
101.403875566
101.416578892
101.429263921
101.441930681
101.454579198
101.467209497
101.479821605
101.492415549
101.504991354
101.517549047
101.530088654
101.5426102
101.555113712
101.567599216
101.580066737
101.592516302
101.604947937
101.617361666
101.629757517
101.642135514
101.654495684
101.666838052
101.679162644
101.691469486
101.703758602
101.716030019
101.728283762
101.740519856
101.752738327
101.764939201
101.777122502
101.789288255
101.801436488
101.813567223
101.825680487
101.837776305
101.849854702
101.861915703
101.873959333
101.885985617
101.89799458
101.909986247
101.921960643
101.933917792
101.945857721
101.957780452
101.969686012
101.981574425
101.993445716
102.005299909
102.017137028
102.028957099
102.040760147
102.052546195
102.064315267
102.07606739
102.087802586
102.099520881
102.111222298
102.122906862
102.134574598
102.146225528
102.157859679
102.169477073
102.181077736
102.19266169
102.204228961
102.215779571
102.227313546
102.238830909
102.250331684
102.261815895
102.273283565
102.28473472
102.296169381
102.307587574
102.318989322
102.330374648
102.341743576
102.35309613
102.364432334
102.37575221
102.387055783
102.398343076
102.409614113
102.420868916
102.432107509
102.443329916
102.45453616
102.465726264
102.476900251
102.488058145
102.499199968
102.510325745
102.521435497
102.532529249
102.543607022
102.554668841
102.565714728
102.576744706
102.587758798
102.598757027
102.609739416
102.620705987
102.631656764
102.642591768
102.653511023
102.664414552
102.675302377
102.686174521
102.697031006
102.707871855
102.71869709
102.729506734
102.740300809
102.751079338
102.761842344
102.772589847
102.783321872
102.79403844
102.804739573
102.815425294
102.826095624
102.836750587
102.847390203
102.858014496
102.868623487
102.879217199
102.889795653
102.900358871
102.910906875
102.921439688
102.93195733
102.942459825
102.952947193
102.963419456
102.973876637
102.984318757
102.994745837
103.0051579
103.015554967
103.025937059
103.036304199
103.046656407
103.056993705
103.067316115
103.077623658
103.087916355
103.098194228
103.108457299
103.118705588
103.128939117
103.139157907
103.149361979
103.159551355
103.169726055
103.179886101
103.190031514
103.200162316
103.210278526
103.220380166
103.230467257
103.24053982
103.250597877
103.260641447
103.270670551
103.280685211
103.290685448
103.300671281
103.310642733
103.320599823
103.330542572
103.340471001
103.350385131
103.360284981
103.370170573
103.380041928
103.389899065
103.399742006
103.40957077
103.419385378
103.42918585
103.438972208
103.44874447
103.458502658
103.468246791
103.477976891
103.487692977
103.497395069
103.507083187
103.516757352
103.526417584
103.536063903
103.545696328
103.55531488
103.564919579
103.574510445
103.584087498
103.593650757
103.603200242
103.612735974
103.622257972
103.631766255
103.641260845
103.65074176
103.660209019
103.669662644
103.679102653
103.688529065
103.697941902
103.707341181
103.716726923
103.726099147
103.735457873
103.74480312
103.754134907
103.763453254
103.77275818
103.782049705
103.791327847
103.800592627
103.809844063
103.819082174
103.828306981
103.837518501
103.846716754
103.855901759
103.865073536
103.874232102
103.883377479
103.892509683
103.901628735
103.910734653
103.919827456
103.928907163
103.937973793
103.947027364
103.956067897
103.965095408
103.974109918
103.983111444
103.992100006
104.001075622
104.010038311
104.018988091
104.027924981
104.036849
104.045760166
104.054658497
104.063544013
104.072416731
104.08127667
104.090123849
104.098958285
104.107779998
104.116589005
104.125385325
104.134168976
104.142939976
104.151698343
104.160444097
104.169177254
104.177897833
104.186605852
104.19530133
104.203984283
104.212654732
104.221312692
104.229958183
104.238591222
104.247211827
104.255820016
104.264415807
104.272999218
104.281570267
104.290128971
104.298675349
104.307209418
104.315731195
104.324240699
104.332737947
104.341222956
104.349695745
104.358156331
104.366604732
104.375040965
104.383465047
104.391876997
104.400276831
104.408664567
104.417040223
104.425403815
104.433755362
104.442094881
104.450422388
104.458737902
104.467041439
104.475333018
104.483612654
104.491880365
104.500136168
104.508380081
104.516612121
104.524832305
104.533040649
104.541237171
104.549421888
104.557594817
104.565755975
104.573905379
104.582043045
104.590168991
104.598283234
104.60638579
104.614476676
104.62255591
104.630623507
104.638679485
104.64672386
104.654756649
104.662777868
104.670787536
104.678785667
104.686772279
104.694747388
104.702711011
104.710663164
104.718603864
104.726533127
104.73445097
104.74235741
104.750252462
104.758136143
104.76600847
104.773869458
104.781719125
104.789557486
104.797384558
104.805200357
104.813004899
104.820798201
104.828580278
104.836351147
104.844110824
104.851859325
104.859596666
104.867322864
104.875037933
104.882741891
104.890434754
104.898116536
104.905787255
104.913446926
104.921095565
104.928733189
104.936359812
104.94397545
104.951580121
104.959173838
104.966756619
104.974328478
104.981889432
104.989439497
104.996978687
105.004507019
105.012024508
105.01953117
105.027027021
105.034512076
105.04198635
105.049449859
105.056902619
105.064344645
105.071775953
105.079196557
105.086606474
105.094005719
105.101394307
105.108772254
105.116139574
105.123496284
105.130842398
105.138177932
105.1455029
105.152817319
105.160121203
105.167414568
105.174697428
105.1819698
105.189231697
105.196483135
105.203724129
105.210954694
105.218174846
105.225384598
105.232583967
105.239772967
105.246951612
105.254119919
105.261277901
105.268425574
105.275562953
105.282690052
105.289806886
105.29691347
105.304009818
105.311095946
105.318171868
105.325237599
105.332293154
105.339338547
105.346373792
105.353398905
105.360413901
105.367418792
105.374413595
105.381398323
105.388372992
105.395337616
105.402292208
105.409236784
105.416171358
105.423095945
105.430010558
105.436915213
105.443809923
105.450694703
105.457569567
105.464434529
105.471289604
105.478134807
105.48497015
105.491795648
105.498611317
105.505417168
105.512213218
105.518999479
105.525775967
105.532542695
105.539299677
105.546046927
105.552784459
105.559512288
105.566230426
105.572938889
105.57963769
105.586326843
105.593006362
105.599676261
105.606336553
105.612987253
105.619628374
105.62625993
105.632881935
105.639494402
105.646097346
105.65269078
105.659274718
105.665849173
105.672414159
105.67896969
105.685515779
105.69205244
105.698579687
105.705097533
105.711605991
105.718105076
105.7245948
105.731075178
105.737546222
105.744007946
105.750460363
105.756903488
105.763337332
105.76976191
105.776177235
105.782583321
105.78898018
105.795367826
105.801746272
105.808115531
105.814475617
105.820826543
105.827168322
105.833500967
105.839824491
105.846138908
105.852444231
105.858740472
105.865027645
105.871305763
105.877574839
105.883834886
105.890085917
105.896327944
105.902560982
105.908785042
105.915000138
105.921206283
105.927403489
105.933591769
105.939771137
105.945941605
105.952103186
105.958255893
105.964399738
105.970534735
105.976660896
105.982778233
105.98888676
105.994986489
106.001077432
106.007159603
106.013233015
106.019297679
106.025353608
106.031400815
106.037439313
106.043469114
106.04949023
106.055502675
106.061506459
106.067501597
106.073488101
106.079465982
106.085435253
106.091395927
106.097348017
106.103291534
106.10922649
106.115152899
106.121070772
106.126980122
106.132880961
106.138773301
106.144657155
106.150532534
106.156399452
106.162257919
106.168107949
106.173949553
106.179782744
106.185607534
106.191423934
106.197231957
106.203031615
106.208822921
106.214605885
106.22038052
106.226146838
106.231904852
106.237654572
106.243396011
106.249129181
106.254854094
106.260570761
106.266279195
106.271979408
106.27767141
106.283355215
106.289030834
106.294698278
106.300357559
106.30600869
106.311651682
106.317286546
106.322913295
106.32853194
106.334142492
106.339744964
106.345339366
106.350925712
106.356504011
106.362074277
106.36763652
106.373190751
106.378736984
106.384275228
106.389805496
106.395327798
106.400842147
106.406348555
106.411847031
106.417337588
106.422820238
106.428294991
106.433761859
106.439220853
106.444671985
106.450115265
106.455550707
106.460978319
106.466398115
106.471810104
106.477214299
106.482610711
106.48799935
106.493380228
106.498753357
106.504118747
106.509476409
106.514826355
106.520168595
106.525503141
106.530830004
106.536149196
106.541460726
106.546764606
106.552060847
106.55734946
106.562630456
106.567903847
106.573169642
106.578427853
106.583678491
106.588921567
106.594157091
106.599385075
106.604605529
106.609818464
106.615023892
106.620221822
106.625412266
106.630595234
106.635770737
106.640938787
106.646099393
106.651252567
106.656398318
106.661536659
106.666667598
106.671791148
106.676907319
106.682016121
106.687117565
106.692211662
106.697298422
106.702377856
106.707449974
106.712514787
106.717572305
106.722622539
106.7276655
106.732701197
106.737729642
106.742750844
106.747764814
106.752771564
106.757771102
106.762763439
106.767748586
106.772726554
106.777697351
106.78266099
106.78761748
106.792566831
106.797509053
106.802444158
106.807372155
106.812293054
106.817206866
106.822113601
106.827013268
106.831905879
106.836791443
106.841669971
106.846541473
106.851405958
106.856263437
106.86111392
106.865957418
106.870793939
106.875623495
106.880446094
106.885261748
106.890070466
106.894872259
106.899667135
106.904455106
106.909236181
106.914010369
106.918777682
106.923538129
106.928291719
106.933038463
106.93777837
106.942511451
106.947237715
106.951957171
106.956669831
106.961375703
106.966074797
106.970767124
106.975452692
106.980131512
106.984803594
106.989468946
106.994127579
106.998779502
107.003424725
107.008063258
107.012695111
107.017320292
107.021938812
107.02655068
107.031155906
107.035754498
107.040346468
107.044931825
107.049510577
107.054082734
107.058648307
107.063207303
107.067759734
107.072305608
107.076844935
107.081377724
107.085903985
107.090423726
107.094936958
107.09944369
107.103943931
107.108437691
107.112924978
107.117405802
107.121880173
107.1263481
107.130809592
107.135264658
107.139713307
107.14415555
107.148591394
107.15302085
107.157443926
107.161860631
107.166270976
107.170674968
107.175072618
107.179463934
107.183848925
107.188227601
107.19259997
107.196966042
107.201325826
107.20567933
107.210026565
107.214367538
107.218702259
107.223030737
107.227352981
107.231668999
107.235978802
107.240282397
107.244579794
107.248871002
107.253156029
107.257434884
107.261707577
107.265974117
107.270234511
107.274488769
107.2787369
107.282978913
107.287214816
107.291444618
107.295668328
107.299885955
107.304097508
107.308302994
107.312502424
107.316695806
107.320883148
107.325064459
107.329239748
107.333409023
107.337572294
107.341729569
107.345880855
107.350026163
107.354165501
107.358298877
107.3624263
107.366547778
107.370663321
107.374772936
107.378876632
107.382974417
107.387066301
107.391152291
107.395232397
107.399306626
107.403374987
107.407437489
107.411494139
107.415544947
107.419589921
107.423629069
107.4276624
107.431689921
107.435711642
107.43972757
107.443737715
107.447742084
107.451740686
107.455733528
107.45972062
107.46370197
107.467677585
107.471647474
107.475611646
107.479570108
107.483522869
107.487469937
107.491411321
107.495347027
107.499277065
107.503201443
107.507120169
107.511033251
107.514940697
107.518842515
107.522738714
107.526629301
107.530514285
107.534393673
107.538267474
107.542135696
107.545998347
107.549855434
107.553706966
107.557552951
107.561393397
107.565228311
107.569057702
107.572881578
107.576699947
107.580512816
107.584320193
107.588122087
107.591918506
107.595709456
107.599494947
107.603274985
107.607049579
107.610818737
107.614582466
107.618340775
107.62209367
107.625841161
107.629583254
107.633319957
107.637051279
107.640777227
107.644497808
107.648213031
107.651922902
107.655627431
107.659326624
107.66302049
107.666709035
107.670392268
107.674070196
107.677742827
107.681410168
107.685072227
107.688729013
107.692380531
107.69602679
107.699667798
107.703303562
107.706934089
107.710559387
107.714179464
107.717794327
107.721403984
107.725008442
107.728607709
107.732201792
107.735790698
107.739374436
107.742953012
107.746526433
107.750094709
107.753657845
107.757215849
107.760768729
107.764316491
107.767859144
107.771396695
107.77492915
107.778456518
107.781978806
107.785496021
107.78900817
107.79251526
107.7960173
107.799514295
107.803006254
107.806493184
107.809975092
107.813451985
107.81692387
107.820390755
107.823852646
107.827309552
107.830761478
107.834208434
107.837650424
107.841087457
107.84451954
107.84794668
107.851368884
107.854786159
107.858198513
107.861605951
107.865008482
107.868406113
107.87179885
107.875186701
107.878569672
107.881947771
107.885321005
107.88868938
107.892052904
107.895411583
107.898765426
107.902114438
107.905458626
107.908797998
107.91213256
107.91546232
107.918787284
107.922107459
107.925422853
107.928733471
107.932039321
107.93534041
107.938636745
107.941928331
107.945215178
107.94849729
107.951774675
107.95504734
107.958315291
107.961578536
107.964837081
107.968090933
107.971340098
107.974584584
107.977824396
107.981059543
107.98429003
107.987515865
107.990737053
107.993953602
107.997165518
108.000372809
108.00357548
108.006773538
108.009966991
108.013155844
108.016340104
108.019519778
108.022694872
108.025865394
108.029031349
108.032192745
108.035349587
108.038501882
108.041649638
108.044792859
108.047931554
108.051065728
108.054195389
108.057320541
108.060441193
108.06355735
108.066669019
108.069776207
108.072878919
108.075977163
108.079070944
108.082160269
108.085245146
108.088325579
108.091401575
108.094473141
108.097540284
108.100603008
108.103661322
108.106715231
108.109764742
108.11280986
108.115850593
108.118886947
108.121918927
108.12494654
108.127969793
108.130988691
108.134003242
108.137013451
108.140019324
108.143020868
108.14601809
108.149010994
108.151999588
108.154983877
108.157963869
108.160939568
108.163910982
108.166878116
108.169840976
108.172799569
108.175753901
108.178703979
108.181649807
108.184591392
108.187528741
108.19046186
108.193390754
108.196315429
108.199235892
108.202152149
108.205064206
108.207972069
108.210875744
108.213775236
108.216670553
108.2195617
108.222448682
108.225331507
108.228210179
108.231084706
108.233955093
108.236821345
108.239683469
108.242541471
108.245395357
108.248245133
108.251090804
108.253932377
108.256769857
108.25960325
108.262432562
108.2652578
108.268078968
108.270896074
108.273709122
108.276518118
108.279323069
108.28212398
108.284920856
108.287713705
108.290502531
108.293287341
108.29606814
108.298844933
108.301617728
108.304386528
108.307151341
108.309912172
108.312669027
108.315421911
108.31817083
108.320915791
108.323656797
108.326393856
108.329126973
108.331856153
108.334581403
108.337302728
108.340020133
108.342733624
108.345443208
108.348148889
108.350850673
108.353548565
108.356242572
108.358932699
108.361618952
108.364301335
108.366979856
108.369654518
108.372325329
108.374992292
108.377655415
108.380314702
108.382970159
108.385621791
108.388269604
108.390913604
108.393553796
108.396190185
108.398822777
108.401451578
108.404076592
108.406697826
108.409315284
108.411928973
108.414538897
108.417145063
108.419747474
108.422346138
108.424941059
108.427532242
108.430119694
108.432703419
108.435283422
108.43785971
108.440432287
108.443001159
108.445566332
108.44812781
108.450685598
108.453239703
108.455790129
108.458336882
108.460879967
108.463419389
108.465955154
108.468487266
108.471015732
108.473540556
108.476061744
108.4785793
108.481093231
108.483603541
108.486110235
108.488613319
108.491112798
108.493608677
108.496100962
108.498589657
108.501074767
108.503556299
108.506034256
108.508508644
108.510979469
108.513446735
108.515910447
108.518370612
108.520827232
108.523280315
108.525729865
108.528175886
108.530618385
108.533057366
108.535492834
108.537924795
108.540353252
108.542778213
108.54519968
108.54761766
108.550032158
108.552443178
108.554850726
108.557254806
108.559655423
108.562052583
108.564446291
108.566836551
108.569223369
108.571606748
108.573986695
108.576363215
108.578736311
108.58110599
108.583472256
108.585835114
108.588194568
108.590550625
108.592903288
108.595252562
108.597598453
108.599940966
108.602280104
108.604615874
108.606948279
108.609277326
108.611603017
108.61392536
108.616244357
108.618560014
108.620872337
108.623181329
108.625486995
108.627789341
108.630088371
108.632384089
108.634676501
108.636965612
108.639251425
108.641533947
108.64381318
108.646089132
108.648361805
108.650631205
108.652897337
108.655160204
108.657419813
108.659676167
108.661929272
108.664179131
108.66642575
108.668669134
108.670909286
108.673146212
108.675379916
108.677610403
108.679837677
108.682061744
108.684282608
108.686500273
108.688714743
108.690926025
108.693134121
108.695339038
108.697540779
108.699739348
108.701934751
108.704126993
108.706316077
108.708502008
108.71068479
108.712864429
108.715040929
108.717214294
108.719384529
108.721551638
108.723715626
108.725876497
108.728034256
108.730188907
108.732340455
108.734488904
108.736634259
108.738776524
108.740915704
108.743051802
108.745184824
108.747314774
108.749441657
108.751565476
108.753686236
108.755803942
108.757918597
108.760030207
108.762138776
108.764244308
108.766346808
108.768446279
108.770542726
108.772636155
108.774726568
108.77681397
108.778898366
108.780979759
108.783058156
108.785133558
108.787205972
108.7892754
108.791341849
108.793405321
108.795465821
108.797523353
108.799577922
108.801629532
108.803678187
108.805723892
108.80776665
108.809806466
108.811843344
108.813877289
108.815908304
108.817936394
108.819961563
108.821983815
108.824003155
108.826019586
108.828033113
108.83004374
108.832051472
108.834056311
108.836058263
108.838057332
108.840053522
108.842046837
108.84403728
108.846024857
108.848009572
108.849991428
108.851970429
108.85394658
108.855919885
108.857890348
108.859857973
108.861822764
108.863784726
108.865743861
108.867700175
108.869653672
108.871604354
108.873552228
108.875497296
108.877439562
108.879379031
108.881315707
108.883249594
108.885180695
108.887109015
108.889034557
108.890957327
108.892877327
108.894794561
108.896709035
108.898620751
108.900529714
108.902435927
108.904339395
108.906240121
108.90813811
108.910033366
108.911925891
108.913815691
108.915702769
108.91758713
108.919468776
108.921347712
108.923223942
108.92509747
108.926968299
108.928836434
108.930701879
108.932564636
108.934424711
108.936282107
108.938136828
108.939988877
108.941838259
108.943684978
108.945529036
108.947370439
108.94920919
108.951045292
108.95287875
108.954709567
108.956537748
108.958363295
108.960186213
108.962006506
108.963824177
108.96563923
108.967451669
108.969261497
108.971068719
108.972873338
108.974675358
108.976474783
108.978271615
108.98006586
108.981857521
108.983646602
108.985433105
108.987217036
108.988998397
108.990777193
108.992553427
108.994327102
108.996098223
108.997866793
108.999632816
109.001396295
109.003157235
109.004915638
109.006671509
109.008424851
109.010175667
109.011923962
109.013669739
109.015413002
109.017153754
109.018891998
109.02062774
109.022360981
109.024091726
109.025819978
109.027545741
109.029269019
109.030989814
109.032708132
109.034423974
109.036137345
109.037848249
109.039556688
109.041262667
109.042966188
109.044667256
109.046365875
109.048062046
109.049755775
109.051447064
109.053135918
109.054822339
109.056506331
109.058187898
109.059867043
109.06154377
109.063218081
109.064889982
109.066559474
109.068226562
109.069891248
109.071553538
109.073213433
109.074870937
109.076526054
109.078178787
109.07982914
109.081477116
109.083122719
109.084765951
109.086406817
109.088045319
109.089681462
109.091315248
109.092946681
109.094575765
109.096202502
109.097826896
109.09944895
109.101068669
109.102686054
109.104301111
109.105913841
109.107524248
109.109132336
109.110738108
109.112341567
109.113942717
109.11554156
109.117138101
109.118732343
109.120324288
109.121913941
109.123501304
109.125086381
109.126669175
109.128249689
109.129827927
109.131403892
109.132977587
109.134549015
109.136118181
109.137685086
109.139249735
109.14081213
109.142372274
109.143930172
109.145485826
109.14703924
109.148590416
109.150139358
109.151686069
109.153230553
109.154772812
109.15631285
109.157850669
109.159386274
109.160919668
109.162450852
109.163979832
109.165506609
109.167031188
109.16855357
109.17007376
109.171591761
109.173107575
109.174621206
109.176132657
109.177641931
109.179149031
109.180653961
109.182156724
109.183657322
109.185155758
109.186652037
109.18814616
109.189638132
109.191127955
109.192615632
109.194101166
109.195584561
109.197065819
109.198544945
109.200021939
109.201496807
109.20296955
109.204440172
109.205908676
109.207375065
109.208839342
109.21030151
109.211761572
109.213219532
109.214675391
109.216129154
109.217580823
109.219030401
109.220477891
109.221923297
109.223366621
109.224807866
109.226247035
109.227684132
109.229119158
109.230552118
109.231983014
109.23341185
109.234838627
109.23626335
109.23768602
109.239106641
109.240525217
109.241941749
109.243356241
109.244768696
109.246179117
109.247587506
109.248993867
109.250398202
109.251800515
109.253200808
109.254599084
109.255995346
109.257389597
109.258781841
109.260172079
109.261560314
109.262946551
109.264330791
109.265713037
109.267093292
109.268471559
109.269847842
109.271222142
109.272594463
109.273964807
109.275333178
109.276699578
109.278064009
109.279426476
109.280786981
109.282145526
109.283502114
109.284856748
109.286209432
109.287560167
109.288908957
109.290255804
109.291600712
109.292943682
109.294284718
109.295623823
109.296960999
109.298296249
109.299629577
109.300960983
109.302290473
109.303618047
109.304943709
109.306267462
109.307589309
109.308909252
109.310227293
109.311543437
109.312857684
109.314170039
109.315480504
109.316789081
109.318095774
109.319400585
109.320703516
109.322004571
109.323303752
109.324601062
109.325896504
109.327190079
109.328481792
109.329771644
109.331059638
109.332345778
109.333630065
109.334912502
109.336193092
109.337471838
109.338748743
109.340023808
109.341297036
109.342568431
109.343837995
109.34510573
109.34637164
109.347635726
109.348897992
109.350158439
109.351417071
109.352673891
109.3539289
109.355182102
109.356433499
109.357683093
109.358930888
109.360176886
109.361421089
109.3626635
109.363904122
109.365142956
109.366380007
109.367615276
109.368848766
109.370080479
109.371310419
109.372538587
109.373764986
109.374989618
109.376212487
109.377433595
109.378652944
109.379870537
109.381086376
109.382300464
109.383512803
109.384723397
109.385932246
109.387139355
109.388344725
109.389548359
109.39075026
109.39195043
109.393148871
109.394345585
109.395540577
109.396733847
109.397925399
109.399115234
109.400303356
109.401489767
109.402674468
109.403857464
109.405038756
109.406218346
109.407396238
109.408572433
109.409746934
109.410919743
109.412090864
109.413260297
109.414428047
109.415594114
109.416758502
109.417921213
109.419082249
109.420241613
109.421399308
109.422555335
109.423709697
109.424862396
109.426013436
109.427162817
109.428310543
109.429456616
109.430601039
109.431743813
109.432884941
109.434024426
109.43516227
109.436298474
109.437433043
109.438565977
109.43969728
109.440826953
109.441954999
109.443081421
109.44420622
109.445329399
109.446450961
109.447570907
109.44868924
109.449805962
109.450921077
109.452034585
109.453146489
109.454256792
109.455365496
109.456472603
109.457578115
109.458682035
109.459784366
109.460885108
109.461984266
109.46308184
109.464177833
109.465272248
109.466365087
109.467456352
109.468546045
109.469634168
109.470720725
109.471805716
109.472889145
109.473971013
109.475051323
109.476130078
109.477207278
109.478282928
109.479357028
109.480429581
109.481500589
109.482570054
109.48363798
109.484704367
109.485769219
109.486832536
109.487894323
109.48895458
109.49001331
109.491070515
109.492126198
109.49318036
109.494233003
109.495284131
109.496333745
109.497381847
109.49842844
109.499473525
109.500517105
109.501559182
109.502599758
109.503638836
109.504676417
109.505712503
109.506747097
109.507780202
109.508811818
109.509841949
109.510870595
109.511897761
109.512923447
109.513947655
109.514970389
109.515991649
109.517011439
109.51802976
109.519046614
109.520062004
109.521075931
109.522088399
109.523099407
109.52410896
109.525117059
109.526123705
109.527128902
109.528132652
109.529134955
109.530135815
109.531135233
109.532133212
109.533129754
109.534124861
109.535118534
109.536110776
109.537101589
109.538090975
109.539078936
109.540065474
109.541050591
109.542034289
109.543016571
109.543997438
109.544976892
109.545954935
109.54693157
109.547906798
109.548880622
109.549853043
109.550824064
109.551793686
109.552761911
109.553728742
109.554694181
109.555658229
109.556620889
109.557582162
109.55854205
109.559500557
109.560457682
109.561413429
109.5623678
109.563320796
109.56427242
109.565222673
109.566171557
109.567119075
109.568065228
109.569010018
109.569953448
109.570895519
109.571836232
109.572775592
109.573713598
109.574650253
109.575585559
109.576519518
109.577452132
109.578383403
109.579313333
109.580241923
109.581169176
109.582095093
109.583019677
109.583942929
109.584864851
109.585785445
109.586704714
109.587622659
109.588539281
109.589454584
109.590368568
109.591281236
109.592192589
109.59310263
109.59401136
109.594918781
109.595824895
109.596729705
109.597633211
109.598535416
109.599436321
109.600335929
109.601234241
109.602131259
109.603026986
109.603921422
109.604814571
109.605706432
109.60659701
109.607486304
109.608374318
109.609261053
109.610146511
109.611030693
109.611913602
109.61279524
109.613675607
109.614554707
109.61543254
109.61630911
109.617184416
109.618058462
109.618931249
109.61980278
109.620673055
109.621542076
109.622409846
109.623276366
109.624141638
109.625005664
109.625868445
109.626729984
109.627590282
109.628449341
109.629307163
109.630163749
109.631019101
109.631873222
109.632726112
109.633577774
109.63442821
109.63527742
109.636125408
109.636972174
109.637817721
109.638662049
109.639505162
109.640347061
109.641187746
109.642027221
109.642865488
109.643702546
109.644538399
109.645373049
109.646206496
109.647038743
109.647869791
109.648699642
109.649528298
109.65035576
109.651182031
109.652007112
109.652831004
109.65365371
109.654475231
109.655295569
109.656114725
109.656932701
109.6577495
109.658565121
109.659379569
109.660192843
109.661004946
109.661815879
109.662625644
109.663434243
109.664241677
109.665047949
109.665853059
109.66665701
109.667459803
109.668261439
109.669061921
109.66986125
109.670659428
109.671456456
109.672252337
109.673047071
109.67384066
109.674633107
109.675424412
109.676214577
109.677003605
109.677791496
109.678578252
109.679363875
109.680148367
109.680931729
109.681713962
109.682495069
109.683275051
109.684053909
109.684831646
109.685608263
109.686383761
109.687158142
109.687931408
109.68870356
109.6894746
109.69024453
109.69101335
109.691781064
109.692547671
109.693313175
109.694077576
109.694840876
109.695603077
109.69636418
109.697124187
109.697883099
109.698640918
109.699397646
109.700153284
109.700907833
109.701661296
109.702413674
109.703164967
109.703915179
109.704664311
109.705412363
109.706159338
109.706905238
109.707650063
109.708393815
109.709136496
109.709878107
109.710618651
109.711358127
109.712096539
109.712833887
109.713570173
109.714305399
109.715039566
109.715772675
109.716504729
109.717235728
109.717965674
109.71869457
109.719422415
109.720149212
109.720874962
109.721599667
109.722323328
109.723045947
109.723767525
109.724488064
109.725207566
109.72592603
109.726643461
109.727359857
109.728075222
109.728789557
109.729502863
109.730215142
109.730926394
109.731636623
109.732345828
109.733054012
109.733761176
109.734467322
109.73517245
109.735876563
109.736579662
109.737281748
109.737982823
109.738682888
109.739381945
109.740079995
109.74077704
109.741473081
109.742168119
109.742862157
109.743555194
109.744247234
109.744938277
109.745628324
109.746317378
109.74700544
109.74769251
109.748378591
109.749063683
109.749747789
109.75043091
109.751113047
109.751794201
109.752474374
109.753153568
109.753831784
109.754509022
109.755185285
109.755860575
109.756534891
109.757208237
109.757880613
109.75855202
109.75922246
109.759891935
109.760560445
109.761227993
109.761894579
109.762560205
109.763224873
109.763888583
109.764551337
109.765213137
109.765873984
109.766533878
109.767192823
109.767850818
109.768507866
109.769163967
109.769819123
109.770473336
109.771126607
109.771778936
109.772430327
109.773080779
109.773730294
109.774378873
109.775026519
109.775673232
109.776319013
109.776963864
109.777607787
109.778250782
109.778892851
109.779533995
109.780174216
109.780813515
109.781451893
109.782089351
109.782725892
109.783361516
109.783996224
109.784630018
109.785262899
109.785894869
109.786525929
109.787156079
109.787785322
109.788413659
109.789041091
109.789667619
109.790293245
109.79091797
109.791541795
109.792164721
109.792786751
109.793407884
109.794028123
109.794647469
109.795265922
109.795883485
109.796500158
109.797115944
109.797730842
109.798344855
109.798957983
109.799570228
109.800181592
109.800792075
109.801401679
109.802010404
109.802618253
109.803225227
109.803831326
109.804436553
109.805040908
109.805644392
109.806247007
109.806848754
109.807449635
109.80804965
109.808648801
109.809247089
109.809844515
109.810441081
109.811036788
109.811631637
109.812225629
109.812818765
109.813411047
109.814002477
109.814593054
109.815182781
109.815771658
109.816359687
109.81694687
109.817533207
109.818118699
109.818703348
109.819287155
109.819870121
109.820452247
109.821033535
109.821613986
109.822193601
109.822772381
109.823350327
109.823927441
109.824503724
109.825079177
109.825653801
109.826227598
109.826800568
109.827372713
109.827944033
109.828514531
109.829084207
109.829653063
109.8302211
109.830788318
109.83135472
109.831920305
109.832485076
109.833049034
109.833612179
109.834174514
109.834736038
109.835296754
109.835856662
109.836415764
109.83697406
109.837531553
109.838088242
109.83864413
109.839199217
109.839753504
109.840306994
109.840859686
109.841411582
109.841962683
109.84251299
109.843062505
109.843611229
109.844159162
109.844706306
109.845252662
109.845798231
109.846343014
109.846887013
109.847430228
109.847972661
109.848514312
109.849055184
109.849595276
109.850134591
109.850673129
109.851210891
109.851747878
109.852284093
109.852819535
109.853354206
109.853888106
109.854421238
109.854953602
109.855485199
109.856016031
109.856546098
109.857075401
109.857603943
109.858131723
109.858658743
109.859185003
109.859710506
109.860235252
109.860759243
109.861282478
109.86180496
109.86232669
109.862847668
109.863367896
109.863887374
109.864406104
109.864924087
109.865441325
109.865957817
109.866473565
109.866988571
109.867502834
109.868016357
109.868529141
109.869041186
109.869552493
109.870063064
109.8705729
109.871082001
109.871590369
109.872098005
109.87260491
109.873111085
109.873616531
109.874121249
109.874625239
109.875128504
109.875631045
109.876132861
109.876633955
109.877134326
109.877633978
109.878132909
109.878631122
109.879128618
109.879625397
109.88012146
109.880616809
109.881111445
109.881605368
109.88209858
109.882591081
109.883082873
109.883573957
109.884064334
109.884554004
109.885042969
109.88553123
109.886018787
109.886505643
109.886991797
109.887477251
109.887962006
109.888446062
109.888929422
109.889412085
109.889894053
109.890375327
109.890855908
109.891335796
109.891814994
109.892293501
109.892771319
109.893248449
109.893724892
109.894200649
109.89467572
109.895150107
109.895623811
109.896096833
109.896569173
109.897040833
109.897511814
109.897982116
109.898451741
109.89892069
109.899388963
109.899856562
109.900323487
109.90078974
109.901255322
109.901720232
109.902184474
109.902648046
109.903110951
109.903573189
109.904034762
109.90449567
109.904955913
109.905415494
109.905874414
109.906332672
109.90679027
109.907247209
109.90770349
109.908159114
109.908614081
109.909068393
109.909522051
109.909975056
109.910427408
109.910879109
109.911330159
109.911780559
109.912230311
109.912679415
109.913127872
109.913575683
109.91402285
109.914469372
109.914915251
109.915360488
109.915805084
109.916249039
109.916692355
109.917135033
109.917577073
109.918018476
109.918459244
109.918899376
109.919338875
109.919777741
109.920215975
109.920653577
109.92109055
109.921526893
109.921962607
109.922397694
109.922832154
109.923265989
109.923699199
109.924131785
109.924563747
109.924995088
109.925425808
109.925855907
109.926285386
109.926714247
109.927142491
109.927570117
109.927997128
109.928423524
109.928849305
109.929274474
109.92969903
109.930122974
109.930546308
109.930969033
109.931391148
109.931812655
109.932233556
109.93265385
109.933073539
109.933492623
109.933911104
109.934328982
109.934746258
109.935162933
109.935579009
109.935994484
109.936409362
109.936823642
109.937237325
109.937650413
109.938062905
109.938474803
109.938886109
109.939296821
109.939706943
109.940116473
109.940525414
109.940933766
109.941341529
109.941748706
109.942155296
109.9425613
109.942966719
109.943371555
109.943775808
109.944179478
109.944582567
109.944985075
109.945387004
109.945788354
109.946189126
109.94658932
109.946988938
109.947387981
109.947786449
109.948184343
109.948581664
109.948978413
109.94937459
109.949770197
109.950165233
109.950559701
109.950953601
109.951346934
109.9517397
109.9521319
109.952523535
109.952914607
109.953305115
109.953695061
109.954084445
109.954473268
109.954861531
109.955249235
109.955636381
109.956022969
109.956409
109.956794476
109.957179396
109.957563761
109.957947574
109.958330833
109.95871354
109.959095697
109.959477302
109.959858358
109.960238866
109.960618825
109.960998237
109.961377103
109.961755423
109.962133198
109.962510429
109.962887117
109.963263262
109.963638865
109.964013928
109.96438845
109.964762433
109.965135877
109.965508783
109.965881152
109.966252985
109.966624283
109.966995046
109.967365274
109.96773497
109.968104133
109.968472764
109.968840864
109.969208435
109.969575475
109.969941988
109.970307972
109.970673429
109.97103836
109.971402765
109.971766646
109.972130002
109.972492835
109.972855145
109.973216934
109.973578202
109.973938949
109.974299177
109.974658885
109.975018076
109.97537675
109.975734906
109.976092547
109.976449673
109.976806285
109.977162383
109.977517968
109.977873041
109.978227603
109.978581653
109.978935194
109.979288226
109.97964075
109.979992765
109.980344274
109.980695276
109.981045773
109.981395765
109.981745253
109.982094237
109.982442719
109.982790699
109.983138178
109.983485157
109.983831635
109.984177615
109.984523096
109.98486808
109.985212567
109.985556558
109.985900053
109.986243054
109.98658556
109.986927574
109.987269094
109.987610123
109.987950661
109.988290708
109.988630265
109.988969334
109.989307914
109.989646006
109.989983612
109.990320731
109.990657365
109.990993513
109.991329178
109.991664359
109.991999058
109.992333274
109.99266701
109.993000264
109.993333038
109.993665334
109.99399715
109.994328489
109.99465935
109.994989735
109.995319644
109.995649078
109.995978038
109.996306524
109.996634536
109.996962076
109.997289145
109.997615742
109.997941869
109.998267526
109.998592715
109.998917435
109.999241687
109.999565472
109.999888791
110.000211644
110.000534032
110.000855956
110.001177416
110.001498414
110.001818949
110.002139022
110.002458634
110.002777786
110.003096479
110.003414712
110.003732487
110.004049804
110.004366664
110.004683068
110.004999017
110.00531451
110.005629549
110.005944134
110.006258266
110.006571945
110.006885173
110.007197949
110.007510276
110.007822152
110.008133579
110.008444558
110.008755088
110.009065172
110.009374809
110.009684
110.009992745
110.010301046
110.010608903
110.010916316
110.011223287
110.011529816
110.011835903
110.012141549
110.012446755
110.012751522
110.013055849
110.013359739
110.01366319
110.013966205
110.014268783
110.014570925
110.014872632
110.015173905
110.015474744
110.015775149
110.016075122
110.016374663
110.016673772
110.01697245
110.017270699
110.017568518
110.017865907
110.018162869
110.018459403
110.01875551
110.01905119
110.019346444
110.019641273
110.019935678
110.020229658
110.020523216
110.02081635
110.021109062
110.021401353
110.021693222
110.021984671
110.022275701
110.022566311
110.022856503
110.023146277
110.023435633
110.023724573
110.024013096
110.024301204
110.024588897
110.024876176
110.025163041
110.025449493
110.025735532
110.026021159
110.026306375
110.02659118
110.026875575
110.027159561
110.027443137
110.027726305
110.028009065
110.028291417
110.028573364
110.028854904
110.029136038
110.029416768
110.029697093
110.029977015
110.030256533
110.030535649
110.030814363
110.031092675
110.031370587
110.031648098
110.03192521
110.032201922
110.032478236
110.032754152
110.033029671
110.033304793
110.033579518
110.033853848
110.034127783
110.034401323
110.03467447
110.034947222
110.035219582
110.03549155
110.035763126
110.036034311
110.036305106
110.03657551
110.036845525
110.037115151
110.037384389
110.037653238
110.037921701
110.038189777
110.038457467
110.038724771
110.038991691
110.039258226
110.039524377
110.039790145
110.04005553
110.040320532
110.040585154
110.040849393
110.041113253
110.041376732
110.041639832
110.041902553
110.042164896
110.04242686
110.042688448
110.042949659
110.043210493
110.043470952
110.043731035
110.043990745
110.04425008
110.044509041
110.04476763
110.045025846
110.04528369
110.045541163
110.045798265
110.046054997
110.046311359
110.046567352
110.046822976
110.047078231
110.04733312
110.047587641
110.047841795
110.048095584
110.048349007
110.048602065
110.048854759
110.049107088
110.049359054
110.049610658
110.049861899
110.050112778
110.050363295
110.050613452
110.050863249
110.051112686
110.051361764
110.051610482
110.051858843
110.052106846
110.052354492
110.052601781
110.052848714
110.053095291
110.053341513
110.053587381
110.053832894
110.054078054
110.054322861
110.054567315
110.054811417
110.055055167
110.055298567
110.055541616
110.055784315
110.056026664
110.056268664
110.056510316
110.056751619
110.056992575
110.057233184
110.057473447
110.057713363
110.057952934
110.05819216
110.058431042
110.058669579
110.058907773
110.059145623
110.059383131
110.059620298
110.059857122
110.060093605
110.060329748
110.060565551
110.060801014
110.061036138
110.061270923
110.06150537
110.06173948
110.061973252
110.062206688
110.062439787
110.062672551
110.062904979
110.063137073
110.063368832
110.063600258
110.06383135
110.06406211
110.064292537
110.064522632
110.064752396
110.064981829
110.065210931
110.065439704
110.065668147
110.065896261
110.066124046
110.066351503
110.066578633
110.066805436
110.067031912
110.067258062
110.067483886
110.067709385
110.067934559
110.068159409
110.068383935
110.068608137
110.068832017
110.069055574
110.069278809
110.069501723
110.069724316
110.069946588
110.07016854
110.070390172
110.070611485
110.070832479
110.071053155
110.071273514
110.071493554
110.071713278
110.071932686
110.072151777
110.072370553
110.072589014
110.07280716
110.073024992
110.07324251
110.073459715
110.073676607
110.073893187
110.074109455
110.074325411
110.074541057
110.074756391
110.074971416
110.075186131
110.075400537
110.075614633
110.075828422
110.076041903
110.076255076
110.076467942
110.076680501
110.076892755
110.077104702
110.077316345
110.077527682
110.077738716
110.077949445
110.078159871
110.078369993
110.078579813
110.078789331
110.078998547
110.079207462
110.079416076
110.07962439
110.079832403
110.080040117
110.080247531
110.080454647
110.080661465
110.080867985
110.081074207
110.081280132
110.081485761
110.081691094
110.081896131
110.082100872
110.082305319
110.082509471
110.082713329
110.082916894
110.083120165
110.083323144
110.08352583
110.083728224
110.083930327
110.084132139
110.08433366
110.084534891
110.084735832
110.084936483
110.085136846
110.08533692
110.085536706
110.085736204
110.085935415
110.086134339
110.086332976
110.086531328
110.086729393
110.086927174
110.087124669
110.08732188
110.087518807
110.087715451
110.087911811
110.088107888
110.088303683
110.088499196
110.088694428
110.088889378
110.089084047
110.089278437
110.089472546
110.089666375
110.089859926
110.090053197
110.09024619
110.090438906
110.090631343
110.090823504
110.091015388
110.091206995
110.091398327
110.091589383
110.091780163
110.091970669
110.092160901
110.092350859
110.092540543
110.092729954
110.092919092
110.093107957
110.093296551
110.093484873
110.093672924
110.093860703
110.094048213
110.094235452
110.094422422
110.094609122
110.094795554
110.094981717
110.095167612
110.095353239
110.095538599
110.095723692
110.095908518
110.096093078
110.096277372
110.096461401
110.096645165
110.096828664
110.097011899
110.09719487
110.097377577
110.097560022
110.097742203
110.097924122
110.098105779
110.098287175
110.098468309
110.098649182
110.098829795
110.099010148
110.099190241
110.099370074
110.099549649
110.099728965
110.099908022
110.100086822
110.100265364
110.10044365
110.100621678
110.10079945
110.100976966
110.101154226
110.101331231
110.101507981
110.101684476
110.101860717
110.102036705
110.102212439
110.102387919
110.102563148
110.102738123
110.102912847
110.103087319
110.10326154
110.10343551
110.103609229
110.103782698
110.103955917
110.104128887
110.104301608
110.104474079
110.104646303
110.104818278
110.104990006
110.105161486
110.10533272
110.105503707
110.105674447
110.105844942
110.106015191
110.106185195
110.106354954
110.106524468
110.106693739
110.106862765
110.107031548
110.107200089
110.107368386
110.107536441
110.107704254
110.107871825
110.108039155
110.108206244
110.108373092
110.1085397
110.108706068
110.108872196
110.109038085
110.109203735
110.109369147
110.10953432
110.109699255
110.109863953
110.110028414
110.110192638
110.110356625
110.110520376
110.110683891
110.110847171
110.111010216
110.111173025
110.111335601
110.111497942
110.111660049
110.111821923
110.111983563
110.112144971
110.112306147
110.11246709
110.112627801
110.112788281
110.11294853
110.113108548
110.113268336
110.113427894
110.113587221
110.113746319
110.113905188
110.114063829
110.11422224
110.114380424
110.11453838
110.114696108
110.114853609
110.115010883
110.115167931
110.115324753
110.115481349
110.115637719
110.115793864
110.115949784
110.116105479
110.11626095
110.116416198
110.116571222
110.116726022
110.1168806
110.117034954
110.117189087
110.117342998
110.117496686
110.117650154
110.117803401
110.117956426
110.118109232
110.118261817
110.118414183
110.118566329
110.118718256
110.118869964
110.119021454
110.119172725
110.119323779
110.119474615
110.119625234
110.119775636
110.119925821
110.12007579
110.120225543
110.12037508
110.120524402
110.120673509
110.120822401
110.120971079
110.121119542
110.121267792
110.121415828
110.121563651
110.121711261
110.121858659
110.122005844
110.122152817
110.122299579
110.122446129
110.122592468
110.122738596
110.122884514
110.123030222
110.12317572
110.123321008
110.123466087
110.123610957
110.123755619
110.123900072
110.124044317
110.124188354
110.124332184
110.124475807
110.124619222
110.124762432
110.124905435
110.125048232
110.125190823
110.125333209
110.12547539
110.125617366
110.125759138
110.125900705
110.126042069
110.126183229
110.126324186
110.126464939
110.12660549
110.126745839
110.126885985
110.12702593
110.127165673
110.127305215
110.127444555
110.127583695
110.127722635
110.127861375
110.127999914
110.128138255
110.128276396
110.128414338
110.128552081
110.128689626
110.128826973
110.128964122
110.129101073
110.129237828
110.129374385
110.129510745
110.12964691
110.129782878
110.12991865
110.130054227
110.130189608
110.130324795
110.130459786
110.130594584
110.130729187
110.130863596
110.130997812
110.131131835
110.131265664
110.131399301
110.131532745
110.131665997
110.131799057
110.131931926
110.132064603
110.132197089
110.132329384
110.132461489
110.132593403
110.132725127
110.132856662
110.132988007
110.133119163
110.133250131
110.133380909
110.133511499
110.133641901
110.133772116
110.133902142
110.134031982
110.134161634
110.1342911
110.134420379
110.134549472
110.13467838
110.134807101
110.134935637
110.135063988
110.135192154
110.135320136
110.135447933
110.135575546
110.135702976
110.135830221
110.135957284
110.136084163
110.13621086
110.136337375
110.136463707
110.136589857
110.136715825
110.136841612
110.136967218
110.137092643
110.137217888
110.137342952
110.137467835
110.137592539
110.137717064
110.137841409
110.137965575
110.138089562
110.13821337
110.138337
110.138460453
110.138583727
110.138706824
110.138829743
110.138952486
110.139075051
110.139197441
110.139319653
110.13944169
110.139563551
110.139685237
110.139806747
110.139928083
110.140049243
110.140170229
110.140291041
110.140411679
110.140532143
110.140652434
110.140772551
110.140892495
110.141012267
110.141131866
110.141251293
110.141370548
110.141489631
110.141608542
110.141727282
110.141845852
110.14196425
110.142082478
110.142200536
110.142318423
110.142436141
110.14255369
110.142671069
110.142788279
110.14290532
110.143022192
110.143138897
110.143255433
110.143371801
110.143488002
110.143604035
110.143719902
110.143835601
110.143951134
110.1440665
110.1441817
110.144296734
110.144411603
110.144526306
110.144640844
110.144755217
110.144869425
110.144983469
110.145097349
110.145211064
110.145324616
110.145438004
110.145551229
110.145664291
110.14577719
110.145889926
110.1460025
110.146114912
110.146227162
110.14633925
110.146451177
110.146562943
110.146674547
110.146785991
110.146897275
110.147008398
110.147119361
110.147230164
110.147340808
110.147451292
110.147561617
110.147671784
110.147781791
110.147891641
110.148001332
110.148110865
110.14822024
110.148329458
110.148438518
110.148547421
110.148656168
110.148764758
110.148873191
110.148981469
110.14908959
110.149197556
110.149305366
110.149413021
110.14952052
110.149627865
110.149735056
110.149842092
110.149948974
110.150055702
110.150162276
110.150268696
110.150374964
110.150481078
110.15058704
110.150692849
110.150798505
110.15090401
110.151009362
110.151114563
110.151219612
110.15132451
110.151429257
110.151533852
110.151638298
110.151742593
110.151846737
110.151950732
110.152054577
110.152158272
110.152261818
110.152365215
110.152468463
110.152571562
110.152674513
110.152777315
110.152879969
110.152982476
110.153084835
110.153187046
110.153289111
110.153391028
110.153492798
110.153594422
110.1536959
110.153797231
110.153898416
110.153999456
110.15410035
110.154201099
110.154301703
110.154402162
110.154502476
110.154602646
110.154702671
110.154802552
110.15490229
110.155001884
110.155101334
110.155200641
110.155299806
110.155398827
110.155497706
110.155596442
110.155695036
110.155793488
110.155891798
110.155989967
110.156087994
110.156185881
110.156283626
110.15638123
110.156478694
110.156576017
110.156673201
110.156770244
110.156867147
110.156963911
110.157060536
110.157157021
110.157253368
110.157349576
110.157445645
110.157541576
110.157637368
110.157733023
110.15782854
110.157923919
110.158019161
110.158114266
110.158209233
110.158304064
110.158398759
110.158493317
110.158587739
110.158682025
110.158776175
110.158870189
110.158964068
110.159057812
110.159151421
110.159244895
110.159338234
110.159431439
110.15952451
110.159617447
110.15971025
110.159802919
110.159895454
110.159987857
110.160080126
110.160172263
110.160264266
110.160356138
110.160447876
110.160539483
110.160630958
110.160722301
110.160813513
110.160904593
110.160995542
110.16108636
110.161177047
110.161267604
110.16135803
110.161448326
110.161538492
110.161628528
110.161718434
110.161808211
110.161897859
110.161987377
110.162076766
110.162166027
110.162255159
110.162344163
110.162433039
110.162521787
110.162610406
110.162698899
110.162787263
110.162875501
110.162963611
110.163051595
110.163139451
110.163227182
110.163314786
110.163402263
110.163489615
110.163576841
110.163663941
110.163750916
110.163837765
110.16392449
110.16401109
110.164097564
110.164183915
110.164270141
110.164356242
110.16444222
110.164528074
110.164613804
110.164699411
110.164784894
110.164870255
110.164955492
110.165040607
110.165125599
110.165210469
110.165295216
110.165379841
110.165464345
110.165548727
110.165632987
110.165717126
110.165801144
110.16588504
110.165968816
110.166052471
110.166136006
110.166219421
110.166302715
110.166385889
110.166468944
110.166551879
110.166634694
110.16671739
110.166799967
110.166882425
110.166964765
110.167046986
110.167129088
110.167211072
110.167292938
110.167374686
110.167456317
110.167537829
110.167619225
110.167700503
110.167781664
110.167862708
110.167943636
110.168024447
110.168105142
110.16818572
110.168266182
110.168346529
110.168426759
110.168506874
110.168586874
110.168666759
110.168746528
110.168826183
110.168905723
110.168985148
110.169064459
110.169143656
110.169222738
110.169301707
110.169380562
110.169459303
110.169537931
110.169616446
110.169694848
110.169773137
110.169851313
110.169929376
110.170007327
110.170085166
110.170162892
110.170240507
110.17031801
110.170395401
110.170472681
110.170549849
110.170626907
110.170703853
110.170780689
110.170857414
110.170934028
110.171010532
110.171086926
110.17116321
110.171239384
110.171315448
110.171391402
110.171467248
110.171542984
110.171618611
110.171694129
110.171769538
110.171844839
110.171920031
110.171995115
110.172070091
110.172144959
110.172219719
110.172294371
110.172368916
110.172443353
110.172517683
110.172591906
110.172666023
110.172740032
110.172813935
110.172887732
110.172961422
110.173035006
110.173108484
110.173181856
110.173255123
110.173328284
110.173401339
110.17347429
110.173547135
110.173619876
110.173692512
110.173765043
110.173837469
110.173909792
110.17398201
110.174054124
110.174126134
110.174198041
110.174269844
110.174341543
110.17441314
110.174484633
110.174556023
110.174627311
110.174698495
110.174769578
110.174840557
110.174911435
110.174982211
110.175052884
110.175123456
110.175193926
110.175264295
110.175334562
110.175404728
110.175474793
110.175544758
110.175614621
110.175684384
110.175754046
110.175823608
110.17589307
110.175962431
110.176031693
110.176100855
110.176169918
110.176238881
110.176307745
110.176376509
110.176445174
110.176513741
110.176582209
110.176650578
110.176718849
110.176787021
110.176855095
110.176923072
110.17699095
110.17705873
110.177126413
110.177193999
110.177261487
110.177328878
110.177396171
110.177463368
110.177530468
110.177597472
110.177664379
110.177731189
110.177797904
110.177864522
110.177931044
110.177997471
110.178063802
110.178130037
110.178196177
110.178262222
110.178328171
110.178394026
110.178459785
110.17852545
110.178591021
110.178656497
110.178721878
110.178787166
110.178852359
110.178917459
110.178982465
110.179047377
110.179112196
110.179176921
110.179241553
110.179306092
110.179370538
110.179434892
110.179499152
110.17956332
110.179627396
110.179691379
110.179755271
110.17981907
110.179882777
110.179946393
110.180009916
110.180073349
110.18013669
110.18019994
110.180263098
110.180326166
110.180389143
110.180452029
110.180514825
110.18057753
110.180640145
110.18070267
110.180765105
110.180827449
110.180889704
110.18095187
110.181013945
110.181075932
110.181137829
110.181199637
110.181261356
110.181322986
110.181384527
110.181445979
110.181507344
110.181568619
110.181629807
110.181690906
110.181751917
110.181812841
110.181873677
110.181934425
110.181995085
110.182055659
110.182116145
110.182176544
110.182236856
110.182297081
110.182357219
110.182417271
110.182477236
110.182537115
110.182596907
110.182656614
110.182716234
110.182775769
110.182835218
110.182894581
110.182953859
110.183013051
110.183072158
110.18313118
110.183190117
110.183248969
110.183307737
110.183366419
110.183425018
110.183483531
110.183541961
110.183600306
110.183658568
110.183716745
110.183774839
110.183832849
110.183890775
110.183948618
110.184006378
110.184064054
110.184121647
110.184179158
110.184236586
110.18429393
110.184351193
110.184408373
110.18446547
110.184522485
110.184579419
110.18463627
110.184693039
110.184749727
110.184806332
110.184862857
110.1849193
110.184975661
110.185031942
110.185088141
110.18514426
110.185200297
110.185256254
110.185312131
110.185367926
110.185423642
110.185479277
110.185534832
110.185590307
110.185645703
110.185701018
110.185756254
110.18581141
110.185866487
110.185921484
110.185976402
110.186031242
110.186086002
110.186140683
110.186195286
110.186249809
110.186304255
110.186358622
110.18641291
110.186467121
110.186521253
110.186575308
110.186629284
110.186683183
110.186737004
110.186790748
110.186844414
110.186898003
110.186951515
110.18700495
110.187058307
110.187111588
110.187164792
110.18721792
110.187270971
110.187323946
110.187376844
110.187429666
110.187482412
110.187535082
110.187587677
110.187640195
110.187692638
110.187745005
110.187797297
110.187849514
110.187901655
110.187953721
110.188005713
110.188057629
110.188109471
110.188161238
110.18821293
110.188264548
110.188316092
110.188367561
110.188418956
110.188470277
110.188521525
110.188572698
110.188623798
110.188674824
110.188725777
110.188776656
110.188827462
110.188878195
110.188928855
110.188979442
110.189029956
110.189080397
110.189130766
110.189181062
110.189231285
110.189281437
110.189331516
110.189381523
110.189431457
110.18948132
110.189531112
110.189580831
110.189630479
110.189680055
110.18972956
110.189778994
110.189828356
110.189877647
110.189926868
110.189976017
110.190025096
110.190074104
110.190123041
110.190171908
110.190220705
110.190269431
110.190318087
110.190366673
110.190415189
110.190463635
110.190512012
110.190560318
110.190608555
110.190656723
110.190704821
110.19075285
110.19080081
110.190848701
110.190896523
110.190944276
110.19099196
110.191039575
110.191087122
110.1911346
110.19118201
110.191229352
110.191276626
110.191323831
110.191370969
110.191418038
110.19146504
110.191511974
110.19155884
110.191605639
110.191652371
110.191699035
110.191745632
110.191792162
110.191838625
110.191885021
110.191931351
110.191977613
110.192023809
110.192069938
110.192116001
110.192161998
110.192207928
110.192253792
110.19229959
110.192345322
110.192390988
110.192436589
110.192482124
110.192527593
110.192572997
110.192618335
110.192663608
110.192708816
110.192753959
110.192799036
110.192844049
110.192888997
110.19293388
110.192978699
110.193023453
110.193068142
110.193112768
110.193157329
110.193201825
110.193246258
110.193290627
110.193334931
110.193379172
110.19342335
110.193467463
110.193511513
110.1935555
110.193599423
110.193643283
110.19368708
110.193730814
110.193774485
110.193818093
110.193861638
110.19390512
110.19394854
110.193991897
110.194035192
110.194078424
110.194121594
110.194164702
110.194207748
110.194250732
110.194293654
110.194336514
110.194379313
110.194422049
110.194464725
110.194507338
110.194549891
110.194592382
110.194634812
110.194677181
110.194719488
110.194761735
110.194803921
110.194846046
110.194888111
110.194930115
110.194972058
110.195013942
110.195055764
110.195097527
110.195139229
110.195180871
110.195222454
110.195263976
110.195305439
110.195346842
110.195388185
110.195429469
110.195470693
110.195511858
110.195552964
110.19559401
110.195634997
110.195675926
110.195716795
110.195757605
110.195798357
110.19583905
110.195879685
110.19592026
110.195960778
110.196001237
110.196041638
110.19608198
110.196122265
110.196162491
110.19620266
110.196242771
110.196282823
110.196322819
110.196362756
110.196402636
110.196442459
110.196482224
110.196521932
110.196561583
110.196601177
110.196640714
110.196680194
110.196719617
110.196758983
110.196798292
110.196837545
110.196876741
110.196915881
110.196954965
110.196993992
110.197032963
110.197071878
110.197110736
110.197149539
110.197188286
110.197226977
110.197265613
110.197304192
110.197342717
110.197381185
110.197419599
110.197457957
110.197496259
110.197534507
110.197572699
110.197610837
110.197648919
110.197686947
110.19772492
110.197762838
110.197800702
110.197838511
110.197876266
110.197913966
110.197951612
110.197989204
110.198026741
110.198064225
110.198101654
110.19813903
110.198176352
110.19821362
110.198250834
110.198287995
110.198325102
110.198362156
110.198399157
110.198436104
110.198472998
110.198509839
110.198546626
110.198583361
110.198620043
110.198656672
110.198693248
110.198729772
110.198766243
110.198802662
110.198839028
110.198875341
110.198911603
110.198947812
110.198983969
110.199020074
110.199056126
110.199092127
110.199128076
110.199163974
110.199199819
110.199235613
110.199271356
110.199307047
110.199342686
110.199378275
110.199413812
110.199449298
110.199484732
110.199520116
110.199555449
110.19959073
110.199625961
110.199661142
110.199696271
110.19973135
110.199766379
110.199801357
110.199836284
110.199871162
110.199905989
110.199940766
110.199975493
110.200010169
110.200044796
110.200079373
110.200113901
110.200148378
110.200182806
110.200217184
110.200251513
110.200285792
110.200320022
110.200354203
110.200388334
110.200422416
110.20045645
110.200490434
110.200524369
110.200558255
110.200592093
110.200625882
110.200659622
110.200693313
110.200726956
110.200760551
110.200794097
110.200827595
110.200861044
110.200894446
110.200927799
110.200961104
110.200994362
110.201027571
110.201060733
110.201093846
110.201126913
110.201159931
110.201192902
110.201225825
110.201258702
110.20129153
110.201324312
110.201357046
110.201389733
110.201422373
110.201454966
110.201487512
110.201520011
110.201552463
110.201584869
110.201617228
110.20164954
110.201681806
110.201714025
110.201746198
110.201778325
110.201810405
110.201842439
110.201874427
110.201906369
110.201938265
110.201970115
110.202001919
110.202033677
110.20206539
110.202097057
110.202128678
110.202160253
110.202191784
110.202223269
110.202254708
110.202286102
110.202317451
110.202348755
110.202380014
110.202411227
110.202442396
110.20247352
110.202504599
110.202535633
110.202566623
110.202597568
110.202628468
110.202659324
110.202690136
110.202720903
110.202751625
110.202782304
110.202812938
110.202843528
110.202874074
110.202904577
110.202935035
110.202965449
110.20299582
110.203026146
110.20305643
110.203086669
110.203116865
110.203147018
110.203177127
110.203207192
110.203237215
110.203267194
110.20329713
110.203327022
110.203356872
110.203386679
