-0.990982682068
-0.98458556366
-0.978188752944
-0.971792249906
-0.965396054531
-0.959000166804
-0.952604586712
-0.946209314238
-0.939814349367
-0.933419692086
-0.92702534238
-0.920631300233
-0.914237565631
-0.907844138559
-0.901451019002
-0.895058206945
-0.888665702375
-0.882273505275
-0.875881615631
-0.869490033428
-0.863098758652
-0.856707791288
-0.85031713132
-0.843926778735
-0.837536733517
-0.831146995651
-0.824757565123
-0.818368441919
-0.811979626022
-0.805591117419
-0.799202916095
-0.792815022034
-0.786427435222
-0.780040155645
-0.773653183288
-0.767266518135
-0.760880160172
-0.754494109384
-0.748108365757
-0.741722929275
-0.735337799925
-0.72895297769
-0.722568462557
-0.71618425451
-0.709800353535
-0.703416759617
-0.697033472742
-0.690650492894
-0.684267820058
-0.677885454221
-0.671503395367
-0.665121643481
-0.658740198549
-0.652359060555
-0.645978229486
-0.639597705327
-0.633217488061
-0.626837577676
-0.620457974156
-0.614078677486
-0.607699687652
-0.601321004638
-0.594942628431
-0.588564559015
-0.582186796375
-0.575809340497
-0.569432191366
-0.563055348968
-0.556678813287
-0.550302584309
-0.543926662018
-0.537551046402
-0.531175737443
-0.524800735128
-0.518426039443
-0.512051650371
-0.5056775679
-0.499303792012
-0.492930322695
-0.486557159934
-0.480184303712
-0.473811754017
-0.467439510832
-0.461067574144
-0.454695943938
-0.448324620198
-0.44195360291
-0.43558289206
-0.429212487632
-0.422842389613
-0.416472597986
-0.410103112738
-0.403733933853
-0.397365061317
-0.390996495116
-0.384628235233
-0.378260281656
-0.371892634369
-0.365525293356
-0.359158258605
-0.352791530099
-0.346425107824
-0.340058991766
-0.333693181909
-0.327327678239
-0.320962480741
-0.3145975894
-0.308233004203
-0.301868725133
-0.295504752176
-0.289141085318
-0.282777724544
-0.276414669839
-0.270051921188
-0.263689478577
-0.25732734199
-0.250965511414
-0.244603986834
-0.238242768234
-0.2318818556
-0.225521248918
-0.219160948172
-0.212800953348
-0.206441264431
-0.200081881406
-0.19372280426
-0.187364032976
-0.181005567541
-0.174647407939
-0.168289554157
-0.161932006178
-0.155574763989
-0.149217827575
-0.14286119692
-0.136504872012
-0.130148852833
-0.123793139371
-0.11743773161
-0.111082629536
-0.104727833133
-0.0983733423876
-0.0920191572846
-0.0856652778093
-0.079311703947
-0.0729584356831
-0.0666054730028
-0.0602528158915
-0.0539004643344
-0.0475484183168
-0.0411966778241
-0.0348452428415
-0.0284941133544
-0.0221432893481
-0.0157927708078
-0.00944255771893
-0.00309265006672
0.00325695216347
0.00960624898639
0.0159552404166
0.022303926469
0.0286523071581
0.0350003824987
0.0413481525054
0.0476956171929
0.0540427765759
0.0603896306692
0.0667361794872
0.0730824230449
0.0794283613568
0.0857739944376
0.092119322302
0.0984643449648
0.10480906244
0.111153474744
0.117497581889
0.123841383892
0.130184880766
0.136528072527
0.142870959189
0.149213540766
0.155555817274
0.161897788727
0.168239455139
0.174580816526
0.180921872902
0.187262624282
0.19360307068
0.199943212111
0.20628304859
0.212622580132
0.21896180675
0.225300728461
0.231639345277
0.237977657215
0.244315664288
0.250653366512
0.256990763901
0.26332785647
0.269664644233
0.276001127205
0.282337305401
0.288673178835
0.295008747522
0.301344011477
0.307678970715
0.314013625249
0.320347975095
0.326682020267
0.33301576078
0.339349196649
0.345682327888
0.352015154512
0.358347676536
0.364679893974
0.37101180684
0.377343415151
0.383674718919
0.39000571816
0.396336412889
0.40266680312
0.408996888867
0.415326670146
0.421656146971
0.427985319357
0.434314187318
0.440642750869
0.446971010025
0.4532989648
0.459626615209
0.465953961267
0.472281002987
0.478607740386
0.484934173477
0.491260302275
0.497586126794
0.50391164705
0.510236863058
0.51656177483
0.522886382383
0.529210685731
0.535534684889
0.54185837987
0.548181770691
0.554504857365
0.560827639907
0.567150118331
0.573472292653
0.579794162887
0.586115729047
0.592436991149
0.598757949207
0.605078603234
0.611398953247
0.61771899926
0.624038741287
0.630358179343
0.636677313442
0.6429961436
0.64931466983
0.655632892148
0.661950810568
0.668268425104
0.674585735772
0.680902742585
0.68721944556
0.693535844709
0.699851940048
0.706167731591
0.712483219353
0.718798403349
0.725113283593
0.731427860099
0.737742132883
0.744056101959
0.750369767342
0.756683129046
0.762996187086
0.769308941476
0.775621392231
0.781933539365
0.788245382894
0.794556922832
0.800868159193
0.807179091993
0.813489721245
0.819800046964
0.826110069165
0.832419787862
0.838729203071
0.845038314805
0.851347123079
0.857655627909
0.863963829307
0.87027172729
0.876579321871
0.882886613065
0.889193600888
0.895500285352
0.901806666474
0.908112744267
0.914418518746
0.920723989927
0.927029157822
0.933334022447
0.939638583817
0.945942841946
0.952246796849
0.95855044854
0.964853797034
0.971156842345
0.977459584488
0.983762023478
0.990064159329
0.996365992056
1.00266752167
1.00896874819
1.01526967164
1.02157029201
1.02787060934
1.03417062362
1.04047033489
1.04676974315
1.05306884841
1.0593676507
1.06566615002
1.07196434639
1.07826223983
1.08455983035
1.09085711796
1.09715410268
1.10345078453
1.10974716351
1.11604323965
1.12233901295
1.12863448343
1.13492965112
1.14122451601
1.14751907812
1.15381333748
1.16010729409
1.16640094798
1.17269429914
1.1789873476
1.18528009338
1.19157253648
1.19786467693
1.20415651473
1.2104480499
1.21673928246
1.22303021242
1.2293208398
1.2356111646
1.24190118685
1.24819090655
1.25448032373
1.2607694384
1.26705825056
1.27334676025
1.27963496746
1.28592287222
1.29221047455
1.29849777444
1.30478477193
1.31107146702
1.31735785973
1.32364395007
1.32992973806
1.33621522371
1.34250040703
1.34878528805
1.35506986678
1.36135414322
1.3676381174
1.37392178933
1.38020515902
1.38648822649
1.39277099176
1.39905345483
1.40533561572
1.41161747445
1.41789903103
1.42418028548
1.4304612378
1.43674188802
1.44302223615
1.44930228221
1.4555820262
1.46186146815
1.46814060806
1.47441944595
1.48069798184
1.48697621574
1.49325414767
1.49953177764
1.50580910566
1.51208613175
1.51836285592
1.52463927819
1.53091539858
1.53719121709
1.54346673374
1.54974194855
1.55601686153
1.5622914727
1.56856578206
1.57483978964
1.58111349545
1.5873868995
1.59366000181
1.59993280239
1.60620530126
1.61247749842
1.61874939391
1.62502098772
1.63129227988
1.6375632704
1.64383395929
1.65010434657
1.65637443226
1.66264421636
1.66891369889
1.67518287987
1.68145175931
1.68772033723
1.69398861363
1.70025658854
1.70652426197
1.71279163393
1.71905870444
1.72532547351
1.73159194116
1.7378581074
1.74412397225
1.75038953572
1.75665479782
1.76291975857
1.76918441798
1.77544877608
1.78171283286
1.78797658835
1.79424004257
1.80050319552
1.80676604722
1.81302859769
1.81929084694
1.82555279498
1.83181444183
1.8380757875
1.84433683201
1.85059757537
1.8568580176
1.86311815872
1.86937799872
1.87563753764
1.88189677548
1.88815571226
1.89441434799
1.9006726827
1.90693071638
1.91318844906
1.91944588076
1.92570301147
1.93195984123
1.93821637005
1.94447259793
1.9507285249
1.95698415097
1.96323947615
1.96949450045
1.9757492239
1.9820036465
1.98825776828
1.99451158924
2.0007651094
2.00701832877
2.01327124738
2.01952386522
2.02577618232
2.0320281987
2.03827991436
2.04453132932
2.0507824436
2.05703325721
2.06328377016
2.06953398247
2.07578389415
2.08203350523
2.0882828157
2.09453182559
2.10078053491
2.10702894368
2.1132770519
2.1195248596
2.12577236679
2.13201957349
2.1382664797
2.14451308544
2.15075939073
2.15700539558
2.16325110001
2.16949650403
2.17574160765
2.18198641089
2.18823091376
2.19447511628
2.20071901847
2.20696262033
2.21320592188
2.21944892314
2.22569162411
2.23193402483
2.23817612529
2.24441792551
2.25065942551
2.25690062531
2.26314152491
2.26938212433
2.27562242359
2.28186242269
2.28810212167
2.29434152052
2.30058061926
2.30681941791
2.31305791649
2.319296115
2.32553401346
2.33177161189
2.3380089103
2.3442459087
2.35048260711
2.35671900554
2.36295510401
2.36919090254
2.37542640113
2.3816615998
2.38789649856
2.39413109744
2.40036539644
2.40659939558
2.41283309487
2.41906649433
2.42529959397
2.43153239381
2.43776489386
2.44399709413
2.45022899464
2.45646059541
2.46269189645
2.46892289776
2.47515359938
2.48138400131
2.48761410356
2.49384390615
2.5000734091
2.50630261242
2.51253151612
2.51876012022
2.52498842473
2.53121642967
2.53744413505
2.54367154089
2.5498986472
2.55612545399
2.56235196128
2.56857816908
2.57480407741
2.58102968629
2.58725499572
2.59348000572
2.5997047163
2.60592912749
2.61215323929
2.61837705172
2.62460056479
2.63082377852
2.63704669292
2.64326930801
2.6494916238
2.6557136403
2.66193535753
2.66815677551
2.67437789425
2.68059871375
2.68681923405
2.69303945514
2.69925937705
2.7054789998
2.71169832338
2.71791734783
2.72413607314
2.73035449935
2.73657262646
2.74279045448
2.74900798344
2.75522521334
2.7614421442
2.76765877603
2.77387510885
2.78009114268
2.78630687752
2.7925223134
2.79873745032
2.8049522883
2.81116682735
2.8173810675
2.82359500874
2.82980865111
2.83602199461
2.84223503925
2.84844778505
2.85466023203
2.8608723802
2.86708422958
2.87329578017
2.879507032
2.88571798507
2.8919286394
2.89813899501
2.90434905191
2.91055881012
2.91676826964
2.9229774305
2.9291862927
2.93539485627
2.94160312121
2.94781108754
2.95401875528
2.96022612444
2.96643319504
2.97263996708
2.97884644058
2.98505261556
2.99125849203
2.99746407001
3.00366934951
3.00987433054
3.01607901312
3.02228339726
3.02848748299
3.0346912703
3.04089475922
3.04709794976
3.05330084193
3.05950343576
3.06570573125
3.07190772841
3.07810942727
3.08431082784
3.09051193012
3.09671273414
3.10291323991
3.10911344745
3.11531335676
3.12151296787
3.12771228078
3.13391129551
3.14011001208
3.14630843051
3.15250655079
3.15870437295
3.16490189701
3.17109912297
3.17729605086
3.18349268068
3.18968901245
3.19588504619
3.20208078191
3.20827621962
3.21447135933
3.22066620107
3.22686074485
3.23305499068
3.23924893857
3.24544258854
3.25163594061
3.25782899478
3.26402175108
3.27021420951
3.27640637009
3.28259823284
3.28878979777
3.29498106489
3.30117203423
3.30736270578
3.31355307957
3.31974315561
3.32593293392
3.33212241451
3.33831159739
3.34450048258
3.3506890701
3.35687735995
3.36306535215
3.36925304672
3.37544044367
3.38162754301
3.38781434477
3.39400084894
3.40018705556
3.40637296462
3.41255857615
3.41874389016
3.42492890667
3.43111362569
3.43729804723
3.4434821713
3.44966599793
3.45584952712
3.4620327589
3.46821569327
3.47439833025
3.48058066985
3.48676271209
3.49294445699
3.49912590455
3.50530705479
3.51148790772
3.51766846336
3.52384872173
3.53002868284
3.5362083467
3.54238771332
3.54856678273
3.55474555493
3.56092402994
3.56710220777
3.57328008844
3.57945767196
3.58563495835
3.59181194763
3.59798863979
3.60416503487
3.61034113287
3.6165169338
3.62269243769
3.62886764455
3.63504255439
3.64121716722
3.64739148306
3.65356550193
3.65973922383
3.66591264879
3.67208577681
3.67825860791
3.68443114211
3.69060337942
3.69677531985
3.70294696342
3.70911831014
3.71528936003
3.7214601131
3.72763056936
3.73380072884
3.73997059153
3.74614015747
3.75230942666
3.75847839911
3.76464707484
3.77081545387
3.77698353621
3.78315132188
3.78931881088
3.79548600323
3.80165289895
3.80781949805
3.81398580054
3.82015180644
3.82631751577
3.83248292854
3.83864804475
3.84481286443
3.8509773876
3.85714161426
3.86330554442
3.86946917811
3.87563251534
3.88179555612
3.88795830047
3.89412074839
3.90028289991
3.90644475504
3.91260631379
3.91876757618
3.92492854223
3.93108921193
3.93724958532
3.9434096624
3.94956944319
3.9557289277
3.96188811595
3.96804700796
3.97420560372
3.98036390327
3.98652190661
3.99267961376
3.99883702473
4.00499413954
4.0111509582
4.01730748073
4.02346370713
4.02961963743
4.03577527164
4.04193060977
4.04808565183
4.05424039785
4.06039484783
4.06654900179
4.07270285974
4.0788564217
4.08500968769
4.09116265771
4.09731533178
4.10346770991
4.10961979213
4.11577157843
4.12192306885
4.12807426338
4.13422516206
4.14037576488
4.14652607186
4.15267608303
4.15882579839
4.16497521795
4.17112434174
4.17727316976
4.18342170203
4.18956993856
4.19571787938
4.20186552448
4.20801287389
4.21415992763
4.22030668569
4.22645314811
4.23259931489
4.23874518605
4.2448907616
4.25103604155
4.25718102593
4.26332571474
4.269470108
4.27561420572
4.28175800792
4.28790151461
4.29404472581
4.30018764153
4.30633026178
4.31247258658
4.31861461594
4.32475634987
4.3308977884
4.33703893154
4.34317977929
4.34932033168
4.35546058871
4.36160055041
4.36774021678
4.37387958784
4.38001866361
4.3861574441
4.39229592931
4.39843411928
4.40457201401
4.41070961351
4.4168469178
4.4229839269
4.42912064081
4.43525705956
4.44139318316
4.44752901161
4.45366454494
4.45979978316
4.46593472628
4.47206937432
4.47820372729
4.48433778521
4.49047154808
4.49660501593
4.50273818877
4.50887106662
4.51500364947
4.52113593736
4.5272679303
4.53339962829
4.53953103136
4.54566213952
4.55179295278
4.55792347115
4.56405369466
4.5701836233
4.57631325711
4.58244259609
4.58857164026
4.59470038963
4.60082884421
4.60695700403
4.61308486909
4.6192124394
4.62533971499
4.63146669586
4.63759338204
4.64371977353
4.64984587035
4.65597167251
4.66209718003
4.66822239291
4.67434731119
4.68047193486
4.68659626395
4.69272029847
4.69884403843
4.70496748384
4.71109063473
4.7172134911
4.72333605297
4.72945832035
4.73558029326
4.74170197171
4.74782335572
4.7539444453
4.76006524046
4.76618574121
4.77230594758
4.77842585958
4.78454547722
4.79066480051
4.79678382947
4.80290256411
4.80902100445
4.81513915051
4.82125700228
4.8273745598
4.83349182307
4.83960879211
4.84572546693
4.85184184755
4.85795793397
4.86407372622
4.87018922431
4.87630442826
4.88241933807
4.88853395376
4.89464827534
4.90076230284
4.90687603626
4.91298947561
4.91910262092
4.9252154722
4.93132802945
4.9374402927
4.94355226196
4.94966393724
4.95577531855
4.96188640592
4.96799719935
4.97410769886
4.98021790447
4.98632781618
4.99243743401
4.99854675798
5.0046557881
5.01076452438
5.01687296684
5.0229811155
5.02908897036
5.03519653144
5.04130379875
5.04741077231
5.05351745214
5.05962383824
5.06572993063
5.07183572933
5.07794123435
5.0840464457
5.0901513634
5.09625598746
5.1023603179
5.10846435472
5.11456809795
5.1206715476
5.12677470368
5.13287756621
5.1389801352
5.14508241066
5.15118439261
5.15728608107
5.16338747604
5.16948857754
5.17558938559
5.18168990019
5.18779012137
5.19389004914
5.19998968351
5.2060890245
5.21218807211
5.21828682637
5.22438528729
5.23048345488
5.23658132916
5.24267891013
5.24877619782
5.25487319224
5.26096989341
5.26706630133
5.27316241602
5.27925823749
5.28535376577
5.29144900086
5.29754394277
5.30363859153
5.30973294714
5.31582700962
5.32192077899
5.32801425525
5.33410743843
5.34020032853
5.34629292557
5.35238522957
5.35847724054
5.36456895848
5.37066038343
5.37675151538
5.38284235436
5.38893290038
5.39502315345
5.40111311359
5.40720278081
5.41329215513
5.41938123655
5.4254700251
5.43155852078
5.43764672362
5.44373463362
5.4498222508
5.45590957518
5.46199660676
5.46808334557
5.47416979161
5.4802559449
5.48634180546
5.49242737329
5.49851264842
5.50459763085
5.51068232061
5.5167667177
5.52285082213
5.52893463393
5.53501815311
5.54110137968
5.54718431365
5.55326695504
5.55934930387
5.56543136014
5.57151312387
5.57759459508
5.58367577378
5.58975665998
5.5958372537
5.60191755495
5.60799756375
5.61407728011
5.62015670404
5.62623583556
5.63231467468
5.63839322141
5.64447147578
5.65054943779
5.65662710746
5.6627044848
5.66878156983
5.67485836255
5.680934863
5.68701107117
5.69308698708
5.69916261075
5.70523794219
5.71131298142
5.71738772844
5.72346218328
5.72953634594
5.73561021645
5.74168379481
5.74775708104
5.75383007515
5.75990277716
5.76597518708
5.77204730493
5.77811913071
5.78419066445
5.79026190616
5.79633285584
5.80240351353
5.80847387922
5.81454395293
5.82061373469
5.82668322449
5.83275242236
5.83882132832
5.84488994236
5.85095826451
5.85702629479
5.8630940332
5.86916147976
5.87522863448
5.88129549738
5.88736206848
5.89342834778
5.8994943353
5.90556003106
5.91162543506
5.91769054732
5.92375536787
5.9298198967
5.93588413383
5.94194807929
5.94801173308
5.95407509521
5.9601381657
5.96620094457
5.97226343183
5.97832562749
5.98438753156
5.99044914407
5.99651046502
6.00257149443
6.00863223231
6.01469267868
6.02075283355
6.02681269694
6.03287226885
6.03893154931
6.04499053832
6.0510492359
6.05710764207
6.06316575684
6.06922358022
6.07528111223
6.08133835288
6.08739530218
6.09345196015
6.0995083268
6.10556440216
6.11162018622
6.11767567901
6.12373088053
6.12978579081
6.13584040986
6.14189473769
6.14794877431
6.15400251974
6.16005597399
6.16610913709
6.17216200903
6.17821458983
6.18426687952
6.1903188781
6.19637058559
6.20242200199
6.20847312734
6.21452396163
6.22057450488
6.22662475712
6.23267471834
6.23872438857
6.24477376781
6.25082285609
6.25687165342
6.26292015981
6.26896837527
6.27501629982
6.28106393348
6.28711127625
6.29315832815
6.2992050892
6.3052515594
6.31129773878
6.31734362735
6.32338922512
6.3294345321
6.33547954831
6.34152427377
6.34756870848
6.35361285246
6.35965670572
6.36570026829
6.37174354017
6.37778652137
6.38382921192
6.38987161182
6.39591372109
6.40195553974
6.40799706779
6.41403830525
6.42007925213
6.42611990845
6.43216027423
6.43820034947
6.44424013419
6.45027962841
6.45631883213
6.46235774538
6.46839636816
6.4744347005
6.4804727424
6.48651049387
6.49254795494
6.49858512562
6.50462200591
6.51065859584
6.51669489542
6.52273090466
6.52876662358
6.53480205218
6.54083719049
6.54687203852
6.55290659628
6.55894086379
6.56497484106
6.5710085281
6.57704192492
6.58307503155
6.589107848
6.59514037427
6.60117261039
6.60720455637
6.61323621221
6.61926757795
6.62529865358
6.63132943913
6.6373599346
6.64339014001
6.64942005538
6.65544968072
6.66147901604
6.66750806136
6.67353681669
6.67956528205
6.68559345744
6.69162134289
6.6976489384
6.703676244
6.70970325969
6.71572998549
6.72175642141
6.72778256746
6.73380842367
6.73983399004
6.74585926659
6.75188425334
6.75790895029
6.76393335746
6.76995747486
6.77598130251
6.78200484042
6.78802808861
6.79405104709
6.80007371588
6.80609609498
6.81211818441
6.81813998419
6.82416149433
6.83018271484
6.83620364574
6.84222428704
6.84824463875
6.8542647009
6.86028447348
6.86630395653
6.87232315004
6.87834205404
6.88436066854
6.89037899356
6.8963970291
6.90241477517
6.90843223181
6.91444939901
6.9204662768
6.92648286518
6.93249916417
6.93851517378
6.94453089404
6.95054632494
6.95656146651
6.96257631877
6.96859088171
6.97460515536
6.98061913974
6.98663283485
6.99264624071
6.99865935733
7.00467218473
7.01068472292
7.01669697191
7.02270893173
7.02872060237
7.03473198387
7.04074307622
7.04675387945
7.05276439357
7.05877461859
7.06478455453
7.07079420139
7.0768035592
7.08281262797
7.08882140771
7.09482989844
7.10083810017
7.10684601291
7.11285363667
7.11886097148
7.12486801734
7.13087477428
7.13688124229
7.14288742141
7.14889331163
7.15489891298
7.16090422547
7.16690924911
7.17291398391
7.1789184299
7.18492258708
7.19092645547
7.19693003508
7.20293332593
7.20893632803
7.21493904139
7.22094146602
7.22694360195
7.23294544919
7.23894700774
7.24494827763
7.25094925887
7.25694995146
7.26295035543
7.26895047079
7.27495029755
7.28094983573
7.28694908534
7.29294804639
7.2989467189
7.30494510288
7.31094319835
7.31694100532
7.3229385238
7.32893575381
7.33493269536
7.34092934846
7.34692571314
7.35292178939
7.35891757725
7.36491307671
7.3709082878
7.37690321053
7.38289784491
7.38889219096
7.39488624868
7.4008800181
7.40687349923
7.41286669208
7.41885959666
7.424852213
7.4308445411
7.43683658097
7.44282833264
7.44881979611
7.4548109714
7.46080185852
7.46679245749
7.47278276832
7.47877279102
7.48476252561
7.4907519721
7.49674113051
7.50273000085
7.50871858313
7.51470687737
7.52069488358
7.52668260177
7.53267003196
7.53865717417
7.5446440284
7.55063059467
7.556616873
7.5626028634
7.56858856587
7.57457398045
7.58055910713
7.58654394594
7.59252849688
7.59851275997
7.60449673523
7.61048042267
7.6164638223
7.62244693414
7.6284297582
7.63441229449
7.64039454303
7.64637650383
7.65235817691
7.65833956228
7.66432065995
7.67030146994
7.67628199226
7.68226222692
7.68824217394
7.69422183334
7.70020120512
7.7061802893
7.7121590859
7.71813759493
7.72411581639
7.73009375031
7.73607139671
7.74204875558
7.74802582695
7.75400261083
7.75997910724
7.76595531619
7.77193123769
7.77790687175
7.78388221839
7.78985727763
7.79583204948
7.80180653395
7.80778073105
7.8137546408
7.81972826322
7.82570159831
7.83167464609
7.83764740658
7.84361987979
7.84959206572
7.85556396441
7.86153557585
7.86750690007
7.87347793707
7.87944868688
7.8854191495
7.89138932494
7.89735921324
7.90332881438
7.9092981284
7.91526715531
7.92123589511
7.92720434782
7.93317251345
7.93914039203
7.94510798356
7.95107528806
7.95704230553
7.96300903601
7.96897547949
7.97494163599
7.98090750553
7.98687308812
7.99283838377
7.9988033925
8.00476811431
8.01073254924
8.01669669728
8.02266055846
8.02862413278
8.03458742026
8.04055042092
8.04651313476
8.05247556181
8.05843770207
8.06439955556
8.07036112229
8.07632240228
8.08228339554
8.08824410209
8.09420452193
8.10016465508
8.10612450156
8.11208406138
8.11804333455
8.12400232109
8.12996102101
8.13591943433
8.14187756105
8.1478354012
8.15379295478
8.15975022181
8.1657072023
8.17166389628
8.17762030374
8.18357642471
8.18953225919
8.19548780721
8.20144306878
8.2073980439
8.2133527326
8.21930713488
8.22526125077
8.23121508027
8.2371686234
8.24312188018
8.24907485061
8.25502753471
8.26097993249
8.26693204397
8.27288386917
8.27883540809
8.28478666074
8.29073762715
8.29668830733
8.30263870129
8.30858880904
8.3145386306
8.32048816598
8.32643741519
8.33238637826
8.33833505519
8.34428344599
8.35023155069
8.35617936929
8.3621269018
8.36807414825
8.37402110865
8.379967783
8.38591417133
8.39186027364
8.39780608995
8.40375162028
8.40969686464
8.41564182304
8.42158649549
8.42753088201
8.43347498262
8.43941879732
8.44536232613
8.45130556907
8.45724852614
8.46319119737
8.46913358276
8.47507568234
8.4810174961
8.48695902407
8.49290026627
8.49884122269
8.50478189337
8.5107222783
8.51666237751
8.52260219101
8.52854171882
8.53448096094
8.54041991739
8.54635858819
8.55229697334
8.55823507286
8.56417288677
8.57011041508
8.57604765781
8.58198461495
8.58792128654
8.59385767259
8.5997937731
8.60572958809
8.61166511758
8.61760036158
8.6235353201
8.62946999315
8.63540438076
8.64133848293
8.64727229968
8.65320583102
8.65913907696
8.66507203753
8.67100471272
8.67693710257
8.68286920707
8.68880102625
8.69473256011
8.70066380867
8.70659477195
8.71252544996
8.71845584271
8.72438595022
8.7303157725
8.73624530956
8.74217456142
8.74810352809
8.75403220958
8.75996060591
8.7658887171
8.77181654315
8.77774408408
8.7836713399
8.78959831063
8.79552499628
8.80145139686
8.8073775124
8.81330334289
8.81922888836
8.82515414882
8.83107912429
8.83700381476
8.84292822027
8.84885234083
8.85477617644
8.86069972712
8.86662299289
8.87254597376
8.87846866974
8.88439108084
8.89031320709
8.89623504849
8.90215660506
8.90807787681
8.91399886375
8.9199195659
8.92583998327
8.93176011588
8.93767996374
8.94359952687
8.94951880527
8.95543779896
8.96135650795
8.96727493226
8.97319307191
8.9791109269
8.98502849725
8.99094578297
8.99686278408
9.00277950059
9.00869593251
9.01461207986
9.02052794265
9.0264435209
9.03235881461
9.03827382381
9.0441885485
9.05010298871
9.05601714443
9.0619310157
9.06784460251
9.07375790489
9.07967092285
9.0855836564
9.09149610555
9.09740827033
9.10332015073
9.10923174679
9.1151430585
9.12105408589
9.12696482896
9.13287528774
9.13878546223
9.14469535245
9.15060495841
9.15651428013
9.16242331761
9.16833207088
9.17424053995
9.18014872483
9.18605662553
9.19196424207
9.19787157446
9.20377862272
9.20968538686
9.21559186688
9.22149806282
9.22740397467
9.23330960246
9.2392149462
9.24512000589
9.25102478157
9.25692927323
9.26283348089
9.26873740456
9.27464104427
9.28054440002
9.28644747182
9.2923502597
9.29825276366
9.30415498372
9.31005691989
9.31595857218
9.32185994061
9.32776102519
9.33366182594
9.33956234287
9.34546257599
9.35136252532
9.35726219087
9.36316157266
9.36906067069
9.37495948498
9.38085801555
9.3867562624
9.39265422556
9.39855190503
9.40444930084
9.41034641299
9.41624324149
9.42213978636
9.42803604762
9.43393202528
9.43982771935
9.44572312984
9.45161825677
9.45751310015
9.46340766
9.46930193633
9.47519592916
9.48108963848
9.48698306433
9.49287620672
9.49876906565
9.50466164114
9.51055393321
9.51644594187
9.52233766713
9.528229109
9.53412026751
9.54001114266
9.54590173446
9.55179204294
9.5576820681
9.56357180996
9.56946126852
9.57535044382
9.58123933585
9.58712794464
9.59301627019
9.59890431252
9.60479207164
9.61067954757
9.61656674032
9.6224536499
9.62834027633
9.63422661963
9.6401126798
9.64599845685
9.65188395081
9.65776916168
9.66365408949
9.66953873423
9.67542309594
9.68130717461
9.68719097026
9.69307448292
9.69895771258
9.70484065927
9.710723323
9.71660570378
9.72248780162
9.72836961655
9.73425114856
9.74013239769
9.74601336393
9.75189404731
9.75777444783
9.76365456551
9.76953440037
9.77541395242
9.78129322166
9.78717220813
9.79305091182
9.79892933275
9.80480747094
9.8106853264
9.81656289914
9.82244018918
9.82831719653
9.8341939212
9.84007036321
9.84594652257
9.8518223993
9.8576979934
9.8635733049
9.8694483338
9.87532308012
9.88119754387
9.88707172507
9.89294562373
9.89881923986
9.90469257348
9.9105656246
9.91643839324
9.9223108794
9.9281830831
9.93405500436
9.93992664319
9.9457979996
9.9516690736
9.95753986521
9.96341037445
9.96928060132
9.97515054585
9.98102020803
9.9868895879
9.99275868545
9.99862750071
10.0044960337
10.0103642844
10.0162322528
10.0220999391
10.027967343
10.0338344648
10.0397013044
10.0455678618
10.051434137
10.05730013
10.0631658409
10.0690312697
10.0748964163
10.0807612809
10.0866258633
10.0924901637
10.098354182
10.1042179183
10.1100813725
10.1159445447
10.1218074349
10.1276700431
10.1335323693
10.1393944135
10.1452561758
10.1511176561
10.1569788545
10.162839771
10.1687004056
10.1745607583
10.1804208291
10.1862806181
10.1921401252
10.1979993505
10.2038582939
10.2097169556
10.2155753355
10.2214334335
10.2272912498
10.2331487844
10.2390060372
10.2448630083
10.2507196977
10.2565761054
10.2624322314
10.2682880757
10.2741436384
10.2799989194
10.2858539188
10.2917086366
10.2975630727
10.3034172273
10.3092711003
10.3151246917
10.3209780016
10.32683103
10.3326837768
10.3385362421
10.344388426
10.3502403283
10.3560919492
10.3619432886
10.3677943466
10.3736451231
10.3794956183
10.385345832
10.3911957643
10.3970454153
10.4028947849
10.4087438732
10.4145926801
10.4204412057
10.42628945
10.432137413
10.4379850948
10.4438324953
10.4496796145
10.4555264524
10.4613730092
10.4672192847
10.4730652791
10.4789109922
10.4847564242
10.4906015751
10.4964464448
10.5022910333
10.5081353407
10.5139793671
10.5198231123
10.5256665765
10.5315097596
10.5373526617
10.5431952827
10.5490376227
10.5548796817
10.5607214597
10.5665629567
10.5724041727
10.5782451078
10.584085762
10.5899261352
10.5957662275
10.6016060389
10.6074455694
10.6132848191
10.6191237879
10.6249624758
10.6308008829
10.6366390092
10.6424768547
10.6483144194
10.6541517033
10.6599887065
10.6658254289
10.6716618705
10.6774980314
10.6833339117
10.6891695112
10.69500483
10.7008398682
10.7066746257
10.7125091026
10.7183432988
10.7241772144
10.7300108494
10.7358442038
10.7416772777
10.747510071
10.7533425837
10.7591748159
10.7650067676
10.7708384388
10.7766698294
10.7825009396
10.7883317693
10.7941623186
10.7999925874
10.8058225758
10.8116522838
10.8174817114
10.8233108586
10.8291397254
10.8349683119
10.840796618
10.8466246437
10.8524523892
10.8582798544
10.8641070392
10.8699339438
10.8757605681
10.8815869122
10.887412976
10.8932387596
10.899064263
10.9048894861
10.9107144291
10.916539092
10.9223634746
10.9281875771
10.9340113995
10.9398349418
10.945658204
10.9514811861
10.9573038881
10.96312631
10.9689484519
10.9747703137
10.9805918955
10.9864131974
10.9922342192
10.998054961
11.0038754229
11.0096956048
11.0155155067
11.0213351288
11.0271544709
11.0329735331
11.0387923154
11.0446108179
11.0504290405
11.0562469832
11.0620646461
11.0678820292
11.0736991325
11.079515956
11.0853324997
11.0911487636
11.0969647478
11.1027804522
11.1085958769
11.1144110219
11.1202258872
11.1260404728
11.1318547787
11.137668805
11.1434825516
11.1492960186
11.155109206
11.1609221138
11.1667347419
11.1725470905
11.1783591596
11.184170949
11.189982459
11.1957936894
11.2016046403
11.2074153117
11.2132257036
11.219035816
11.224845649
11.2306552026
11.2364644767
11.2422734714
11.2480821866
11.2538906225
11.259698779
11.2655066562
11.271314254
11.2771215724
11.2829286116
11.2887353714
11.2945418519
11.3003480532
11.3061539751
11.3119596179
11.3177649813
11.3235700656
11.3293748706
11.3351793964
11.3409836431
11.3467876105
11.3525912988
11.358394708
11.364197838
11.3700006888
11.3758032606
11.3816055533
11.3874075669
11.3932093014
11.3990107569
11.4048119333
11.4106128307
11.4164134491
11.4222137885
11.4280138489
11.4338136303
11.4396131328
11.4454123563
11.4512113009
11.4570099665
11.4628083533
11.4686064611
11.4744042901
11.4802018402
11.4859991114
11.4917961038
11.4975928174
11.5033892522
11.5091854082
11.5149812853
11.5207768837
11.5265722034
11.5323672443
11.5381620064
11.5439564899
11.5497506946
11.5555446207
11.561338268
11.5671316367
11.5729247268
11.5787175382
