0.957327693227
1.54234584914
2.08656823
2.59283969668
3.06380672595
3.50193124463
3.90950349902
4.28865402695
4.64136479485
4.96947955834
5.27471350019
5.55866219626
5.82280995622
6.06853758257
6.29712958865
6.5097809133
6.70760316722
6.89163044387
7.06282472498
7.22208090927
7.37023149043
7.50805090883
7.63625959988
7.75552776
7.86647884998
7.9696928541
8.06570931186
8.15503013843
8.23812224832
8.31541999611
8.38732744705
8.45422048918
8.5164487983
8.57433766586
8.62818969936
8.6782864042
8.72488965524
8.7682430657
8.80857326061
8.84609106151
8.88099258846
8.91346028522
8.94366387302
8.97176123768
8.997899255
9.02221455851
9.0448342537
9.06587658246
9.08545154119
9.10366145577
9.12060151646
9.13636027551
9.15102011006
9.16465765272
9.17734419221
9.18914604597
9.20012490686
9.21033816564
9.21983921095
9.22867770843
9.23689986034
9.24454864703
9.25166405167
9.25828326924
