-10.7824872516
-10.3787920802
-9.97723415668
-9.57780216617
-9.18048485346
-8.78527102302
-8.39214953856
-8.00110932275
-7.61213935692
-7.22522868072
-6.84036639184
-6.45754164568
-6.07674365505
-5.69796168988
-5.3211850769
-4.94640319936
-4.5736054967
-4.20278146427
-3.83392065305
-3.46701266933
-3.10204717442
-2.73901388437
-2.37790256969
-2.01870305502
-1.66140521889
-1.30599899341
-0.952474363998
-0.600821369073
-0.251030099809
0.0969093001644
0.443006635037
0.787271657093
1.12971406698
1.47034351401
1.80916959638
2.14620186148
2.48144980618
2.81492287703
3.1466304706
3.47658193371
3.80478656367
4.1312536086
4.45599226763
4.77901169122
5.10032098135
5.41992919184
5.73784532857
6.05407834973
6.36863716609
6.68153064125
6.99276759189
7.30235678799
7.61030695311
7.91662676464
8.22132485401
8.52440980696
8.82589016378
9.12577441955
9.42407102436
9.72078838357
10.015934858
10.3095187644
10.6015483752
10.8920319191
11.1809775815
11.4683935042
11.7542877859
12.0386684825
12.3215436073
12.6029211311
12.8828089825
13.1612150482
13.438147173
13.7136131604
13.9876207722
14.2601777296
14.5312917125
14.8009703604
15.0692212722
15.3360520067
15.6014700827
15.8654829789
16.1280981348
16.3893229503
16.6491647861
16.907630964
17.1647287671
17.4204654397
17.6748481881
17.9278841802
18.179580546
18.4299443777
18.6789827302
18.9267026207
19.1731110295
19.4182148998
19.6620211381
19.9045366144
20.1457681623
20.3857225791
20.6244066263
20.8618270294
21.0979904784
21.332903628
21.5665730975
21.7990054711
22.0302072984
22.2601850941
22.4889453385
22.7164944775
22.9428389231
23.1679850531
23.3919392116
23.6147077092
23.8362968231
24.0567127972
24.2759618423
24.4940501363
24.7109838246
24.9267690198
25.1414118024
25.3549182205
25.5672942902
25.778545996
25.9886792903
26.1977000943
26.4056142978
26.6124277593
26.8181463064
27.0227757358
27.2263218135
27.4287902751
27.6301868256
27.83051714
28.0297868632
28.2280016101
28.425166966
28.6212884866
28.8163716983
29.010422098
29.2034451536
29.3954463042
29.5864309599
29.7764045022
29.9653722843
30.1533396308
30.3403118382
30.526294175
30.7112918819
30.8953101715
31.0783542293
31.2604292129
31.4415402529
31.6216924525
31.8008908882
31.9791406092
32.1564466384
32.3328139717
32.508247579
32.6827524034
32.8563333623
33.0289953466
33.2007432218
33.3715818272
33.5415159767
33.7105504588
33.8786900364
34.0459394473
34.2123034043
34.3777865952
34.542393683
34.7061293058
34.8689980775
35.0310045873
35.1921534002
35.352449057
35.5118960746
35.6704989458
35.8282621398
35.9851901018
36.1412872539
36.2965579945
36.4510066988
36.6046377189
36.7574553837
36.9094639993
37.060667849
37.2110711934
37.3606782706
37.5094932961
37.6575204632
37.8047639431
37.9512278847
38.0969164151
38.2418336395
38.3859836413
38.5293704823
38.671998203
38.8138708222
38.9549923376
39.0953667257
39.234997942
39.373889921
39.5120465764
39.649471801
39.7861694673
39.9221434272
40.057397512
40.1919355329
40.325761281
40.4588785271
40.5912910223
40.7230024976
40.8540166643
40.9843372142
41.1139678195
41.2429121327
41.3711737874
41.4987563977
41.6256635585
41.7518988458
41.8774658167
42.0023680094
42.1266089433
42.2501921193
42.3731210198
42.4953991085
42.6170298311
42.7380166147
42.8583628687
42.978071984
43.0971473338
43.2155922734
43.3334101403
43.4506042544
43.567177918
43.6831344159
43.7984770154
43.9132089667
44.0273335026
44.1408538391
44.2537731747
44.3660946914
44.4778215541
44.5889569111
44.6995038939
44.8094656174
44.9188451803
45.0276456645
45.1358701358
45.2435216438
45.3506032218
45.4571178873
45.5630686414
45.6684584697
45.7732903419
45.8775672119
45.981292018
46.084467683
46.187097114
46.2891832031
46.3907288267
46.4917368461
46.5922101077
46.6921514425
46.7915636666
46.8904495813
46.988811973
47.0866536132
47.1839772591
47.2807856528
47.3770815224
47.4728675812
47.5681465282
47.6629210482
47.7571938118
47.8509674754
47.9442446813
48.0370280578
48.1293202194
48.2211237667
48.3124412865
48.403275352
48.4936285226
48.5835033444
48.6729023497
48.7618280578
48.8502829742
48.9382695915
49.025790389
49.1128478328
49.1994443759
49.2855824586
49.371264508
49.4564929384
49.5412701514
49.6255985358
49.7094804678
49.7929183111
49.8759144166
49.9584711232
50.040590757
50.1222756321
50.20352805
50.2843503004
50.3647446607
50.4447133961
50.52425876
50.6033829939
50.6820883273
50.7603769779
50.8382511518
50.9157130432
50.992764835
51.0694086982
51.1456467925
51.2214812661
51.2969142559
51.3719478875
51.446584275
51.5208255217
51.5946737194
51.6681309491
51.7411992806
51.8138807728
51.8861774738
51.9580914207
52.0296246399
52.100779147
52.171556947
52.2419600343
52.3119903927
52.3816499956
52.4509408057
52.5198647755
52.5884238472
52.6566199526
52.7244550133
52.7919309408
52.8590496364
52.9258129914
52.9922228869
53.0582811944
53.1239897752
53.1893504808
53.2543651529
53.3190356236
53.383363715
53.4473512399
53.5110000012
53.5743117924
53.6372883976
53.6999315912
53.7622431385
53.8242247952
53.8858783078
53.9472054137
54.0082078408
54.0688873081
54.1292455254
54.1892841935
54.2490050041
54.3084096401
54.3674997753
54.4262770748
54.4847431947
54.5428997826
54.6007484772
54.6582909085
54.715528698
54.7724634584
54.8290967941
54.8854303009
54.9414655661
54.9972041688
55.0526476794
55.1077976603
55.1626556655
55.2172232408
55.2715019237
55.3254932438
55.3791987223
55.4326198726
55.4857582
55.5386152019
55.5911923675
55.6434911784
55.6955131083
55.7472596231
55.7987321808
55.8499322319
55.900861219
55.9515205772
56.0019117341
56.0520361094
56.1018951157
56.1514901577
56.2008226331
56.2498939319
56.2987054368
56.3472585233
56.3955545593
56.443594906
56.4913809168
56.5389139383
56.5861953099
56.6332263638
56.6800084254
56.7265428128
56.7728308373
56.8188738031
56.8646730077
56.9102297416
56.9555452884
57.0006209252
57.0454579219
57.090057542
57.1344210423
57.1785496728
57.2224446769
57.2661072916
57.309538747
57.3527402672
57.3957130693
57.4384583643
57.4809773566
57.5232712443
57.5653412192
57.6071884667
57.648814166
57.69021949
57.7314056054
57.7723736728
57.8131248465
57.8536602749
57.8939811001
57.9340884582
57.9739834795
58.0136672881
58.0531410021
58.092405734
58.13146259
58.1703126707
58.2089570708
58.2473968793
58.2856331792
58.3236670481
58.3614995576
58.3991317737
58.4365647569
58.4737995619
58.5108372379
58.5476788287
58.5843253722
58.6207779011
58.6570374426
58.6931050184
58.7289816448
58.7646683327
58.8001660876
58.83547591
58.8705987946
58.9055357312
58.9402877043
58.974855693
59.0092406714
59.0434436085
59.077465468
59.1113072085
59.1449697836
59.1784541419
59.2117612269
59.2448919771
59.2778473261
59.3106282025
59.3432355299
59.3756702273
59.4079332084
59.4400253825
59.4719476538
59.5037009218
59.5352860812
59.5667040222
59.5979556298
59.6290417848
59.6599633631
59.690721236
59.7213162702
59.7517493278
59.7820212663
59.8121329387
59.8420851935
59.8718788748
59.9015148219
59.9309938701
59.9603168499
59.9894845876
60.0184979051
60.04735762
60.0760645454
60.1046194902
60.1330232591
60.1612766524
60.1893804663
60.2173354926
60.245142519
60.2728023291
60.3003157023
60.3276834139
60.354906235
60.3819849327
60.40892027
60.4357130059
60.4623638954
60.4888736894
60.5152431349
60.541472975
60.5675639488
60.5935167913
60.6193322341
60.6450110043
60.6705538258
60.6959614181
60.7212344972
60.7463737752
60.7713799606
60.7962537579
60.820995868
60.8456069882
60.8700878119
60.8944390288
60.9186613253
60.9427553838
60.9667218832
60.9905614989
61.0142749026
61.0378627625
61.0613257432
61.084664506
61.1078797083
61.1309720045
61.1539420451
61.1767904775
61.1995179454
61.2221250893
61.2446125461
61.2669809496
61.28923093
61.3113631143
61.333378126
61.3552765857
61.3770591102
61.3987263134
61.4202788059
61.4417171949
61.4630420844
61.4842540755
61.5053537658
61.5263417499
61.5472186191
61.5679849618
61.588641363
61.6091884048
61.6296266662
61.6499567231
61.6701791484
61.6902945119
61.7103033804
61.7302063176
61.7500038845
61.7696966389
61.7892851356
61.8087699267
61.8281515611
61.8474305851
61.8666075418
61.8856829716
61.9046574121
61.9235313978
61.9423054606
61.9609801296
61.9795559309
61.9980333879
62.0164130214
62.0346953492
62.0528808865
62.0709701456
62.0889636364
62.1068618658
62.1246653382
62.1423745553
62.1599900159
62.1775122166
62.1949416511
62.2122788104
62.229524183
62.2466782551
62.2637415098
62.280714428
62.297597488
62.3143911655
62.3310959337
62.3477122633
62.3642406225
62.3806814771
62.3970352903
62.413302523
62.4294836334
62.4455790776
62.4615893091
62.4775147791
62.4933559362
62.5091132269
62.5247870951
62.5403779826
62.5558863286
62.57131257
62.5866571417
62.601920476
62.617103003
62.6322051504
62.6472273438
62.6621700066
62.6770335597
62.691818422
62.7065250101
62.7211537384
62.7357050192
62.7501792623
62.7645768757
62.7788982651
62.7931438341
62.8073139839
62.821409114
62.8354296215
62.8493759014
62.8632483467
62.8770473484
62.8907732952
62.904426574
62.9180075694
62.9315166641
62.9449542388
62.9583206721
62.9716163407
62.9848416192
62.9979968803
63.0110824946
63.0240988309
63.0370462559
63.0499251345
63.0627358296
63.0754787022
63.0881541113
63.100762414
63.1133039658
63.1257791199
63.1381882279
63.1505316394
63.1628097023
63.1750227625
63.1871711642
63.1992552497
63.2112753594
63.2232318322
63.2351250048
63.2469552124
63.2587227884
63.2704280644
63.2820713702
63.2936530338
63.3051733816
63.3166327383
63.3280314266
63.3393697679
63.3506480817
63.3618666856
63.3730258959
63.3841260269
63.3951673915
63.4061503007
63.4170750641
63.4279419895
63.4387513831
63.4495035494
63.4601987915
63.4708374107
63.4814197068
63.4919459779
63.5024165208
63.5128316304
63.5231916001
63.533496722
63.5437472864
63.5539435821
63.5640858965
63.5741745153
63.5842097228
63.5941918018
63.6041210335
63.6139976978
63.6238220729
63.6335944357
63.6433150616
63.6529842243
63.6626021965
63.6721692491
63.6816856516
63.6911516723
63.7005675779
63.7099336337
63.7192501036
63.7285172501
63.7377353344
63.7469046162
63.7560253538
63.7650978044
63.7741222234
63.7830988653
63.7920279829
63.8009098279
63.8097446505
63.8185326996
63.827274223
63.8359694669
63.8446186763
63.853222095
63.8617799653
63.8702925285
63.8787600243
63.8871826914
63.8955607671
63.9038944876
63.9121840875
63.9204298005
63.928631859
63.936790494
63.9449059355
63.9529784121
63.9610081513
63.9689953794
63.9769403213
63.9848432011
63.9927042413
64.0005236636
64.0083016881
64.0160385341
64.0237344197
64.0313895615
64.0390041754
64.046578476
64.0541126766
64.0616069895
64.0690616259
64.0764767959
64.0838527084
64.0911895713
64.0984875913
64.105746974
64.112967924
64.1201506447
64.1272953386
64.134402207
64.14147145
64.1485032671
64.1554978561
64.1624554144
64.1693761378
64.1762602215
64.1831078594
64.1899192444
64.1966945685
64.2034340226
64.2101377966
64.2168060794
64.2234390589
64.2300369219
64.2365998545
64.2431280416
64.249621667
64.2560809138
64.262505964
64.2688969985
64.2752541976
64.2815777404
64.2878678049
64.2941245685
64.3003482075
64.3065388972
64.3126968121
64.3188221257
64.3249150105
64.3309756384
64.33700418
64.3430008052
64.348965683
64.3548989814
64.3608008677
64.3666715082
64.3725110683
64.3783197125
64.3840976045
64.3898449071
64.3955617823
64.4012483911
64.4069048938
64.4125314498
64.4181282176
64.4236953549
64.4292330186
64.4347413647
64.4402205485
64.4456707243
64.4510920458
64.4564846656
64.4618487357
64.4671844073
64.4724918307
64.4777711555
64.4830225305
64.4882461035
64.4934420218
64.4986104319
64.5037514792
64.5088653088
64.5139520647
64.5190118902
64.5240449279
64.5290513197
64.5340312065
64.5389847288
64.543912026
64.5488132372
64.5536885002
64.5585379526
64.5633617309
64.5681599712
64.5729328085
64.5776803775
64.5824028117
64.5871002445
64.591772808
64.5964206339
64.6010438533
64.6056425964
64.6102169927
64.6147671713
64.6192932602
64.623795387
64.6282736787
64.6327282613
64.6371592604
64.6415668008
64.6459510068
64.6503120019
64.6546499089
64.6589648501
64.6632569471
64.6675263209
64.6717730917
64.6759973791
64.6801993023
64.6843789796
64.6885365289
64.6926720671
64.696785711
64.7008775763
64.7049477785
64.7089964321
64.7130236513
64.7170295495
64.7210142397
64.7249778341
64.7289204443
64.7328421816
64.7367431563
64.7406234784
64.7444832573
64.7483226017
64.7521416198
64.7559404192
64.759719107
64.7634777896
64.7672165729
64.7709355623
64.7746348626
64.778314578
64.7819748122
64.7856156683
64.789237249
64.7928396562
64.7964229916
64.799987356
64.8035328499
64.8070595732
64.8105676253
64.8140571051
64.8175281107
64.8209807402
64.8244150906
64.8278312589
64.8312293413
64.8346094335
64.8379716308
64.8413160279
64.844642719
64.847951798
64.8512433579
64.8545174917
64.8577742915
64.8610138491
64.8642362558
64.8674416024
64.8706299792
64.873801476
64.8769561823
64.8800941869
64.8832155782
64.8863204442
64.8894088724
64.8924809499
64.895536763
64.8985763981
64.9015999407
64.904607476
64.9075990887
64.9105748633
64.9135348834
64.9164792326
64.9194079938
64.9223212495
64.9252190818
64.9281015723
64.9309688023
64.9338208527
64.9366578036
64.9394797351
64.9422867268
64.9450788576
64.9478562063
64.9506188511
64.9533668698
64.95610034
64.9588193386
64.9615239423
64.9642142272
64.9668902692
64.9695521436
64.9721999255
64.9748336895
64.9774535098
64.9800594602
64.9826516141
64.9852300446
64.9877948244
64.9903460257
64.9928837203
64.9954079799
64.9979188755
65.0004164779
65.0029008575
65.0053720842
65.0078302277
65.0102753573
65.0127075419
65.01512685
65.0175333497
65.0199271089
65.022308195
65.0246766752
65.0270326161
65.0293760842
65.0317071454
65.0340258656
65.0363323099
65.0386265434
65.0409086308
65.0431786363
65.0454366239
65.0476826572
65.0499167996
65.0521391139
65.0543496629
65.0565485087
65.0587357133
65.0609113385
65.0630754454
65.0652280951
65.0673693482
65.069499265
65.0716179056
65.0737253297
65.0758215966
65.0779067655
65.079980895
65.0820440436
65.0840962695
65.0861376305
65.088168184
65.0901879874
65.0921970976
65.094195571
65.0961834641
65.0981608329
65.1001277331
65.1020842201
65.104030349
65.1059661748
65.1078917518
65.1098071344
65.1117123766
65.113607532
65.1154926541
65.117367796
65.1192330104
65.12108835
65.122933867
65.1247696135
65.1265956411
65.1284120014
65.1302187455
65.1320159243
65.1338035884
65.1355817883
65.137350574
65.1391099953
65.1408601019
65.1426009431
65.1443325679
65.1460550251
65.1477683633
65.1494726306
65.1511678753
65.1528541449
65.1545314871
65.156199949
65.1578595778
65.1595104202
65.1611525226
65.1627859314
65.1644106926
65.1660268519
65.167634455
65.169233547
65.1708241732
65.1724063782
65.1739802067
65.175545703
65.1771029112
65.1786518753
65.1801926388
65.1817252452
65.1832497376
65.184766159
65.1862745522
65.1877749596
65.1892674236
65.1907519861
65.1922286891
65.193697574
65.1951586824
65.1966120554
65.1980577339
65.1994957586
65.2009261702
65.2023490089
65.2037643147
65.2051721276
65.2065724873
65.2079654331
65.2093510044
65.2107292402
65.2121001793
65.2134638604
65.2148203219
65.2161696019
65.2175117386
65.2188467697
65.2201747329
65.2214956656
65.222809605
65.2241165881
65.2254166517
65.2267098326
65.227996167
65.2292756914
65.2305484417
65.2318144537
65.2330737632
65.2343264057
65.2355724164
65.2368118305
65.2380446828
65.2392710082
65.2404908411
65.241704216
65.242911167
65.2441117282
65.2453059333
65.2464938161
65.2476754099
65.2488507482
65.2500198639
65.2511827901
65.2523395596
65.2534902048
65.2546347583
65.2557732523
65.2569057188
65.2580321899
65.2591526971
65.2602672722
65.2613759464
65.2624787511
65.2635757173
65.264666876
65.2657522578
65.2668318934
65.2679058131
65.2689740473
65.270036626
65.2710935793
65.2721449367
65.2731907281
65.2742309829
65.2752657303
65.2762949995
65.2773188195
65.2783372193
65.2793502274
65.2803578724
65.2813601828
65.2823571867
65.2833489122
65.2843353874
65.2853166399
65.2862926975
65.2872635876
65.2882293376
65.2891899748
65.2901455261
65.2910960185
65.2920414789
65.2929819337
65.2939174096
65.2948479329
65.2957735298
65.2966942263
65.2976100486
65.2985210222
65.299427173
65.3003285264
65.3012251079
65.3021169427
65.3030040559
65.3038864725
65.3047642174
65.3056373154
65.306505791
65.3073696687
65.3082289729
65.3090837277
65.3099339573
65.3107796855
65.3116209364
65.3124577334
65.3132901003
65.3141180604
65.3149416371
65.3157608537
65.3165757331
65.3173862984
65.3181925724
65.3189945778
65.3197923373
65.3205858732
65.3213752079
65.3221603638
65.3229413629
65.3237182272
65.3244909786
65.3252596389
65.3260242298
65.3267847727
65.3275412892
65.3282938005
65.3290423279
65.3297868924
65.330527515
65.3312642166
65.3319970179
65.3327259397
65.3334510023
65.3341722264
65.3348896321
65.3356032397
65.3363130694
65.337019141
65.3377214746
65.3384200898
65.3391150064
65.339806244
65.3404938221
65.3411777599
65.3418580769
65.3425347921
65.3432079246
65.3438774934
65.3445435174
65.3452060153
65.3458650058
65.3465205075
65.3471725388
65.3478211181
65.3484662637
65.3491079937
65.3497463263
65.3503812795
65.351012871
65.3516411188
65.3522660405
65.3528876537
65.353505976
65.3541210247
65.3547328173
65.3553413709
65.3559467027
65.3565488297
65.3571477689
65.3577435372
65.3583361514
65.3589256282
65.3595119842
65.3600952358
65.3606753996
65.3612524919
65.361826529
65.3623975269
65.3629655019
65.3635304699
65.3640924469
65.3646514486
65.3652074909
65.3657605893
65.3663107595
65.366858017
65.3674023772
65.3679438555
65.368482467
65.369018227
65.3695511506
65.3700812528
65.3706085485
65.3711330526
65.3716547799
65.372173745
65.3726899626
65.3732034473
65.3737142134
65.3742222755
65.3747276477
65.3752303444
65.3757303798
65.3762277678
65.3767225225
65.377214658
65.3777041879
65.3781911262
65.3786754865
65.3791572825
65.3796365278
65.3801132358
65.3805874201
65.3810590939
65.3815282706
65.3819949634
65.3824591854
65.3829209497
65.3833802693
65.3838371572
65.3842916262
65.3847436892
65.3851933589
65.3856406479
65.3860855689
65.3865281343
65.3869683567
65.3874062485
65.387841822
65.3882750895
65.3887060632
65.3891347552
65.3895611776
65.3899853425
65.3904072617
65.3908269472
65.3912444108
65.3916596643
65.3920727193
65.3924835875
65.3928922805
65.3932988098
65.3937031868
65.394105423
65.3945055296
65.394903518
65.3952993994
65.3956931849
65.3960848856
65.3964745125
65.3968620767
65.3972475891
65.3976310604
65.3980125016
65.3983919233
65.3987693363
65.3991447512
65.3995181786
65.399889629
65.4002591128
65.4006266405
65.4009922225
65.4013558689
65.4017175902
65.4020773964
65.4024352977
65.4027913043
65.403145426
65.403497673
65.403848055
65.4041965821
65.404543264
65.4048881105
65.4052311314
65.4055723361
65.4059117345
65.406249336
65.4065851502
65.4069191866
65.4072514544
65.4075819632
65.4079107222
65.4082377406
65.4085630278
65.4088865928
65.4092084448
65.4095285929
65.409847046
65.4101638131
65.4104789032
65.4107923252
65.4111040879
65.4114142
65.4117226703
65.4120295075
65.4123347202
65.4126383171
65.4129403067
65.4132406974
65.4135394979
65.4138367164
65.4141323614
65.4144264412
65.414718964
65.4150099382
65.4152993719
65.4155872733
65.4158736505
65.4161585115
65.4164418644
65.4167237172
65.4170040778
65.4172829541
65.417560354
65.4178362852
65.4181107557
65.418383773
65.4186553449
65.418925479
65.419194183
65.4194614645
65.4197273308
65.4199917897
65.4202548484
65.4205165144
65.4207767952
65.4210356979
65.4212932299
65.4215493986
65.421804211
65.4220576744
65.4223097959
65.4225605826
65.4228100416
65.4230581799
65.4233050045
65.4235505223
65.4237947404
65.4240376655
65.4242793045
65.4245196642
65.4247587514
65.4249965728
65.4252331351
65.4254684451
65.4257025092
65.4259353342
65.4261669265
65.4263972927
65.4266264394
65.4268543728
65.4270810996
65.427306626
65.4275309584
65.4277541032
65.4279760666
65.4281968549
65.4284164742
65.4286349309
65.428852231
65.4290683806
65.429283386
65.429497253
65.4297099878
65.4299215963
65.4301320845
65.4303414584
65.4305497238
65.4307568865
65.4309629526
65.4311679276
65.4313718175
65.4315746279
65.4317763647
65.4319770333
65.4321766396
65.4323751892
65.4325726876
65.4327691403
65.432964553
65.4331589312
65.4333522803
65.4335446057
65.433735913
65.4339262074
65.4341154944
65.4343037792
65.4344910672
65.4346773637
65.4348626738
65.4350470029
65.4352303562
65.4354127387
65.4355941556
65.4357746121
65.4359541132
65.436132664
65.4363102695
65.4364869348
65.4366626647
65.4368374643
65.4370113384
65.437184292
65.43735633
65.4375274571
65.4376976783
65.4378669983
65.4380354219
65.4382029538
65.4383695987
65.4385353614
65.4387002466
65.4388642587
65.4390274026
65.4391896827
65.4393511037
65.4395116702
65.4396713865
65.4398302572
65.4399882869
65.4401454799
65.4403018407
65.4404573737
65.4406120833
65.4407659738
65.4409190496
65.441071315
65.4412227742
65.4413734316
65.4415232914
65.4416723577
65.4418206349
65.4419681271
65.4421148384
65.442260773
65.442405935
65.4425503285
65.4426939575
65.4428368262
65.4429789384
65.4431202983
65.4432609098
65.4434007768
65.4435399034
65.4436782934
65.4438159508
65.4439528793
65.4440890829
65.4442245655
65.4443593307
65.4444933825
65.4446267246
65.4447593608
65.4448912947
65.4450225302
65.4451530708
65.4452829204
65.4454120825
65.4455405608
65.4456683589
65.4457954804
65.4459219289
65.446047708
65.4461728211
65.4462972719
65.4464210638
65.4465442004
65.446666685
65.4467885211
65.4469097123
65.4470302618
65.4471501731
65.4472694496
65.4473880946
65.4475061115
65.4476235035
65.4477402741
65.4478564264
65.4479719638
65.4480868896
65.4482012069
65.448314919
65.448428029
65.4485405403
65.4486524558
65.4487637789
65.4488745126
65.4489846601
65.4490942244
65.4492032086
65.4493116159
65.4494194492
65.4495267117
65.4496334062
65.449739536
65.4498451038
65.4499501127
65.4500545657
65.4501584657
65.4502618157
65.4503646184
65.450466877
65.4505685941
65.4506697727
65.4507704157
65.4508705258
65.450970106
65.4510691589
65.4511676874
65.4512656943
65.4513631824
65.4514601543
65.4515566128
65.4516525606
65.4517480005
65.4518429351
65.4519373671
65.4520312992
65.4521247339
65.452217674
65.452310122
65.4524020807
65.4524935524
65.4525845399
65.4526750457
65.4527650723
65.4528546223
65.4529436982
65.4530323025
65.4531204378
65.4532081064
65.4532953109
65.4533820537
65.4534683373
65.453554164
65.4536395364
65.4537244568
65.4538089276
65.4538929513
65.45397653
65.4540596663
65.4541423625
65.4542246208
65.4543064437
65.4543878333
65.4544687921
65.4545493222
65.454629426
65.4547091058
65.4547883636
65.4548672019
65.4549456228
65.4550236285
65.4551012212
65.4551784032
65.4552551765
65.4553315433
65.4554075059
65.4554830663
65.4555582267
65.4556329891
65.4557073558
65.4557813287
65.45585491
65.4559281017
65.456000906
65.4560733248
65.4561453602
65.4562170143
65.456288289
65.4563591863
65.4564297083
65.4564998569
65.4565696342
65.4566390421
65.4567080824
65.4567767573
65.4568450686
65.4569130182
65.4569806081
65.4570478402
65.4571147163
65.4571812384
65.4572474083
65.4573132278
65.4573786989
65.4574438234
65.4575086031
65.4575730399
65.4576371355
65.4577008917
65.4577643105
65.4578273934
65.4578901424
65.4579525592
65.4580146456
65.4580764032
65.4581378339
65.4581989394
65.4582597213
65.4583201815
65.4583803216
65.4584401433
65.4584996482
65.4585588382
65.4586177148
65.4586762796
65.4587345344
65.4587924809
65.4588501205
65.4589074549
65.4589644859
65.4590212149
65.4590776435
65.4591337734
65.4591896062
65.4592451433
65.4593003865
65.4593553371
65.4594099969
65.4594643672
65.4595184497
65.4595722459
65.4596257573
65.4596789854
65.4597319317
65.4597845976
65.4598369848
65.4598890946
65.4599409285
65.459992488
65.4600437745
65.4600947895
65.4601455345
65.4601960107
65.4602462198
65.460296163
65.4603458418
65.4603952576
65.4604444118
65.4604933057
65.4605419408
65.4605903184
65.4606384399
65.4606863067
65.46073392
65.4607812812
65.4608283917
65.4608752528
65.4609218658
65.460968232
65.4610143527
65.4610602293
65.4611058629
65.461151255
65.4611964068
65.4612413195
65.4612859945
65.4613304329
65.4613746361
65.4614186052
65.4614623416
65.4615058464
65.4615491209
65.4615921663
65.4616349838
65.4616775746
65.4617199399
65.4617620809
65.4618039989
65.4618456949
65.4618871701
65.4619284258
65.4619694631
65.4620102831
65.462050887
65.4620912759
65.462131451
65.4621714134
65.4622111642
65.4622507046
65.4622900357
65.4623291585
65.4623680742
65.4624067839
65.4624452886
65.4624835895
65.4625216876
65.462559584
65.4625972798
65.462634776
65.4626720737
65.4627091739
65.4627460778
65.4627827862
65.4628193003
65.4628556211
65.4628917496
65.4629276868
65.4629634338
65.4629989915
65.4630343609
65.4630695431
65.4631045391
65.4631393498
65.4631739761
65.4632084192
65.4632426799
65.4632767592
65.4633106581
65.4633443776
65.4633779185
65.4634112818
65.4634444685
65.4634774795
65.4635103158
65.4635429782
65.4635754677
65.4636077851
65.4636399315
65.4636719077
65.4637037146
65.4637353531
65.4637668241
65.4637981285
65.4638292672
65.463860241
65.4638910508
65.4639216975
65.463952182
65.4639825051
65.4640126676
65.4640426704
65.4640725144
65.4641022004
65.4641317293
65.4641611018
65.4641903188
65.4642193811
65.4642482896
65.464277045
65.4643056482
65.4643340999
65.464362401
65.4643905523
65.4644185545
65.4644464085
65.4644741151
65.4645016749
65.4645290889
65.4645563577
65.4645834821
65.4646104629
65.4646373009
65.4646639968
65.4646905514
65.4647169654
65.4647432395
65.4647693746
65.4647953712
65.4648212303
65.4648469524
65.4648725384
65.4648979889
65.4649233047
65.4649484864
65.4649735348
65.4649984506
65.4650232345
65.4650478872
65.4650724094
65.4650968017
65.465121065
65.4651451997
65.4651692067
65.4651930866
65.46521684
65.4652404677
65.4652639703
65.4652873485
65.4653106029
65.4653337342
65.4653567431
65.4653796301
65.465402396
65.4654250413
65.4654475667
65.4654699729
65.4654922605
65.46551443
65.4655364822
65.4655584177
65.465580237
65.4656019408
65.4656235297
65.4656450043
65.4656663652
65.465687613
65.4657087483
65.4657297718
65.4657506839
65.4657714853
65.4657921766
65.4658127584
65.4658332311
65.4658535955
65.4658738521
65.4658940015
65.4659140441
65.4659339807
65.4659538117
65.4659735377
65.4659931593
65.466012677
65.4660320914
65.4660514029
65.4660706123
65.4660897199
65.4661087264
65.4661276323
65.4661464381
65.4661651443
65.4661837515
65.4662022601
65.4662206708
65.466238984
65.4662572003
65.4662753201
65.466293344
65.4663112724
65.466329106
65.4663468451
65.4663644903
65.4663820421
65.466399501
65.4664168674
65.4664341419
65.466451325
65.466468417
65.4664854186
65.4665023302
65.4665191522
65.4665358852
65.4665525296
65.4665690859
65.4665855545
65.466601936
65.4666182307
65.4666344391
65.4666505617
65.466666599
