5.56302356122
6.00350912441
6.44064478218
6.87445601064
7.30496809219
7.73220611692
8.15619498414
8.57695940377
8.99452389785
9.40891280189
9.82015026635
10.228260258
10.6332665614
11.0351927802
11.4340623384
11.8298984822
12.2227242806
12.6125626275
12.9994362425
13.3833676725
13.7643792929
14.142493309
14.517731757
14.8901165057
15.2596692577
15.6264115504
15.9903647573
16.3515500896
16.709988597
17.0657011692
17.418708537
17.7690312736
18.1166897956
18.4617043646
18.8040950878
19.1438819196
19.4810846628
19.8157229694
20.147816342
20.477384135
20.8044455553
21.1290196641
21.4511253774
21.7707814675
22.0880065637
22.402819154
22.7152375854
23.0252800656
23.3329646638
23.6383093118
23.9413318048
24.2420498031
24.5404808323
24.8366422849
25.1305514212
25.4222253699
25.7116811299
25.9989355704
26.2840054326
26.5669073303
26.8476577509
27.1262730564
27.4027694845
27.6771631492
27.9494700423
28.2197060335
28.4878868722
28.7540281879
29.0181454912
29.2802541748
29.5403695142
29.798506669
30.0546806833
30.3089064868
30.5611988958
30.8115726137
31.0600422322
31.3066222321
31.551326984
31.7941707491
32.0351676805
32.2743318232
32.5116771157
32.7472173904
32.9809663745
33.2129376908
33.4431448585
33.6716012942
33.898320312
34.1233151251
34.3465988462
34.5681844881
34.7880849649
35.0063130921
35.2228815882
35.4378030746
35.6510900768
35.8627550253
36.0728102557
36.28126801
36.4881404371
36.6934395934
36.8971774437
37.0993658618
37.300016631
37.4991414454
37.6967519099
37.892859541
38.087475768
38.2806119329
38.4722792917
38.6624890147
38.8512521873
39.0385798105
39.2244828017
39.4089719953
39.5920581432
39.7737519158
39.9540639019
40.1330046101
40.3105844691
40.4868138282
40.6617029579
40.8352620507
41.0075012216
41.1784305086
41.3480598735
41.5163992021
41.6834583053
41.8492469192
42.0137747058
42.177051254
42.3390860792
42.4998886249
42.6594682627
42.8178342926
42.9749959444
43.1309623772
43.2857426808
43.4393458758
43.591780914
43.7430566793
43.8931819881
44.0421655895
44.1900161664
44.3367423354
44.4823526476
44.6268555892
44.7702595817
44.9125729827
45.0538040862
45.1939611231
45.3330522617
45.4710856081
45.608069207
45.7440110416
45.8789190347
46.0128010486
46.1456648859
46.2775182899
46.4083689449
46.5382244769
46.6670924539
46.7949803861
46.921895727
47.047845873
47.1728381645
47.296879886
47.4199782667
47.5421404806
47.6633736474
47.7836848324
47.9030810473
48.0215692507
48.1391563478
48.2558491916
48.371654583
48.4865792711
48.6006299535
48.7138132773
48.8261358386
48.9376041835
49.0482248085
49.1580041605
49.2669486373
49.3750645882
49.4823583142
49.5888360683
49.694504056
49.7993684356
49.9034353185
50.0067107699
50.1092008084
50.2109114072
50.311848494
50.4120179513
50.511425617
50.6100772846
50.7079787033
50.805135579
50.9015535738
50.997238307
51.092195355
51.1864302519
51.2799484897
51.3727555186
51.4648567473
51.5562575436
51.6469632342
51.7369791053
51.8263104032
51.914962334
52.0029400643
52.0902487214
52.1768933936
52.2628791306
52.3482109436
52.4328938057
52.5169326522
52.6003323808
52.6830978521
52.7652338896
52.8467452801
52.9276367742
53.0079130861
53.0875788943
53.1666388418
53.2450975361
53.3229595497
53.4002294205
53.4769116517
53.5530107123
53.6285310374
53.7034770282
53.7778530526
53.8516634451
53.9249125075
53.9976045087
54.0697436851
54.141334241
54.2123803486
54.2828861485
54.3528557498
54.4222932303
54.4912026367
54.5595879851
54.6274532609
54.6948024193
54.7616393855
54.8279680546
54.8937922922
54.9591159347
55.0239427889
55.088276633
55.1521212164
55.2154802599
55.2783574561
55.3407564693
55.4026809363
55.4641344658
55.5251206396
55.5856430117
55.6457051094
55.7053104331
55.7644624567
55.8231646273
55.8814203663
55.9392330687
55.9966061038
56.0535428154
56.1100465216
56.1661205155
56.221768065
56.2769924133
56.3317967789
56.3861843557
56.4401583134
56.4937217975
56.5468779299
56.5996298083
56.6519805071
56.7039330774
56.7554905469
56.8066559203
56.8574321796
56.907822284
56.9578291702
57.0074557525
57.0567049233
57.1055795527
57.1540824891
57.2022165593
57.2499845685
57.2973893007
57.3444335184
57.3911199635
57.4374513569
57.4834303987
57.5290597685
57.5743421257
57.6192801092
57.6638763381
57.7081334113
57.7520539083
57.7956403886
57.8388953924
57.8818214407
57.9244210352
57.9666966585
58.0086507745
58.0502858282
58.0916042461
58.1326084363
58.1733007884
58.213683674
58.2537594466
58.2935304418
58.3329989774
58.3721673537
58.4110378533
58.4496127417
58.4878942669
58.52588466
58.5635861351
58.6010008893
58.6381311033
58.674978941
58.7115465497
58.7478360608
58.783849589
58.8195892334
58.8550570767
58.8902551861
58.9251856128
58.9598503926
58.9942515457
59.0283910771
59.0622709764
59.095893218
59.1292597615
59.1623725516
59.1952335178
59.2278445755
59.2602076252
59.2923245529
59.3241972305
59.3558275154
59.3872172511
59.4183682669
59.4492823784
59.4799613872
59.5104070812
59.5406212348
59.5706056089
59.600361951
59.6298919953
59.6591974627
59.6882800612
59.7171414857
59.7457834182
59.774207528
59.8024154716
59.830408893
59.8581894236
59.8857586825
59.9131182764
59.9402697997
59.967214835
59.9939549524
60.0204917105
60.0468266558
60.0729613231
60.0988972355
60.1246359045
60.1501788302
60.1755275012
60.2006833949
60.2256479772
60.2504227032
60.2750090166
60.2994083505
60.3236221266
60.3476517564
60.3714986401
60.3951641675
60.418649718
60.4419566601
60.4650863523
60.4880401425
60.5108193685
60.5334253578
60.5558594279
60.5781228862
60.6002170303
60.6221431478
60.6439025166
60.6654964047
60.6869260707
60.7081927634
60.7292977224
60.7502421775
60.7710273494
60.7916544495
60.8121246799
60.8324392336
60.8525992945
60.8726060376
60.8924606288
60.9121642253
60.9317179754
60.9511230187
60.970380486
60.9894914997
61.0084571736
61.027278613
61.0459569149
61.0644931677
61.0828884517
61.1011438391
61.1192603938
61.1372391715
61.1550812201
61.1727875795
61.1903592814
61.20779735
61.2251028017
61.2422766448
61.2593198804
61.2762335017
61.2930184944
61.3096758368
61.3262064996
61.3426114462
61.3588916327
61.3750480079
61.3910815135
61.4069930838
61.4227836461
61.4384541207
61.4540054209
61.4694384531
61.4847541165
61.499953304
61.5150369011
61.5300057871
61.5448608342
61.5596029083
61.5742328685
61.5887515674
61.6031598512
61.6174585596
61.6316485259
61.6457305771
61.6597055339
61.6735742107
61.6873374159
61.7009959514
61.7145506135
61.7280021919
61.7413514707
61.7545992278
61.7677462353
61.7807932595
61.7937410607
61.8065903935
61.8193420067
61.8319966436
61.8445550415
61.8570179325
61.8693860429
61.8816600934
61.8938407994
61.9059288708
61.917925012
61.9298299222
61.9416442953
61.9533688197
61.9650041788
61.9765510506
61.9880101081
61.9993820192
62.0106674466
62.0218670479
62.032981476
62.0440113785
62.0549573983
62.0658201733
62.0766003365
62.0872985164
62.0979153362
62.1084514148
62.1189073663
62.1292837999
62.1395813205
62.1498005281
62.1599420184
62.1700063823
62.1799942064
62.1899060729
62.1997425593
62.209504239
62.2191916808
62.2288054493
62.2383461049
62.2478142034
62.2572102969
62.2665349327
62.2757886544
62.2849720014
62.2940855086
62.3031297075
62.3121051249
62.321012284
62.3298517039
62.3386238997
62.3473293828
62.3559686604
62.364542236
62.3730506094
62.3814942763
62.3898737289
62.3981894556
62.4064419409
62.4146316658
62.4227591076
62.4308247399
62.4388290329
62.4467724531
62.4546554632
62.4624785229
62.470242088
62.4779466109
62.4855925407
62.493180323
62.5007104
62.5081832106
62.5155991902
62.522958771
62.5302623821
62.5375104489
62.544703394
62.5518416366
62.5589255926
62.5659556749
62.5729322932
62.5798558542
62.5867267613
62.5935454149
62.6003122125
62.6070275484
62.6136918139
62.6203053975
62.6268686847
62.6333820578
62.6398458966
62.6462605776
62.6526264749
62.6589439593
62.665213399
62.6714351595
62.6776096033
62.6837370903
62.6898179776
62.6958526196
62.7018413679
62.7077845716
62.7136825771
62.7195357281
62.7253443657
62.7311088284
62.7368294523
62.7425065706
62.7481405143
62.7537316116
62.7592801886
62.7647865684
62.770251072
62.775674018
62.7810557223
62.7863964985
62.7916966581
62.7969565097
62.80217636
62.8073565132
62.8124972712
62.8175989336
62.8226617977
62.8276861586
62.832672309
62.8376205397
62.8425311389
62.8474043928
62.8522405855
62.8570399989
62.8618029125
62.8665296041
62.871220349
62.8758754207
62.8804950904
62.8850796274
62.8896292989
62.8941443699
62.8986251038
62.9030717615
62.9074846023
62.9118638833
62.9162098597
62.9205227848
62.9248029101
62.9290504848
62.9332657567
62.9374489712
62.9416003723
62.9457202019
62.9498087
62.953866105
62.9578926533
62.9618885796
62.9658541168
62.969789496
62.9736949464
62.9775706958
62.9814169701
62.9852339932
62.9890219879
62.9927811747
62.9965117728
63.0002139996
63.0038880708
63.0075342006
63.0111526015
63.0147434844
63.0183070585
63.0218435315
63.0253531095
63.0288359971
63.0322923972
63.0357225113
63.0391265393
63.0425046796
63.045857129
63.0491840829
63.0524857352
63.0557622784
63.0590139034
63.0622407997
63.0654431553
63.0686211569
63.0717749898
63.0749048376
63.0780108829
63.0810933066
63.0841522883
63.0871880065
63.0902006379
63.0931903581
63.0961573415
63.0991017608
63.1020237878
63.1049235927
63.1078013444
63.1106572108
63.1134913582
63.1163039519
63.1190951557
63.1218651323
63.1246140432
63.1273420485
63.1300493072
63.1327359772
63.135402215
63.138048176
63.1406740143
63.1432798831
63.1458659341
63.1484323182
63.1509791849
63.1535066825
63.1560149585
63.1585041589
63.1609744289
63.1634259125
63.1658587524
63.1682730905
63.1706690675
63.173046823
63.1754064957
63.1777482229
63.1800721413
63.1823783861
63.184667092
63.1869383921
63.189192419
63.1914293039
63.1936491772
63.1958521683
63.1980384056
63.2002080166
63.2023611275
63.204497864
63.2066183506
63.2087227108
63.2108110672
63.2128835417
63.2149402549
63.2169813268
63.2190068763
63.2210170214
63.2230118792
63.2249915662
63.2269561975
63.2289058878
63.2308407506
63.2327608988
63.2346664441
63.2365574978
63.2384341699
63.2402965698
63.2421448062
63.2439789867
63.2457992182
63.2476056067
63.2493982576
63.2511772754
63.2529427637
63.2546948254
63.2564335626
63.2581590767
63.2598714681
63.2615708368
63.2632572818
63.2649309013
63.2665917928
63.2682400533
63.2698757786
63.2714990642
63.2731100047
63.274708694
63.2762952251
63.2778696907
63.2794321824
63.2809827913
63.2825216077
63.2840487215
63.2855642215
63.287068196
63.2885607328
63.2900419188
63.2915118404
63.2929705831
63.2944182321
63.2958548717
63.2972805855
63.2986954568
63.3000995679
63.3014930008
63.3028758365
63.3042481557
63.3056100384
63.306961564
63.3083028111
63.3096338581
63.3109547824
63.312265661
63.3135665703
63.3148575862
63.3161387839
63.317410238
63.3186720227
63.3199242115
63.3211668773
63.3224000927
63.3236239294
63.3248384588
63.3260437516
63.3272398782
63.3284269082
63.3296049108
63.3307739546
63.3319341079
63.3330854381
63.3342280124
63.3353618975
63.3364871593
63.3376038634
63.338712075
63.3398118586
63.3409032783
63.3419863978
63.34306128
63.3441279878
