-1.79818776771
-1.69365069281
-1.58967717928
-1.48626418895
-1.38340870003
-1.28110770701
-1.1793582206
-1.07815726761
-0.977501890896
-0.87738914924
-0.777816117288
-0.678779885453
-0.580277559836
-0.482306262138
-0.384863129578
-0.287945314807
-0.191549985828
-0.0956743259086
-0.000315533503819
0.0945291778292
0.188862579511
0.282687428023
0.376006464983
0.468822417233
0.56113799691
0.652955901534
0.744278814079
0.835109403058
0.925450322597
1.01530421251
1.10467369839
1.19356139166
1.28196988968
1.3699017758
1.45735961944
1.54434597617
1.6308633878
1.7169143824
1.80250147445
1.88762716485
1.97229394102
2.05650427699
2.14026063343
2.22356545775
2.30642118417
2.38883023378
2.47079501464
2.55231792179
2.6334013374
2.71404763076
2.79425915842
2.87403826419
2.95338727929
3.03230852232
3.11080429943
3.1888769043
3.26652861827
3.34376171037
3.42057843739
3.49698104396
3.57297176263
3.64855281388
3.72372640624
3.79849473632
3.87285998891
3.946824337
4.02038994188
4.09355895318
4.16633350894
4.23871573567
4.31070774845
4.3823116509
4.45352953535
4.52436348282
4.59481556313
4.66488783493
4.73458234577
4.80390113217
4.87284621967
4.94141962289
5.00962334558
5.07745938069
5.14492971045
5.21203630637
5.27878112935
5.34516612971
5.41119324727
5.47686441137
5.54218154098
5.60714654469
5.67176132082
5.73602775746
5.79994773252
5.86352311376
5.92675575892
5.98964751567
6.05220022176
6.11441570502
6.17629578342
6.23784226514
6.29905694859
6.35994162252
6.42049806601
6.48072804855
6.54063333011
6.60021566115
6.6594767827
6.71841842642
6.77704231461
6.83535016029
6.89334366727
6.95102453014
7.00839443438
7.06545505637
7.12220806346
7.178655114
7.23479785741
7.29063793422
7.34617697611
7.40141660596
7.45635843792
7.5110040774
7.56535512121
7.61941315749
7.67317976587
7.72665651744
7.77984497481
7.8327466922
7.88536321542
7.93769608195
7.98974682101
8.04151695353
8.09300799228
8.14422144186
8.19515879875
8.24582155137
8.29621118013
8.34632915744
8.39617694778
8.44575600772
8.49506778601
8.54411372355
8.59289525351
8.64141380131
8.6896707847
8.73766761376
8.785405691
8.83288641135
8.88011116224
8.92708132359
8.9737982679
9.02026336027
9.06647795844
9.11244341283
9.15816106658
9.20363225558
9.24885830853
9.29384054697
9.3385802853
9.38307883085
9.42733748389
9.47135753768
9.51514027852
9.55868698577
9.60199893189
9.64507738248
9.68792359632
9.73053882541
9.77292431498
9.81508130356
9.85701102301
9.89871469855
9.94019354877
9.98144878572
10.0224816149
10.0632932353
10.1038848395
10.1442576136
10.1844127373
10.2243513839
10.2640747205
10.3035839079
10.3428801005
10.3819644465
10.4208380881
10.4595021612
10.4979577955
10.5362061147
10.5742482365
10.6120852725
10.6497183284
10.6871485037
10.7243768922
10.7614045818
10.7982326543
10.8348621861
10.8712942473
10.9075299026
10.9435702108
10.979416225
11.0150689926
11.0505295555
11.0857989498
11.1208782062
11.1557683496
11.1904703996
11.2249853701
11.2593142698
11.2934581018
11.3274178637
11.3611945478
11.3947891412
11.4282026255
11.4614359771
11.4944901671
11.5273661613
11.5600649203
11.5925873998
11.6249345499
11.6571073159
11.689106638
11.720933451
11.7525886851
11.7840732653
11.8153881115
11.8465341387
11.8775122571
11.9083233719
11.9389683833
11.969448187
11.9997636734
12.0299157285
12.0599052332
12.089733064
12.1194000923
12.1489071852
12.1782552047
12.2074450085
12.2364774495
12.2653533761
12.294073632
12.3226390564
12.3510504841
12.3793087453
12.4074146656
12.4353690664
12.4631727644
12.4908265722
12.5183312978
12.5456877449
12.5728967129
12.5999589968
12.6268753874
12.6536466712
12.6802736305
12.7067570434
12.7330976837
12.7592963211
12.7853537211
12.8112706452
12.8370478507
12.8626860907
12.8881861146
12.9135486673
12.93877449
12.9638643198
12.9888188898
13.0136389293
13.0383251635
13.0628783137
13.0872990974
13.1115882282
13.1357464159
13.1597743663
13.1836727815
13.20744236
13.2310837961
13.2545977809
13.2779850013
13.3012461408
13.324381879
13.347392892
13.3702798522
13.3930434283
13.4156842856
13.4382030856
13.4606004863
13.4828771422
13.5050337042
13.5270708198
13.5489891328
13.5707892838
13.5924719098
13.6140376443
13.6354871176
13.6568209563
13.6780397839
13.6991442203
13.7201348824
13.7410123834
13.7617773334
13.7824303392
13.8029720042
13.8234029287
13.8437237096
13.8639349409
13.8840372131
13.9040311135
13.9239172264
13.9436961329
13.9633684109
13.9829346353
14.0023953778
14.0217512071
14.0410026887
14.0601503852
14.0791948562
14.098136658
14.1169763442
14.1357144653
14.1543515688
14.1728881994
14.1913248986
14.2096622052
14.2279006551
14.2460407811
14.2640831133
14.282028179
14.2998765025
14.3176286054
14.3352850063
14.3528462212
14.3703127633
14.3876851429
14.4049638677
14.4221494426
14.4392423697
14.4562431485
14.4731522758
14.4899702456
14.5066975495
14.5233346761
14.5398821117
14.5563403397
14.5727098411
14.5889910942
14.6051845748
14.621290756
14.6373101084
14.6532431003
14.669090197
14.6848518618
14.7005285551
14.7161207351
14.7316288574
14.747053375
14.7623947388
14.777653397
14.7928297955
14.8079243777
14.8229375848
14.8378698553
14.8527216257
14.86749333
14.8821853997
14.8967982641
14.9113323504
14.925788083
14.9401658846
14.9544661752
14.9686893726
14.9828358925
14.9969061482
15.0109005509
15.0248195095
15.0386634308
15.0524327192
15.0661277771
15.0797490047
15.0932968
15.1067715588
15.120173675
15.1335035402
15.1467615437
15.1599480731
15.1730635137
15.1861082487
15.1990826593
15.2119871246
15.2248220216
15.2375877255
15.2502846092
15.2629130438
15.2754733983
15.2879660396
15.3003913329
15.3127496412
15.3250413256
15.3372667453
15.3494262575
15.3615202176
15.3735489789
15.3855128929
15.3974123092
15.4092475756
15.4210190378
15.4327270398
15.4443719238
15.4559540299
15.4674736968
15.4789312608
15.4903270569
15.5016614181
15.5129346755
15.5241471586
15.5352991949
15.5463911105
15.5574232292
15.5683958737
15.5793093643
15.5901640202
15.6009601584
15.6116980944
15.622378142
15.6330006132
15.6435658185
15.6540740666
15.6645256645
15.6749209176
15.6852601298
15.695543603
15.7057716379
15.7159445332
15.7260625862
15.7361260927
15.7461353465
15.7560906403
15.7659922649
15.7758405097
15.7856356624
15.7953780092
15.8050678349
15.8147054225
15.8242910537
15.8338250086
15.8433075657
15.8527390022
15.8621195937
15.8714496142
15.8807293363
15.8899590314
15.8991389689
15.9082694173
15.9173506432
15.926382912
15.9353664878
15.9443016329
15.9531886084
15.9620276741
15.9708190882
15.9795631077
15.988259988
15.9969099832
16.0055133461
16.0140703281
16.0225811793
16.0310461484
16.0394654826
16.047839428
16.0561682293
16.0644521299
16.0726913718
16.0808861959
16.0890368414
16.0971435467
16.1052065486
16.1132260827
16.1212023833
16.1291356835
16.1370262152
16.1448742088
16.1526798938
16.1604434982
16.1681652488
16.1758453713
16.1834840901
16.1910816285
16.1986382084
16.2061540506
16.2136293748
16.2210643993
16.2284593415
16.2358144174
16.243129842
16.250405829
16.257642591
16.2648403394
16.2719992847
16.2791196359
16.2862016012
16.2932453875
16.3002512006
16.3072192453
16.314149725
16.3210428425
16.327898799
16.3347177949
16.3415000294
16.3482457008
16.3549550062
16.3616281416
16.368265302
16.3748666813
16.3814324724
16.3879628673
16.3944580566
16.4009182303
16.4073435771
16.4137342847
16.4200905398
16.4264125283
16.4327004348
16.4389544431
16.4451747359
16.451361495
16.4575149011
16.4636351341
16.4697223729
16.4757767952
16.481798578
16.4877878972
16.4937449279
16.4996698442
16.5055628191
16.5114240249
16.5172536328
16.5230518132
16.5288187354
16.5345545681
16.5402594788
16.5459336343
16.5515772002
16.5571903416
16.5627732224
16.5683260058
16.573848854
16.5793419285
16.5848053897
16.5902393972
16.59564411
16.6010196858
16.6063662818
16.6116840541
16.6169731583
16.6222337488
16.6274659794
16.6326700029
16.6378459714
16.6429940362
16.6481143477
16.6532070554
16.6582723083
16.6633102543
16.6683210406
16.6733048137
16.6782617192
16.6831919019
16.6880955059
16.6929726745
16.6978235502
16.7026482747
16.707446989
16.7122198333
16.7169669472
16.7216884693
16.7263845375
16.7310552892
16.7357008608
16.740321388
16.7449170058
16.7494878486
16.7540340499
16.7585557425
16.7630530586
16.7675261296
16.7719750862
16.7764000583
16.7808011754
16.7851785659
16.7895323578
16.7938626784
16.7981696541
16.8024534109
16.8067140738
16.8109517674
16.8151666155
16.8193587413
16.8235282673
16.8276753153
16.8318000064
16.8359024613
16.8399827997
16.844041141
16.8480776037
16.8520923057
16.8560853644
16.8600568964
16.8640070179
16.8679358441
16.87184349
16.8757300697
16.8795956967
16.8834404841
16.8872645442
16.8910679887
16.8948509287
16.8986134749
16.902355737
16.9060778246
16.9097798463
16.9134619104
16.9171241244
16.9207665953
16.9243894296
16.9279927331
16.9315766111
16.9351411684
16.9386865091
16.9422127368
16.9457199545
16.9492082648
16.9526777695
16.95612857
16.9595607672
16.9629744614
16.9663697523
16.9697467391
16.9731055205
16.9764461946
16.9797688591
16.9830736111
16.986360547
16.9896297631
16.9928813547
16.9961154169
16.9993320443
17.0025313307
17.0057133698
17.0088782544
17.012026077
17.0151569297
17.0182709039
17.0213680906
17.0244485803
17.027512463
17.0305598283
17.0335907652
17.0366053622
17.0396037075
17.0425858886
17.0455519928
17.0485021066
17.0514363163
17.0543547076
17.0572573658
17.0601443758
17.0630158218
17.0658717878
17.0687123572
17.071537613
17.0743476379
17.0771425138
17.0799223226
17.0826871453
17.0854370628
17.0881721554
17.0908925032
17.0935981854
17.0962892813
17.0989658694
17.101628028
17.1042758349
17.1069093674
17.1095287024
17.1121339166
17.114725086
17.1173022863
17.1198655929
17.1224150807
17.1249508242
17.1274728974
17.129981374
17.1324763275
17.1349578305
17.1374259558
17.1398807753
17.1423223609
17.1447507838
17.147166115
17.1495684252
17.1519577844
17.1543342626
17.1566979291
17.1590488531
17.1613871032
17.1637127477
17.1660258546
17.1683264916
17.1706147257
17.172890624
17.1751542528
17.1774056784
17.1796449665
17.1818721825
17.1840873916
17.1862906584
17.1884820474
17.1906616226
17.1928294476
17.1949855859
17.1971301003
17.1992630537
17.2013845082
17.203494526
17.2055931686
17.2076804974
17.2097565734
17.2118214571
17.2138752091
17.2159178893
17.2179495573
17.2199702725
17.2219800941
17.2239790807
17.2259672906
17.2279447821
17.229911613
17.2318678405
17.2338135221
17.2357487144
17.2376734741
17.2395878573
17.2414919201
17.243385718
17.2452693064
17.2471427404
17.2490060747
17.2508593636
17.2527026615
17.2545360221
17.2563594991
17.2581731456
17.2599770147
17.2617711591
17.2635556313
17.2653304834
17.2670957671
17.2688515342
17.270597836
17.2723347234
17.2740622472
17.2757804578
17.2774894056
17.2791891404
17.2808797119
17.2825611695
17.2842335623
17.2858969392
17.2875513489
17.2891968395
17.2908334593
17.2924612561
17.2940802774
17.2956905705
17.2972921824
17.2988851601
17.30046955
17.3020453984
17.3036127513
17.3051716547
17.3067221539
17.3082642944
17.3097981212
17.3113236791
17.3128410127
17.3143501663
17.3158511841
17.3173441098
17.3188289871
17.3203058594
17.3217747699
17.3232357615
17.3246888768
17.3261341583
17.3275716483
17.3290013888
17.3304234215
17.331837788
17.3332445297
17.3346436875
17.3360353025
17.3374194153
17.3387960662
17.3401652957
17.3415271435
17.3428816497
17.3442288536
17.3455687948
17.3469015123
17.3482270451
17.349545432
17.3508567113
17.3521609216
17.3534581008
17.3547482869
17.3560315176
17.3573078304
17.3585772626
17.3598398512
17.3610956331
17.3623446452
17.3635869238
17.3648225052
17.3660514256
17.3672737208
17.3684894267
17.3696985786
17.370901212
17.372097362
17.3732870635
17.3744703513
17.37564726
17.3768178239
17.3779820773
17.3791400542
17.3802917884
17.3814373136
17.3825766632
17.3837098706
17.3848369688
17.3859579909
17.3870729695
17.3881819372
17.3892849264
17.3903819694
17.3914730983
17.3925583448
17.3936377408
17.3947113177
17.3957791069
17.3968411397
17.397897447
17.3989480597
17.3999930086
17.4010323241
17.4020660367
17.4030941765
17.4041167736
17.4051338578
17.406145459
17.4071516065
17.4081523299
17.4091476584
17.410137621
17.4111222468
17.4121015644
17.4130756025
17.4140443895
17.4150079537
17.4159663234
17.4169195265
17.4178675909
17.4188105442
17.419748414
17.4206812278
17.4216090128
17.422531796
17.4234496045
17.4243624651
17.4252704044
17.426173449
17.4270716253
17.4279649595
17.4288534777
17.4297372059
17.4306161699
17.4314903954
17.4323599079
17.4332247329
17.4340848956
17.4349404211
17.4357913345
17.4366376605
17.437479424
17.4383166496
17.4391493617
17.4399775845
17.4408013425
17.4416206595
17.4424355596
17.4432460665
17.444052204
17.4448539956
17.4456514647
17.4464446346
17.4472335285
17.4480181695
17.4487985805
17.4495747842
17.4503468035
17.4511146607
17.4518783785
17.452637979
17.4533934845
17.454144917
17.4548922986
17.455635651
17.456374996
17.4571103552
17.45784175
17.4585692019
17.459292732
17.4600123616
17.4607281117
17.4614400031
17.4621480567
17.4628522932
17.4635527331
17.464249397
17.4649423051
17.4656314777
17.466316935
17.466998697
17.4676767836
17.4683512146
17.4690220098
17.4696891886
17.4703527707
17.4710127755
17.4716692221
17.4723221298
17.4729715176
17.4736174046
17.4742598096
17.4748987514
17.4755342487
17.4761663199
17.4767949837
17.4774202583
17.4780421621
17.4786607131
17.4792759296
17.4798878294
17.4804964304
17.4811017505
17.4817038072
17.4823026183
17.4828982011
17.4834905732
17.4840797518
17.4846657541
17.4852485972
17.4858282982
17.4864048741
17.4869783416
17.4875487175
17.4881160186
17.4886802613
17.4892414622
17.4897996376
