7.90086340604
8.20071212253
8.49957143185
8.79744459872
9.09433487711
9.39024551024
9.68517973064
9.97914076017
10.2721318101
10.5641560809
10.8552167628
11.1453170353
11.4344600675
11.7226490179
12.0098870347
12.2961772557
12.5815228083
12.8659268097
13.1493923666
13.4319225757
13.7135205232
13.9941892854
14.2739319284
14.5527515078
14.8306510698
15.1076336498
15.3837022739
15.6588599576
15.9331097068
16.2064545175
16.4788973756
16.7504412574
17.021089129
17.2908439472
17.5597086586
17.8276862005
18.0947795
18.3609914751
18.6263250337
18.8907830744
19.1543684861
19.4170841482
19.6789329306
19.9399176938
20.2000412887
20.4593065569
20.7177163307
20.9752734329
21.231980677
21.4878408673
21.7428567989
21.9970312575
22.2503670197
22.5028668529
22.7545335155
23.0053697567
23.2553783166
23.5045619262
23.7529233077
24.0004651742
24.2471902298
24.4931011697
24.7382006802
24.9824914389
25.2259761143
25.4686573663
25.7105378459
25.9516201954
26.1919070484
26.4314010297
26.6701047557
26.9080208339
27.1451518633
27.3815004343
27.6170691288
27.8518605201
28.0858771731
28.3191216442
28.5515964814
28.7833042241
29.0142474036
29.2444285427
29.4738501559
29.7025147493
29.930424821
30.1575828606
30.3839913495
30.6096527611
30.8345695605
31.0587442046
31.2821791424
31.5048768146
31.726839654
31.9480700853
32.1685705252
32.3883433825
32.607391058
32.8257159445
33.043320427
33.2602068827
33.4763776807
33.6918351826
33.906581742
34.1206197047
34.333951409
34.5465791852
34.7585053561
34.9697322369
35.1802621348
35.3900973498
35.5992401741
35.8076928923
36.0154577816
36.2225371116
36.4289331445
36.6346481349
36.83968433
37.0440439697
37.2477292863
37.450742505
37.6530858434
37.8547615119
38.0557717137
38.2561186446
38.4558044931
38.6548314407
38.8532016614
39.0509173223
39.2479805833
39.444393597
39.640158509
39.835277458
40.0297525753
40.2235859854
40.4167798058
40.6093361469
40.8012571121
40.9925447981
41.1832012944
41.3732286837
41.562629042
41.7514044382
41.9395569346
42.1270885864
42.3140014423
42.5002975441
42.6859789269
42.8710476191
43.0555056424
43.2393550118
43.4225977357
43.6052358157
43.7872712471
43.9687060184
44.1495421116
44.3297815021
44.5094261589
44.6884780443
44.8669391145
45.0448113188
45.2220966003
45.3987968958
45.5749141354
45.7504502431
45.9254071365
46.0997867267
46.2735909186
46.446821611
46.6194806962
46.7915700603
46.9630915832
47.1340471386
47.304438594
47.4742678108
47.6435366442
47.8122469433
47.980400551
48.1479993043
48.3150450341
48.481539565
48.647484716
48.8128822998
48.9777341232
49.142041987
49.3058076862
49.4690330096
49.6317197404
49.7938696558
49.9554845271
50.1165661198
50.2771161935
50.437136502
50.5966287935
50.7555948102
50.9140362886
51.0719549596
51.2293525483
51.3862307741
51.5425913507
51.6984359862
51.853766383
52.008584238
52.1628912424
52.3166890819
52.4699794365
52.6227639807
52.7750443837
52.9268223089
53.0780994142
53.2288773524
53.3791577704
53.5289423099
53.6782326072
53.8270302931
53.9753369931
54.1231543273
54.2704839104
54.4173273518
54.5636862558
54.709562221
54.8549568411
54.9998717043
55.1443083937
55.2882684871
55.4317535571
55.5747651712
55.7173048916
55.8593742754
56.0009748746
56.142108236
56.2827759013
56.4229794073
56.5627202854
56.7020000623
56.8408202594
56.9791823931
57.117087975
57.2545385115
57.3915355042
57.5280804495
57.6641748391
57.7998201598
57.9350178932
58.0697695162
58.204076501
58.3379403147
58.4713624195
58.604344273
58.736887328
58.8689930322
59.0006628288
59.1318981562
59.262700448
59.393071133
59.5230116355
59.6525233748
59.7816077659
59.9102662187
60.0385001388
60.166310927
60.2936999795
60.4206686879
60.5472184391
60.6733506157
60.7990665955
60.9243677517
61.0492554533
61.1737310644
61.2977959449
61.42145145
61.5446989305
61.6675397328
61.7899751987
61.9120066659
62.0336354673
62.1548629316
62.2756903831
62.3961191418
62.5161505231
62.6357858383
62.7550263944
62.8738734938
62.9923284349
63.1103925116
63.2280670138
63.3453532268
63.4622524319
63.5787659061
63.6948949223
63.8106407489
63.9260046504
64.0409878871
64.1555917149
64.2698173859
64.3836661478
64.4971392444
64.6102379151
64.7229633956
64.8353169171
64.9472997071
65.0589129888
65.1701579816
65.2810359005
65.391547957
65.5016953581
65.6114793072
65.7209010036
65.8299616425
65.9386624153
66.0470045095
66.1549891086
66.2626173923
66.3698905362
66.4768097122
66.5833760883
66.6895908286
66.7954550934
66.9009700392
67.0061368186
67.1109565804
67.2154304698
67.3195596279
67.4233451923
67.5267882967
67.6298900712
67.732651642
67.8350741317
67.9371586591
68.0389063395
68.1403182843
68.2413956013
68.3421393947
68.442550765
68.5426308092
68.6423806204
68.7418012884
68.8408938993
68.9396595354
69.0380992758
69.1362141957
69.234005367
69.331473858
69.4286207334
69.5254470545
69.6219538788
69.7181422608
69.8140132512
69.9095678972
70.0048072427
70.099732328
70.1943441903
70.2886438629
70.382632376
70.4763107564
70.5696800273
70.6627412088
70.7554953175
70.8479433665
70.9400863658
71.031925322
71.1234612383
71.2146951146
71.3056279477
71.3962607307
71.4865944539
71.576630104
71.6663686645
71.7558111158
71.8449584349
71.9338115957
72.0223715688
72.1106393216
72.1986158184
72.2863020202
72.3736988849
72.4608073672
72.5476284187
72.6341629879
72.7204120199
72.8063764571
72.8920572385
72.9774553001
73.0625715747
73.1474069921
73.2319624792
73.3162389595
73.4002373538
73.4839585796
73.5674035514
73.6505731809
73.7334683766
73.816090044
73.8984390857
73.9805164013
74.0623228873
74.1438594375
74.2251269425
74.30612629
74.3868583651
74.4673240495
74.5475242222
74.6274597594
74.7071315343
74.7865404171
74.8656872755
74.9445729739
75.0231983742
75.1015643351
75.1796717129
75.2575213606
75.3351141289
75.4124508652
75.4895324144
75.5663596186
75.642933317
75.7192543461
75.7953235396
75.8711417285
75.946709741
76.0220284027
76.0970985363
76.1719209619
76.2464964969
76.3208259558
76.3949101508
76.468749891
76.5423459832
76.6156992312
76.6888104363
76.7616803973
76.8343099102
76.9066997684
76.9788507626
77.0507636811
77.1224393094
77.1938784304
77.2650818247
77.33605027
77.4067845416
77.4772854122
77.5475536518
77.6175900283
77.6873953065
77.7569702491
77.8263156162
77.8954321651
77.964320651
78.0329818265
78.1014164414
78.1696252435
78.2376089778
78.3053683871
78.3729042114
78.4402171886
78.507308054
78.5741775404
78.6408263785
78.7072552961
78.7734650191
78.8394562706
78.9052297716
78.9707862406
79.0361263937
79.1012509447
79.166160605
79.2308560837
79.2953380875
79.3596073208
79.4236644857
79.4875102819
79.551145407
79.6145705559
79.6777864217
79.7407936949
79.8035930637
79.8661852143
79.9285708302
79.9907505931
80.0527251822
80.1144952745
80.1760615447
80.2374246655
80.2985853071
80.3595441377
80.4203018232
80.4808590273
80.5412164115
80.6013746352
80.6613343556
80.7210962275
80.780660904
80.8400290356
80.8992012709
80.9581782563
81.016960636
81.0755490522
81.133944145
81.1921465522
81.2501569095
81.3079758509
81.3656040077
81.4230420096
81.4802904841
81.5373500564
81.59422135
81.6509049861
81.7074015838
81.7637117604
81.819836131
81.8757753087
81.9315299046
81.9871005277
82.0424877851
82.0976922818
82.1527146209
82.2075554035
82.2622152286
82.3166946933
82.3709943928
82.4251149203
82.4790568669
82.5328208219
82.5864073727
82.6398171045
82.6930506009
82.7461084434
82.7989912116
82.8516994831
82.9042338338
82.9565948375
83.0087830663
83.0607990902
83.1126434774
83.1643167944
83.2158196055
83.2671524734
83.3183159589
83.3693106209
83.4201370164
83.4707957006
83.521287227
83.5716121472
83.6217710107
83.6717643657
83.7215927583
83.7712567327
83.8207568314
83.8700935953
83.9192675633
83.9682792725
84.0171292584
84.0658180546
84.114346193
84.1627142036
84.2109226149
84.2589719535
84.3068627443
84.3545955104
84.4021707732
84.4495890526
84.4968508664
84.543956731
84.590907161
84.6377026692
84.6843437668
84.7308309633
84.7771647666
84.8233456829
84.8693742165
84.9152508703
84.9609761455
85.0065505415
85.0519745563
85.0972486859
85.1423734251
85.1873492668
85.2321767022
85.276856221
85.3213883114
85.3657734598
85.410012151
85.4541048684
85.4980520936
85.5418543066
85.585511986
85.6290256087
85.67239565
85.7156225837
85.7587068821
85.8016490157
85.8444494536
85.8871086635
85.9296271113
85.9720052615
86.014243577
86.0563425192
86.0983025481
86.140124122
86.1818076978
86.2233537307
86.2647626747
86.3060349822
86.3471711038
86.3881714892
86.429036586
86.4697668408
86.5103626985
86.5508246025
86.5911529948
86.6313483161
86.6714110053
86.7113415002
86.7511402368
86.7908076501
86.8303441733
86.8697502383
86.9090262756
86.9481727142
86.9871899818
87.0260785046
87.0648387074
87.1034710137
87.1419758453
87.1803536231
87.2186047661
87.2567296924
87.2947288183
87.3326025589
87.370351328
87.4079755379
87.4454755997
87.482851923
87.5201049161
87.5572349859
87.5942425381
87.6311279769
87.6678917053
87.7045341249
87.7410556359
87.7774566373
87.8137375268
87.8498987007
87.885940554
87.9218634804
87.9576678724
87.993354121
88.0289226162
88.0643737464
88.099707899
88.1349254599
88.1700268138
88.2050123442
88.2398824333
88.274637462
88.30927781
88.3438038556
88.378215976
88.4125145472
88.4466999438
88.4807725392
88.5147327057
88.5485808143
88.5823172347
88.6159423354
88.6494564838
88.6828600459
88.7161533868
88.7493368699
88.782410858
88.8153757122
88.8482317927
88.8809794584
88.913619067
88.946150975
88.978575538
89.01089311
89.0431040441
89.0752086921
89.1072074049
89.1391005319
89.1708884215
89.202571421
89.2341498765
89.2656241329
89.2969945342
89.3282614229
89.3594251406
89.3904860278
89.4214444237
89.4523006666
89.4830550935
89.5137080404
89.5442598422
89.5747108326
89.6050613441
89.6353117085
89.6654622561
89.6955133163
89.7254652174
89.7553182866
89.78507285
89.8147292326
89.8442877583
89.8737487502
89.90311253
89.9323794185
89.9615497354
89.9906237993
90.0196019279
90.0484844378
90.0772716443
90.1059638621
90.1345614045
90.1630645839
90.1914737118
90.2197890984
90.248011053
90.276139884
90.3041758986
90.3321194032
90.3599707029
90.387730102
90.4153979038
90.4429744104
90.4704599232
90.4978547423
90.5251591672
90.5523734959
90.5794980258
90.6065330533
90.6334788736
90.6603357811
90.6871040692
90.7137840303
90.7403759559
90.7668801364
90.7932968613
90.8196264194
90.8458690981
90.8720251841
90.8980949633
90.9240787203
90.949976739
90.9757893023
91.0015166923
91.0271591898
91.0527170752
91.0781906275
91.103580125
91.1288858451
91.1541080642
91.1792470579
91.2043031007
91.2292764665
91.2541674279
91.2789762569
91.3037032245
91.3283486008
91.3529126551
91.3773956557
91.40179787
91.4261195646
91.4503610053
91.4745224567
91.4986041829
91.5226064469
91.5465295109
91.5703736363
91.5941390835
91.6178261122
91.641434981
91.664965948
91.6884192701
91.7117952035
91.7350940037
91.7583159251
91.7814612214
91.8045301455
91.8275229493
91.850439884
91.8732812001
91.8960471468
91.9187379731
91.9413539267
91.9638952548
91.9863622035
92.0087550183
92.0310739437
92.0533192237
92.0754911012
92.0975898185
92.1196156168
92.1415687369
92.1634494186
92.1852579008
92.2069944219
92.2286592192
92.2502525294
92.2717745885
92.2932256315
92.3146058927
92.3359156058
92.3571550034
92.3783243177
92.3994237798
92.4204536203
92.4414140689
92.4623053545
92.4831277055
92.5038813491
92.5245665123
92.5451834208
92.5657323
92.5862133743
92.6066268674
92.6269730024
92.6472520014
92.6674640862
92.6876094773
92.7076883949
92.7277010584
92.7476476864
92.7675284966
92.7873437065
92.8070935323
92.8267781898
92.8463978942
92.8659528596
92.8854432997
92.9048694275
92.9242314551
92.9435295941
92.9627640552
92.9819350486
93.0010427838
93.0200874693
93.0390693133
93.0579885232
93.0768453056
93.0956398665
93.1143724112
93.1330431444
93.1516522699
93.1701999912
93.1886865108
93.2071120306
93.225476752
93.2437808755
93.2620246011
93.2802081281
93.2983316551
93.3163953802
93.3343995006
93.3523442131
93.3702297136
93.3880561975
93.4058238596
93.4235328939
93.441183494
93.4587758525
93.4763101618
93.4937866134
93.5112053981
93.5285667063
93.5458707275
93.5631176509
93.5803076648
93.5974409571
93.6145177148
93.6315381246
93.6485023723
93.6654106433
93.6822631223
93.6990599933
93.7158014399
93.732487645
93.7491187908
93.7656950591
93.7822166308
93.7986836864
93.815096406
93.8314549687
93.8477595532
93.8640103377
93.8802074996
93.896351216
93.9124416632
93.9284790169
93.9444634524
93.9603951442
93.9762742664
93.9921009924
94.0078754952
94.0235979471
94.0392685198
94.0548873844
94.0704547117
94.0859706717
94.1014354338
94.1168491671
94.1322120399
94.1475242199
94.1627858746
94.1779971705
94.1931582739
94.2082693505
94.2233305651
94.2383420825
94.2533040666
94.2682166807
94.2830800879
94.2978944505
94.3126599304
94.3273766887
94.3420448863
94.3566646835
94.3712362399
94.3857597147
94.4002352666
94.4146630537
94.4290432335
94.4433759633
94.4576613995
94.4718996983
94.4860910151
94.500235505
94.5143333225
94.5283846216
94.5423895558
94.5563482781
94.570260941
94.5841276964
94.5979486958
94.6117240903
94.6254540302
94.6391386657
94.6527781461
94.6663726205
94.6799222374
94.6934271447
94.7068874901
94.7203034206
94.7336750826
94.7470026224
94.7602861854
94.7735259168
94.7867219613
94.7998744629
94.8129835653
94.8260494118
94.8390721451
94.8520519075
94.8649888406
94.877883086
94.8907347843
94.9035440761
94.9163111012
94.9290359991
94.9417189088
94.9543599688
94.9669593173
94.9795170919
94.9920334298
95.0045084676
95.0169423417
95.0293351879
95.0416871416
95.0539983377
95.0662689107
95.0784989946
95.0906887231
95.1028382292
95.1149476458
95.1270171051
95.139046739
95.1510366788
95.1629870555
95.1748979998
95.1867696416
95.1986021107
95.2103955364
95.2221500474
95.2338657723
95.2455428388
95.2571813748
95.2687815071
95.2803433627
95.2918670678
95.3033527482
95.3148005294
95.3262105366
95.3375828943
95.3489177267
95.3602151578
95.3714753108
95.3826983089
95.3938842746
95.4050333301
95.4161455971
95.4272211972
95.4382602512
95.4492628798
95.4602292032
95.4711593411
95.482053413
95.4929115378
95.5037338343
95.5145204205
95.5252714143
95.5359869333
95.5466670943
95.5573120142
95.5679218091
95.578496595
95.5890364875
95.5995416016
95.6100120521
95.6204479533
95.6308494194
95.6412165638
95.6515495
95.6618483406
95.6721131983
95.6823441852
95.692541413
95.7027049931
95.7128350366
95.7229316541
95.732994956
95.743025052
95.7530220519
95.7629860648
95.7729171996
95.7828155647
95.7926812683
95.8025144182
95.8123151217
95.822083486
95.8318196177
95.8415236233
95.8511956086
95.8608356794
95.870443941
95.8800204983
95.889565456
95.8990789183
95.9085609891
95.9180117721
95.9274313704
95.936819887
95.9461774244
95.9555040849
95.9647999703
95.9740651821
95.9832998217
95.9925039898
96.0016777871
96.0108213137
96.0199346695
96.0290179541
96.0380712666
96.0470947061
96.056088371
96.0650523597
96.07398677
96.0828916995
96.0917672455
96.100613505
96.1094305746
96.1182185506
96.126977529
96.1357076056
96.1444088756
96.1530814342
96.161725376
96.1703407955
96.1789277868
96.1874864437
96.1960168597
96.204519128
96.2129933415
96.2214395927
96.2298579739
96.2382485771
96.2466114939
96.2549468157
96.2632546336
96.2715350382
96.2797881201
96.2880139694
96.2962126759
96.3043843293
96.3125290188
96.3206468333
96.3287378616
96.336802192
96.3448399127
96.3528511114
96.3608358756
96.3687942926
96.3767264493
96.3846324324
96.3925123281
96.4003662227
96.4081942019
96.4159963512
96.4237727558
96.4315235008
96.4392486707
96.4469483499
96.4546226226
96.4622715726
96.4698952835
96.4774938385
96.4850673206
96.4926158126
96.5001393969
96.5076381558
96.5151121711
96.5225615244
96.5299862973
96.5373865707
96.5447624255
96.5521139423
96.5594412013
96.5667442827
96.5740232663
96.5812782314
96.5885092574
96.5957164233
96.6028998078
96.6100594894
96.6171955462
96.6243080563
96.6313970974
96.6384627468
96.6455050817
96.6525241792
96.6595201158
96.6664929681
96.6734428121
96.6803697237
96.6872737788
96.6941550526
96.7010136203
96.7078495569
96.7146629371
96.7214538352
96.7282223255
96.7349684819
96.741692378
96.7483940874
96.7550736833
96.7617312386
96.768366826
96.774980518
96.781572387
96.7881425048
96.7946909433
96.801217774
96.8077230681
96.8142068969
96.820669331
96.8271104411
96.8335302976
96.8399289705
96.8463065298
96.8526630452
96.858998586
96.8653132216
96.8716070208
96.8778800524
96.884132385
96.8903640868
96.896575226
96.9027658704
96.9089360875
96.9150859449
96.9212155096
96.9273248487
96.9334140289
96.9394831167
96.9455321784
96.9515612801
96.9575704877
96.9635598667
96.9695294826
96.9754794007
96.9814096859
96.987320403
96.9932116166
96.999083391
97.0049357904
97.0107688787
97.0165827197
97.0223773767
97.0281529133
97.0339093923
97.0396468768
97.0453654293
97.0510651124
97.0567459884
97.0624081192
97.0680515668
97.0736763927
97.0792826585
97.0848704253
97.0904397543
97.0959907062
97.1015233417
97.1070377213
97.1125339051
97.1180119532
97.1234719254
97.1289138815
97.1343378808
97.1397439826
97.145132246
97.1505027297
97.1558554926
97.161190593
97.1665080892
97.1718080393
97.1770905013
97.1823555328
97.1876031913
97.1928335342
97.1980466186
97.2032425015
97.2084212395
97.2135828894
97.2187275074
97.2238551498
97.2289658725
97.2340597315
97.2391367823
97.2441970804
97.2492406811
97.2542676396
97.2592780106
97.264271849
97.2692492092
97.2742101457
97.2791547127
97.2840829642
97.2889949539
97.2938907357
97.2987703628
97.3036338888
97.3084813666
97.3133128492
97.3181283895
97.32292804
97.3277118531
97.3324798811
97.3372321762
97.3419687901
97.3466897747
97.3513951816
97.356085062
97.3607594673
97.3654184486
97.3700620566
97.3746903422
97.3793033559
97.3839011481
97.388483769
97.3930512687
97.3976036971
97.4021411038
97.4066635386
97.4111710507
97.4156636894
97.4201415039
97.4246045429
97.4290528553
97.4334864897
97.4379054945
97.4423099179
97.4466998081
97.451075213
97.4554361805
97.4597827581
97.4641149934
97.4684329336
97.472736626
97.4770261176
97.4813014552
97.4855626855
97.489809855
97.4940430103
97.4982621974
97.5024674625
97.5066588516
97.5108364104
97.5150001846
97.5191502196
97.5232865608
97.5274092533
97.5315183423
97.5356138725
97.5396958888
97.5437644357
97.5478195576
97.551861299
97.5558897038
97.5599048161
97.5639066799
97.5678953387
97.5718708362
97.5758332158
97.5797825208
97.5837187943
97.5876420794
97.5915524188
97.5954498553
97.5993344315
97.6032061898
97.6070651726
97.6109114218
97.6147449797
97.618565888
97.6223741885
97.6261699228
97.6299531324
97.6337238586
97.6374821425
97.6412280253
97.6449615478
97.6486827509
97.6523916751
97.6560883611
97.6597728492
97.6634451796
97.6671053924
97.6707535277
97.6743896253
97.6780137249
97.6816258661
97.6852260884
97.688814431
97.6923909333
97.6959556342
97.6995085727
97.7030497876
97.7065793176
97.7100972012
97.713603477
97.7170981831
97.7205813578
97.7240530391
97.7275132649
97.7309620731
97.7343995013
97.737825587
97.7412403678
97.7446438808
97.7480361633
97.7514172523
97.7547871847
97.7581459975
97.7614937272
97.7648304104
97.7681560837
97.7714707832
97.7747745453
97.778067406
97.7813494013
97.784620567
97.7878809389
97.7911305526
97.7943694436
97.7975976472
97.8008151988
97.8040221335
97.8072184863
97.8104042921
97.8135795857
97.8167444019
97.8198987752
97.82304274
97.8261763307
97.8292995815
97.8324125266
97.8355152
97.8386076355
97.8416898669
97.8447619279
97.8478238521
97.8508756729
97.8539174236
97.8569491375
97.8599708477
97.8629825872
97.8659843889
97.8689762855
97.8719583099
97.8749304945
97.8778928718
97.8808454742
97.883788334
97.8867214832
97.8896449539
97.8925587781
97.8954629876
97.8983576141
97.9012426893
97.9041182446
97.9069843114
97.9098409211
97.912688105
97.9155258939
97.9183543191
97.9211734114
97.9239832015
97.9267837202
97.9295749981
97.9323570656
97.9351299531
97.937893691
97.9406483095
97.9433938385
97.9461303082
97.9488577483
97.9515761888
97.9542856592
97.9569861893
97.9596778084
97.9623605461
97.9650344315
97.967699494
97.9703557626
97.9730032663
97.9756420341
97.9782720947
97.980893477
97.9835062096
97.9861103209
97.9887058395
97.9912927937
97.9938712118
97.9964411219
97.999002552
98.0015555303
98.0041000845
98.0066362425
98.009164032
98.0116834805
98.0141946157
98.0166974649
98.0191920554
98.0216784146
98.0241565696
98.0266265475
98.0290883752
98.0315420796
98.0339876876
98.0364252258
98.0388547209
98.0412761995
98.0436896879
98.0460952125
98.0484927997
98.0508824756
98.0532642663
98.0556381978
98.0580042961
98.0603625871
98.0627130963
98.0650558497
98.0673908727
98.0697181908
98.0720378296
98.0743498142
98.07665417
98.0789509222
98.0812400957
98.0835217158
98.0857958072
98.0880623948
98.0903215033
98.0925731576
98.094817382
98.0970542013
98.0992836397
98.1015057216
98.1037204714
98.1059279132
98.1081280712
98.1103209693
98.1125066315
98.1146850817
98.1168563438
98.1190204413
98.121177398
98.1233272374
98.125469983
98.1276056582
98.1297342863
98.1318558907
98.1339704944
98.1360781205
98.1381787922
98.1402725323
98.1423593637
98.1444393092
98.1465123916
98.1485786334
98.1506380573
98.1526906857
98.1547365411
98.1567756458
98.1588080221
98.1608336922
98.1628526782
98.1648650022
98.1668706861
98.1688697519
98.1708622214
98.1728481164
98.1748274586
98.1768002695
98.1787665708
98.1807263839
98.1826797302
98.1846266311
98.1865671079
98.1885011816
98.1904288736
98.1923502047
98.1942651961
98.1961738685
98.198076243
98.1999723402
98.2018621809
98.2037457857
98.2056231752
98.2074943699
98.2093593902
98.2112182565
98.2130709892
98.2149176084
98.2167581344
98.2185925872
98.2204209869
98.2222433534
98.2240597067
98.2258700666
98.2276744529
98.2294728852
98.2312653833
98.2330519667
98.234832655
98.2366074675
98.2383764237
98.2401395429
98.2418968443
98.2436483472
98.2453940707
98.2471340339
98.2488682557
98.2505967551
98.252319551
98.2540366622
98.2557481075
98.2574539056
98.259154075
98.2608486345
98.2625376024
98.2642209972
98.2658988374
98.2675711412
98.269237927
98.2708992128
98.272555017
98.2742053575
98.2758502524
98.2774897196
98.2791237771
98.2807524428
98.2823757343
98.2839936695
98.2856062661
98.2872135415
98.2888155135
98.2904121994
98.2920036168
98.293589783
98.2951707153
98.2967464311
98.2983169475
98.2998822816
98.3014424507
98.3029974717
98.3045473616
98.3060921373
98.3076318158
98.3091664138
98.3106959481
98.3122204355
98.3137398925
98.3152543358
98.3167637818
98.3182682472
98.3197677483
98.3212623015
98.3227519232
98.3242366296
98.3257164369
98.3271913613
98.3286614189
98.3301266258
98.331586998
98.3330425514
98.3344933019
