-4.70412029696
-4.54964473293
-4.39574412042
-4.24241631951
-4.0896591982
-3.93747063245
-3.78584850612
-3.63479071095
-3.48429514652
-3.33435972023
-3.18498234727
-3.03616095059
-2.88789346087
-2.74017781649
-2.5930119635
-2.44639385561
-2.30032145414
-2.15479272798
-2.0098056536
-1.86535821499
-1.72144840365
-1.57807421856
-1.43523366614
-1.29292476022
-1.15114552205
-1.00989398023
-0.86916817068
-0.728966136658
-0.589285928691
-0.450125604565
-0.311483229294
-0.173356875094
-0.0357446213569
0.101355445378
0.237945231449
0.374026636099
0.509601551502
0.64467186279
0.779239448079
0.913306178493
1.04687391819
1.1799445244
1.31251984743
1.44460173069
1.57619201076
1.70729251736
1.83790507341
1.96803149503
2.0976735916
2.22683316576
2.35551201343
2.48371192386
2.61143467964
2.7386820567
2.8654558244
2.99175774548
3.11758957614
3.24295306603
3.36784995831
3.49228198962
3.61625089016
3.73975838368
3.86280618753
3.98539601264
4.10752956359
4.22920853862
4.35043462964
4.47120952226
4.59153489582
4.71141242343
4.83084377193
4.94983060199
5.06837456809
5.18647731856
5.30414049556
5.42136573519
5.53815466742
5.65450891617
5.77043009932
5.88591982871
6.00097971021
6.11561134368
6.22981632305
6.3435962363
6.45695266551
6.56988718688
6.68240137073
6.79449678153
6.90617497794
7.01743751281
7.12828593323
7.2387217805
7.34874659021
7.45836189221
7.56756921069
7.67637006414
7.7847659654
7.89275842168
8.00034893461
8.10753900018
8.21433010885
8.32072374552
8.42672138957
8.53232451485
8.63753458976
8.74235307721
8.84678143467
8.95082111419
9.05447356241
9.15774022059
9.26062252463
9.36312190508
9.46523978715
9.56697759078
9.66833673059
9.76931861596
9.86992465102
9.97015623465
10.0700147606
10.1695016173
10.2686181881
10.3673658512
10.4657459797
10.5637599414
10.6614090994
10.7586948113
10.8556184299
10.9521813029
11.0483847729
11.1442301777
11.2397188499
11.3348521174
11.4296313028
11.5240577241
11.6181326942
11.7118575213
11.8052335085
11.8982619542
11.990944152
12.0832813905
12.1752749537
12.2669261208
12.3582361661
12.4492063593
12.5398379652
12.6301322441
12.7200904516
12.8097138384
12.8990036507
12.9879611301
13.0765875135
13.1648840332
13.2528519171
13.3404923882
13.4278066651
13.514795962
13.6014614884
13.6878044494
13.7738260455
13.8595274728
13.9449099231
14.0299745835
14.1147226368
14.1991552614
14.2832736314
14.3670789163
14.4505722815
14.5337548879
14.6166278922
14.6991924466
14.7814496993
14.8634007939
14.94504687
15.0263890629
15.1074285036
15.1881663188
15.2686036314
15.3487415596
15.4285812179
15.5081237163
15.5873701609
15.6663216536
15.7449792921
15.8233441703
15.9014173776
15.9791999998
16.0566931184
16.1338978108
16.2108151506
16.2874462073
16.3637920465
16.4398537297
16.5156323145
16.5911288546
16.6663443998
16.7412799958
16.8159366848
16.8903155047
16.9644174898
17.0382436704
17.1117950731
17.1850727205
17.2580776317
17.3308108217
17.4032733018
17.4754660796
17.5473901589
17.6190465398
17.6904362187
17.7615601883
17.8324194374
17.9030149514
17.9733477119
18.0434186968
18.1132288804
18.1827792335
18.2520707231
18.3211043127
18.3898809622
18.4584016279
18.5266672626
18.5946788155
18.6624372322
18.729943455
18.7971984225
18.8642030698
18.9309583286
18.9974651272
19.0637243903
19.1297370392
19.1955039918
19.2610261626
19.3263044627
19.3913397996
19.4561330778
19.5206851981
19.5849970582
19.6490695522
19.7129035711
19.7765000025
19.8398597306
19.9029836366
19.965872598
20.0285274893
20.0909491818
20.1531385433
20.2150964387
20.2768237295
20.3383212738
20.3995899269
20.4606305406
20.5214439638
20.5820310419
20.6423926175
20.7025295299
20.7624426152
20.8221327066
20.8816006339
20.9408472241
20.9998733011
21.0586796854
21.1172671949
21.1756366441
21.2337888447
21.2917246053
21.3494447314
21.4069500256
21.4642412876
21.5213193139
21.5781848982
21.6348388311
21.6912819006
21.7475148913
21.8035385852
21.8593537613
21.9149611956
21.9703616614
22.025555929
22.0805447659
22.1353289367
22.189909203
22.244286324
22.2984610555
22.3524341511
22.406206361
22.459778433
22.5131511121
22.5663251403
22.6193012569
22.6720801988
22.7246626996
22.7770494906
22.8292413001
22.881238854
22.9330428751
22.9846540839
23.0360731979
23.0873009321
23.1383379989
23.1891851079
23.239842966
23.2903122778
23.3405937449
23.3906880665
23.4405959392
23.4903180569
23.5398551109
23.5892077901
23.6383767807
23.6873627665
23.7361664284
23.7847884452
23.8332294929
23.881490245
23.9295713727
23.9774735444
24.0251974263
24.0727436819
24.1201129723
24.1673059563
24.2143232899
24.261165627
24.3078336189
24.3543279145
24.4006491603
24.4467980004
24.4927750765
24.5385810278
24.5842164913
24.6296821015
24.6749784906
24.7201062885
24.7650661227
24.8098586182
24.8544843979
24.8989440824
24.9432382898
24.9873676361
25.0313327347
25.0751341972
25.1187726324
25.1622486472
25.2055628461
25.2487158314
25.2917082032
25.3345405591
25.3772134948
25.4197276036
25.4620834767
25.5042817031
25.5463228694
25.5882075603
25.6299363581
25.6715098431
25.7129285933
25.7541931847
25.7953041911
25.836262184
25.877067733
25.9177214054
25.9582237666
25.9985753797
26.0387768058
26.0788286039
26.1187313309
26.1584855417
26.1980917889
26.2375506234
26.2768625937
26.3160282465
26.3550481265
26.3939227761
26.4326527358
26.4712385444
26.5096807381
26.5479798516
26.5861364175
26.6241509662
26.6620240264
26.6997561246
26.7373477856
26.774799532
26.8121118846
26.8492853621
26.8863204816
26.9232177579
26.9599777041
26.9966008313
27.0330876488
27.0694386639
27.105654382
27.1417353068
27.1776819399
27.2134947812
27.2491743285
27.2847210781
27.3201355242
27.3554181592
27.3905694737
27.4255899566
27.4604800946
27.4952403731
27.5298712752
27.5643732826
27.598746875
27.6329925303
27.6671107248
27.7011019327
27.7349666268
27.768705278
27.8023183553
27.8358063262
27.8691696562
27.9024088094
27.9355242478
27.9685164319
28.0013858206
28.0341328707
28.0667580377
28.0992617752
28.1316445352
28.1639067679
28.196048922
28.2280714443
28.2599747801
28.2917593731
28.3234256651
28.3549740966
28.3864051061
28.4177191307
28.4489166058
28.4799979653
28.5109636412
28.5418140642
28.5725496633
28.6031708657
28.6336780973
28.6640717823
28.6943523432
28.7245202012
28.7545757757
28.7845194847
28.8143517444
28.8440729696
28.8736835738
28.9031839685
28.932574564
28.9618557689
28.9910279905
29.0200916342
29.0490471043
29.0778948034
29.1066351325
29.1352684914
29.163795278
29.1922158892
29.2205307201
29.2487401644
29.2768446143
29.3048444607
29.3327400927
29.3605318985
29.3882202643
29.4158055751
29.4432882146
29.4706685649
29.4979470067
29.5251239192
29.5521996805
29.5791746669
29.6060492535
29.6328238141
29.6594987209
29.6860743448
29.7125510553
29.7389292207
29.7652092076
29.7913913815
29.8174761065
29.8434637452
29.8693546591
29.895149208
29.9208477507
29.9464506446
29.9719582455
29.9973709082
30.0226889861
30.0479128312
30.0730427941
30.0980792244
30.1230224702
30.1478728783
30.1726307942
30.1972965621
30.2218705251
30.2463530249
30.2707444019
30.2950449951
30.3192551426
30.3433751809
30.3674054455
30.3913462704
30.4151979886
30.4389609317
30.4626354302
30.4862218131
30.5097204085
30.5331315432
30.5564555426
30.579692731
30.6028434316
30.6259079663
30.6488866558
30.6717798195
30.6945877759
30.717310842
30.7399493338
30.7625035661
30.7849738525
30.8073605055
30.8296638362
30.8518841549
30.8740217706
30.8960769909
30.9180501227
30.9399414713
30.9617513413
30.9834800359
31.0051278572
31.0266951063
31.0481820829
31.0695890859
31.090916413
31.1121643606
31.1333332243
31.1544232983
31.175434876
31.1963682495
31.2172237099
31.2380015471
31.2587020501
31.2793255066
31.2998722036
31.3203424266
31.3407364603
31.3610545882
31.381297093
31.401464256
31.4215563577
31.4415736774
31.4615164935
31.4813850833
31.501179723
31.5209006879
31.5405482522
31.5601226891
31.5796242708
31.5990532684
31.6184099521
31.637694591
31.6569074534
31.6760488062
31.6951189158
31.7141180472
31.7330464647
31.7519044314
31.7706922095
31.7894100603
31.808058244
31.82663702
31.8451466466
31.8635873812
31.8819594801
31.9002631988
31.9184987918
31.9366665128
31.9547666142
31.9727993479
31.9907649644
32.0086637137
32.0264958446
32.0442616051
32.0619612422
32.0795950019
32.0971631296
32.1146658694
32.1321034647
32.1494761581
32.166784191
32.1840278042
32.2012072374
32.2183227294
32.2353745183
32.2523628412
32.2692879342
32.2861500327
32.3029493713
32.3196861834
32.3363607018
32.3529731583
32.369523784
32.386012809
32.4024404625
32.4188069729
32.4351125679
32.4513574742
32.4675419176
32.4836661232
32.4997303152
32.5157347169
32.5316795509
32.547565039
32.5633914019
32.5791588597
32.5948676318
32.6105179365
32.6261099913
32.6416440132
32.6571202182
32.6725388213
32.6879000371
32.7032040791
32.7184511601
32.733641492
32.7487752862
32.7638527531
32.7788741023
32.7938395426
32.8087492822
32.8236035284
32.8384024877
32.8531463659
32.867835368
32.8824696983
32.8970495602
32.9115751564
32.926046689
32.9404643592
32.9548283674
32.9691389134
32.9833961962
32.9976004139
33.0117517641
33.0258504436
33.0398966485
33.0538905739
33.0678324145
33.0817223642
33.0955606161
33.1093473626
33.1230827954
33.1367671055
33.1504004832
33.163983118
33.1775151988
33.1909969138
33.2044284505
33.2178099955
33.2311417349
33.2444238542
33.257656538
33.2708399703
33.2839743345
33.2970598131
33.310096588
33.3230848407
33.3360247516
33.3489165008
33.3617602673
33.37455623
33.3873045666
33.4000054544
33.41265907
33.4252655895
33.437825188
33.4503380402
33.4628043201
33.475224201
33.4875978556
33.4999254561
33.5122071737
33.5244431793
33.536633643
33.5487787343
33.560878622
33.5729334745
33.5849434594
33.5969087436
33.6088294935
33.6207058749
33.6325380529
33.644326192
33.6560704562
33.6677710087
33.6794280123
33.691041629
33.7026120203
33.714139347
33.7256237696
33.7370654476
33.7484645402
33.7598212058
33.7711356024
33.7824078873
33.7936382173
33.8048267484
33.8159736363
33.8270790359
33.8381431017
33.8491659875
33.8601478466
33.8710888317
33.8819890949
33.8928487878
33.9036680613
33.914447066
33.9251859517
33.9358848677
33.9465439628
33.9571633852
33.9677432825
33.9782838019
33.9887850899
33.9992472926
34.0096705554
34.0200550233
34.0304008406
34.0407081513
34.0509770985
34.0612078252
34.0714004735
34.0815551852
34.0916721015
34.1017513631
34.1117931101
34.1217974821
34.1317646183
34.1416946572
34.1515877369
34.161443995
34.1712635686
34.1810465941
34.1907932075
34.2005035445
34.2101777401
34.2198159287
34.2294182443
34.2389848206
34.2485157904
34.2580112864
34.2674714405
34.2768963844
34.286286249
34.2956411649
34.3049612623
34.3142466706
34.323497519
34.3327139361
34.3418960502
34.3510439888
34.3601578791
34.369237848
34.3782840215
34.3872965256
34.3962754856
34.4052210262
34.4141332719
34.4230123466
34.4318583738
34.4406714764
34.449451777
34.4581993977
34.4669144602
34.4755970855
34.4842473945
34.4928655074
34.501451544
34.5100056238
34.5185278657
34.5270183881
34.5354773092
34.5439047465
34.5523008172
34.5606656382
34.5689993256
34.5773019954
34.585573763
34.5938147434
34.6020250512
34.6102048007
34.6183541054
34.6264730788
34.6345618337
34.6426204826
34.6506491375
34.6586479102
34.6666169117
34.6745562529
34.6824660443
34.6903463957
34.6981974169
34.7060192168
34.7138119043
34.7215755878
34.7293103752
34.737016374
34.7446936914
34.7523424342
34.7599627087
34.7675546208
34.7751182761
34.7826537799
34.7901612368
34.7976407513
34.8050924273
34.8125163686
34.8199126782
34.8272814591
34.8346228136
34.841936844
34.8492236519
34.8564833385
34.863716005
34.8709217517
34.8781006789
34.8852528865
34.8923784739
34.8994775401
34.906550184
34.9135965037
34.9206165973
34.9276105625
34.9345784963
34.9415204959
34.9484366576
34.9553270776
34.9621918518
34.9690310756
34.9758448441
34.982633252
34.9893963938
34.9961343634
35.0028472546
35.0095351607
35.0161981747
35.0228363893
35.0294498966
35.0360387888
35.0426031574
35.0491430937
35.0556586887
35.0621500328
35.0686172165
35.0750603296
35.0814794617
35.087874702
35.0942461395
35.1005938628
35.1069179602
35.1132185195
35.1194956284
35.1257493742
35.1319798438
35.1381871238
35.1443713006
35.1505324602
35.1566706882
35.16278607
35.1688786905
35.1749486346
35.1809959867
35.1870208307
35.1930232505
35.1990033296
35.204961151
35.2108967977
35.2168103522
35.2227018967
35.2285715131
35.234419283
35.2402452878
35.2460496084
35.2518323256
35.2575935198
35.263333271
35.2690516592
35.2747487637
35.2804246639
35.2860794386
35.2917131664
35.2973259258
35.3029177947
35.3084888509
35.3140391719
35.3195688348
35.3250779165
35.3305664937
35.3360346426
35.3414824393
35.3469099595
35.3523172788
35.3577044722
35.3630716147
35.3684187809
35.3737460452
35.3790534817
35.384341164
35.3896091659
35.3948575605
35.4000864208
35.4052958195
35.410485829
35.4156565215
35.4208079689
35.4259402429
35.4310534147
35.4361475556
35.4412227362
35.4462790273
35.451316499
35.4563352215
35.4613352645
35.4663166976
35.47127959
35.4762240107
35.4811500285
35.4860577118
35.490947129
35.4958183479
35.5006714364
35.5055064619
35.5103234917
35.5151225926
35.5199038315
35.5246672749
35.5294129889
35.5341410395
35.5388514926
35.5435444135
35.5482198676
35.5528779198
35.557518635
35.5621420776
35.566748312
35.5713374021
35.5759094119
35.5804644048
35.5850024442
35.5895235933
35.5940279148
35.5985154714
35.6029863256
35.6074405394
35.6118781748
35.6162992935
35.620703957
35.6250922265
35.629464163
35.6338198274
35.6381592802
35.6424825818
35.6467897922
35.6510809713
35.6553561789
35.6596154743
35.6638589168
35.6680865654
35.6722984788
35.6764947157
35.6806753344
35.684840393
35.6889899494
35.6931240613
35.6972427863
35.7013461815
35.705434304
35.7095072108
35.7135649583
35.7176076031
35.7216352014
35.7256478091
35.729645482
35.7336282757
35.7375962457
35.7415494471
35.7454879348
35.7494117636
35.7533209881
35.7572156626
35.7610958413
35.7649615782
35.7688129269
35.7726499411
35.7764726741
35.780281179
35.7840755088
35.7878557163
35.7916218541
35.7953739744
35.7991121295
35.8028363713
35.8065467516
35.8102433221
35.8139261341
35.8175952389
35.8212506873
35.8248925304
35.8285208186
35.8321356026
35.8357369324
35.8393248583
35.84289943
35.8464606974
35.8500087098
35.8535435167
35.8570651672
35.8605737103
35.8640691947
35.8675516691
35.8710211819
35.8744777812
35.8779215153
35.8813524319
35.8847705788
35.8881760035
35.8915687533
35.8949488755
35.898316417
35.9016714247
35.9050139451
35.9083440249
35.9116617102
35.9149670472
35.9182600819
35.9215408601
35.9248094274
35.9280658292
35.9313101108
35.9345423173
35.9377624937
35.9409706847
35.944166935
35.9473512889
35.9505237909
35.9536844849
35.9568334149
35.9599706248
35.9630961581
35.9662100583
35.9693123687
35.9724031324
35.9754823924
35.9785501916
35.9816065725
35.9846515777
35.9876852495
35.9907076302
35.9937187616
35.9967186858
35.9997074443
36.0026850789
36.0056516308
36.0086071413
36.0115516515
36.0144852024
36.0174078348
36.0203195892
36.0232205062
36.0261106261
36.0289899891
36.0318586352
36.0347166044
36.0375639363
36.0404006705
36.0432268466
36.0460425038
36.0488476812
36.0516424178
36.0544267525
36.0572007241
36.0599643711
36.0627177319
36.0654608448
36.0681937479
36.0709164793
36.0736290768
36.0763315782
36.0790240209
36.0817064425
36.0843788802
36.0870413712
36.0896939526
36.0923366611
36.0949695336
36.0975926067
36.1002059167
36.1028095002
36.1054033932
36.1079876319
36.1105622521
36.1131272897
36.1156827804
36.1182287596
36.1207652628
36.1232923253
36.1258099821
36.1283182683
36.1308172187
36.1333068682
36.1357872513
36.1382584026
36.1407203563
36.1431731467
36.1456168079
36.148051374
36.1504768787
36.1528933557
36.1553008387
36.1576993612
36.1600889565
36.1624696578
36.1648414983
36.1672045108
36.1695587283
36.1719041835
36.1742409091
36.1765689374
36.1788883009
36.1811990319
36.1835011624
36.1857947244
36.18807975
36.1903562707
36.1926243184
36.1948839244
36.1971351203
36.1993779374
36.2016124068
36.2038385595
36.2060564267
36.208266039
36.2104674272
36.212660622
36.2148456538
36.217022553
36.2191913498
36.2213520745
36.2235047571
36.2256494275
36.2277861155
36.2299148508
36.2320356631
36.2341485818
36.2362536363
36.2383508559
36.2404402697
36.2425219068
36.2445957962
36.2466619666
36.2487204468
36.2507712655
36.252814451
36.254850032
36.2568780365
36.258898493
36.2609114294
36.2629168737
36.2649148538
36.2669053976
36.2688885326
36.2708642865
36.2728326867
36.2747937606
36.2767475354
36.2786940384
36.2806332966
36.282565337
36.2844901864
36.2864078716
36.2883184192
36.2902218559
36.292118208
36.294007502
36.2958897642
36.2977650206
36.2996332974
36.3014946206
36.3033490159
36.3051965094
36.3070371265
36.3088708929
36.3106978341
36.3125179755
36.3143313425
36.3161379601
36.3179378536
36.319731048
36.3215175682
36.323297439
36.3250706852
36.3268373315
36.3285974024
36.3303509224
36.3320979158
36.3338384071
36.3355724202
36.3372999795
36.3390211089
36.3407358322
36.3424441735
36.3441461564
36.3458418046
36.3475311416
36.349214191
36.3508909762
36.3525615204
36.354225847
36.355883979
36.3575359395
36.3591817514
36.3608214378
36.3624550212
36.3640825246
36.3657039704
36.3673193813
36.3689287798
36.3705321881
36.3721296285
36.3737211234
36.3753066948
36.3768863648
36.3784601553
36.3800280882
36.3815901853
36.3831464684
36.3846969591
36.3862416789
36.3877806493
36.3893138917
36.3908414275
36.3923632779
36.3938794639
36.3953900068
36.3968949276
36.398394247
36.3998879861
36.4013761656
36.4028588061
36.4043359282
36.4058075526
36.4072736997
36.4087343898
36.4101896433
36.4116394804
36.4130839213
36.414522986
36.4159566946
36.417385067
36.418808123
36.4202258825
36.4216383651
36.4230455906
36.4244475784
36.4258443481
36.427235919
36.4286223106
36.4300035421
36.4313796327
36.4327506016
36.4341164677
36.4354772502
36.4368329679
36.4381836397
36.4395292843
36.4408699205
36.4422055669
36.4435362421
36.4448619646
36.4461827528
36.447498625
36.4488095997
36.4501156949
36.451416929
36.4527133199
36.4540048856
36.4552916443
36.4565736136
36.4578508115
36.4591232558
36.460390964
36.461653954
36.4629122431
36.4641658489
36.4654147888
36.4666590803
36.4678987405
36.4691337868
36.4703642363
36.4715901061
36.4728114133
36.4740281748
36.4752404076
36.4764481285
36.4776513543
36.4788501018
36.4800443875
36.4812342282
36.4824196404
36.4836006405
36.484777245
36.4859494701
36.4871173324
36.4882808479
36.4894400328
36.4905949033
36.4917454754
36.4928917652
36.4940337885
36.4951715612
36.4963050992
36.4974344182
36.4985595339
36.499680462
36.5007972181
36.5019098176
36.5030182761
36.504122609
36.5052228315
36.5063189591
36.507411007
36.5084989902
36.5095829241
36.5106628236
36.5117387038
36.5128105796
36.5138784659
36.5149423776
36.5160023294
36.5170583362
36.5181104125
36.5191585731
36.5202028324
36.5212432051
36.5222797055
36.5233123481
36.5243411473
36.5253661173
36.5263872724
36.5274046269
36.5284181947
36.5294279902
36.5304340272
36.5314363198
36.5324348819
36.5334297273
36.53442087
36.5354083238
36.5363921022
36.5373722191
36.538348688
36.5393215226
36.5402907363
36.5412563426
36.542218355
36.5431767868
36.5441316514
36.545082962
36.5460307318
36.5469749741
36.547915702
36.5488529285
36.5497866667
36.5507169296
36.5516437301
36.552567081
36.5534869953
36.5544034857
36.555316565
36.5562262458
36.5571325409
36.5580354627
36.5589350239
36.559831237
36.5607241144
36.5616136685
36.5624999118
36.5633828565
36.564262515
36.5651388993
36.5660120218
36.5668818946
36.5677485298
36.5686119394
36.5694721354
36.5703291298
36.5711829344
36.5720335613
36.5728810222
36.5737253288
36.574566493
36.5754045264
36.5762394407
36.5770712475
36.5778999583
36.5787255847
36.5795481381
36.5803676301
36.5811840719
36.5819974749
36.5828078505
36.58361521
36.5844195644
36.5852209251
36.5860193032
36.5868147097
36.5876071558
36.5883966524
36.5891832105
36.5899668411
36.5907475551
36.5915253632
36.5923002764
36.5930723054
36.593841461
36.5946077538
36.5953711945
36.5961317937
36.5968895619
36.5976445098
36.5983966478
36.5991459864
36.5998925359
36.6006363069
36.6013773095
36.6021155542
36.6028510512
36.6035838107
36.6043138428
36.6050411579
36.6057657658
36.6064876769
36.607206901
36.6079234482
36.6086373284
36.6093485516
36.6100571276
36.6107630664
36.6114663777
36.6121670713
36.6128651569
36.6135606443
36.6142535431
36.614943863
36.6156316135
36.6163168043
36.6169994448
36.6176795446
36.618357113
36.6190321596
36.6197046936
36.6203747246
36.6210422617
36.6217073142
36.6223698915
36.6230300027
36.6236876569
36.6243428634
36.6249956313
36.6256459696
36.6262938873
36.6269393935
36.6275824972
36.6282232073
36.6288615327
36.6294974822
36.6301310648
36.6307622892
36.6313911642
36.6320176986
36.6326419011
36.6332637803
36.6338833448
36.6345006034
36.6351155646
36.6357282369
36.6363386289
36.636946749
36.6375526057
36.6381562075
36.6387575627
36.6393566796
36.6399535667
36.6405482321
36.6411406843
36.6417309314
36.6423189816
36.6429048431
36.643488524
36.6440700325
36.6446493767
36.6452265646
36.6458016042
36.6463745035
36.6469452705
36.6475139132
36.6480804394
36.648644857
36.6492071738
36.6497673978
36.6503255366
36.650881598
36.6514355898
36.6519875197
36.6525373953
36.6530852243
36.6536310143
36.6541747729
36.6547165076
36.6552562261
36.6557939357
36.656329644
36.6568633584
36.6573950863
36.6579248352
36.6584526124
36.6589784252
36.6595022809
36.6600241869
36.6605441504
36.6610621786
36.6615782787
36.6620924579
36.6626047234
36.6631150822
36.6636235415
36.6641301083
36.6646347897
36.6651375927
36.6656385243
36.6661375915
36.6666348011
36.6671301602
36.6676236755
36.668115354
36.6686052025
36.6690932278
36.6695794367
36.6700638359
36.6705464322
36.6710272324
36.671506243
36.6719834707
36.6724589222
36.6729326042
36.673404523
36.6738746855
36.674343098
36.6748097671
36.6752746992
36.6757379009
36.6761993786
36.6766591387
36.6771171876
36.6775735317
36.6780281772
36.6784811306
36.6789323981
36.679381986
36.6798299006
36.680276148
36.6807207346
36.6811636663
36.6816049496
36.6820445904
36.6824825948
36.682918969
36.6833537191
36.683786851
36.6842183709
36.6846482846
36.6850765983
36.6855033177
36.6859284489
36.6863519978
36.6867739703
36.6871943722
36.6876132094
36.6880304877
36.6884462129
36.6888603908
36.6892730271
36.6896841277
36.6900936981
36.6905017441
36.6909082714
36.6913132856
36.6917167924
36.6921187973
36.692519306
36.692918324
36.6933158569
36.6937119102
36.6941064894
36.6944996
36.6948912474
36.6952814372
36.6956701746
36.6960574652
36.6964433144
36.6968277274
36.6972107096
36.6975922665
36.6979724031
36.6983511249
36.6987284372
36.699104345
36.6994788538
36.6998519687
36.7002236948
36.7005940374
36.7009630016
36.7013305926
36.7016968154
36.7020616751
36.7024251768
36.7027873256
36.7031481264
36.7035075844
36.7038657045
36.7042224917
36.704577951
36.7049320872
36.7052849054
36.7056364104
36.7059866071
36.7063355004
36.7066830951
36.7070293961
36.7073744081
36.7077181361
36.7080605847
36.7084017587
36.7087416629
36.709080302
36.7094176807
36.7097538037
36.7100886756
36.7104223012
36.710754685
36.7110858317
36.7114157459
36.7117444321
36.712071895
36.7123981391
36.712723169
36.713046989
36.7133696039
36.713691018
36.7140112358
36.7143302617
36.7146481003
36.7149647559
36.7152802328
36.7155945356
36.7159076686
36.7162196361
36.7165304425
36.7168400921
36.7171485892
36.717455938
36.717762143
36.7180672082
36.718371138
36.7186739366
36.7189756082
36.7192761569
36.7195755871
36.7198739027
36.7201711081
36.7204672073
36.7207622044
36.7210561035
36.7213489088
36.7216406242
36.7219312539
36.7222208019
36.7225092722
36.7227966688
36.7230829958
36.723368257
36.7236524565
36.7239355983
36.7242176862
36.7244987241
36.7247787161
36.725057666
36.7253355776
36.7256124548
36.7258883015
36.7261631215
36.7264369187
36.7267096968
36.7269814596
36.7272522109
36.7275219545
36.7277906941
36.7280584335
36.7283251764
36.7285909265
36.7288556875
36.729119463
36.7293822568
36.7296440724
36.7299049136
36.730164784
36.7304236871
36.7306816266
36.7309386061
36.7311946291
36.7314496992
36.7317038199
36.7319569948
36.7322092274
36.7324605212
36.7327108797
36.7329603064
36.7332088047
36.7334563781
36.7337030301
36.733948764
36.7341935833
36.7344374914
36.7346804917
36.7349225876
36.7351637824
36.7354040794
36.7356434821
36.7358819938
36.7361196177
36.7363563572
36.7365922155
36.736827196
36.737061302
36.7372945365
36.737526903
36.7377584047
36.7379890447
36.7382188262
36.7384477525
36.7386758268
36.7389030522
36.7391294319
36.739354969
36.7395796666
36.7398035279
36.7400265561
36.7402487541
36.7404701251
36.7406906722
36.7409103984
36.7411293068
36.7413474005
36.7415646824
36.7417811556
36.7419968231
36.7422116878
36.7424257529
36.7426390212
36.7428514958
36.7430631795
36.7432740754
36.7434841863
36.7436935151
36.7439020649
36.7441098384
36.7443168387
36.7445230685
36.7447285307
36.7449332281
36.7451371637
36.7453403403
36.7455427607
36.7457444276
36.745945344
36.7461455125
36.7463449361
36.7465436173
36.7467415591
36.7469387642
36.7471352353
36.7473309751
36.7475259864
36.7477202719
36.7479138342
36.7481066762
36.7482988003
36.7484902094
36.7486809061
36.748870893
36.7490601728
36.7492487481
36.7494366215
36.7496237956
36.7498102732
36.7499960566
36.7501811486
36.7503655516
36.7505492684
36.7507323013
36.750914653
36.751096326
36.7512773228
36.751457646
36.751637298
36.7518162813
36.7519945985
36.752172252
36.7523492442
36.7525255777
36.7527012549
36.7528762783
36.7530506502
36.7532243731
36.7533974494
36.7535698815
36.7537416719
36.7539128228
36.7540833368
36.754253216
36.754422463
36.7545910801
36.7547590696
36.7549264338
36.7550931752
36.7552592959
36.7554247983
36.7555896847
36.7557539574
36.7559176187
36.7560806709
36.7562431162
36.7564049569
36.7565661952
36.7567268334
36.7568868737
36.7570463183
36.7572051695
36.7573634295
36.7575211004
36.7576781845
36.7578346839
36.7579906008
36.7581459374
36.7583006959
36.7584548784
36.758608487
36.7587615238
36.7589139911
36.7590658909
36.7592172253
36.7593679965
36.7595182065
36.7596678574
36.7598169514
36.7599654904
36.7601134765
36.7602609119
36.7604077985
36.7605541384
36.7606999337
36.7608451863
36.7609898982
36.7611340716
36.7612777083
36.7614208105
36.76156338
36.7617054189
36.7618469291
36.7619879126
36.7621283714
36.7622683074
36.7624077226
36.7625466189
36.7626849982
36.7628228624
36.7629602136
36.7630970535
36.7632333841
36.7633692073
36.763504525
36.763639339
36.7637736512
36.7639074636
36.7640407779
36.764173596
36.7643059198
36.764437751
36.7645690916
36.7646999434
36.7648303081
36.7649601876
36.7650895837
36.7652184982
36.7653469329
36.7654748896
36.76560237
36.7657293759
36.7658559091
36.7659819714
36.7661075645
36.7662326901
