-3.14989899388
-2.78484638083
-2.42007261579
-2.05557748575
-1.69136077788
-1.3274222795
-0.963761778109
-0.600379061345
-0.237273917024
0.125553866878
0.488104502227
0.850378200723
1.21237517391
1.57409563316
1.93553978969
2.29670785457
2.65760003867
3.01821655275
3.37855760736
3.73862341293
4.0984141797
4.45793011776
4.81717143705
5.17613834732
5.5348310582
5.89324977913
6.2513947194
6.60926608813
6.96686409431
7.32418894673
7.68124085406
8.03802002477
8.3945266672
8.75076098953
9.10672319977
9.46241350577
9.81783211522
10.1729792357
10.5278550745
10.8824598389
11.236793736
11.5908569727
11.9446497556
12.2981722914
12.6514247866
13.0044074474
13.3571204799
13.70956409
14.0617384836
14.4136438664
14.7652804437
15.1166484209
15.4677480033
15.8185793958
16.1691428032
16.5194384303
16.8694664817
17.2192271616
17.5687206744
17.9179472242
18.2669070147
18.6156002499
18.9640271333
19.3121878684
19.6600826584
20.0077117066
20.3550752159
20.7021733891
21.0490064289
21.3955745379
21.7418779184
22.0879167726
22.4336913026
22.7792017103
23.1244481975
23.4694309657
23.8141502163
24.1586061508
24.5027989701
24.8467288754
25.1903960674
25.5338007468
25.8769431141
26.2198233697
26.5624417138
26.9047983464
27.2468934676
27.5887272769
27.9302999742
28.2716117587
28.6126628298
28.9534533866
29.2939836282
29.6342537534
29.9742639608
30.3140144491
30.6535054165
30.9927370614
31.3317095818
31.6704231757
32.0088780408
32.3470743748
32.6850123751
33.0226922391
33.360114164
33.6972783468
34.0341849843
34.3708342733
34.7072264104
35.043361592
35.3792400144
35.7148618737
36.0502273659
36.3853366867
36.720190032
37.0547875972
37.3891295777
37.7232161687
38.0570475653
38.3906239625
38.7239455549
39.0570125374
39.3898251043
39.7223834499
40.0546877686
40.3867382542
40.7185351007
41.0500785019
41.3813686514
41.7124057425
42.0431899686
42.3737215228
42.7040005982
43.0340273876
43.3638020838
43.6933248792
44.0225959663
44.3516155373
44.6803837845
45.0089008997
45.3371670748
45.6651825015
45.9929473713
46.3204618755
46.6477262056
46.9747405524
47.3015051071
47.6280200604
47.9542856029
48.2803019252
48.6060692176
48.9315876704
49.2568574736
49.5818788172
49.906651891
50.2311768845
50.5554539874
50.8794833889
51.2032652783
51.5267998446
51.8500872768
52.1731277636
52.4959214936
52.8184686554
53.1407694372
53.4628240274
53.7846326139
54.1061953846
54.4275125273
54.7485842297
55.0694106792
55.3899920632
55.7103285688
56.0304203831
56.3502676931
56.6698706854
56.9892295467
57.3083444635
57.6272156222
57.9458432089
58.2642274096
58.5823684103
58.9002663968
59.2179215547
59.5353340695
59.8525041265
60.1694319109
60.4861176078
60.802561402
61.1187634785
61.4347240218
61.7504432164
62.0659212467
62.3811582969
62.696154551
63.010910193
63.3254254067
63.6397003758
63.9537352837
64.2675303138
64.5810856494
64.8944014736
65.2074779693
65.5203153192
65.8329137062
66.1452733127
66.4573943211
66.7692769137
67.0809212725
67.3923275797
67.7034960169
68.0144267659
68.3251200083
68.6355759255
68.9457946988
69.2557765092
69.5655215379
69.8750299656
70.1843019732
70.4933377412
70.80213745
71.11070128
71.4190294113
71.727122024
72.034979298
72.3426014131
72.6499885489
72.9571408848
73.2640586003
73.5707418745
73.8771908865
74.1834058153
74.4893868397
74.7951341383
75.1006478897
75.4059282723
75.7109754643
76.0157896438
76.3203709889
76.6247196774
76.928835887
77.2327197953
77.5363715798
77.8397914177
78.1429794862
78.4459359624
78.7486610231
79.0511548452
79.3534176052
79.6554494797
79.9572506451
80.2588212775
80.560161553
80.8612716477
81.1621517373
81.4628019975
81.7632226039
82.0634137319
82.3633755568
82.6631082538
82.9626119978
83.2618869638
83.5609333266
83.8597512606
84.1583409405
84.4567025405
84.7548362349
85.0527421978
85.3504206032
85.6478716248
85.9450954363
86.2420922114
86.5388621233
86.8354053455
87.1317220511
87.4278124131
87.7236766043
88.0193147976
88.3147271656
88.6099138808
88.9048751156
89.1996110421
89.4941218325
89.7884076588
90.0824686928
90.3763051062
90.6699170705
90.9633047574
91.2564683379
91.5494079834
91.8421238649
92.1346161534
92.4268850195
92.718930634
93.0107531674
93.3023527901
93.5937296724
93.8848839844
94.1758158961
94.4665255774
94.7570131982
95.0472789279
95.337322936
95.6271453921
95.9167464652
96.2061263245
96.4952851389
96.7842230774
97.0729403085
97.361437001
97.6497133233
97.9377694437
98.2256055304
98.5132217514
98.8006182748
99.0877952683
99.3747528997
99.6614913364
99.948010746
100.234311296
100.520393153
100.806256484
101.091901457
101.377328238
101.662536993
101.94752789
102.232301094
102.516856773
102.801195092
103.085316216
103.369220313
103.652907548
103.936378086
104.219632093
104.502669735
104.785491177
105.068096583
105.350486119
105.63265995
105.91461824
106.196361155
106.477888858
106.759201515
107.040299289
107.321182344
107.601850845
107.882304955
108.162544838
108.442570658
108.722382578
109.001980763
109.281365374
109.560536575
109.839494529
110.118239399
110.396771348
110.675090539
110.953197133
111.231091294
111.508773183
111.786242963
112.063500796
112.340546844
112.617381267
112.894004229
113.170415891
113.446616413
113.722605958
113.998384687
114.273952759
114.549310338
114.824457582
115.099394653
115.374121712
115.648638918
115.922946433
116.197044415
116.470933026
116.744612426
117.018082773
117.291344228
117.564396951
117.8372411
118.109876835
118.382304316
118.654523701
118.926535149
119.19833882
119.469934871
119.741323462
120.01250475
120.283478895
120.554246055
120.824806387
121.095160049
121.3653072
121.635247997
121.904982598
122.174511161
122.443833842
122.712950799
122.981862189
123.250568169
123.519068897
123.787364528
124.05545522
124.323341128
124.591022411
124.858499223
125.125771721
125.39284006
125.659704398
125.92636489
126.192821691
126.459074958
126.725124845
126.990971507
127.256615101
127.522055782
127.787293703
128.052329021
128.317161889
128.581792464
128.846220898
129.110447346
129.374471964
129.638294904
129.901916322
130.16533637
130.428555203
130.691572975
130.954389838
131.217005947
131.479421455
131.741636515
132.00365128
132.265465903
132.527080538
132.788495336
133.04971045
133.310726034
133.571542239
133.832159218
134.092577123
134.352796105
134.612816318
134.872637912
135.13226104
135.391685852
135.650912502
135.909941139
136.168771915
136.427404982
136.68584049
136.94407859
137.202119433
137.45996317
137.717609951
137.975059926
138.232313247
138.489370063
138.746230525
139.002894781
139.259362983
139.51563528
139.771711822
140.027592757
140.283278237
140.538768409
140.794063423
141.049163428
141.304068573
141.558779007
141.813294879
142.067616337
142.32174353
142.575676606
142.829415713
143.082961
143.336312615
143.589470705
143.842435419
144.095206903
144.347785307
144.600170777
144.85236346
145.104363504
145.356171056
145.607786263
145.859209273
146.11044023
146.361479284
146.612326579
146.862982263
147.113446482
147.363719382
147.613801109
147.86369181
148.11339163
148.362900714
148.61221921
148.861347262
149.110285015
149.359032616
149.60759021
149.85595794
150.104135954
150.352124394
150.599923407
150.847533138
151.094953729
151.342185327
151.589228075
151.836082118
152.082747599
152.329224663
152.575513455
152.821614116
153.067526792
153.313251626
153.558788761
153.804138341
154.049300509
154.294275408
154.539063182
154.783663972
155.028077923
155.272305176
155.516345874
155.76020016
156.003868177
156.247350065
156.490645969
156.733756029
156.976680388
157.219419187
157.461972569
157.704340675
157.946523646
158.188521623
158.430334749
158.671963165
158.91340701
159.154666428
159.395741557
159.636632539
159.877339516
160.117862626
160.358202011
160.598357812
160.838330167
161.078119219
161.317725105
161.557147967
161.796387944
162.035445176
162.274319802
162.513011962
162.751521796
162.989849442
163.22799504
163.465958729
163.703740647
163.941340934
164.178759729
164.415997169
164.653053394
164.889928542
165.126622751
165.36313616
165.599468906
165.835621128
166.071592963
166.30738455
166.542996025
166.778427527
167.013679193
167.24875116
167.483643566
167.718356548
167.952890242
168.187244787
168.421420318
168.655416972
168.889234886
169.122874197
169.356335041
169.589617554
169.822721873
170.055648133
170.288396471
170.520967022
170.753359923
170.985575309
171.217613316
171.449474078
171.681157732
171.912664413
172.143994256
172.375147396
172.606123968
172.836924107
173.067547948
173.297995625
173.528267273
173.758363027
173.98828302
174.218027387
174.447596262
174.676989779
174.906208073
175.135251277
175.364119524
175.592812949
175.821331684
176.049675864
176.277845622
176.505841091
176.733662403
176.961309693
177.188783093
177.416082735
177.643208754
177.87016128
178.096940447
178.323546387
178.549979233
178.776239116
179.00232617
179.228240525
179.453982313
179.679551668
179.904948719
180.1301736
180.35522644
180.580107373
180.804816529
181.029354039
181.253720034
181.477914646
181.701938005
181.925790243
182.149471489
182.372981875
182.596321531
182.819490588
183.042489175
183.265317423
183.487975462
183.710463422
183.932781433
184.154929625
184.376908128
184.598717071
184.820356583
185.041826795
185.263127835
185.484259832
185.705222917
185.926017217
186.146642862
186.36709998
186.587388701
186.807509153
187.027461464
187.247245763
187.466862178
187.686310837
187.90559187
188.124705402
188.343651564
188.562430482
188.781042284
188.999487098
189.217765051
189.435876271
189.653820886
189.871599022
190.089210806
190.306656366
190.523935829
190.741049321
190.95799697
191.174778902
191.391395243
191.607846121
191.824131661
192.040251989
192.256207233
192.471997518
192.68762297
192.903083714
193.118379878
193.333511586
193.548478964
193.763282138
193.977921233
194.192396375
194.406707688
194.620855298
194.834839329
195.048659908
195.262317158
195.475811204
195.689142172
195.902310185
196.115315369
196.328157846
196.540837743
196.753355183
196.965710289
197.177903187
197.389934
197.601802851
197.813509865
198.025055165
198.236438875
198.447661117
198.658722017
198.869621695
199.080360277
199.290937884
199.501354641
199.711610669
199.921706091
200.131641031
200.34141561
200.551029951
200.760484177
200.96977841
201.178912772
201.387887386
201.596702372
201.805357854
202.013853953
202.222190791
202.430368489
202.638387169
202.846246953
203.053947961
203.261490316
203.468874138
203.676099548
203.883166667
204.090075618
204.296826519
204.503419492
204.709854657
204.916132136
205.122252048
205.328214514
205.534019654
205.739667588
205.945158437
206.15049232
206.355669357
206.560689669
206.765553374
206.970260593
207.174811444
207.379206048
207.583444524
207.787526991
207.991453568
208.195224374
208.398839528
208.60229915
208.805603357
209.00875227
209.211746005
209.414584682
209.61726842
209.819797336
210.022171549
210.224391177
210.426456338
210.62836715
210.830123731
211.031726199
211.233174672
211.434469266
211.635610101
211.836597292
212.037430958
212.238111216
212.438638183
212.639011976
212.839232712
213.039300508
213.239215481
213.438977747
213.638587424
213.838044627
214.037349473
214.23650208
214.435502561
214.634351036
214.833047618
215.031592424
215.229985571
215.428227173
215.626317348
215.82425621
216.022043874
216.219680458
216.417166075
216.614500841
216.811684872
217.008718283
217.205601188
217.402333702
217.598915942
217.79534802
217.991630053
218.187762154
218.383744438
218.57957702
218.775260013
218.970793533
219.166177693
219.361412608
219.556498391
219.751435156
219.946223018
220.140862089
220.335352484
220.529694316
220.723887699
220.917932746
221.11182957
221.305578285
221.499179003
221.692631838
221.885936903
222.07909431
222.272104173
222.464966604
222.657681715
222.85024962
223.04267043
223.234944259
223.427071217
223.619051418
223.810884974
224.002571996
224.194112597
224.385506888
224.576754982
224.767856989
224.958813021
225.14962319
225.340287608
225.530806385
225.721179634
225.911407464
226.101489987
226.291427315
226.481219557
226.670866826
226.860369231
227.049726883
227.238939893
227.428008371
227.616932429
227.805712175
227.99434772
228.182839175
228.371186649
228.559390253
228.747450096
228.935366288
229.123138939
229.310768159
229.498254057
229.685596742
229.872796325
230.059852913
230.246766618
230.433537546
230.620165809
230.806651514
230.992994771
231.179195688
231.365254374
231.551170938
231.736945489
231.922578134
232.108068982
232.293418142
232.478625722
232.663691829
232.848616573
233.03340006
233.2180424
233.402543699
233.586904065
233.771123606
233.95520243
234.139140644
234.322938356
234.506595672
234.6901127
234.873489548
235.056726322
235.239823129
235.422780077
235.605597271
235.78827482
235.970812828
236.153211404
236.335470654
236.517590683
236.699571599
236.881413507
237.063116514
237.244680726
237.426106249
237.607393189
237.788541651
237.969551742
238.150423567
238.331157232
238.511752842
238.692210503
238.872530321
239.052712399
239.232756844
239.412663761
239.592433255
239.772065431
239.951560393
240.130918247
240.310139097
240.489223048
240.668170204
240.846980671
241.025654551
241.204191951
241.382592973
241.560857723
241.738986304
241.91697882
242.094835375
242.272556073
242.450141018
242.627590313
242.804904063
242.98208237
243.159125338
243.336033071
243.512805672
243.689443243
243.865945889
244.042313712
244.218546815
244.394645302
244.570609274
244.746438835
244.922134087
245.097695133
245.273122076
245.448415017
245.62357406
245.798599306
245.973490858
246.148248818
246.322873288
246.49736437
246.671722165
246.845946776
247.020038304
247.193996852
247.367822519
247.541515409
247.715075623
247.888503261
248.061798425
248.234961217
248.407991736
248.580890086
248.753656365
248.926290676
249.098793119
249.271163795
249.443402804
249.615510248
249.787486225
249.959330838
250.131044186
250.30262637
250.474077489
250.645397644
250.816586935
250.987645462
251.158573325
251.329370623
251.500037456
251.670573925
251.840980128
252.011256165
252.181402135
252.351418138
252.521304274
252.69106064
252.860687337
253.030184464
253.199552119
253.368790401
253.537899409
253.706879242
253.875729999
254.044451778
254.213044678
254.381508797
254.549844233
254.718051085
254.886129451
255.054079429
255.221901118
255.389594614
255.557160017
255.724597424
255.891906933
256.059088641
256.226142646
256.393069046
256.559867937
256.726539419
256.893083587
257.059500539
257.225790373
257.391953184
257.557989072
257.723898131
257.88968046
258.055336154
258.220865312
258.386268029
258.551544401
258.716694527
258.881718501
259.04661642
259.211388381
259.37603448
259.540554813
259.704949475
259.869218564
260.033362175
260.197380403
260.361273345
260.525041096
260.688683752
260.852201408
261.01559416
261.178862104
261.342005334
261.505023946
261.667918035
261.830687697
261.993333025
262.155854116
262.318251064
262.480523964
262.642672911
262.804697999
262.966599322
263.128376977
263.290031057
263.451561655
263.612968868
263.774252789
263.935413511
264.09645113
264.25736574
264.418157433
264.578826305
264.739372448
264.899795958
265.060096926
265.220275448
265.380331616
265.540265524
265.700077266
265.859766934
266.019334622
266.178780423
266.338104431
266.497306737
266.656387436
266.81534662
266.974184382
267.132900814
267.29149601
267.449970062
267.608323062
267.766555103
267.924666278
268.082656678
268.240526396
268.398275524
268.555904155
268.713412379
268.87080029
269.028067979
269.185215539
269.342243059
269.499150634
269.655938353
269.812606309
269.969154593
270.125583296
270.28189251
270.438082327
270.594152836
270.75010413
270.9059363
271.061649436
271.21724363
271.372718972
271.528075553
271.683313463
271.838432794
271.993433636
272.14831608
272.303080216
272.457726134
272.612253924
272.766663678
272.920955484
273.075129434
273.229185616
273.383124122
273.536945041
273.690648462
273.844234477
273.997703173
274.151054641
274.304288971
274.457406252
274.610406572
274.763290023
274.916056692
275.06870667
275.221240044
275.373656905
275.525957342
275.678141442
275.830209296
275.982160992
276.133996618
276.285716263
276.437320017
276.588807966
276.740180201
276.891436809
277.042577878
277.193603498
277.344513755
277.495308739
277.645988536
277.796553236
277.947002926
278.097337694
278.247557627
278.397662815
278.547653343
278.6975293
278.847290773
278.996937849
279.146470617
279.295889163
279.445193575
279.594383939
279.743460343
279.892422875
280.04127162
280.190006666
280.338628099
280.487136008
280.635530477
280.783811594
280.931979446
281.080034118
281.227975698
281.375804272
281.523519926
281.671122746
281.818612819
281.96599023
282.113255067
282.260407413
282.407447357
282.554374983
282.701190377
282.847893626
282.994484814
283.140964027
283.287331351
283.433586872
283.579730674
283.725762843
283.871683465
284.017492624
284.163190405
284.308776895
284.454252177
284.599616336
284.744869459
284.890011628
285.03504293
285.179963449
285.324773269
285.469472475
285.614061152
285.758539383
285.902907254
286.047164849
286.191312251
286.335349545
286.479276815
286.623094146
286.76680162
286.910399323
287.053887338
287.197265748
287.340534637
287.48369409
287.626744189
287.769685019
287.912516662
288.055239202
288.197852722
288.340357307
288.482753038
288.625039999
288.767218273
288.909287943
289.051249093
289.193101804
289.33484616
289.476482244
289.618010138
289.759429925
289.900741687
290.041945508
290.183041469
290.324029653
290.464910141
290.605683018
290.746348364
290.886906262
291.027356794
291.167700041
291.307936087
291.448065012
291.588086898
291.728001828
291.867809883
292.007511145
292.147105695
292.286593614
292.425974985
292.565249888
292.704418405
292.843480618
292.982436606
293.121286452
293.260030237
293.398668041
293.537199946
293.675626032
293.813946381
293.952161073
294.090270188
294.228273807
294.366172012
294.503964882
294.641652498
294.779234941
294.91671229
295.054084626
295.191352029
295.32851458
295.465572358
295.602525443
295.739373916
295.876117856
296.012757343
296.149292458
296.285723279
296.422049886
296.558272359
296.694390778
296.830405222
296.96631577
297.102122502
297.237825498
297.373424835
297.508920594
297.644312853
297.779601693
297.91478719
298.049869426
298.184848478
298.319724425
298.454497346
298.58916732
298.723734426
298.858198741
298.992560345
299.126819316
299.260975732
299.395029672
299.528981214
299.662830436
299.796577416
299.930222233
300.063764964
300.197205688
300.330544482
300.463781424
300.596916592
300.729950065
300.862881918
300.995712231
301.12844108
301.261068543
301.393594698
301.526019622
301.658343392
301.790566086
301.92268778
302.054708553
302.18662848
302.31844764
302.450166108
302.581783962
302.71330128
302.844718136
302.976034609
303.107250775
303.238366711
303.369382493
303.500298197
303.631113901
303.76182968
303.892445611
304.02296177
304.153378233
304.283695077
304.413912378
304.54403021
304.674048652
304.803967778
304.933787665
305.063508387
305.193130022
305.322652644
305.452076329
305.581401153
305.710627192
305.83975452
305.968783213
306.097713347
306.226544997
306.355278238
306.483913145
306.612449793
306.740888258
306.869228614
306.997470936
307.1256153
307.25366178
307.38161045
307.509461386
307.637214662
307.764870353
307.892428533
308.019889277
308.147252659
308.274518754
308.401687636
308.528759379
308.655734057
308.782611744
308.909392516
309.036076444
309.162663605
309.289154071
309.415547916
309.541845215
309.66804604
309.794150466
309.920158566
310.046070415
310.171886084
310.297605648
310.423229181
310.548756755
310.674188444
310.799524321
310.924764459
311.049908932
311.174957813
311.299911173
311.424769088
311.549531629
311.674198869
311.798770881
311.923247738
312.047629512
312.171916276
312.296108104
312.420205066
312.544207236
312.668114686
312.791927489
312.915645716
313.03926944
313.162798733
313.286233668
313.409574316
313.532820749
313.65597304
313.77903126
313.901995481
314.024865775
314.147642214
314.270324869
314.392913812
314.515409114
314.637810848
314.760119084
314.882333894
315.00445535
315.126483522
315.248418482
315.370260302
315.492009051
315.613664802
315.735227625
315.856697592
315.978074773
316.099359239
316.220551062
316.341650311
316.462657057
316.583571372
316.704393325
316.825122988
316.94576043
317.066305723
317.186758936
317.307120141
317.427389406
317.547566803
317.667652402
317.787646273
317.907548485
318.027359109
318.147078215
318.266705873
318.386242152
318.505687123
318.625040854
318.744303417
318.86347488
318.982555313
319.101544786
319.220443367
319.339251127
319.457968135
319.576594461
319.695130172
319.81357534
319.931930032
320.050194318
320.168368267
320.286451948
320.40444543
320.522348782
320.640162072
320.75788537
320.875518745
320.993062264
321.110515997
321.227880012
321.345154377
321.462339162
321.579434434
321.696440262
321.813356715
321.93018386
322.046921766
322.163570501
322.280130132
322.396600729
322.512982359
322.62927509
322.745478991
322.861594127
322.977620569
323.093558383
323.209407637
323.325168399
323.440840736
323.556424716
323.671920406
323.787327874
323.902647188
324.017878413
324.133021619
324.248076872
324.363044239
324.477923787
324.592715584
324.707419696
324.822036191
324.936565135
325.051006595
325.165360639
325.279627332
325.393806742
325.507898935
325.621903978
325.735821938
325.84965288
325.963396872
326.07705398
326.19062427
326.304107808
326.417504661
326.530814896
326.644038577
326.757175772
326.870226546
326.983190965
327.096069096
327.208861004
327.321566755
327.434186416
327.54672005
327.659167726
327.771529507
327.88380546
327.99599565
328.108100143
328.220119004
328.332052298
328.443900092
328.55566245
328.667339437
328.778931119
328.890437561
329.001858829
329.113194986
329.224446098
329.33561223
329.446693448
329.557689815
329.668601397
329.779428258
329.890170463
330.000828077
330.111401165
330.22188979
330.332294018
330.442613913
330.552849539
330.663000961
330.773068243
330.88305145
330.992950645
331.102765893
331.212497257
331.322144803
331.431708593
331.541188692
331.650585165
331.759898073
331.869127483
331.978273457
332.087336059
332.196315352
332.305211402
332.41402427
332.52275402
332.631400717
332.739964423
332.848445202
332.956843117
333.065158232
333.173390609
333.281540312
333.389607405
333.497591949
333.605494009
333.713313647
333.821050927
333.92870591
334.03627866
334.143769241
334.251177713
334.358504141
334.465748587
334.572911114
334.679991784
334.786990659
334.893907803
335.000743277
335.107497144
335.214169466
335.320760306
335.427269726
335.533697788
335.640044554
335.746310086
335.852494447
335.958597698
336.064619901
336.170561119
336.276421412
336.382200844
336.487899475
336.593517367
336.699054583
336.804511183
336.909887229
337.015182783
337.120397906
337.225532661
337.330587107
337.435561306
337.54045532
337.645269211
337.750003038
337.854656864
337.959230749
338.063724755
338.168138942
338.272473371
338.376728104
338.480903202
338.584998724
338.689014733
338.792951288
338.89680845
339.00058628
339.104284839
339.207904187
339.311444385
339.414905493
339.518287571
339.62159068
339.724814881
339.827960232
339.931026796
340.034014631
340.136923799
340.239754358
340.34250637
340.445179894
340.547774989
340.650291717
340.752730137
340.855090309
340.957372292
341.059576146
341.161701931
341.263749706
341.365719532
341.467611467
341.569425572
341.671161905
341.772820526
341.874401494
341.975904869
342.07733071
342.178679076
342.279950026
342.38114362
342.482259916
342.583298974
342.684260853
342.785145611
342.885953308
342.986684002
343.087337752
343.187914617
343.288414656
343.388837927
343.489184489
343.5894544
343.68964772
343.789764507
343.889804818
343.989768713
344.08965625
344.189467487
344.289202482
344.388861295
344.488443982
344.587950602
344.687381213
344.786735874
344.886014642
344.985217575
345.084344731
345.183396168
345.282371944
345.381272117
345.480096744
345.578845884
345.677519593
345.776117929
345.874640951
345.973088714
346.071461278
346.1697587
346.267981036
346.366128344
346.464200682
346.562198106
346.660120675
346.757968445
346.855741473
346.953439816
347.051063532
347.148612677
347.246087309
347.343487484
347.440813259
347.538064691
347.635241837
347.732344754
347.829373497
347.926328125
348.023208693
348.120015259
348.216747878
348.313406607
348.409991502
348.506502621
348.602940019
348.699303752
348.795593878
348.891810451
348.987953529
349.084023167
349.180019422
349.275942349
349.371792005
349.467568446
349.563271727
349.658901904
349.754459034
349.849943171
349.945354373
350.040692693
350.135958189
350.231150916
350.326270929
350.421318284
350.516293037
350.611195242
350.706024956
350.800782233
350.895467129
350.9900797
351.08462
351.179088085
351.273484009
351.367807829
351.462059599
351.556239374
351.650347209
351.744383159
351.838347279
351.932239624
352.026060248
352.119809207
352.213486555
352.307092348
352.400626638
352.494089482
352.587480934
352.680801048
352.774049878
352.86722748
352.960333908
353.053369215
353.146333457
353.239226688
353.332048961
353.424800331
353.517480853
353.61009058
353.702629566
353.795097866
353.887495533
353.979822622
354.072079185
354.164265279
354.256380955
354.348426267
354.440401271
354.532306019
354.624140564
354.715904961
354.807599263
354.899223524
354.990777797
355.082262136
355.173676594
355.265021224
355.35629608
355.447501215
355.538636682
355.629702535
355.720698826
355.81162561
355.902482938
355.993270864
356.083989442
356.174638723
356.265218761
356.355729609
356.44617132
356.536543946
356.62684754
356.717082156
356.807247845
356.89734466
356.987372654
357.07733188
357.167222389
357.257044235
357.346797471
357.436482147
357.526098317
357.615646034
357.705125348
357.794536313
357.883878981
357.973153404
358.062359635
358.151497724
358.240567724
358.329569688
358.418503667
358.507369713
358.596167879
358.684898215
358.773560773
358.862155607
358.950682766
359.039142304
359.127534271
359.215858719
359.3041157
359.392305265
359.480427466
359.568482354
359.656469981
359.744390398
359.832243656
359.920029807
360.007748902
360.095400992
360.182986128
360.270504362
360.357955745
360.445340327
360.532658159
360.619909294
360.707093781
360.794211671
360.881263016
360.968247866
361.055166273
361.142018285
361.228803956
361.315523334
361.402176472
361.488763418
361.575284225
361.661738942
361.74812762
361.83445031
361.920707061
362.006897925
362.093022951
362.179082189
362.265075691
362.351003506
362.436865685
362.522662277
362.608393333
362.694058902
362.779659035
362.865193782
362.950663193
363.036067317
363.121406205
363.206679906
363.29188847
363.377031947
363.462110386
363.547123838
363.632072352
363.716955977
363.801774763
363.88652876
363.971218016
364.055842583
364.140402508
364.224897841
364.309328632
364.393694931
364.477996785
364.562234245
364.646407359
364.730516177
364.814560748
364.898541121
364.982457345
365.066309469
365.150097542
365.233821613
365.317481731
365.401077944
365.484610302
365.568078852
365.651483645
365.734824729
365.818102152
365.901315963
365.98446621
366.067552942
366.150576209
366.233536057
366.316432535
366.399265693
366.482035578
366.564742239
366.647385723
366.72996608
366.812483357
366.894937603
366.977328865
367.059657193
367.141922633
367.224125234
367.306265045
367.388342112
367.470356484
367.552308208
367.634197334
367.716023908
367.797787978
367.879489591
367.961128797
368.042705642
368.124220174
368.20567244
368.287062489
368.368390367
368.449656122
368.530859802
368.612001454
368.693081125
368.774098863
368.855054715
368.935948728
369.01678095
369.097551427
369.178260208
369.258907338
369.339492866
369.420016838
369.500479301
369.580880302
369.661219888
369.741498106
369.821715004
369.901870627
369.981965022
370.061998237
370.141970318
370.221881312
370.301731265
370.381520224
370.461248236
370.540915347
370.620521604
370.700067053
370.77955174
370.858975713
370.938339017
371.017641699
371.096883805
371.176065381
371.255186474
371.33424713
371.413247395
371.492187315
371.571066936
371.649886304
371.728645465
371.807344466
371.885983352
371.964562169
372.043080963
372.12153978
372.199938666
372.278277666
372.356556826
372.434776193
372.51293581
372.591035726
372.669075983
372.74705663
372.82497771
372.90283927
372.980641354
373.058384009
373.13606728
373.213691211
373.29125585
373.368761239
373.446207426
373.523594455
373.600922372
373.67819122
373.755401047
373.832551896
373.909643813
373.986676843
374.063651031
374.140566421
374.217423059
374.29422099
374.370960257
374.447640907
374.524262984
374.600826533
374.677331598
374.753778224
374.830166456
374.906496338
374.982767915
375.058981232
375.135136332
375.211233261
375.287272062
375.363252781
375.439175462
375.515040148
375.590846885
375.666595716
375.742286685
375.817919838
375.893495218
375.969012869
376.044472835
376.119875161
376.19521989
376.270507066
376.345736734
376.420908937
376.49602372
376.571081125
376.646081197
376.72102398
376.795909517
376.870737853
376.94550903
377.020223093
377.094880085
377.16948005
377.244023031
377.318509072
377.392938216
377.467310507
377.541625988
377.615884703
377.690086694
377.764232006
377.838320682
377.912352764
377.986328297
378.060247322
378.134109884
378.207916026
378.281665791
378.355359221
378.42899636
378.50257725
378.576101935
378.649570458
378.722982862
378.796339189
378.869639482
378.942883784
379.016072139
379.089204587
379.162281173
379.235301939
379.308266927
379.381176181
379.454029742
379.526827654
379.599569958
379.672256698
379.744887916
379.817463653
379.889983953
379.962448858
380.034858411
380.107212652
380.179511625
380.251755373
380.323943936
380.396077358
380.46815568
380.540178944
380.612147193
380.684060468
380.755918812
380.827722267
380.899470874
380.971164675
381.042803713
381.114388028
381.185917663
381.25739266
381.328813061
381.400178906
381.471490238
381.542747098
381.613949528
381.68509757
381.756191265
381.827230654
381.89821578
381.969146683
382.040023405
382.110845987
382.181614471
382.252328898
382.322989309
382.393595745
382.464148249
382.53464686
382.605091621
382.675482572
382.745819754
382.816103209
382.886332977
382.9565091
383.026631618
383.096700573
383.166716004
383.236677955
383.306586464
383.376441573
383.446243323
383.515991754
383.585686907
383.655328824
383.724917543
383.794453107
383.863935556
383.93336493
384.00274127
384.072064617
384.14133501
384.21055249
384.279717099
384.348828875
384.41788786
384.486894094
384.555847617
384.624748469
384.693596691
384.762392322
384.831135404
384.899825976
384.968464077
385.03704975
385.105583032
385.174063965
385.242492588
385.310868942
385.379193066
385.447465
385.515684784
385.583852458
385.651968061
385.720031634
385.788043216
385.856002847
385.923910567
385.991766414
386.05957043
386.127322653
386.195023123
386.262671879
386.330268962
386.39781441
386.465308263
386.53275056
386.600141341
386.667480645
386.734768511
386.802004979
386.869190089
386.936323878
387.003406387
387.070437654
387.137417719
387.20434662
387.271224398
387.338051091
387.404826737
387.471551377
387.538225048
387.60484779
387.671419642
387.737940643
387.804410831
387.870830245
387.937198925
388.003516908
388.069784234
388.136000941
388.202167067
388.268282653
388.334347735
388.400362354
388.466326546
388.532240352
388.598103808
388.663916955
388.729679829
388.79539247
388.861054917
388.926667206
388.992229377
389.057741468
389.123203516
389.188615562
389.253977642
389.319289794
389.384552058
389.44976447
389.514927069
389.580039894
389.645102981
389.71011637
389.775080098
389.839994203
389.904858722
389.969673695
390.034439158
390.099155149
390.163821707
390.228438869
390.293006672
390.357525155
390.421994355
390.48641431
390.550785057
390.615106634
390.679379079
390.743602428
390.807776721
390.871901993
390.935978282
391.000005627
391.063984064
391.12791363
391.191794364
391.255626301
391.31940948
391.383143938
391.446829712
391.510466839
391.574055357
391.637595301
391.701086711
391.764529622
391.827924072
391.891270097
391.954567735
392.017817023
392.081017998
392.144170695
392.207275154
392.270331409
392.333339499
392.396299459
392.459211327
392.522075139
392.584890933
392.647658744
392.710378609
392.773050565
392.835674649
392.898250897
392.960779346
393.023260032
393.085692992
393.148078262
393.210415878
393.272705877
393.334948296
393.397143171
393.459290537
393.521390432
393.583442891
393.645447951
393.707405648
393.769316018
393.831179098
393.892994923
393.954763529
394.016484954
394.078159232
394.139786399
394.201366492
394.262899547
394.324385599
394.385824685
394.44721684
394.5085621
394.569860502
394.63111208
394.69231687
394.753474909
394.814586232
394.875650875
394.936668873
394.997640261
395.058565077
395.119443355
395.18027513
395.241060438
395.301799316
395.362491797
395.423137918
395.483737714
395.544291221
395.604798473
395.665259506
395.725674356
395.786043058
395.846365646
395.906642157
395.966872625
396.027057085
396.087195573
396.147288124
396.207334773
396.267335555
396.327290505
396.387199658
396.447063048
396.506880712
396.566652684
396.626378998
396.68605969
396.745694794
396.805284346
396.86482838
396.92432693
396.983780033
397.043187721
397.102550031
397.161866996
397.221138652
397.280365033
397.339546173
397.398682107
397.45777287
397.516818495
397.575819019
397.634774474
397.693684896
397.752550319
397.811370777
397.870146305
397.928876936
397.987562706
398.046203648
398.104799797
398.163351187
398.221857852
398.280319826
398.338737144
398.397109839
398.455437945
398.513721498
398.57196053
398.630155076
398.688305169
398.746410844
398.804472135
398.862489075
398.920461699
398.978390039
399.036274131
399.094114008
399.151909703
399.20966125
399.267368684
399.325032037
399.382651344
399.440226638
399.497757953
399.555245322
399.612688779
399.670088357
399.72744409
399.784756011
399.842024155
399.899248554
399.956429241
400.013566251
400.070659616
400.12770937
400.184715546
400.241678177
400.298597298
400.35547294
400.412305137
400.469093923
400.52583933
400.582541392
400.639200141
400.695815611
400.752387835
400.808916847
400.865402678
400.921845361
400.978244931
401.03460142
401.09091486
401.147185285
401.203412727
401.25959722
401.315738795
401.371837487
401.427893327
401.483906348
401.539876584
401.595804066
401.651688828
401.707530901
401.763330319
401.819087115
401.87480132
401.930472968
401.98610209
402.04168872
402.09723289
402.152734631
402.208193978
402.263610961
402.318985614
402.374317968
402.429608056
402.484855911
402.540061564
402.595225048
402.650346395
402.705425637
402.760462806
402.815457935
402.870411056
402.9253222
402.9801914
403.035018687
403.089804095
403.144547654
403.199249397
403.253909356
403.308527562
403.363104048
403.417638845
403.472131985
403.5265835
403.580993423
403.635361783
403.689688615
403.743973948
403.798217815
403.852420247
403.906581277
403.960700935
404.014779253
404.068816264
404.122811998
404.176766487
404.230679762
404.284551855
404.338382798
404.392172622
404.445921357
404.499629037
404.553295692
404.606921352
404.660506051
404.714049818
404.767552686
404.821014685
404.874435847
404.927816203
404.981155784
405.03445462
405.087712745
405.140930187
405.194106979
405.247243152
405.300338736
405.353393763
405.406408263
405.459382268
405.512315809
405.565208915
405.618061619
405.670873951
405.723645942
405.776377622
405.829069024
405.881720176
405.93433111
405.986901858
406.039432448
406.091922913
406.144373283
406.196783588
406.249153859
406.301484127
406.353774422
406.406024774
406.458235215
406.510405774
406.562536483
406.614627371
406.666678469
406.718689808
406.770661417
406.822593328
406.874485569
406.926338173
406.978151169
407.029924587
407.081658457
407.13335281
407.185007677
407.236623086
407.288199068
407.339735654
407.391232873
407.442690755
407.494109332
407.545488631
407.596828685
407.648129521
407.699391172
407.750613665
407.801797032
407.852941303
407.904046506
407.955112672
408.006139831
408.057128013
408.108077247
408.158987563
408.209858991
408.26069156
408.3114853
408.362240242
408.412956413
408.463633845
408.514272567
408.564872608
408.615433997
408.665956765
408.716440941
408.766886554
408.817293634
408.86766221
408.917992312
408.968283968
409.018537209
409.068752064
409.118928562
409.169066732
409.219166604
409.269228206
409.319251569
409.369236721
409.419183691
409.46909251
409.518963204
409.568795805
409.618590341
409.668346841
409.718065334
409.767745849
409.817388416
409.866993062
409.916559818
409.966088712
410.015579773
410.06503303
410.114448511
410.163826246
410.213166264
410.262468593
410.311733262
410.3609603
410.410149735
410.459301597
410.508415914
410.557492714
410.606532027
410.655533881
410.704498304
410.753425325
410.802314974
410.851167277
410.899982265
410.948759964
410.997500405
411.046203615
411.094869622
411.143498456
411.192090144
411.240644715
411.289162197
411.337642619
411.386086009
411.434492395
411.482861805
411.531194268
411.579489812
411.627748465
411.675970256
411.724155211
411.772303361
411.820414732
411.868489353
411.916527252
411.964528456
412.012492995
412.060420895
412.108312186
412.156166894
412.203985048
412.251766676
412.299511806
412.347220465
412.394892682
412.442528484
412.490127899
412.537690955
412.585217679
412.6327081
412.680162245
412.727580141
412.774961818
412.822307301
412.869616619
412.9168898
412.96412687
413.011327859
413.058492792
413.105621699
413.152714605
413.199771539
413.246792529
413.293777601
413.340726783
413.387640103
413.434517588
413.481359265
413.528165162
413.574935305
413.621669723
413.668368443
413.715031492
413.761658896
413.808250684
413.854806882
413.901327518
413.94781262
413.994262213
414.040676325
414.087054983
414.133398215
414.179706047
414.225978507
414.272215621
414.318417416
414.36458392
414.41071516
414.456811161
414.502871952
414.54889756
414.59488801
414.64084333
414.686763546
414.732648686
414.778498777
414.824313845
414.870093916
414.915839018
414.961549177
415.00722442
415.052864774
415.098470266
415.144040921
415.189576766
415.235077829
415.280544136
415.325975712
415.371372586
415.416734783
415.462062329
415.507355252
415.552613577
415.597837332
415.643026542
415.688181234
415.733301434
415.778387169
415.823438465
415.868455348
415.913437844
415.958385981
416.003299783
416.048179278
416.093024491
416.137835449
416.182612178
416.227354704
416.272063052
416.31673725
416.361377324
416.405983298
416.4505552
416.495093056
416.539596891
416.584066731
416.628502603
416.672904532
416.717272545
416.761606666
416.805906923
416.850173341
416.894405945
416.938604762
416.982769818
417.026901137
417.070998747
417.115062672
417.159092939
417.203089573
417.2470526
417.290982045
417.334877935
417.378740294
417.422569149
417.466364525
417.510126447
417.553854942
417.597550034
417.64121175
417.684840114
417.728435152
417.77199689
417.815525353
417.859020567
417.902482556
417.945911347
417.989306964
418.032669433
418.075998779
418.119295028
418.162558205
418.205788335
418.248985444
418.292149556
418.335280696
418.378378891
418.421444165
418.464476543
418.507476051
418.550442713
418.593376554
418.636277601
418.679145877
418.721981408
418.764784218
418.807554334
418.850291779
418.892996579
418.935668758
418.978308342
419.020915356
419.063489824
419.106031771
419.148541222
419.191018202
419.233462735
419.275874848
419.318254563
419.360601906
419.402916902
419.445199575
419.487449951
419.529668053
419.571853906
419.614007536
419.656128966
419.698218221
419.740275327
419.782300306
419.824293185
419.866253987
419.908182737
419.950079459
419.991944179
420.033776919
420.075577706
420.117346562
420.159083514
420.200788584
420.242461797
420.284103178
420.325712751
420.36729054
420.40883657
420.450350864
420.491833448
420.533284345
420.574703579
420.616091175
420.657447156
420.698771548
420.740064373
420.781325657
420.822555423
420.863753696
420.904920498
420.946055856
420.987159791
421.02823233
421.069273494
421.110283309
421.151261799
421.192208987
421.233124897
421.274009553
421.314862979
421.355685198
421.396476236
421.437236115
421.477964859
421.518662493
421.559329039
421.599964521
421.640568964
421.681142391
421.721684826
421.762196292
421.802676813
421.843126413
421.883545115
421.923932943
421.964289921
422.004616071
422.044911418
422.085175985
422.125409796
422.165612874
422.205785243
422.245926925
422.286037945
422.326118326
422.366168092
422.406187265
422.446175869
422.486133927
422.526061464
422.565958501
422.605825063
422.645661172
422.685466852
422.725242127
422.764987019
422.804701551
422.844385747
422.88403963
422.923663224
422.96325655
423.002819633
423.042352495
423.08185516
423.12132765
423.160769989
423.2001822
423.239564306
423.278916329
423.318238293
423.35753022
423.396792134
423.436024058
423.475226014
423.514398025
423.553540115
423.592652305
423.63173462
423.670787081
423.709809712
423.748802534
423.787765572
423.826698848
423.865602385
423.904476204
423.94332033
423.982134784
424.020919589
424.059674769
424.098400345
424.13709634
424.175762777
424.214399679
424.253007067
424.291584965
424.330133395
424.368652379
424.40714194
424.445602101
424.484032884
424.522434311
424.560806405
424.599149188
424.637462683
424.675746911
424.714001896
424.75222766
424.790424225
424.828591613
424.866729846
424.904838947
424.942918939
424.980969843
425.018991681
425.056984476
425.09494825
425.132883025
425.170788824
425.208665667
425.246513579
425.284332579
425.322122692
425.359883938
425.39761634
425.43531992
425.4729947
425.510640702
425.548257947
425.585846459
425.623406258
425.660937367
425.698439807
425.735913601
425.77335877
425.810775336
425.848163322
425.885522748
425.922853638
425.960156011
425.997429892
426.0346753
426.071892258
426.109080787
426.14624091
426.183372648
426.220476022
426.257551055
426.294597768
426.331616182
426.36860632
426.405568203
426.442501851
426.479407288
426.516284535
426.553133612
426.589954542
426.626747346
426.663512046
426.700248662
426.736957217
426.773637732
426.810290229
426.846914728
426.883511251
426.92007982
426.956620455
426.993133179
427.029618012
427.066074976
427.102504092
427.138905382
427.175278866
427.211624566
427.247942503
427.284232698
427.320495173
427.356729948
427.392937046
427.429116486
427.46526829
427.50139248
427.537489075
427.573558098
427.60959957
427.645613511
427.681599943
427.717558886
427.753490361
427.78939439
427.825270994
427.861120193
427.896942008
427.93273646
427.968503571
428.004243361
428.03995585
428.07564106
428.111299012
428.146929727
428.182533224
428.218109526
428.253658652
428.289180624
428.324675463
428.360143188
428.395583821
428.430997382
428.466383893
428.501743373
428.537075844
428.572381326
428.607659839
428.642911405
428.678136043
428.713333775
428.748504621
428.783648601
428.818765737
428.853856048
428.888919555
428.923956278
428.958966239
428.993949456
429.028905952
429.063835746
429.098738858
429.13361531
429.168465121
429.203288311
429.238084902
429.272854913
429.307598365
429.342315278
429.377005671
429.411669567
429.446306984
429.480917943
429.515502465
429.550060568
429.584592274
429.619097603
429.653576575
429.68802921
429.722455528
429.756855549
429.791229294
429.825576781
429.859898033
429.894193067
429.928461906
429.962704567
429.996921073
430.031111441
430.065275693
430.099413849
430.133525928
430.16761195
430.201671935
430.235705904
430.269713875
430.303695869
430.337651905
430.371582004
430.405486186
430.439364469
430.473216874
430.507043421
430.540844129
430.574619019
430.608368109
430.642091419
430.67578897
430.709460781
430.743106871
430.77672726
430.810321969
430.843891015
430.87743442
430.910952203
430.944444382
430.977910978
431.011352011
431.0447675
431.078157463
431.111521922
431.144860895
431.178174402
431.211462462
431.244725095
431.27796232
431.311174156
431.344360623
431.377521741
431.410657528
431.443768004
431.476853189
431.509913101
431.54294776
431.575957185
431.608941396
431.641900412
431.674834251
431.707742934
431.74062648
431.773484907
431.806318235
431.839126483
431.87190967
431.904667815
431.937400938
431.970109058
432.002792193
432.035450363
432.068083587
432.100691883
432.133275272
432.165833771
432.198367401
432.230876179
432.263360126
432.295819259
432.328253598
432.360663162
432.39304797
432.42540804
432.457743392
432.490054044
432.522340016
432.554601325
432.586837992
432.619050035
432.651237472
432.683400322
432.715538605
432.747652338
432.779741542
432.811806233
432.843846432
432.875862157
432.907853426
432.939820259
432.971762673
433.003680688
433.035574323
433.067443595
433.099288523
433.131109127
433.162905424
433.194677433
433.226425173
433.258148662
433.289847919
433.321522963
433.353173811
433.384800482
433.416402996
433.447981369
433.479535621
433.51106577
433.542571835
433.574053833
433.605511784
433.636945705
433.668355615
433.699741533
433.731103476
433.762441463
433.793755513
433.825045643
433.856311872
433.887554218
433.918772699
433.949967334
433.98113814
434.012285137
434.043408341
434.074507772
434.105583448
434.136635386
434.167663605
434.198668122
434.229648957
434.260606127
434.29153965
434.322449544
434.353335827
434.384198518
434.415037634
434.445853193
434.476645214
434.507413714
434.538158711
434.568880223
434.599578269
434.630252865
434.660904031
434.691531783
434.722136141
434.752717121
434.783274741
434.81380902
434.844319975
434.874807624
434.905271985
434.935713075
434.966130913
434.996525516
435.026896901
435.057245088
435.087570092
435.117871933
435.148150627
435.178406193
435.208638648
435.238848009
435.269034295
435.299197523
435.329337711
435.359454876
435.389549035
435.419620207
435.449668409
435.479693658
435.509695973
435.539675369
435.569631866
435.599565481
435.62947623
435.659364132
435.689229204
435.719071463
435.748890927
435.778687613
435.808461538
435.838212721
435.867941178
435.897646927
435.927329985
435.956990369
435.986628097
436.016243185
436.045835653
436.075405515
436.104952791
436.134477497
436.16397965
436.193459267
436.222916367
436.252350965
436.28176308
436.311152728
436.340519926
436.369864692
436.399187043
436.428486996
436.457764568
436.487019776
436.516252637
436.545463169
436.574651387
436.60381731
436.632960955
436.662082338
436.691181476
436.720258387
436.749313087
436.778345594
436.807355924
436.836344094
436.865310121
436.894254023
436.923175815
436.952075516
436.980953141
437.009808707
437.038642233
437.067453733
437.096243226
437.125010727
437.153756254
437.182479824
437.211181453
437.239861159
437.268518957
437.297154864
437.325768898
437.354361075
437.382931411
437.411479924
437.44000663
437.468511545
437.496994687
437.525456072
437.553895716
437.582313636
437.61070985
437.639084372
437.667437221
437.695768412
437.724077962
437.752365887
437.780632205
437.808876931
437.837100083
437.865301675
437.893481726
437.921640252
437.949777268
437.977892791
438.005986839
438.034059426
438.06211057
438.090140287
438.118148594
438.146135506
438.17410104
438.202045212
438.229968039
438.257869537
438.285749722
438.31360861
438.341446219
438.369262563
438.39705766
438.424831525
438.452584175
438.480315626
438.508025895
438.535714996
438.563382947
438.591029764
438.618655462
438.646260058
438.673843568
438.701406009
438.728947396
438.756467745
438.783967072
438.811445394
438.838902726
438.866339085
438.893754486
438.921148946
438.948522481
438.975875106
439.003206837
439.030517691
439.057807684
439.08507683
439.112325147
439.139552651
439.166759356
439.193945279
439.221110436
439.248254843
439.275378515
439.302481469
439.32956372
439.356625284
439.383666177
439.410686414
439.437686012
439.464664986
439.491623352
439.518561126
439.545478323
439.572374959
439.59925105
439.626106611
439.652941659
439.679756208
439.706550275
439.733323876
439.760077024
439.786809738
439.813522031
439.84021392
439.866885421
439.893536548
439.920167317
439.946777744
439.973367845
439.999937635
440.026487129
440.053016343
440.079525293
440.106013993
440.13248246
440.158930709
440.185358755
440.211766614
440.238154301
440.264521832
440.290869222
440.317196486
440.343503639
440.369790698
440.396057678
440.422304593
440.448531459
440.474738291
440.500925106
440.527091917
440.553238741
440.579365592
440.605472486
440.631559438
440.657626464
440.683673577
440.709700795
440.735708132
440.761695602
440.787663222
440.813611007
440.839538971
440.86544713
440.891335498
440.917204092
440.943052926
440.968882015
440.994691374
441.020481018
441.046250963
441.072001224
441.097731814
441.123442751
441.149134048
441.17480572
441.200457783
441.226090251
441.25170314
441.277296465
441.302870239
441.328424479
441.353959199
441.379474415
441.40497014
441.43044639
441.45590318
441.481340525
441.506758439
441.532156937
441.557536035
441.582895747
441.608236087
441.633557071
441.658858714
441.684141029
441.709404033
441.734647739
441.759872163
441.785077319
441.810263221
441.835429885
441.860577326
441.885705557
441.910814594
441.935904452
441.960975144
441.986026686
442.011059092
442.036072377
442.061066555
442.086041642
442.110997651
442.135934597
442.160852495
442.185751359
442.210631204
442.235492044
442.260333894
442.285156769
442.309960682
442.334745649
442.359511684
442.384258801
442.408987014
442.433696339
442.45838679
442.48305838
442.507711125
442.532345039
442.556960136
442.58155643
442.606133937
442.63069267
442.655232643
442.679753871
442.704256369
442.72874015
442.75320523
442.777651621
442.802079339
442.826488397
442.850878811
442.875250593
442.89960376
442.923938323
442.948254299
442.972551701
442.996830543
443.021090839
443.045332604
443.069555852
443.093760597
443.117946853
443.142114633
443.166263954
443.190394827
443.214507268
443.238601291
443.262676909
443.286734137
443.310772988
443.334793478
443.358795619
443.382779426
443.406744912
443.430692093
443.454620981
443.478531591
443.502423937
443.526298032
443.550153891
443.573991527
443.597810955
443.621612189
443.645395241
443.669160127
443.69290686
443.716635454
443.740345922
443.764038279
443.787712538
443.811368714
443.83500682
443.858626869
443.882228877
443.905812855
443.929378819
443.952926782
443.976456758
443.99996876
444.023462802
444.046938898
444.070397062
444.093837307
444.117259647
444.140664096
444.164050667
444.187419374
444.210770231
444.234103251
444.257418448
444.280715836
444.303995427
444.327257237
444.350501277
444.373727563
444.396936107
444.420126923
444.443300024
444.466455425
444.489593138
444.512713177
444.535815556
444.558900288
444.581967386
444.605016865
444.628048737
444.651063016
444.674059715
444.697038848
444.720000429
444.74294447
444.765870985
444.788779987
444.81167149
444.834545508
444.857402053
444.880241139
444.903062779
444.925866986
444.948653775
444.971423157
444.994175147
445.016909758
445.039627003
445.062326895
445.085009447
445.107674673
445.130322587
445.1529532
445.175566527
445.198162581
445.220741374
445.243302921
445.265847234
445.288374326
445.31088421
445.333376901
445.35585241
445.378310751
445.400751937
445.423175981
445.445582896
445.467972696
445.490345393
445.512701001
445.535039532
445.557361
445.579665417
445.601952797
445.624223152
445.646476496
445.668712842
445.690932202
445.71313459
445.735320019
445.757488501
445.779640049
445.801774677
445.823892397
445.845993223
445.868077166
445.890144241
445.912194459
445.934227834
445.956244379
445.978244106
446.000227029
446.02219316
446.044142512
446.066075098
446.08799093
446.109890022
446.131772386
446.153638035
446.175486982
446.197319239
446.21913482
446.240933737
446.262716002
446.284481629
446.30623063
446.327963018
446.349678805
446.371378005
446.39306063
446.414726692
446.436376204
446.45800918
446.479625631
446.501225569
446.522809009
446.544375962
446.565926441
446.587460458
446.608978027
446.630479159
446.651963868
446.673432165
446.694884063
446.716319575
446.737738714
446.759141491
446.78052792
446.801898013
446.823251782
446.844589239
446.865910398
446.887215271
446.90850387
446.929776207
446.951032295
446.972272147
446.993495774
447.01470319
447.035894406
447.057069435
447.078228289
447.099370982
447.120497524
447.141607928
447.162702207
447.183780373
447.204842439
447.225888416
447.246918316
447.267932153
447.288929939
447.309911685
447.330877404
447.351827108
447.37276081
447.393678521
447.414580255
447.435466022
447.456335835
447.477189707
447.49802765
447.518849675
447.539655796
447.560446023
447.58122037
447.601978848
447.622721469
447.643448246
447.664159191
447.684854316
447.705533632
447.726197153
447.746844889
447.767476854
447.788093059
447.808693515
447.829278237
447.849847234
447.870400519
447.890938105
447.911460003
447.931966225
447.952456784
447.97293169
447.993390957
448.013834595
448.034262618
448.054675036
448.075071863
448.095453109
448.115818787
448.136168908
448.156503485
448.176822529
448.197126052
448.217414066
448.237686583
448.257943615
448.278185173
448.298411269
448.318621916
448.338817125
448.358996907
448.379161275
448.39931024
448.419443815
448.43956201
448.459664838
448.47975231
448.499824438
448.519881234
448.539922709
448.559948876
448.579959745
448.599955329
448.619935639
448.639900687
448.659850485
448.679785044
448.699704375
448.719608491
448.739497404
448.759371124
448.779229663
448.799073033
448.818901246
448.838714313
448.858512245
448.878295055
448.898062753
448.917815352
448.937552863
448.957275296
448.976982665
448.99667498
449.016352254
449.036014496
449.055661719
449.075293935
449.094911154
449.114513389
449.13410065
449.15367295
449.173230299
449.192772709
449.212300192
449.231812758
449.251310419
449.270793187
449.290261073
449.309714088
449.329152244
449.348575552
449.367984024
449.38737767
449.406756502
449.426120531
449.445469769
449.464804227
449.484123917
449.503428848
449.522719034
449.541994485
449.561255212
449.580501226
449.599732539
449.618949163
449.638151107
449.657338384
449.676511005
449.695668981
449.714812322
449.733941041
449.753055148
449.772154655
449.791239572
449.810309912
449.829365684
449.8484069
449.867433572
449.88644571
449.905443326
449.92442643
449.943395033
449.962349147
449.981288784
450.000213952
450.019124665
450.038020933
450.056902767
450.075770177
450.094623176
450.113461773
450.132285981
450.15109581
450.16989127
450.188672374
450.207439131
450.226191554
450.244929652
450.263653437
450.28236292
450.301058111
450.319739022
450.338405663
450.357058046
450.375696181
450.394320079
450.412929751
450.431525208
450.45010646
450.468673519
450.487226396
450.505765101
450.524289645
450.542800039
450.561296293
450.57977842
450.598246428
450.616700329
450.635140135
450.653565855
450.6719775
450.690375081
450.70875861
450.727128096
450.74548355
450.763824983
450.782152407
450.80046583
450.818765265
450.837050722
450.855322211
450.873579743
450.891823329
450.91005298
450.928268706
450.946470517
450.964658425
450.98283244
451.000992573
451.019138834
451.037271234
451.055389783
451.073494493
451.091585372
451.109662433
451.127725686
451.145775141
451.163810809
451.1818327
451.199840825
451.217835195
451.235815819
451.253782708
451.271735874
451.289675326
451.307601074
451.32551313
451.343411504
451.361296206
451.379167246
451.397024636
451.414868385
451.432698504
451.450515003
451.468317894
451.486107185
451.503882888
451.521645012
451.539393569
451.557128569
451.574850021
451.592557937
451.610252327
451.627933201
451.645600569
451.663254441
451.680894829
451.698521742
451.71613519
451.733735185
451.751321735
451.768894852
451.786454545
451.804000825
451.821533703
451.839053188
451.85655929
451.874052021
451.891531389
451.908997406
451.926450081
451.943889425
451.961315447
451.978728159
451.99612757
452.01351369
452.030886529
452.048246099
452.065592408
452.082925467
452.100245285
452.117551875
452.134845244
452.152125404
452.169392364
452.186646134
452.203886725
452.221114147
452.23832841
452.255529523
452.272717497
452.289892342
452.307054068
452.324202685
452.341338202
452.358460631
452.37556998
452.392666261
452.409749482
452.426819654
452.443876787
452.460920891
452.477951975
452.49497005
452.511975126
452.528967213
452.545946319
452.562912457
452.579865634
452.596805862
452.61373315
452.630647507
452.647548945
452.664437472
452.681313099
452.698175836
452.715025691
452.731862676
452.7486868
452.765498072
452.782296503
452.799082103
452.81585488
452.832614846
452.849362009
452.86609638
452.882817969
452.899526784
452.916222836
452.932906135
452.949576691
452.966234512
452.982879609
452.999511992
453.016131669
453.032738652
453.04933295
453.065914572
453.082483527
453.099039827
453.11558348
453.132114496
453.148632884
453.165138655
453.181631818
453.198112382
453.214580358
453.231035754
453.247478581
453.263908848
453.280326564
453.29673174
453.313124384
453.329504507
453.345872118
453.362227226
453.378569842
453.394899973
453.411217631
453.427522825
453.443815564
453.460095857
453.476363715
453.492619146
453.508862161
453.525092768
453.541310977
453.557516798
453.57371024
453.589891313
453.606060025
453.622216387
453.638360408
453.654492097
453.670611464
453.686718517
453.702813268
453.718895724
453.734965896
453.751023792
453.767069422
453.783102796
453.799123922
453.815132811
453.831129471
453.847113912
453.863086143
453.879046174
453.894994014
453.910929671
453.926853156
453.942764478
453.958663646
453.974550669
453.990425557
454.006288319
454.022138963
454.0379775
454.053803939
454.069618289
454.085420558
454.101210757
454.116988895
454.13275498
454.148509022
454.164251031
454.179981014
454.195698983
454.211404945
454.22709891
454.242780887
454.258450885
454.274108913
454.289754982
454.305389098
454.321011273
454.336621514
454.352219831
454.367806234
454.383380731
454.398943331
454.414494043
454.430032877
454.445559841
454.461074945
454.476578198
454.492069609
454.507549186
454.523016939
454.538472877
454.553917009
454.569349343
454.58476989
454.600178657
454.615575655
454.630960891
454.646334375
454.661696116
454.677046123
454.692384405
454.70771097
454.723025828
454.738328988
454.753620458
454.768900248
454.784168366
454.799424822
454.814669624
454.829902781
454.845124302
454.860334195
454.875532471
454.890719138
454.905894204
454.921057678
454.93620957
454.951349888
454.96647864
454.981595837
454.996701486
455.011795597
455.026878178
455.041949238
455.057008785
455.07205683
455.08709338
455.102118444
455.117132031
455.13213415
455.14712481
455.162104018
455.177071785
455.192028119
455.206973028
455.221906521
455.236828607
455.251739295
455.266638593
455.28152651
455.296403055
455.311268237
455.326122064
455.340964544
455.355795687
455.370615501
455.385423995
455.400221177
455.415007056
455.429781641
455.44454494
455.459296963
455.474037717
455.488767211
455.503485453
455.518192453
455.53288822
455.54757276
455.562246084
455.576908199
455.591559115
455.60619884
455.620827381
455.635444749
455.650050951
455.664645996
455.679229893
455.693802649
455.708364274
455.722914776
455.737454164
455.751982445
455.766499629
455.781005724
455.795500738
455.809984681
455.824457559
455.838919383
455.853370159
455.867809897
455.882238606
455.896656293
455.911062966
455.925458636
455.939843309
455.954216994
455.968579699
455.982931434
455.997272206
456.011602024
456.025920895
456.04022883
456.054525835
456.068811919
456.08308709
456.097351357
456.111604729
456.125847213
456.140078818
456.154299552
456.168509423
456.18270844
456.196896611
456.211073944
456.225240447
456.23939613
456.253540999
456.267675064
456.281798333
456.295910813
456.310012514
456.324103443
456.338183608
456.352253018
456.366311681
456.380359605
456.394396799
456.40842327
456.422439027
456.436444078
456.450438431
456.464422095
456.478395077
456.492357385
456.506309029
456.520250015
456.534180352
456.548100049
456.562009113
456.575907552
456.589795375
456.60367259
456.617539204
456.631395227
456.645240665
456.659075528
456.672899822
456.686713557
456.70051674
456.714309379
456.728091483
456.741863059
456.755624116
456.769374661
456.783114703
456.796844249
456.810563308
456.824271888
456.837969996
456.851657641
456.86533483
456.879001572
456.892657874
456.906303745
456.919939193
456.933564225
456.947178849
456.960783074
456.974376907
456.987960357
457.00153343
457.015096136
457.028648481
457.042190475
457.055722125
457.069243438
457.082754423
457.096255087
457.109745439
457.123225486
457.136695237
457.150154698
457.163603878
457.177042785
457.190471427
457.203889811
457.217297945
457.230695838
457.244083496
457.257460928
457.270828142
457.284185145
457.297531945
457.31086855
457.324194968
457.337511206
457.350817273
457.364113176
457.377398922
457.39067452
457.403939978
457.417195302
457.430440502
457.443675584
457.456900556
457.470115426
457.483320202
457.496514892
457.509699502
457.522874042
457.536038518
457.549192938
457.56233731
457.575471642
457.588595941
457.601710215
457.614814471
457.627908718
457.640992962
457.654067212
457.667131475
457.680185759
457.693230071
457.70626442
457.719288812
457.732303255
457.745307757
457.758302325
457.771286968
457.784261692
457.797226505
457.810181415
457.823126429
457.836061555
457.848986801
457.861902173
457.87480768
457.887703329
457.900589127
457.913465083
457.926331203
457.939187496
457.952033968
457.964870627
457.977697481
457.990514537
458.003321802
458.016119285
458.028906992
458.041684931
458.05445311
458.067211535
458.079960215
458.092699157
458.105428368
458.118147856
458.130857627
458.143557691
458.156248053
458.168928722
458.181599705
458.194261008
458.206912641
458.219554609
458.232186921
458.244809583
458.257422603
458.270025989
458.282619748
458.295203887
458.307778413
458.320343334
458.332898658
458.345444391
458.357980541
458.370507115
458.38302412
458.395531564
458.408029455
458.420517799
458.432996603
458.445465876
458.457925623
458.470375854
458.482816574
458.495247791
458.507669512
458.520081745
458.532484497
458.544877775
458.557261586
458.569635938
458.582000837
458.594356292
458.606702309
458.619038895
458.631366058
458.643683804
458.655992142
458.668291077
458.680580619
458.692860772
458.705131546
458.717392946
458.72964498
458.741887656
458.754120979
458.766344959
458.778559601
458.790764913
458.802960901
458.815147574
458.827324938
458.839492999
458.851651767
458.863801247
458.875941446
458.888072372
458.900194031
458.912306432
458.92440958
458.936503483
458.948588148
458.960663583
458.972729793
458.984786786
458.99683457
459.008873151
459.020902536
459.032922732
459.044933747
459.056935587
459.068928259
459.080911771
459.092886129
459.10485134
459.116807411
459.12875435
459.140692163
459.152620857
459.16454044
459.176450917
459.188352297
459.200244586
459.21212779
459.224001918
459.235866976
459.24772297
459.259569908
459.271407796
459.283236643
459.295056453
459.306867235
459.318668995
459.330461741
459.342245478
459.354020214
459.365785957
459.377542711
459.389290486
459.401029286
459.41275912
459.424479994
459.436191915
459.44789489
459.459588925
459.471274028
459.482950204
459.494617463
459.506275808
459.517925249
459.529565791
459.541197441
459.552820207
459.564434094
459.57603911
459.587635262
459.599222555
459.610800998
459.622370596
459.633931357
459.645483287
459.657026393
459.668560681
459.68008616
459.691602834
459.703110711
459.714609798
459.726100101
459.737581627
459.749054383
459.760518376
459.771973611
459.783420097
459.794857839
459.806286844
459.817707119
459.829118671
459.840521506
459.85191563
459.863301051
459.874677776
459.88604581
459.89740516
459.908755834
459.920097837
459.931431177
459.94275586
459.954071892
459.96537928
459.976678032
459.987968152
459.999249649
460.010522528
460.021786796
460.03304246
460.044289526
460.055528001
460.066757891
460.077979204
460.089191945
460.100396121
460.111591738
460.122778804
460.133957325
460.145127306
460.156288756
460.167441679
460.178586084
460.189721975
460.200849361
460.211968246
460.223078639
460.234180545
460.24527397
460.256358922
460.267435406
460.278503429
460.289562998
460.30061412
460.311656799
460.322691044
460.33371686
460.344734254
460.355743232
460.366743801
460.377735967
460.388719737
460.399695116
460.410662112
460.421620731
460.432570979
460.443512862
460.454446388
460.465371562
460.47628839
460.48719688
460.498097037
460.508988868
460.519872379
460.530747577
460.541614468
460.552473057
460.563323353
460.57416536
460.584999086
460.595824536
460.606641717
460.617450636
460.628251297
460.639043709
460.649827877
460.660603807
460.671371506
460.68213098
460.692882236
460.703625279
460.714360115
460.725086752
460.735805196
460.746515451
460.757217526
460.767911426
460.778597158
460.789274727
460.799944139
460.810605402
460.821258522
460.831903503
460.842540354
460.853169079
460.863789686
460.87440218
460.885006568
460.895602855
460.906191049
460.916771154
460.927343178
460.937907126
460.948463005
460.959010821
460.96955058
460.980082287
460.990605951
461.001121575
461.011629167
461.022128733
461.032620279
461.04310381
461.053579334
461.064046856
461.074506382
461.084957919
461.095401472
461.105837048
461.116264652
461.126684292
461.137095972
461.147499699
461.157895479
461.168283318
461.178663223
461.189035198
461.199399251
461.209755388
461.220103614
461.230443935
461.240776357
461.251100887
461.261417531
461.271726294
461.282027183
461.292320204
461.302605362
461.312882663
461.323152114
461.333413721
461.34366749
461.353913426
461.364151535
461.374381825
461.384604299
461.394818965
461.405025829
461.415224896
461.425416172
461.435599664
461.445775377
461.455943317
461.466103491
461.476255903
461.48640056
461.496537469
461.506666634
461.516788062
461.526901759
461.53700773
461.547105982
461.55719652
461.56727935
461.577354479
461.587421911
461.597481654
461.607533712
461.617578092
461.6276148
461.63764384
461.647665221
461.657678946
461.667685022
461.677683455
461.68767425
461.697657415
461.707632953
461.717600871
461.727561176
461.737513872
461.747458966
461.757396463
461.767326369
461.77724869
461.787163432
461.797070601
461.806970201
461.81686224
461.826746723
461.836623656
461.846493044
461.856354893
461.866209209
461.876055998
461.885895265
461.895727017
461.905551258
461.915367996
461.925177234
461.93497898
461.944773238
461.954560016
461.964339317
461.974111149
461.983875516
461.993632424
462.00338188
462.013123889
462.022858456
462.032585587
462.042305288
462.052017565
462.061722423
462.071419867
462.081109905
462.09079254
462.100467779
462.110135628
462.119796092
462.129449177
462.139094888
462.148733231
462.158364212
462.167987836
462.177604109
462.187213037
462.196814625
462.206408878
462.215995803
462.225575405
462.23514769
462.244712662
462.254270329
462.263820694
462.273363765
462.282899546
462.292428043
462.301949262
462.311463207
462.320969886
462.330469302
462.339961463
462.349446373
462.358924038
462.368394463
462.377857654
462.387313617
462.396762356
462.406203878
462.415638188
462.425065292
462.434485195
462.443897902
462.453303419
462.462701752
462.472092906
462.481476886
462.490853699
462.500223348
462.509585841
462.518941182
462.528289377
462.537630431
462.54696435
462.55629114
462.565610805
462.574923351
462.584228783
462.593527108
462.60281833
462.612102455
462.621379488
462.630649434
462.6399123
462.64916809
462.658416811
462.667658466
462.676893062
462.686120605
462.695341098
462.704554549
462.713760962
462.722960343
462.732152696
462.741338028
462.750516343
462.759687648
462.768851947
462.778009246
462.78715955
462.796302864
462.805439195
462.814568546
462.823690924
462.832806334
462.841914781
462.85101627
462.860110807
462.869198397
462.878279046
462.887352758
462.896419539
462.905479394
462.914532329
462.923578349
462.932617459
462.941649665
462.950674971
462.959693383
462.968704906
462.977709546
462.986707308
462.995698196
463.004682217
463.013659375
463.022629676
463.031593125
463.040549727
463.049499488
463.058442412
463.067378505
463.076307772
463.085230219
463.09414585
463.103054671
463.111956687
463.120851903
463.129740324
463.138621955
463.147496803
463.156364871
463.165226166
463.174080691
463.182928453
463.191769457
463.200603707
463.209431209
463.218251969
463.22706599
463.235873279
463.24467384
463.253467679
463.262254801
463.271035211
463.279808913
463.288575914
463.297336218
463.306089831
463.314836757
463.323577001
463.332310569
463.341037466
463.349757697
463.358471267
463.367178181
463.375878444
463.384572062
463.393259038
463.40193938
463.41061309
463.419280175
463.42794064
463.436594489
463.445241728
463.453882362
463.462516396
463.471143834
463.479764682
463.488378945
463.496986628
463.505587737
463.514182275
463.522770248
463.531351661
463.539926519
463.548494827
463.55705659
463.565611813
463.574160501
463.58270266
463.591238293
463.599767406
463.608290005
463.616806093
463.625315676
463.633818759
463.642315347
463.650805444
463.659289057
463.667766189
463.676236846
463.684701033
463.693158754
463.701610014
463.710054819
463.718493174
463.726925082
463.73535055
463.743769582
463.752182184
463.760588359
463.768988113
463.777381451
463.785768377
463.794148897
463.802523016
463.810890738
463.819252068
463.827607011
463.835955573
463.844297757
463.852633569
463.860963014
463.869286096
463.87760282
463.885913192
463.894217216
463.902514896
463.910806239
463.919091248
463.927369928
463.935642285
463.943908323
463.952168047
463.960421461
463.968668571
463.976909382
463.985143898
463.993372123
464.001594064
464.009809724
464.018019108
464.026222222
464.03441907
464.042609656
464.050793986
464.058972065
464.067143896
464.075309486
464.083468838
464.091621957
464.099768849
464.107909518
464.116043968
464.124172205
464.132294233
464.140410057
464.148519681
464.156623111
464.164720351
464.172811406
464.180896281
464.18897498
464.197047507
464.205113869
464.213174069
464.221228112
464.229276004
464.237317747
464.245353348
464.253382811
464.261406141
464.269423341
464.277434418
464.285439376
464.293438219
464.301430952
464.309417579
464.317398106
464.325372537
464.333340877
464.34130313
464.349259301
464.357209394
464.365153415
464.373091368
464.381023257
464.388949088
464.396868864
464.404782591
464.412690272
464.420591914
464.428487519
464.436377094
464.444260642
464.452138168
464.460009677
464.467875173
464.475734661
464.483588146
464.491435631
464.499277122
464.507112624
464.51494214
464.522765676
464.530583235
464.538394823
464.546200444
464.554000103
464.561793804
464.569581552
464.57736335
464.585139205
464.59290912
464.6006731
464.60843115
464.616183273
464.623929475
464.63166976
464.639404132
464.647132596
464.654855157
464.662571819
464.670282587
464.677987465
464.685686457
464.693379568
464.701066803
464.708748166
464.716423662
464.724093294
464.731757068
464.739414988
464.747067059
464.754713284
464.762353669
464.769988217
464.777616934
464.785239824
464.79285689
464.800468139
464.808073573
464.815673198
464.823267019
464.830855038
464.838437261
464.846013693
464.853584337
464.861149198
464.868708281
464.87626159
464.883809129
464.891350903
464.898886916
464.906417173
464.913941678
464.921460435
464.928973448
464.936480723
464.943982264
464.951478074
464.958968158
464.966452522
464.973931168
464.981404101
464.988871327
464.996332848
465.00378867
465.011238797
465.018683233
465.026121982
465.033555049
465.040982439
465.048404155
465.055820202
465.063230584
465.070635305
465.078034371
465.085427785
465.092815551
465.100197674
465.107574158
465.114945007
465.122310226
465.129669819
465.137023791
465.144372145
465.151714886
465.159052018
465.166383546
465.173709474
465.181029805
465.188344545
465.195653697
465.202957267
465.210255257
465.217547673
465.224834518
465.232115798
465.239391515
465.246661675
465.253926281
465.261185339
465.268438851
465.275686823
465.282929258
465.290166162
465.297397537
465.304623388
465.31184372
465.319058537
465.326267843
465.333471641
465.340669938
465.347862735
465.355050038
465.362231852
465.369408179
465.376579025
465.383744393
465.390904288
465.398058714
465.405207674
465.412351174
465.419489218
465.426621809
465.433748951
465.44087065
465.447986908
465.455097731
465.462203122
465.469303086
465.476397626
465.483486747
465.490570453
465.497648748
465.504721637
465.511789122
465.518851209
465.525907902
465.532959204
465.54000512
465.547045654
465.55408081
465.561110592
465.568135005
465.575154052
465.582167737
465.589176065
465.596179039
465.603176664
465.610168944
465.617155883
465.624137485
465.631113754
465.638084694
465.645050309
465.652010604
465.658965582
465.665915247
465.672859604
465.679798656
465.686732408
465.693660863
465.700584026
465.707501901
465.714414491
465.721321801
465.728223835
465.735120597
465.742012091
465.74889832
465.75577929
465.762655003
465.769525465
465.776390678
465.783250647
465.790105376
465.796954869
465.803799131
465.810638164
465.817471973
465.824300562
465.831123935
465.837942096
465.844755048
465.851562797
465.858365346
465.865162698
465.871954858
465.87874183
465.885523617
465.892300225
465.899071656
465.905837914
465.912599004
465.91935493
465.926105695
465.932851303
465.939591759
465.946327066
465.953057228
465.959782249
465.966502134
465.973216885
465.979926507
465.986631004
465.99333038
466.000024638
466.006713783
466.013397818
466.020076748
466.026750576
466.033419306
466.040082942
466.046741488
466.053394948
466.060043326
466.066686625
466.073324849
466.079958003
466.086586091
466.093209115
466.09982708
466.10643999
466.113047849
466.11965066
466.126248428
466.132841156
466.139428848
466.146011508
466.15258914
466.159161747
466.165729334
466.172291904
466.178849462
466.18540201
466.191949553
466.198492095
466.205029639
466.211562189
466.218089749
466.224612324
466.231129916
466.237642529
466.244150168
466.250652836
466.257150537
466.263643274
466.270131052
466.276613874
466.283091745
466.289564667
466.296032644
466.302495681
466.308953782
466.315406949
466.321855187
466.328298499
466.33473689
466.341170362
466.34759892
466.354022568
466.360441309
466.366855147
466.373264086
466.37966813
466.386067281
466.392461545
466.398850924
466.405235422
466.411615044
466.417989793
466.424359672
466.430724686
466.437084837
466.443440131
466.449790569
466.456136157
466.462476898
466.468812796
466.475143854
466.481470075
466.487791465
466.494108025
466.500419761
466.506726676
466.513028773
466.519326056
466.525618529
466.531906195
466.538189058
466.544467123
466.550740391
466.557008868
466.563272557
466.569531461
466.575785584
466.582034929
466.588279502
466.594519304
466.60075434
466.606984613
466.613210127
466.619430886
466.625646893
466.631858152
466.638064667
466.64426644
466.650463476
466.656655779
466.662843351
466.669026198
466.675204321
466.681377725
466.687546414
466.69371039
466.699869658
466.706024222
466.712174084
466.718319248
466.724459719
466.730595499
466.736726592
466.742853002
466.748974732
466.755091786
466.761204168
466.76731188
466.773414927
466.779513313
466.78560704
466.791696112
466.797780533
466.803860306
466.809935436
466.816005924
466.822071776
466.828132995
466.834189583
466.840241545
466.846288885
466.852331605
466.858369709
466.864403201
466.870432084
466.876456362
466.882476038
466.888491117
466.8945016
466.900507492
466.906508797
466.912505518
466.918497658
466.92448522
466.93046821
466.936446629
466.942420481
466.94838977
466.9543545
466.960314673
466.966270294
466.972221365
466.97816789
466.984109874
466.990047318
466.995980227
467.001908604
467.007832453
467.013751777
467.019666579
467.025576863
467.031482633
467.037383892
467.043280642
467.049172889
467.055060634
467.060943882
467.066822637
467.0726969
467.078566677
467.08443197
467.090292783
467.096149119
467.102000981
467.107848374
467.1136913
467.119529762
467.125363765
467.131193312
467.137018406
467.14283905
467.148655248
467.154467003
467.160274319
467.166077199
467.171875647
467.177669665
467.183459257
467.189244427
467.195025178
467.200801514
467.206573437
467.212340951
467.218104059
467.223862766
467.229617073
467.235366985
467.241112505
467.246853636
467.252590382
467.258322746
467.264050731
467.269774341
467.275493578
467.281208447
467.286918951
467.292625092
467.298326875
467.304024303
467.309717378
467.315406105
467.321090487
467.326770526
467.332446227
467.338117592
467.343784625
467.34944733
467.355105709
467.360759765
467.366409503
467.372054925
467.377696035
467.383332836
467.388965331
467.394593524
467.400217418
467.405837015
467.411452321
467.417063336
467.422670066
467.428272514
467.433870681
467.439464573
467.445054191
467.45063954
467.456220623
467.461797442
467.467370001
467.472938304
467.478502354
467.484062153
467.489617705
467.495169014
467.500716082
467.506258914
467.511797511
467.517331877
467.522862016
467.528387931
467.533909625
467.539427101
467.544940363
467.550449413
467.555954255
467.561454892
467.566951327
467.572443564
467.577931606
467.583415455
467.588895116
467.594370591
467.599841883
467.605308997
467.610771934
467.616230698
467.621685293
467.627135721
467.632581985
467.63802409
467.643462037
467.648895831
467.654325474
467.659750969
467.665172321
467.670589531
467.676002603
467.68141154
467.686816346
467.692217023
467.697613575
467.703006004
467.708394315
467.71377851
467.719158592
467.724534564
467.72990643
467.735274192
467.740637855
467.74599742
467.751352891
467.756704272
467.762051564
467.767394773
467.772733899
467.778068948
467.783399921
467.788726822
467.794049654
467.799368421
467.804683124
467.809993768
467.815300355
467.820602889
467.825901372
467.831195808
467.8364862
467.841772551
467.847054864
467.852333142
467.857607388
467.862877605
467.868143796
467.873405965
467.878664115
467.883918248
467.889168367
467.894414476
467.899656578
467.904894676
467.910128772
467.915358871
467.920584974
467.925807085
467.931025208
467.936239344
467.941449498
467.946655672
467.951857869
467.957056092
467.962250345
467.96744063
467.97262695
467.977809309
467.982987709
467.988162154
467.993332646
467.998499188
468.003661784
468.008820437
468.013975149
468.019125924
468.024272764
468.029415672
468.034554653
468.039689708
468.04482084
468.049948053
468.055071349
468.060190732
468.065306205
468.07041777
468.07552543
468.080629189
468.08572905
468.090825015
468.095917087
468.10100527
468.106089566
468.111169978
468.11624651
468.121319164
468.126387943
468.13145285
468.136513889
468.141571061
468.146624371
468.15167382
468.156719413
468.161761151
468.166799038
468.171833078
468.176863271
468.181889623
468.186912135
468.19193081
468.196945652
468.201956663
468.206963847
468.211967206
468.216966743
468.221962461
468.226954363
468.231942452
468.236926731
468.241907202
468.246883869
468.251856735
468.256825802
468.261791073
468.266752552
468.271710241
468.276664143
468.28161426
468.286560597
468.291503155
468.296441938
468.301376949
468.306308189
468.311235663
468.316159373
468.321079323
468.325995513
468.330907949
468.335816632
468.340721566
468.345622753
468.350520196
468.355413899
468.360303863
468.365190092
468.370072589
468.374951356
468.379826396
468.384697713
468.389565308
468.394429186
468.399289348
468.404145797
468.408998537
468.413847571
468.4186929
468.423534528
468.428372458
468.433206692
468.438037234
468.442864086
468.44768725
468.452506731
468.45732253
468.462134651
468.466943096
468.471747868
468.476548969
468.481346404
468.486140173
468.490930281
468.495716731
468.500499523
468.505278663
468.510054152
468.514825993
468.519594189
468.524358743
468.529119658
468.533876936
468.53863058
468.543380593
468.548126977
468.552869736
468.557608872
468.562344388
468.567076287
468.571804572
468.576529244
468.581250308
468.585967766
468.59068162
468.595391873
468.600098528
468.604801589
468.609501056
468.614196934
468.618889225
468.623577932
468.628263057
468.632944604
468.637622574
468.642296971
468.646967798
468.651635057
468.65629875
468.660958881
468.665615453
468.670268468
468.674917928
468.679563837
468.684206197
468.688845011
468.693480281
468.698112011
468.702740203
468.707364859
468.711985983
468.716603578
468.721217645
468.725828187
468.730435208
468.735038709
468.739638694
468.744235166
468.748828126
468.753417578
468.758003524
468.762585968
468.767164911
468.771740356
468.776312306
468.780880764
468.785445733
468.790007214
468.794565211
468.799119727
468.803670763
468.808218323
468.81276241
468.817303025
468.821840172
468.826373853
468.830904071
468.835430829
468.839954129
468.844473974
468.848990366
468.853503308
468.858012803
468.862518854
468.867021462
468.871520632
468.876016364
468.880508663
468.884997529
468.889482967
468.893964979
468.898443567
468.902918735
468.907390483
468.911858817
468.916323736
468.920785246
468.925243347
468.929698043
468.934149336
468.938597229
468.943041725
468.947482825
468.951920534
468.956354852
468.960785783
468.96521333
468.969637495
468.97405828
468.978475688
468.982889722
468.987300385
468.991707678
468.996111605
469.000512168
469.004909369
469.009303212
469.013693698
469.01808083
469.022464612
469.026845045
469.031222131
469.035595875
469.039966277
469.044333341
469.04869707
469.053057465
469.057414529
469.061768265
469.066118675
469.070465763
469.07480953
469.079149979
469.083487112
469.087820932
469.092151442
469.096478644
469.100802541
469.105123135
469.109440428
469.113754424
469.118065125
469.122372532
469.12667665
469.13097748
469.135275024
469.139569286
469.143860268
469.148147972
469.1524324
469.156713556
469.160991442
469.16526606
469.169537413
469.173805504
469.178070334
469.182331906
469.186590223
469.190845287
469.195097101
469.199345668
469.203590989
469.207833067
469.212071905
469.216307505
469.220539869
469.224769001
469.228994902
469.233217575
469.237437023
469.241653248
469.245866252
469.250076038
469.254282608
469.258485965
469.262686111
469.266883049
469.271076782
469.27526731
469.279454638
469.283638767
469.2878197
469.29199744
469.296171988
469.300343348
469.304511521
469.30867651
469.312838318
469.316996947
469.321152399
469.325304677
469.329453784
469.333599721
469.337742491
469.341882096
469.34601854
469.350151824
469.35428195
469.358408922
469.362532742
469.366653411
469.370770933
469.37488531
469.378996543
469.383104637
469.387209592
469.391311412
469.395410099
469.399505655
469.403598082
469.407687383
469.411773561
469.415856617
469.419936555
469.424013376
469.428087083
469.432157678
469.436225164
469.440289543
469.444350818
469.44840899
469.452464062
469.456516037
469.460564916
469.464610703
469.4686534
469.472693008
469.476729531
469.48076297
469.484793329
469.488820608
469.492844812
469.496865942
469.500884
469.504898988
469.50891091
469.512919768
469.516925563
469.520928298
469.524927976
469.528924599
469.532918169
469.536908688
469.540896159
469.544880585
469.548861966
469.552840307
469.556815608
469.560787874
469.564757104
469.568723303
469.572686473
469.576646615
469.580603732
469.584557826
469.5885089
469.592456956
469.596401996
469.600344023
469.604283038
469.608219045
469.612152045
469.616082041
469.620009035
469.62393303
469.627854027
469.631772029
469.635687038
469.639599056
469.643508087
469.647414131
469.651317192
469.655217271
469.659114371
469.663008495
469.666899644
469.67078782
469.674673027
469.678555266
469.682434539
469.686310849
469.690184199
469.694054589
469.697922023
469.701786503
469.705648031
469.70950661
469.713362241
469.717214927
469.72106467
469.724911472
469.728755336
469.732596263
469.736434257
469.740269319
469.744101452
469.747930657
469.751756938
469.755580296
469.759400733
469.763218252
469.767032855
469.770844544
469.774653322
469.77845919
469.782262151
469.786062207
469.789859361
469.793653614
469.797444968
469.801233427
469.805018992
469.808801665
469.812581449
469.816358345
469.820132357
469.823903486
469.827671734
469.831437103
469.835199597
469.838959216
469.842715964
469.846469842
469.850220853
469.853968998
469.857714281
469.861456702
469.865196265
469.868932971
469.872666823
469.876397823
469.880125973
469.883851276
469.887573732
469.891293345
469.895010117
469.89872405
469.902435146
469.906143407
469.909848836
469.913551434
469.917251204
469.920948148
469.924642267
469.928333566
469.932022044
469.935707705
469.939390551
469.943070583
469.946747805
469.950422217
469.954093823
469.957762625
469.961428624
469.965091822
469.968752223
469.972409827
469.976064637
469.979716656
469.983365885
469.987012327
469.990655983
469.994296856
469.997934948
470.001570261
470.005202797
470.008832559
470.012459548
470.016083766
470.019705216
470.023323899
470.026939819
470.030552976
470.034163374
470.037771013
470.041375897
470.044978027
470.048577406
470.052174036
470.055767918
470.059359055
470.062947448
470.066533101
470.070116015
470.073696192
470.077273634
470.080848344
470.084420323
470.087989573
470.091556097
470.095119897
470.098680975
470.102239332
470.105794971
470.109347895
470.112898104
470.116445602
470.119990389
470.123532469
470.127071844
470.130608515
470.134142484
470.137673754
470.141202326
470.144728204
470.148251388
470.15177188
470.155289684
470.1588048
470.162317232
470.16582698
470.169334047
470.172838436
470.176340148
470.179839185
470.183335549
470.186829242
470.190320267
470.193808625
470.197294319
470.200777349
470.20425772
470.207735432
470.211210487
470.214682888
470.218152637
470.221619735
470.225084185
470.228545988
470.232005147
470.235461664
470.23891554
470.242366779
470.245815381
470.249261348
470.252704684
470.256145389
470.259583466
470.263018917
470.266451744
470.269881949
470.273309533
470.276734499
470.280156849
470.283576585
470.286993708
470.290408222
470.293820127
470.297229426
470.300636121
470.304040213
470.307441706
470.3108406
470.314236898
470.317630601
470.321021712
470.324410233
470.327796166
470.331179512
470.334560274
470.337938453
470.341314052
470.344687072
470.348057516
470.351425386
470.354790682
470.358153409
470.361513566
470.364871157
470.368226183
470.371578647
470.374928549
470.378275893
470.38162068
470.384962912
470.388302591
470.391639719
470.394974297
470.398306329
470.401635816
470.404962759
470.408287161
470.411609023
470.414928348
470.418245138
470.421559394
470.424871119
470.428180313
470.43148698
470.434791122
470.438092739
470.441391834
470.44468841
470.447982467
470.451274008
470.454563035
470.457849549
470.461133553
470.464415048
470.467694037
470.470970521
470.474244503
470.477515983
470.480784965
470.48405145
470.487315439
470.490576935
470.49383594
470.497092456
470.500346484
470.503598026
470.506847085
470.510093662
470.513337759
470.516579378
470.51981852
470.523055189
470.526289385
470.529521111
470.532750368
470.535977158
470.539201484
470.542423347
470.545642748
470.548859691
470.552074176
470.555286206
470.558495782
470.561702907
470.564907582
470.568109809
470.57130959
470.574506926
470.577701821
470.580894275
470.58408429
470.587271869
470.590457013
470.593639724
470.596820003
470.599997854
470.603173277
470.606346274
470.609516848
470.612685
470.615850731
470.619014045
470.622174942
470.625333425
470.628489495
470.631643155
470.634794405
470.637943249
470.641089687
470.644233722
470.647375355
470.650514588
470.653651424
470.656785863
470.659917908
470.663047561
470.666174823
470.669299696
470.672422182
470.675542283
470.678660001
470.681775338
470.684888294
470.687998873
470.691107076
470.694212904
470.697316361
470.700417446
470.703516163
470.706612513
470.709706497
470.712798119
470.715887378
470.718974278
470.72205882
470.725141006
470.728220838
470.731298317
470.734373445
470.737446224
470.740516656
470.743584743
470.746650486
470.749713887
470.752774949
470.755833672
470.758890059
470.761944111
470.76499583
470.768045218
470.771092277
470.774137008
470.777179414
470.780219495
470.783257255
470.786292694
470.789325814
470.792356618
470.795385106
470.798411281
470.801435145
470.804456698
470.807475944
470.810492883
470.813507518
470.81651985
470.819529881
470.822537613
470.825543048
470.828546186
470.831547031
470.834545584
470.837541846
470.840535819
470.843527505
470.846516907
470.849504024
470.85248886
470.855471416
470.858451694
470.861429695
470.864405422
470.867378875
470.870350057
470.87331897
470.876285614
470.879249993
470.882212107
470.885171959
470.88812955
470.891084881
470.894037955
470.896988774
470.899937338
470.90288365
470.905827712
470.908769525
470.91170909
470.91464641
470.917581487
470.920514321
470.923444915
470.926373271
470.92929939
470.932223274
470.935144924
470.938064342
470.940981531
470.943896491
470.946809225
470.949719733
470.952628019
470.955534083
470.958437927
470.961339553
470.964238963
470.967136158
470.970031139
470.97292391
470.975814471
470.978702823
470.98158897
470.984472912
470.987354651
470.990234189
470.993111527
470.995986667
470.998859611
471.001730361
471.004598918
471.007465283
471.01032946
471.013191448
471.01605125
471.018908868
471.021764303
471.024617556
471.027468631
471.030317527
471.033164247
471.036008793
471.038851166
471.041691368
471.0445294
471.047365265
471.050198963
471.053030497
471.055859867
471.058687077
471.061512127
471.064335019
471.067155755
471.069974336
471.072790764
471.075605041
471.078417168
471.081227147
471.08403498
471.086840667
471.089644212
471.092445615
471.095244879
471.098042004
471.100836992
471.103629846
471.106420566
471.109209154
471.111995613
471.114779942
471.117562146
471.120342223
471.123120178
471.12589601
471.128669722
471.131441315
471.134210791
471.136978152
471.139743399
471.142506533
471.145267557
471.148026472
471.15078328
471.153537981
471.156290579
471.159041074
471.161789468
471.164535762
471.167279959
471.170022059
471.172762065
471.175499978
471.1782358
471.180969532
471.183701176
471.186430733
471.189158205
471.191883594
471.194606901
471.197328127
471.200047275
471.202764346
471.205479342
471.208192264
471.210903113
471.213611892
471.216318601
471.219023243
471.221725819
471.224426331
471.22712478
471.229821168
471.232515496
471.235207766
471.237897979
471.240586138
471.243272243
471.245956296
471.248638299
471.251318254
471.253996161
471.256672023
471.25934584
471.262017616
471.26468735
471.267355046
471.270020703
471.272684324
471.275345911
471.278005465
471.280662987
471.283318479
471.285971943
471.28862338
471.291272791
471.293920179
471.296565544
471.299208889
471.301850215
471.304489523
471.307126815
471.309762093
471.312395357
471.315026611
471.317655854
471.320283089
471.322908317
471.325531539
471.328152758
471.330771975
471.333389191
471.336004408
471.338617627
471.34122885
471.343838079
471.346445314
471.349050558
471.351653812
471.354255077
471.356854356
471.359451648
471.362046957
471.364640284
471.367231629
471.369820995
471.372408383
471.374993795
471.377577232
471.380158696
471.382738187
471.385315709
471.387891261
471.390464846
471.393036465
471.39560612
471.398173812
471.400739543
471.403303314
471.405865126
471.408424982
471.410982882
471.413538828
471.416092822
471.418644865
471.421194959
471.423743105
471.426289304
471.428833559
471.43137587
471.433916239
471.436454667
471.438991157
471.441525709
471.444058325
471.446589006
471.449117755
471.451644572
471.454169458
471.456692416
471.459213447
471.461732552
471.464249733
471.466764991
471.469278328
471.471789745
471.474299244
471.476806825
471.479312492
471.481816244
471.484318084
471.486818013
471.489316032
471.491812143
471.494306347
471.496798646
471.499289042
471.501777535
471.504264127
