-5.7406640914
-5.12941566864
-4.53586161696
-3.9594897211
-3.39980259337
-2.85631724442
-2.32856466643
-1.8160894284
-1.31844928309
-0.835214785417
-0.365968921823
0.0896932495654
0.532164948397
0.961828011429
1.37905322204
1.7842006302
2.17761986318
2.55965042727
2.93062200075
3.29085471842
3.64065944782
3.98033805754
4.31018367769
4.63048095287
4.94150628781
5.24352808593
5.53680698088
5.82159606153
6.09814109037
6.36668071555
6.62744667686
6.88066400572
7.12655121933
7.3653205093
7.59717792472
7.82232354999
8.04095167747
8.25325097518
8.45940464959
8.65959060371
8.85398159063
9.04274536262
9.22604481584
9.40403813096
9.57687890965
9.74471630712
9.90769516087
10.0659561156
10.2196357448
10.3688666681
10.5137776665
10.6544937928
10.7911364797
10.9238236449
11.0526697925
11.1777861121
11.2992805743
11.4172580244
11.5318202725
11.6430661818
11.7510917533
11.8559902091
11.9578520726
12.056765247
12.1528150906
12.2460844909
12.336653936
12.4246015839
12.5100033303
12.5929328736
12.6734617791
12.7516595402
12.8275936387
12.9013296028
12.9729310642
13.042459812
13.1099758472
13.1755374335
13.2392011482
13.3010219307
13.3610531301
13.419346551
13.4759524986
13.5309198217
13.5842959551
13.6361269604
13.6864575658
13.7353312049
13.7827900537
13.8288750674
13.8736260159
13.9170815174
13.9592790725
14.0002550961
14.040044949
14.0786829684
14.1162024975
14.1526359142
14.1880146592
14.2223692631
14.2557293727
14.2881237764
14.3195804295
14.3501264778
14.3797882816
14.4085914379
14.4365608026
14.4637205124
14.490094005
14.5157040399
14.5405727174
14.5647214985
14.5881712226
14.6109421259
14.6330538589
14.6545255032
14.675375588
14.6956221062
14.7152825298
14.7343738251
14.752912467
14.7709144538
14.7883953204
14.8053701524
14.8218535982
14.8378598826
14.8534028182
14.8684958183
14.8831519073
14.8973837331
14.911203577
14.9246233652
14.9376546785
14.9503087623
14.9625965367
14.9745286056
14.9861152659
14.9973665164
15.0082920667
15.018901345
15.0292035067
15.0392074423
15.0489217847
15.0583549171
15.06751498
15.076409878
15.0850472873
15.0934346615
15.1015792387
15.1094880473
15.1171679123
15.1246254612
15.1318671296
15.1388991667
15.145727641
15.1523584451
15.1587973013
15.1650497659
15.1711212347
15.1770169471
15.1827419908
15.1883013065
15.1936996915
15.1989418045
15.2040321692
15.2089751785
15.2137750979
15.2184360696
15.2229621159
15.2273571426
15.2316249423
15.2357691982
15.2397934864
15.2437012799
15.2474959509
15.251180774
15.2547589292
15.2582335042
15.2616074975
15.2648838207
15.2680653011
15.2711546843
15.2741546363
15.2770677459
15.2798965271
15.2826434209
15.2853107978
15.2879009598
15.2904161419
15.2928585147
15.2952301859
15.2975332022
15.2997695509
15.301941162
15.3040499095
15.3060976131
15.3080860399
15.3100169059
15.3118918774
15.3137125723
15.315480562
15.3171973719
15.3188644838
15.3204833363
15.3220553264
15.3235818106
15.3250641063
15.3265034926
15.3279012116
15.3292584696
15.3305764378
15.3318562536
15.3330990213
15.3343058135
15.3354776716
15.3366156068
15.3377206012
15.3387936083
15.3398355541
15.3408473376
15.3418298322
15.3427838856
15.3437103211
15.3446099383
15.3454835134
15.3463318003
15.347155531
15.3479554165
15.348732147
15.3494863927
15.3502188046
15.3509300146
15.3516206367
15.3522912666
15.3529424832
15.3535748485
15.3541889081
15.3547851919
15.3553642145
15.3559264757
15.3564724606
