3.6806606268
4.3904465121
5.08985255814
5.77903055865
6.45813008759
7.12729853153
7.78668112168
8.43642096541
9.07665907731
9.70753440976
10.3291838831
10.9417424155
11.5453429519
12.1401164931
12.7261921244
13.303697043
13.8727565862
14.4334942584
14.9860317579
15.530489003
16.0669841587
16.5956336618
17.1165522464
17.6298529685
18.1356472312
18.6340448082
19.1251538677
19.6090809965
20.0859312224
20.5558080373
21.0188134196
21.4750478566
21.9246103658
22.367598517
22.8041084528
23.23423491
23.6580712401
24.0757094292
24.4872401184
24.892752623
25.2923349525
25.6860738291
26.074054707
26.4563617905
26.8330780526
27.2042852531
27.5700639557
27.9304935465
28.2856522503
28.6356171479
28.9804641931
29.320268229
29.6551030039
29.9850411878
30.3101543881
30.6305131647
30.946187046
31.2572445433
31.5637531663
31.8657794372
32.1633889055
32.4566461621
32.7456148533
33.0303576946
33.3109364845
33.5874121177
33.8598445983
34.128293053
34.3928157438
34.6534700806
34.910312634
35.163399147
35.4127845476
35.6585229606
35.900667719
36.1392713763
36.374385717
36.6060617686
36.8343498124
37.0592993941
37.2809593352
37.4993777431
37.7146020215
37.9266788812
38.1356543496
38.3415737812
38.5444818673
38.7444226454
38.9414395091
39.1355752175
39.3268719043
39.5153710871
39.7011136763
39.8841399841
40.0644897331
40.242202065
40.4173155492
40.5898681909
40.7598974397
40.9274401974
41.0925328263
41.2552111567
41.4155104951
41.5734656317
41.7291108479
41.8824799237
42.0336061451
42.1825223115
42.3292607424
42.4738532849
42.6163313202
42.7567257707
42.8950671065
43.0313853521
43.1657100931
43.2980704822
43.4284952459
43.5570126907
43.6836507089
43.8084367852
43.9313980021
44.0525610462
44.1719522139
44.2895974167
44.4055221877
44.5197516862
44.6323107036
44.7432236691
44.8525146541
44.9602073785
45.0663252151
45.1708911948
45.2739280119
45.3754580286
45.4755032803
45.5740854801
45.6712260234
45.766945993
45.861266163
45.9542070042
46.0457886876
46.1360310894
46.2249537952
46.312576104
46.3989170328
46.4839953203
46.5678294312
46.6504375603
46.7318376362
46.8120473254
46.891084036
46.9689649214
47.0457068844
47.1213265804
47.1958404215
47.2692645794
47.3416149896
47.4129073545
47.4831571468
47.552379613
47.6205897767
47.6878024416
47.7540321951
47.8192934112
47.8836002537
47.9469666791
48.0094064402
48.0709330883
48.1315599768
48.1913002635
48.2501669142
48.3081727047
48.3653302243
48.4216518778
48.4771498891
48.5318363028
48.5857229878
48.6388216392
48.6911437811
48.7427007691
48.7935037928
48.843563878
48.8928918894
48.9414985329
48.9893943575
49.0365897583
49.0830949782
49.1289201103
49.1740751002
49.2185697479
49.2624137102
49.3056165027
49.3481875019
49.3901359469
49.4314709419
49.472201458
49.5123363351
49.5518842836
49.5908538868
49.6292536024
49.6670917643
49.7043765846
49.7411161553
49.7773184502
49.8129913262
49.8481425256
49.8827796773
49.9169102987
49.9505417972
49.983681472
50.0163365154
50.0485140147
50.0802209533
50.1114642128
50.142250574
50.1725867184
50.20247923
50.2319345964
50.2609592104
50.2895593714
50.3177412864
50.3455110718
50.3728747546
50.3998382735
50.4264074807
50.4525881423
50.4783859405
50.5038064742
50.5288552605
50.5535377359
50.5778592571
50.6018251028
50.6254404743
50.6487104969
50.671640221
50.6942346231
50.7164986068
50.7384370042
50.7600545766
50.7813560158
50.8023459448
50.8230289192
50.8434094278
50.8634918937
50.8832806757
50.9027800685
50.9219943041
50.9409275525
50.959583923
50.9779674646
50.996082167
51.0139319618
51.031520723
51.0488522678
51.0659303579
51.0827586996
51.0993409453
51.1156806938
51.1317814915
51.1476468327
51.1632801607
51.1786848684
51.1938642992
51.2088217475
51.2235604595
51.238083634
51.2523944231
51.2664959326
51.280391223
51.29408331
51.3075751653
51.320869717
51.3339698505
51.3468784089
51.3595981938
51.3721319659
51.3844824452
51.3966523124
51.4086442087
51.4204607366
51.4321044608
51.4435779083
51.4548835692
51.4660238972
51.4770013102
51.4878181906
51.4984768859
51.5089797096
51.519328941
51.5295268262
51.5395755786
51.5494773789
51.5592343764
51.5688486884
51.5783224017
51.5876575724
51.5968562264
51.6059203602
51.614851941
51.6236529073
51.632325169
51.6408706085
51.6492910803
51.6575884119
51.6657644042
51.6738208316
51.6817594425
51.68958196
51.6972900818
51.7048854807
51.7123698053
51.7197446798
51.7270117049
51.7341724578
51.7412284925
51.7481813404
