-0.307886722307
0.157479542192
0.618765930928
1.07600821226
1.52924184095
1.97850196096
2.42382340811
2.86524071282
3.30278810281
3.73649950568
4.16640855163
4.59254857599
5.01495262186
5.43365344262
5.84868350455
6.26007498926
6.66785979622
7.07206954526
7.47273557899
7.86988896523
8.26356049943
8.65378070707
9.040579846
9.4239879088
9.8040346251
10.1807494639
10.5541616358
10.9243000955
11.2911935435
11.654870429
12.0153589516
12.3726870638
12.726882473
13.0779726437
13.4259847995
13.7709459255
14.11288277
14.4518218471
14.7877894382
15.1208115945
15.4509141385
15.7781226666
16.1024625508
16.4239589404
16.7426367644
17.0585207333
17.3716353408
17.6820048661
17.9896533752
18.2946047234
18.5968825568
18.8965103141
19.1935112285
19.4879083298
19.7797244455
20.0689822033
20.3557040322
20.6399121649
20.9216286389
21.2008752987
21.4776737973
21.7520455976
22.0240119746
22.2935940167
22.5608126274
22.8256885269
23.0882422539
23.3484941669
23.606464446
23.8621730942
24.1156399393
24.3668846353
24.6159266639
24.8627853357
25.1074797925
25.3500290078
25.5904517891
25.8287667788
26.064992456
26.2991471378
26.5312489806
26.7613159817
26.9893659806
27.2154166604
27.4394855492
27.6615900213
27.8817472989
28.099974453
28.3162884051
28.5307059283
28.7432436485
28.9539180462
29.162745457
29.3697420735
29.5749239463
29.7783069854
29.9799069612
30.1797395057
30.3778201141
30.5741641457
30.7687868251
30.9617032434
31.1529283594
31.3424770009
31.5303638654
31.7166035219
31.9012104114
32.0841988484
32.265583022
32.4453769968
32.623594714
32.8002499928
32.9753565311
33.1489279066
33.3209775784
33.491518887
33.6605650564
33.8281291945
33.9942242944
34.158863235
34.3220587826
34.4838235914
34.6441702047
34.803111056
34.9606584694
35.1168246614
35.2716217412
35.4250617117
35.5771564708
35.7279178119
35.8773574253
36.0254868984
36.1723177173
36.3178612674
36.4621288341
36.6051316041
36.7468806658
36.8873870105
37.0266615331
37.1647150331
37.3015582152
37.4372016902
37.5716559761
37.7049314984
37.8370385914
37.9679874988
38.0977883744
38.226451283
38.3539862012
38.4804030181
38.6057115361
38.7299214717
38.8530424563
38.9750840366
39.0960556758
39.2159667541
39.3348265694
39.4526443383
39.5694291964
39.6851901992
39.7999363228
39.9136764648
40.0264194446
40.1381740043
40.2489488094
40.3587524496
40.4675934389
40.575480217
40.6824211494
40.7884245285
40.8934985737
40.9976514326
41.1008911812
41.2032258247
41.3046632983
41.4052114675
41.5048781287
41.6036710102
41.7015977725
41.7986660089
41.8948832459
41.9902569444
42.0847944998
42.1785032424
42.2713904385
42.3634632906
42.4547289381
42.5451944577
42.6348668643
42.723753111
42.8118600901
42.8991946335
42.9857635131
43.0715734415
43.1566310726
43.2409430015
43.3245157661
43.4073558464
43.4894696661
43.5708635922
43.651543936
43.7315169536
43.810788846
43.8893657601
43.9672537888
44.0444589715
44.1209872947
44.1968446925
44.272037047
44.3465701885
44.4204498964
44.4936818993
44.5662718758
44.6382254544
44.7095482145
44.7802456864
44.8503233522
44.9197866455
44.9886409528
45.0568916129
45.124543918
45.1916031139
45.2580744005
45.3239629319
45.3892738172
45.4540121206
45.518182862
45.5817910171
45.6448415182
45.7073392542
45.7692890712
45.830695773
45.8915641209
45.9518988347
46.0117045928
46.0709860326
46.1297477507
46.1879943037
46.2457302079
46.3029599402
46.3596879383
46.4159186008
46.4716562879
46.5269053216
46.5816699858
46.6359545271
46.6897631547
46.7431000409
46.7959693215
46.848375096
46.900321428
46.9518123454
47.0028518409
47.0534438721
47.1035923618
47.1533011987
47.2025742372
47.2514152979
47.2998281681
47.3478166016
47.3953843194
47.4425350102
47.4892723298
47.5355999023
47.5815213201
47.6270401438
47.6721599031
47.7168840965
47.7612161919
47.805159627
47.848717809
47.8918941156
47.9346918945
47.9771144645
48.0191651148
48.0608471063
48.1021636708
48.1431180122
48.183713306
48.2239527
48.2638393144
48.3033762421
48.3425665486
48.381413273
48.4199194272
48.4580879973
48.4959219426
48.533424197
48.5705976683
48.6074452391
48.6439697664
48.6801740824
48.7160609944
48.7516332851
48.7868937128
48.8218450116
48.8564898916
48.8908310393
48.9248711173
48.9586127654
48.9920585996
49.0252112136
49.0580731778
49.0906470406
49.1229353276
49.1549405426
49.1866651671
49.2181116612
49.2492824632
49.2801799902
49.3108066379
49.3411647811
49.3712567739
49.4010849495
49.4306516209
49.4599590806
49.4890096013
49.5178054354
49.5463488159
49.5746419559
49.6026870494
49.630486271
49.6580417762
49.6853557017
49.7124301655
49.7392672668
49.7658690868
49.792237688
49.8183751152
49.844283395
49.8699645363
49.8954205306
49.9206533516
49.945664956
49.970457283
49.9950322553
50.0193917782
50.0435377407
50.0674720151
50.0911964572
50.1147129065
50.1380231867
50.1611291052
50.1840324536
50.2067350078
50.2292385283
50.25154476
50.2736554325
50.2955722602
50.3172969427
50.3388311644
50.3601765951
50.38133489
50.4023076897
50.4230966204
50.4437032941
50.4641293087
50.484376248
50.5044456819
50.5243391667
50.5440582449
50.5636044455
50.5829792842
50.6021842633
50.6212208719
50.6400905861
50.6587948692
50.6773351715
50.6957129305
50.7139295713
50.7319865065
50.7498851361
50.7676268481
50.7852130181
50.8026450098
50.8199241749
50.8370518531
50.8540293727
50.87085805
50.8875391899
50.9040740859
50.9204640201
50.9367102635
50.9528140756
50.9687767054
50.9845993904
51.0002833576
51.0158298231
51.0312399925
51.0465150605
51.0616562118
51.0766646202
51.0915414496
51.1062878535
51.1209049754
51.1353939487
51.1497558969
51.1639919336
51.1781031626
51.1920906782
51.2059555649
51.2196988979
51.2333217428
51.246825156
51.2602101844
51.273477866
51.2866292296
51.2996652949
51.3125870727
51.3253955651
51.3380917651
51.3506766573
51.3631512174
51.3755164129
51.3877732024
51.3999225363
51.4119653568
51.4239025977
51.4357351845
51.4474640348
51.459090058
51.4706141556
51.4820372212
51.4933601405
51.5045837916
51.5157090447
51.5267367625
51.5376678
51.5485030049
51.5592432173
51.5698892701
51.5804419887
51.5909021914
51.6012706893
51.6115482863
51.6217357795
51.6318339586
51.6418436069
51.6517655003
51.6616004083
51.6713490934
51.6810123116
51.6905908122
51.7000853379
51.7094966248
51.7188254028
51.7280723952
51.7372383191
51.7463238851
51.7553297977
51.7642567553
51.7731054501
51.7818765682
51.7905707898
51.7991887889
51.8077312338
51.8161987869
51.8245921049
51.8329118384
51.8411586326
51.8493331271
51.8574359555
51.8654677463
51.8734291223
51.8813207006
51.8891430934
51.896896907
51.9045827429
51.9122011968
51.9197528596
51.9272383168
51.9346581488
51.9420129311
51.9493032337
51.9565296222
51.9636926568
51.9707928928
51.977830881
51.984807167
51.9917222917
51.9985767914
52.0053711975
52.012106037
52.018781832
52.0253991001
52.0319583545
52.0384601038
52.0449048521
52.0512930992
52.0576253403
52.0639020666
52.0701237647
52.0762909171
52.0824040018
52.0884634931
52.0944698606
52.1004235702
52.1063250835
52.1121748582
52.1179733477
52.1237210017
52.129418266
52.1350655822
52.1406633882
52.1462121182
52.1517122024
52.1571640672
52.1625681354
52.167924826
52.1732345544
52.1784977322
52.1837147677
52.1888860654
52.1940120262
52.1990930475
52.2041295235
52.2091218445
52.2140703978
52.218975567
52.2238377324
52.2286572712
52.233434557
52.2381699602
52.242863848
52.2475165844
52.2521285302
52.256700043
52.2612314772
52.2657231842
52.2701755124
52.2745888068
52.2789634099
52.2832996607
52.2875978955
52.2918584476
52.2960816473
52.3002678222
52.3044172968
52.3085303928
52.3126074292
52.3166487222
52.3206545851
52.3246253285
52.3285612603
52.3324626857
52.3363299073
52.3401632248
52.3439629355
52.3477293342
52.3514627127
52.3551633606
52.3588315648
52.3624676098
52.3660717776
52.3696443475
52.3731855966
52.3766957996
52.3801752285
52.3836241531
52.387042841
52.3904315572
52.3937905644
52.3971201232
52.4004204916
52.4036919256
52.4069346789
52.4101490029
52.4133351469
52.4164933579
52.4196238808
52.4227269583
52.4258028311
52.4288517376
52.4318739143
52.4348695955
52.4378390135
52.4407823986
52.4436999789
52.4465919808
52.4494586284
52.4523001441
52.4551167481
52.4579086589
52.460676093
52.4634192649
52.4661383874
52.4688336712
52.4715053255
52.4741535573
52.476778572
52.4793805732
52.4819597625
52.4845163401
52.487050504
52.4895624509
52.4920523755
52.4945204709
52.4969669285
52.4993919379
52.5017956872
52.5041783627
52.5065401494
52.5088812301
52.5112017866
52.5135019987
52.5157820448
52.5180421017
52.5202823446
52.5225029473
52.5247040819
52.5268859191
52.529048628
52.5311923765
52.5333173307
52.5354236554
52.5375115138
52.539581068
52.5416324784
52.543665904
52.5456815025
52.5476794302
52.549659842
52.5516228916
52.553568731
52.5554975112
52.5574093818
52.5593044909
52.5611829856
52.5630450115
52.564890713
52.5667202331
52.5685337139
52.5703312958
52.5721131182
52.5738793194
52.5756300363
52.5773654046
52.5790855588
52.5807906325
52.5824807577
52.5841560656
52.585816686
52.5874627478
52.5890943784
52.5907117045
52.5923148515
52.5939039437
52.5954791043
52.5970404554
52.5985881181
52.6001222124
52.6016428573
52.6031501706
52.6046442693
52.6061252692
52.6075932852
52.609048431
52.6104908195
52.6119205626
52.6133377711
52.6147425549
52.6161350229
52.6175152831
52.6188834426
52.6202396074
52.6215838826
52.6229163726
52.6242371806
52.625546409
52.6268441594
52.6281305324
52.6294056278
52.6306695443
52.6319223801
52.6331642323
52.6343951971
52.63561537
52.6368248456
52.6380237177
52.6392120793
52.6403900225
52.6415576386
52.6427150182
52.6438622511
52.6449994261
52.6461266315
52.6472439547
52.6483514823
52.6494493001
52.6505374934
52.6516161465
52.6526853429
52.6537451657
52.6547956971
52.6558370184
52.6568692104
52.6578923531
52.658906526
52.6599118075
52.6609082758
52.661896008
52.6628750807
52.6638455698
52.6648075507
52.6657610979
52.6667062853
52.6676431862
52.6685718733
52.6694924185
52.6704048934
52.6713093685
52.6722059141
52.6730945996
52.6739754941
52.6748486657
52.6757141822
52.6765721107
52.6774225177
52.6782654692
52.6791010305
52.6799292664
52.6807502412
52.6815640184
52.6823706613
52.6831702323
52.6839627934
52.6847484062
52.6855271315
52.6862990296
52.6870641605
52.6878225835
52.6885743574
52.6893195405
52.6900581905
52.6907903648
52.6915161201
52.6922355127
52.6929485983
52.6936554323
52.6943560695
52.6950505642
52.6957389702
52.696421341
52.6970977294
52.6977681879
52.6984327684
52.6990915226
52.6997445015
52.7003917557
52.7010333353
52.7016692903
52.7022996698
52.7029245228
52.7035438977
52.7041578425
52.7047664048
52.7053696318
52.7059675704
52.7065602668
52.707147767
52.7077301166
52.7083073608
52.7088795442
52.7094467112
52.710008906
52.7105661719
52.7111185523
52.7116660899
52.7122088273
52.7127468065
52.7132800692
52.7138086567
52.7143326102
52.7148519701
52.7153667768
52.7158770702
52.7163828898
52.7168842749
52.7173812643
52.7178738966
52.71836221
52.7188462424
52.7193260312
52.7198016137
52.7202730268
52.7207403069
52.7212034904
52.7216626132
52.7221177109
52.7225688187
52.7230159716
52.7234592043
52.7238985512
52.7243340463
52.7247657234
52.725193616
52.7256177573
52.7260381801
52.7264549171
52.7268680005
52.7272774624
52.7276833345
52.7280856484
52.7284844351
52.7288797257
52.7292715508
52.7296599407
52.7300449256
52.7304265354
52.7308047995
52.7311797474
52.7315514081
52.7319198105
52.7322849831
52.7326469542
52.7330057519
52.733361404
52.7337139381
52.7340633815
52.7344097613
52.7347531045
52.7350934375
52.7354307868
52.7357651786
52.7360966388
52.736425193
52.7367508668
52.7370736854
52.7373936738
52.7377108569
52.7380252593
52.7383369053
52.7386458191
52.7389520246
52.7392555456
52.7395564056
52.739854628
52.7401502359
52.7404432521
52.7407336995
52.7410216006
52.7413069776
52.7415898526
52.7418702478
52.7421481846
52.7424236848
52.7426967697
52.7429674605
52.7432357781
52.7435017433
52.7437653769
52.7440266991
52.7442857304
52.7445424907
52.7447969999
52.7450492779
52.7452993442
52.7455472181
52.7457929189
52.7460364657
52.7462778772
52.7465171723
52.7467543695
52.7469894872
52.7472225436
52.7474535568
52.7476825447
52.7479095251
52.7481345155
52.7483575334
52.7485785961
52.7487977208
52.7490149244
52.7492302237
52.7494436356
52.7496551764
52.7498648627
52.7500727106
52.7502787363
52.7504829558
52.7506853849
52.7508860393
52.7510849345
52.7512820861
52.7514775092
52.751671219
52.7518632306
52.7520535588
52.7522422184
52.752429224
52.7526145901
52.7527983311
52.7529804612
52.7531609947
52.7533399453
52.7535173271
52.7536931538
52.7538674391
52.7540401963
52.754211439
52.7543811804
52.7545494337
52.7547162119
52.7548815279
52.7550453947
52.7552078248
52.7553688308
52.7555284254
52.7556866207
52.7558434292
52.7559988629
52.7561529339
52.7563056542
52.7564570356
52.7566070898
52.7567558285
52.7569032632
52.7570494053
52.7571942662
52.7573378571
52.7574801891
52.7576212733
52.7577611206
52.7578997419
52.7580371479
52.7581733492
52.7583083565
52.7584421801
52.7585748305
52.758706318
52.7588366527
52.7589658447
52.7590939042
52.7592208409
52.7593466648
52.7594713855
52.7595950129
52.7597175564
52.7598390256
52.7599594298
52.7600787784
52.7601970808
52.7603143459
52.760430583
52.760545801
52.760660009
52.7607732156
52.7608854298
52.7609966602
52.7611069154
52.761216204
52.7613245345
52.7614319153
52.7615383546
52.7616438608
52.761748442
52.7618521063
52.7619548618
52.7620567165
52.7621576782
52.7622577548
52.7623569539
52.7624552834
52.7625527509
52.7626493638
52.7627451298
52.7628400561
52.7629341503
52.7630274195
52.763119871
52.763211512
52.7633023496
52.7633923908
52.7634816426
52.7635701119
52.7636578057
52.7637447306
52.7638308934
52.7639163009
52.7640009595
52.764084876
