3.22086891495
3.50591271157
3.78889047618
4.06981718365
4.34870770027
4.62557678462
4.90043908828
5.17330915663
5.44420142964
5.71313024261
5.98010982694
6.24515431087
6.50827772024
6.76949397924
7.02881691112
7.28626023895
7.54183758633
7.7955624781
8.0474483411
8.29750850481
8.54575620215
8.79220457007
9.03686665034
9.27975539019
9.520883643
9.760264169
9.99790963592
10.2338326197
10.4680456051
10.7005609863
10.9313910679
11.1605480651
11.3880441045
11.6138912251
11.8381013784
12.0606864293
12.2816581567
12.5010282543
12.7188083308
12.9350099109
13.1496444358
13.3627232636
13.5742576702
13.7842588498
13.9927379154
14.1997058994
14.4051737544
14.6091523534
14.8116524909
15.0126848828
15.2122601675
15.4103889064
15.6070815842
15.8023486095
15.9962003158
16.1886469615
16.3796987305
16.5693657331
16.7576580063
16.9445855143
17.130158149
17.3143857308
17.4972780087
17.6788446612
17.8590952966
18.0380394536
18.2156866016
18.3920461415
18.5671274061
18.7409396604
18.9134921025
19.0847938636
19.2548540087
19.4236815372
19.5912853834
19.7576744166
19.9228574419
20.0868432005
20.2496403706
20.411257567
20.5717033423
20.7309861873
20.8891145308
21.046096741
21.201941125
21.3566559301
21.5102493435
21.6627294932
21.8141044483
21.9643822194
22.1135707589
22.2616779619
22.4087116659
22.5546796517
22.6995896439
22.8434493109
22.9862662656
23.1280480657
23.2688022142
23.4085361594
23.5472572962
23.6849729652
23.8216904545
23.9574169988
24.0921597806
24.2259259304
24.3587225269
24.4905565977
24.621435119
24.751365017
24.8803531674
25.0084063959
25.1355314792
25.2617351444
25.3870240702
25.5114048866
25.6348841758
25.7574684722
25.8791642627
25.9999779873
26.1199160395
26.2389847661
26.3571904681
26.4745394009
26.5910377743
26.7066917535
26.8215074585
26.9354909654
27.0486483061
27.1609854686
27.2725083977
27.3832229952
27.4931351198
27.602250588
27.710575174
27.8181146103
27.9248745878
28.0308607559
28.1360787235
28.2405340585
28.3442322886
28.4471789013
28.5493793445
28.6508390265
28.7515633164
28.8515575444
28.9508270022
29.0493769429
29.1472125817
29.2443390959
29.3407616253
29.4364852726
29.5315151032
29.6258561462
29.7195133938
29.8124918023
29.904796292
29.9964317476
30.0874030183
30.1777149183
30.2673722266
30.3563796879
30.4447420123
30.5324638758
30.6195499207
30.7060047553
30.7918329548
30.8770390612
30.9616275833
31.0456029976
31.1289697479
31.2117322458
31.2938948712
31.3754619719
31.4564378643
31.5368268337
31.616633134
31.6958609887
31.7745145902
31.8525981009
31.9301156528
32.0070713481
32.0834692592
32.159313429
32.234607871
32.3093565698
32.383563481
32.4572325315
32.5303676198
32.602972616
32.6750513625
32.7466076735
32.8176453356
32.8881681082
32.9581797231
33.0276838854
33.0966842731
33.1651845376
33.2331883039
33.3006991707
33.3677207105
33.43425647
33.5003099703
33.5658847068
33.6309841497
33.6956117439
33.7597709095
33.8234650417
33.8866975111
33.9494716638
34.011790822
34.0736582832
34.1350773217
34.1960511875
34.2565831073
34.3166762844
34.3763338989
34.4355591078
34.4943550451
34.5527248224
34.6106715285
34.6681982298
34.7253079706
34.7820037731
34.8382886376
34.8941655425
34.9496374448
35.0047072801
35.0593779625
35.1136523851
35.1675334202
35.221023919
35.2741267122
35.3268446099
35.3791804019
35.4311368577
35.4827167269
35.5339227388
35.5847576035
35.6352240108
35.6853246315
35.7350621168
35.7844390988
35.8334581905
35.8821219858
35.93043306
35.9783939698
36.026007253
36.0732754294
36.1202010003
36.166786449
36.2130342406
36.2589468227
36.3045266249
36.3497760591
36.3946975199
36.4392933845
36.4835660129
36.5275177479
36.5711509154
36.6144678244
36.6574707672
36.7001620195
36.7425438404
36.7846184727
36.826388143
36.8678550616
36.909021423
36.9498894056
36.9904611722
37.0307388696
37.0707246294
37.1104205676
37.1498287847
37.1889513664
37.2277903828
37.2663478894
37.3046259264
37.3426265196
37.3803516799
37.4178034037
37.4549836728
37.4918944549
37.5285377031
37.5649153566
37.6010293404
37.6368815657
37.6724739298
37.7078083161
37.7428865944
37.7777106212
37.8122822391
37.8466032778
37.8806755535
37.9145008691
37.9480810148
37.9814177675
38.0145128914
38.0473681378
38.0799852454
38.1123659403
38.1445119359
38.1764249335
38.2081066218
38.2395586773
38.2707827646
38.3017805359
38.3325536316
38.3631036802
38.3934322983
38.4235410909
38.4534316513
38.4831055613
38.5125643912
38.5418097
38.5708430352
38.5996659333
38.6282799195
38.6566865081
38.6848872022
38.7128834944
38.740676866
38.7682687878
38.7956607201
38.8228541123
38.8498504036
38.8766510224
38.9032573871
38.9296709057
38.9558929758
38.9819249852
39.0077683115
39.0334243222
39.058894375
39.0841798178
39.1092819886
39.1342022159
39.1589418183
39.1835021051
39.2078843759
39.2320899211
39.2561200216
39.279975949
39.3036589657
39.3271703251
39.3505112713
39.3736830394
39.3966868558
39.4195239377
39.4421954937
39.4647027235
39.4870468182
39.5092289602
39.5312503233
39.5531120729
39.5748153659
39.5963613508
39.6177511677
39.6389859487
39.6600668175
39.6809948895
39.7017712723
39.7223970654
39.7428733603
39.7632012404
39.7833817817
39.8034160519
39.8233051113
39.8430500124
39.8626518
39.8821115115
39.9014301767
39.9206088178
39.9396484499
39.9585500803
39.9773147095
39.9959433303
40.0144369287
40.0327964832
40.0510229654
40.0691173399
40.0870805641
40.1049135887
40.1226173574
40.1401928071
40.1576408677
40.1749624627
40.1921585087
40.2092299156
40.2261775869
40.2430024195
40.2597053036
40.2762871231
40.2927487557
40.3090910723
40.3253149379
40.3414212109
40.3574107436
40.3732843823
40.389042967
40.4046873315
40.4202183038
40.4356367057
40.4509433531
40.4661390561
40.4812246188
40.4962008396
40.5110685108
40.5258284194
40.5404813464
40.5550280671
40.5694693515
40.5838059637
40.5980386624
40.6121682008
40.6261953266
40.640120782
40.6539453041
40.6676696243
40.6812944691
40.6948205593
40.7082486107
40.721579334
40.7348134346
40.7479516129
40.760994564
40.7739429782
40.7867975408
40.7995589319
40.812227827
40.8248048963
40.8372908055
40.8496862153
40.8619917817
40.8742081559
40.8863359843
40.8983759087
40.9103285663
40.9221945896
40.9339746065
40.9456692404
40.9572791102
40.9688048303
40.9802470105
40.9916062565
41.0028831692
41.0140783455
41.0251923778
41.0362258542
41.0471793587
41.0580534709
41.0688487661
41.0795658158
41.090205187
41.1007674427
41.1112531419
41.1216628395
41.1319970864
41.1422564294
41.1524414114
41.1625525714
41.1725904445
41.1825555619
41.1924484509
41.2022696351
41.2120196341
41.2216989639
41.2313081368
41.2408476613
41.2503180421
41.2597197804
41.2690533738
41.2783193162
41.2875180979
41.2966502058
41.305716123
41.3147163293
41.323651301
41.332521511
41.3413274287
41.3500695199
41.3587482475
41.3673640705
41.3759174451
41.3844088237
41.3928386558
41.4012073875
41.4095154615
41.4177633177
41.4259513924
41.4340801189
41.4421499274
41.450161245
41.4581144956
41.4660101
41.4738484762
41.4816300388
41.4893551998
41.4970243678
41.5046379488
41.5121963456
41.5196999583
41.5271491838
41.5345444165
41.5418860476
41.5491744657
41.5564100564
41.5635932027
41.5707242847
41.5778036798
41.5848317625
41.5918089048
41.598735476
41.6056118425
41.6124383683
41.6192154147
41.6259433401
41.6326225008
41.63925325
41.6458359388
41.6523709155
41.6588585259
41.6652991132
41.6716930185
41.6780405799
41.6843421334
41.6905980125
41.6968085483
41.7029740693
41.7090949018
41.7151713699
41.7212037949
41.7271924962
41.7331377907
41.739039993
41.7448994154
41.750716368
41.7564911586
41.7622240928
41.767915474
41.7735656034
41.77917478
41.7847433006
41.7902714598
41.7957595503
41.8012078625
41.8066166846
41.8119863029
41.8173170016
41.8226090628
41.8278627664
41.8330783906
41.8382562112
41.8433965024
41.8484995362
41.8535655825
41.8585949096
41.8635877834
41.8685444683
41.8734652266
41.8783503186
41.8832000028
41.888014536
41.8927941728
41.8975391662
41.9022497674
41.9069262256
41.9115687882
41.9161777009
41.9207532077
41.9252955507
41.9298049702
41.9342817049
41.9387259917
41.9431380658
41.9475181606
41.9518665079
41.9561833379
41.960468879
41.964723358
41.968947
41.9731400285
41.9773026654
41.9814351311
41.9855376441
41.9896104217
41.9936536792
41.9976676307
42.0016524886
42.0056084638
42.0095357656
42.0134346018
42.0173051788
42.0211477014
42.0249623729
42.0287493952
42.0325089687
42.0362412924
42.0399465637
42.0436249788
42.0472767323
42.0509020174
42.054501026
42.0580739486
42.0616209742
42.0651422905
42.0686380839
42.0721085393
42.0755538405
42.0789741697
42.082369708
42.085740635
42.0890871291
42.0924093674
42.0957075257
42.0989817786
42.1022322992
42.1054592597
42.1086628309
42.1118431821
42.1150004818
42.1181348969
42.1212465935
42.1243357361
42.1274024882
42.1304470122
42.133469469
42.1364700187
42.1394488201
42.1424060308
42.1453418072
42.1482563048
42.1511496777
42.1540220791
42.156873661
42.1597045743
42.1625149688
42.1653049933
42.1680747952
42.1708245214
42.1735543171
42.176264327
42.1789546944
42.1816255617
42.1842770702
42.1869093603
42.1895225712
42.1921168412
42.1946923077
42.1972491068
42.199787374
42.2023072435
42.2048088487
42.2072923219
42.2097577947
42.2122053974
42.2146352595
42.2170475098
42.2194422757
42.2218196841
42.2241798607
42.2265229305
42.2288490175
42.2311582447
42.2334507343
42.2357266077
42.2379859853
42.2402289866
42.2424557304
42.2446663345
42.2468609158
42.2490395906
42.2512024741
42.2533496807
42.2554813241
42.2575975171
42.2596983717
42.261783999
42.2638545095
42.2659100126
42.2679506172
42.2699764312
42.2719875619
42.2739841157
42.2759661983
42.2779339144
42.2798873683
42.2818266633
42.2837519021
42.2856631866
42.2875606178
42.2894442961
42.2913143214
42.2931707925
42.2950138077
42.2968434644
42.2986598596
42.3004630894
42.3022532491
42.3040304335
42.3057947367
42.3075462519
42.309285072
42.3110112889
42.312724994
42.314426278
42.3161152308
42.3177919419
42.3194565
42.3211089931
42.3227495088
42.3243781339
42.3259949544
42.3276000561
42.3291935238
42.3307754418
42.3323458939
42.3339049632
42.3354527322
42.3369892827
42.3385146961
42.3400290532
42.341532434
42.3430249181
42.3445065845
42.3459775117
42.3474377773
42.3488874588
42.3503266328
42.3517553755
42.3531737625
42.3545818689
42.3559797691
42.3573675372
42.3587452466
42.3601129701
42.3614707803
42.3628187488
42.3641569472
42.3654854461
42.3668043159
42.3681136263
42.3694134467
42.3707038459
42.3719848921
42.3732566531
42.3745191962
42.3757725883
42.3770168956
42.3782521841
42.379478519
42.3806959653
42.3819045874
42.3831044493
42.3842956144
42.3854781458
42.3866521061
42.3878175573
42.3889745613
42.3901231791
42.3912634716
42.3923954991
42.3935193216
42.3946349985
42.3957425887
42.3968421511
42.3979337437
42.3990174243
42.4000932502
42.4011612784
42.4022215655
42.4032741674
42.40431914
42.4053565384
42.4063864177
42.4074088323
42.4084238363
42.4094314834
42.410431827
42.41142492
42.4124108149
42.4133895639
42.4143612188
42.4153258311
42.4162834517
42.4172341314
42.4181779204
42.4191148688
42.420045026
42.4209684413
42.4218851637
42.4227952414
42.4236987229
42.4245956558
42.4254860876
42.4263700655
42.4272476361
42.4281188461
42.4289837414
42.4298423678
42.4306947709
42.4315409956
42.4323810867
42.4332150888
42.4340430459
42.4348650019
42.4356810002
42.4364910841
42.4372952965
42.4380936797
42.4388862762
42.4396731279
42.4404542764
42.441229763
42.4419996288
42.4427639145
42.4435226606
42.4442759072
42.4450236941
42.4457660611
42.4465030472
42.4472346916
42.447961033
42.4486821097
42.44939796
42.4501086217
42.4508141324
42.4515145295
42.4522098501
42.4529001309
42.4535854084
42.454265719
42.4549410986
42.455611583
42.4562772076
42.4569380077
42.4575940182
42.4582452739
42.4588918092
42.4595336584
42.4601708553
42.4608034338
42.4614314272
42.4620548689
42.4626737918
42.4632882287
42.463898212
42.4645037742
42.4651049471
42.4657017627
42.4662942524
42.4668824478
42.4674663798
42.4680460794
42.4686215773
42.4691929039
42.4697600895
42.470323164
42.4708821573
42.4714370989
42.4719880183
42.4725349445
42.4730779066
42.4736169331
42.4741520528
42.4746832938
42.4752106844
42.4757342523
42.4762540254
42.4767700311
42.4772822967
42.4777908494
42.478295716
42.4787969233
42.4792944977
42.4797884657
42.4802788533
42.4807656866
42.4812489912
42.4817287928
42.4822051167
42.4826779882
42.4831474322
42.4836134736
42.4840761372
42.4845354472
42.4849914282
42.4854441041
42.485893499
42.4863396366
42.4867825406
42.4872222343
42.4876587411
42.488092084
42.4885222861
42.4889493699
42.4893733582
42.4897942734
42.4902121377
42.4906269733
42.4910388021
42.491447646
42.4918535265
42.4922564651
42.4926564832
42.4930536018
42.4934478422
42.493839225
42.494227771
42.4946135008
42.4949964348
42.4953765933
42.4957539963
42.4961286638
42.4965006157
42.4968698717
42.4972364512
42.4976003737
42.4979616585
42.4983203246
42.4986763911
42.4990298768
42.4993808003
42.4997291804
42.5000750353
42.5004183834
42.5007592429
42.5010976318
42.501433568
42.5017670693
42.5020981534
42.5024268377
42.5027531397
42.5030770766
42.5033986656
42.5037179236
42.5040348676
42.5043495144
42.5046618806
42.5049719827
42.5052798372
42.5055854603
42.5058888682
42.5061900769
42.5064891025
42.5067859607
42.5070806672
42.5073732376
42.5076636875
42.5079520322
42.5082382869
42.5085224668
42.5088045869
42.5090846621
42.5093627074
42.5096387374
42.5099127666
42.5101848097
42.5104548809
42.5107229947
42.5109891651
42.5112534063
42.5115157322
42.5117761568
42.5120346938
42.5122913568
42.5125461596
42.5127991155
42.5130502379
42.5132995402
42.5135470355
42.5137927369
42.5140366575
42.5142788101
42.5145192075
42.5147578626
42.5149947878
42.5152299957
42.5154634989
42.5156953095
42.51592544
