2.71818801198
5.03079189059
5.03225713482
5.03225806318
5.03225806377
5.03225806377
5.03225806377
5.03225806377
5.03225806377
5.03225806377
5.03225806377
5.03225806377
5.03225806377
5.03225806377
5.03225806377
5.03225806377
5.03225806377
5.03225806377
5.03225806377
5.03225806377
5.03225806377
5.03225806377
5.03225806377
5.03225806377
5.03225806377
5.03225806377
5.03225806377
5.03225806377
5.03225806377
5.03225806377
5.03225806377
5.03225806377
5.03225806377
5.03225806377
5.03225806377
5.03225806377
5.03225806377
5.03225806377
5.03225806377
5.03225806377
5.03225806377
5.03225806377
5.03225806377
5.03225806377
5.03225806377
5.03225806377
5.03225806377
5.03225806377
5.03225806377
5.03225806377
5.03225806377
5.03225806377
5.03225806377
5.03225806377
5.03225806377
5.03225806377
5.03225806377
5.03225806377
5.03225806377
5.03225806377
5.03225806377
5.03225806377
5.03225806377
5.03225806377
5.03225806377
5.03225806377
5.03225806377
5.03225806377
5.03225806377
5.03225806377
5.03225806377
5.03225806377
5.03225806377
5.03225806377
5.03225806377
5.03225806377
5.03225806377
5.03225806377
5.03225806377
5.03225806377
5.03225806377
5.03225806377
5.03225806377
5.03225806377
5.03225806377
5.03225806377
5.03225806377
5.03225806377
5.03225806377
5.03225806377
5.03225806377
5.03225806377
5.03225806377
5.03225806377
