-0.68987716498
-0.551489320527
-0.415133492643
-0.280779844232
-0.148398976312
-0.0179619215794
0.110559861928
0.237194497076
0.36196969379
0.484912755116
0.606050583195
0.725409685153
0.843016178898
0.958895798835
1.0730739015
1.1855754711
1.296425125
1.40564711908
1.51326535308
1.61930337578
1.72378439021
1.82673125867
1.9281665078
2.02811233343
2.1265906055
2.22362287282
2.31923036778
2.41343401102
2.50625441599
2.59771189343
2.6878264559
2.77661782207
2.86410542107
2.95030839676
3.0352456119
3.11893565226
3.20139683073
3.28264719129
3.36270451297
3.44158631374
3.51930985436
3.59589214212
3.67134993461
3.74569974333
3.81895783736
3.89114024688
3.96226276669
4.03234095967
4.10139016019
4.16942547744
4.23646179877
4.30251379293
4.36759591328
4.43172240094
4.49490728794
4.55716440027
4.6185073609
4.67894959276
4.7385043217
4.79718457935
4.85500320601
4.91197285343
4.96810598758
5.02341489141
5.07791166748
5.13160824067
5.18451636075
5.23664760496
5.28801338056
5.33862492728
5.38849331986
5.43762947037
5.4860441307
5.53374789483
5.58075120121
5.62706433499
5.67269743033
5.71766047255
5.76196330038
5.80561560807
5.84862694752
5.89100673038
5.93276423012
5.97390858401
6.01444879519
6.05439373457
6.09375214282
6.13253263226
6.17074368876
6.20839367359
6.24549082523
6.28204326121
6.31805897984
6.35354586202
6.38851167292
6.42296406367
6.45691057307
6.49035862923
6.52331555119
6.5557885505
6.58778473284
6.61931109955
6.65037454916
6.68098187891
6.71113978623
6.74085487021
6.77013363305
6.79898248145
6.82740772807
6.85541559286
6.88301220444
6.91020360144
6.93699573383
6.9633944642
6.98940556907
7.01503474013
7.04028758551
7.06516963098
7.08968632118
7.11384302079
7.13764501575
7.16109751434
7.18420564839
7.20697447438
7.22940897454
7.25151405793
7.27329456155
7.29475525135
7.31590082332
7.33673590449
7.35726505395
7.37749276385
7.39742346036
7.41706150468
7.43641119397
7.45547676229
7.47426238152
7.49277216229
7.51101015487
7.52898035007
7.54668668008
7.56413301937
7.5813231855
7.59826094
7.61494998914
7.63139398479
7.6475965252
7.66356115575
7.67929136981
7.69479060943
7.71006226611
7.72510968156
7.73993614844
7.75454491104
7.76893916601
7.78312206308
7.79709670572
7.81086615183
7.82443341441
7.83780146222
7.85097322044
7.86395157127
7.87673935461
7.88933936866
7.90175437052
7.91398707683
7.92604016431
7.9379162704
7.9496179938
