1.33650804999
1.35461707073
1.37271580151
1.39080424819
1.40888241661
1.4269503126
1.44500794201
1.46305531066
1.4810924244
1.49911928904
1.51713591041
1.53514229434
1.55313844663
1.5711243731
1.58910007956
1.60706557182
1.62502085568
1.64296593695
1.66090082142
1.67882551488
1.69674002313
1.71464435195
1.73253850713
1.75042249445
1.76829631969
1.78615998861
1.80401350699
1.82185688061
1.83969011522
1.85751321658
1.87532619045
1.8931290426
1.91092177876
1.92870440468
1.94647692612
1.96423934882
1.9819916785
1.99973392091
2.01746608178
2.03518816684
2.05290018181
2.07060213241
2.08829402437
2.10597586339
2.1236476552
2.1413094055
2.15896111999
2.17660280438
2.19423446437
2.21185610565
2.22946773392
2.24706935487
2.26466097418
2.28224259753
2.29981423061
2.31737587909
2.33492754865
2.35246924496
2.37000097368
2.38752274047
2.40503455101
2.42253641093
2.44002832591
2.45751030159
2.47498234362
2.49244445764
2.50989664929
2.52733892421
2.54477128804
2.56219374641
2.57960630495
2.59700896928
2.61440174502
2.6317846378
2.64915765322
2.66652079691
2.68387407447
2.7012174915
2.71855105362
2.73587476641
2.75318863548
2.77049266642
2.78778686483
2.80507123627
2.82234578635
2.83961052065
2.85686544473
2.87411056417
2.89134588455
2.90857141143
2.92578715038
2.94299310696
2.96018928673
2.97737569524
2.99455233805
3.01171922071
3.02887634875
3.04602372773
3.06316136318
3.08028926064
3.09740742564
3.11451586372
3.13161458039
3.1487035812
3.16578287164
3.18285245725
3.19991234354
3.21696253601
3.23400304019
3.25103386156
3.26805500564
3.28506647792
3.3020682839
3.31906042907
3.33604291892
3.35301575894
3.36997895461
3.3869325114
3.40387643481
3.4208107303
3.43773540334
3.4546504594
3.47155590394
3.48845174243
3.50533798032
3.52221462308
3.53908167614
3.55593914497
3.572787035
3.58962535168
3.60645410046
3.62327328675
3.64008291601
3.65688299366
3.67367352513
3.69045451583
3.70722597121
3.72398789666
3.74074029761
3.75748317947
3.77421654764
3.79094040754
3.80765476457
3.82435962412
3.84105499159
3.85774087238
3.87441727188
3.89108419548
3.90774164855
3.92438963648
3.94102816465
3.95765723843
3.9742768632
3.99088704433
4.00748778717
4.0240790971
4.04066097948
4.05723343965
4.07379648299
4.09035011482
4.10689434051
4.1234291654
4.13995459483
4.15647063414
4.17297728866
4.18947456373
4.20596246468
4.22244099683
4.23891016551
4.25536997604
4.27182043373
4.2882615439
4.30469331186
4.32111574292
4.33752884239
4.35393261556
4.37032706775
4.38671220423
4.40308803031
4.41945455128
4.43581177242
4.45215969902
4.46849833636
4.48482768972
4.50114776438
4.51745856559
4.53376009865
4.55005236881
4.56633538133
4.58260914148
4.59887365451
4.61512892568
4.63137496024
4.64761176343
4.66383934051
4.68005769672
4.69626683729
4.71246676746
4.72865749246
4.74483901753
4.7610113479
4.77717448878
4.7933284454
4.80947322298
4.82560882674
4.84173526188
4.85785253361
4.87396064715
4.8900596077
4.90614942046
4.92223009062
4.93830162338
4.95436402394
4.97041729748
4.98646144919
5.00249648425
5.01852240784
5.03453922514
5.05054694133
5.06654556157
5.08253509104
5.09851553489
5.1144868983
5.13044918641
5.1464024044
5.16234655741
5.17828165059
5.1942076891
5.21012467807
5.22603262265
5.24193152797
5.25782139918
5.27370224141
5.28957405979
5.30543685944
5.32129064549
5.33713542307
5.35297119728
5.36879797325
5.3846157561
5.40042455092
5.41622436282
5.43201519692
5.44779705831
5.4635699521
5.47933388337
5.49508885722
5.51083487873
5.52657195301
5.54230008512
5.55801928016
5.57372954319
5.58943087931
5.60512329356
5.62080679104
5.6364813768
5.6521470559
5.66780383342
5.6834517144
5.6990907039
5.71472080698
5.73034202868
5.74595437405
5.76155784813
5.77715245597
5.79273820261
5.80831509307
5.82388313239
5.8394423256
5.85499267772
5.87053419379
5.88606687882
5.90159073782
5.91710577582
5.93261199783
5.94810940885
5.96359801389
5.97907781796
5.99454882606
6.01001104318
6.02546447432
6.04090912448
6.05634499864
6.07177210178
6.0871904389
6.10260001497
6.11800083498
6.13339290389
6.14877622668
6.16415080832
6.17951665378
6.19487376802
6.210222156
6.22556182268
6.24089277301
6.25621501196
6.27152854447
6.28683337548
6.30212950994
6.31741695279
6.33269570898
6.34796578343
6.36322718108
6.37847990686
6.3937239657
6.40895936252
6.42418610225
6.4394041898
6.45461363009
6.46981442804
6.48500658855
6.50019011653
6.51536501689
6.53053129452
6.54568895434
6.56083800124
6.5759784401
6.59111027583
6.60623351331
6.62134815742
6.63645421306
6.65155168509
6.6666405784
6.68172089786
6.69679264834
6.71185583472
6.72691046185
6.7419565346
6.75699405784
6.77202303642
6.7870434752
6.80205537902
6.81705875274
6.83205360121
6.84703992927
6.86201774176
6.87698704351
6.89194783938
6.90690013418
6.92184393275
6.93677923992
6.95170606052
6.96662439935
6.98153426125
6.99643565103
7.01132857351
7.02621303349
7.04108903579
7.05595658521
7.07081568655
7.08566634462
7.1005085642
7.11534235011
7.13016770712
7.14498464003
7.15979315363
7.1745932527
7.18938494201
7.20416822636
7.21894311051
7.23370959924
7.24846769732
7.26321740951
7.27795874059
7.29269169531
7.30741627843
7.32213249472
7.33684034892
7.35153984578
7.36623099006
7.3809137865
7.39558823985
7.41025435484
7.42491213621
7.43956158871
7.45420271705
7.46883552598
7.48346002021
7.49807620448
7.5126840835
7.527283662
7.54187494468
7.55645793628
7.57103264149
7.58559906502
7.60015721158
7.61470708588
7.62924869261
7.64378203647
7.65830712216
7.67282395437
7.68733253779
7.7018328771
7.71632497699
7.73080884215
7.74528447725
7.75975188697
7.77421107598
7.78866204895
7.80310481056
7.81753936546
7.83196571832
7.84638387381
7.86079383657
7.87519561127
7.88958920256
7.90397461508
7.91835185349
7.93272092243
7.94708182654
7.96143457046
7.97577915883
7.99011559628
8.00444388745
8.01876403696
8.03307604943
8.0473799295
8.06167568178
8.0759633109
8.09024282146
8.10451421808
8.11877750537
8.13303268794
8.1472797704
8.16151875734
8.17574965338
8.18997246309
8.20418719108
8.21839384195
8.23259242028
8.24678293065
8.26096537766
8.27513976588
8.2893060999
8.30346438429
8.31761462362
8.33175682246
8.34589098539
8.36001711697
8.37413522177
8.38824530434
8.40234736924
8.41644142103
8.43052746427
8.4446055035
8.45867554327
8.47273758812
8.48679164261
8.50083771127
8.51487579863
8.52890590923
8.54292804762
8.5569422183
8.57094842582
8.5849466747
8.59893696946
8.61291931461
8.62689371469
8.64086017419
8.65481869764
8.66876928954
8.6827119544
8.69664669673
8.71057352102
8.72449243177
8.73840343349
8.75230653066
8.76620172778
8.78008902934
8.79396843982
8.8078399637
8.82170360547
8.83555936961
8.8494072606
8.8632472829
8.87707944098
8.89090373933
8.90472018239
8.91852877465
8.93232952055
8.94612242455
8.95990749112
8.9736847247
8.98745412975
9.00121571071
9.01496947203
9.02871541815
9.04245355352
9.05618388257
9.06990640974
9.08362113946
9.09732807616
9.11102722427
9.12471858822
9.13840217243
9.15207798131
9.16574601929
9.17940629079
9.19305880021
9.20670355197
9.22034055048
9.23396980013
9.24759130534
9.2612050705
9.27481110002
9.28840939828
9.30199996968
9.31558281862
9.32915794947
9.34272536663
9.35628507448
9.3698370774
9.38338137976
9.39691798595
9.41044690033
9.42396812728
9.43748167116
9.45098753634
9.46448572719
9.47797624806
9.49145910331
9.5049342973
9.51840183438
9.53186171891
9.54531395522
9.55875854767
9.5721955006
9.58562481836
9.59904650527
9.61246056568
9.62586700391
9.63926582431
9.65265703119
9.66604062889
9.67941662173
9.69278501403
9.7061458101
9.71949901428
9.73284463086
9.74618266416
9.75951311849
9.77283599815
9.78615130746
9.7994590507
9.81275923219
9.82605185622
9.83933692707
9.85261444906
9.86588442645
9.87914686354
9.89240176462
9.90564913397
9.91888897586
9.93212129458
9.94534609439
9.95856337958
9.9717731544
9.98497542314
9.99817019005
10.0113574594
10.0245372354
10.0377095224
10.0508743246
10.0640316463
10.0771814917
10.090323865
10.1034587706
10.1165862126
10.1297061953
10.1428187229
10.1559237997
10.1690214299
10.1821116177
10.1951943674
10.2082696832
10.2213375693
10.2343980299
10.2474510693
10.2604966916
10.2735349011
10.286565702
10.2995890986
10.3126050949
10.3256136953
10.3386149038
10.3516087248
10.3645951624
10.3775742209
10.3905459043
10.4035102169
10.416467163
10.4294167466
10.4423589719
10.4552938432
10.4682213646
10.4811415403
10.4940543744
10.5069598712
10.5198580348
10.5327488694
10.5456323791
10.5585085681
10.5713774406
10.5842390006
10.5970932525
10.6099402003
10.6227798481
10.6356122002
10.6484372607
10.6612550336
10.6740655232
10.6868687336
10.699664669
10.7124533334
10.7252347309
10.7380088658
10.7507757422
10.7635353641
10.7762877358
10.7890328612
10.8017707446
10.81450139
10.8272248016
10.8399409834
10.8526499397
10.8653516744
10.8780461917
10.8907334957
10.9034135905
10.9160864801
10.9287521688
10.9414106605
10.9540619594
10.9667060695
10.979342995
10.9919727399
11.0045953082
11.0172107042
11.0298189317
11.0424199951
11.0550138982
11.0676006451
11.08018024
11.0927526869
11.1053179898
11.1178761529
11.1304271801
11.1429710755
11.1555078432
11.1680374873
11.1805600117
11.1930754205
11.2055837178
11.2180849076
11.230578994
11.2430659809
11.2555458724
11.2680186726
11.2804843855
11.292943015
11.3053945653
11.3178390403
11.3302764441
11.3427067807
11.3551300541
11.3675462683
11.3799554274
11.3923575352
11.4047525959
11.4171406135
11.4295215919
11.4418955352
11.4542624473
11.4666223322
11.478975194
11.4913210366
11.5036598641
11.5159916803
11.5283164893
11.5406342951
11.5529451016
11.5652489128
11.5775457328
11.5898355654
11.6021184146
11.6143942845
11.6266631789
11.6389251019
11.6511800574
11.6634280493
11.6756690817
11.6879031584
11.7001302834
11.7123504607
11.7245636943
11.736769988
11.7489693458
11.7611617716
11.7733472695
11.7855258432
11.7976974969
11.8098622343
11.8220200594
11.8341709762
11.8463149886
11.8584521005
11.8705823158
11.8827056384
11.8948220723
11.9069316213
11.9190342895
11.9311300806
11.9432189986
11.9553010475
11.967376231
11.9794445532
11.9915060178
12.0035606289
12.0156083902
12.0276493058
12.0396833794
12.051710615
12.0637310165
12.0757445877
12.0877513325
12.0997512548
12.1117443585
12.1237306474
12.1357101254
12.1476827965
12.1596486644
12.171607733
12.1835600062
12.1955054879
12.2074441818
12.219376092
12.2313012221
12.2432195762
12.2551311579
12.2670359712
12.27893402
12.290825308
12.3027098391
12.3145876171
12.3264586459
12.3383229294
12.3501804713
12.3620312754
12.3738753457
12.3857126859
12.3975432999
12.4093671914
12.4211843643
12.4329948225
12.4447985697
12.4565956097
12.4683859464
12.4801695835
12.491946525
12.5037167745
12.5154803358
12.5272372129
12.5389874094
12.5507309292
12.5624677761
12.5741979539
12.5859214662
12.5976383171
12.6093485101
12.6210520492
12.632748938
12.6444391804
12.6561227801
12.667799741
12.6794700667
12.6911337611
12.702790828
12.714441271
12.726085094
12.7377223007
12.7493528948
12.7609768802
12.7725942606
12.7842050398
12.7958092214
12.8074068093
12.8189978072
12.8305822188
12.8421600478
12.8537312981
12.8652959734
12.8768540773
12.8884056137
12.8999505862
12.9114889986
12.9230208546
12.934546158
12.9460649124
12.9575771216
12.9690827893
12.9805819193
12.9920745151
13.0035605807
13.0150401195
13.0265131355
13.0379796322
13.0494396134
13.0608930828
13.072340044
13.0837805009
13.095214457
13.1066419161
13.1180628818
13.1294773579
13.140885348
13.1522868559
13.1636818852
13.1750704395
13.1864525226
13.1978281382
13.2091972899
13.2205599813
13.2319162163
13.2432659983
13.2546093312
13.2659462185
13.277276664
13.2886006712
13.2999182439
13.3112293857
13.3225341002
13.3338323912
13.3451242622
13.3564097169
13.3676887589
13.378961392
13.3902276197
13.4014874456
13.4127408735
13.4239879069
13.4352285495
13.446462805
13.4576906768
13.4689121688
13.4801272844
13.4913360273
13.5025384012
13.5137344097
13.5249240563
13.5361073447
13.5472842785
13.5584548614
13.5696190968
13.5807769885
13.59192854
13.603073755
13.614212637
13.6253451896
13.6364714165
13.6475913212
13.6587049073
13.6698121784
13.6809131381
13.6920077901
13.7030961377
13.7141781848
13.7252539347
13.7363233912
13.7473865577
13.758443438
13.7694940354
13.7805383537
13.7915763963
13.8026081668
13.8136336689
13.824652906
13.8356658817
13.8466725997
13.8576730633
13.8686672762
13.879655242
13.8906369642
13.9016124463
13.9125816919
13.9235447045
13.9345014877
13.945452045
13.95639638
13.9673344961
13.9782663969
13.989192086
14.0001115669
14.0110248431
14.0219319181
14.0328327954
14.0437274787
14.0546159713
14.0654982769
14.0763743988
14.0872443407
14.0981081061
14.1089656985
14.1198171213
14.1306623781
14.1415014723
14.1523344076
14.1631611873
14.173981815
14.1847962942
14.1956046284
14.206406821
14.2172028755
14.2279927956
14.2387765845
14.2495542458
14.2603257831
14.2710911997
14.2818504991
14.2926036849
14.3033507605
14.3140917293
14.3248265949
14.3355553607
14.3462780301
14.3569946067
14.3677050939
14.3784094952
14.389107814
14.3998000537
14.4104862179
14.42116631
14.4318403334
14.4425082915
14.4531701879
14.463826026
14.4744758092
14.4851195409
14.4957572246
14.5063888638
14.5170144618
14.5276340221
14.5382475482
14.5488550434
14.5594565112
14.5700519549
14.5806413782
14.5912247842
14.6018021766
14.6123735586
14.6229389337
14.6334983054
14.644051677
14.6545990519
14.6651404335
14.6756758253
14.6862052307
14.696728653
14.7072460957
14.7177575621
14.7282630557
14.7387625798
14.7492561378
14.7597437332
14.7702253693
14.7807010494
14.7911707771
14.8016345556
14.8120923884
14.8225442788
14.8329902302
14.843430246
14.8538643295
14.8642924841
14.8747147133
14.8851310202
14.8955414084
14.9059458812
14.916344442
14.926737094
14.9371238407
14.9475046854
14.9578796315
14.9682486823
14.9786118412
14.9889691114
14.9993204965
15.0096659997
15.0200056243
15.0303393737
15.0406672513
15.0509892603
15.0613054041
15.071615686
15.0819201095
15.0922186777
15.102511394
15.1127982618
15.1230792843
15.133354465
15.143623807
15.1538873138
15.1641449886
15.1743968348
15.1846428557
15.1948830545
15.2051174346
15.2153459994
15.225568752
15.2357856958
15.2459968341
15.2562021702
15.2664017075
15.2765954491
15.2867833984
15.2969655587
15.3071419332
15.3173125253
15.3274773383
15.3376363753
15.3477896398
15.357937135
15.3680788641
15.3782148305
15.3883450373
15.398469488
15.4085881857
15.4187011338
15.4288083354
15.438909794
15.4490055126
15.4590954946
15.4691797433
15.4792582619
15.4893310536
15.4993981217
15.5094594695
15.5195151003
15.5295650172
15.5396092235
15.5496477224
15.5596805173
15.5697076113
15.5797290076
15.5897447096
15.5997547205
15.6097590434
15.6197576816
15.6297506384
15.639737917
15.6497195206
15.6596954524
15.6696657157
15.6796303136
15.6895892494
15.6995425263
15.7094901476
15.7194321164
15.7293684359
15.7392991094
15.7492241401
15.7591435311
15.7690572857
15.7789654071
15.7888678985
15.7987647631
15.808656004
15.8185416246
15.8284216278
15.8382960171
15.8481647955
15.8580279662
15.8678855325
15.8777374974
15.8875838643
15.8974246362
15.9072598164
15.917089408
15.9269134143
15.9367318382
15.9465446832
15.9563519523
15.9661536486
15.9759497754
15.9857403359
15.9955253331
16.0053047702
16.0150786505
16.024846977
16.034609753
16.0443669815
16.0541186657
16.0638648088
16.073605414
16.0833404843
16.0930700229
16.1027940329
16.1125125176
16.12222548
16.1319329233
16.1416348506
16.151331265
16.1610221698
16.1707075679
16.1803874626
16.1900618569
16.199730754
16.2093941571
16.2190520692
16.2287044934
16.2383514329
16.2479928908
16.2576288702
16.2672593743
16.276884406
16.2865039686
16.2961180652
16.3057266988
16.3153298725
16.3249275895
16.3345198529
16.3441066658
16.3536880312
16.3632639522
16.372834432
16.3823994737
16.3919590802
16.4015132548
16.4110620005
16.4206053204
16.4301432175
16.439675695
16.4492027559
16.4587244034
16.4682406404
16.4777514701
16.4872568955
16.4967569197
16.5062515458
16.5157407768
16.5252246159
16.534703066
16.5441761302
16.5536438116
16.5631061133
16.5725630383
16.5820145896
16.5914607704
16.6009015836
16.6103370324
16.6197671197
16.6291918486
16.6386112222
16.6480252435
16.6574339155
16.6668372413
16.6762352239
16.6856278664
16.6950151718
16.7043971431
16.7137737833
16.7231450955
16.7325110828
16.741871748
16.7512270944
16.7605771248
16.7699218423
16.7792612499
16.7885953507
16.7979241476
16.8072476437
16.816565842
16.8258787454
16.8351863571
16.84448868
16.853785717
16.8630774713
16.8723639458
16.8816451435
16.8909210675
16.9001917206
16.909457106
16.9187172265
16.9279720853
16.9372216852
16.9464660293
16.9557051206
16.964938962
16.9741675565
16.9833909071
16.9926090168
17.0018218886
17.0110295254
17.0202319302
17.029429106
17.0386210558
17.0478077825
17.056989289
17.0661655785
17.0753366538
17.0845025178
17.0936631736
17.1028186242
17.1119688723
17.1211139212
17.1302537735
17.1393884325
17.1485179009
17.1576421817
17.1667612779
17.1758751924
17.1849839282
17.1940874882
17.2031858754
17.2122790927
17.2213671429
17.2304500292
17.2395277544
17.2486003213
17.2576677331
17.2667299925
17.2757871026
17.2848390662
17.2938858863
17.3029275657
17.3119641075
17.3209955145
17.3300217897
17.3390429359
17.3480589561
17.3570698533
17.3660756302
17.3750762898
17.3840718351
17.3930622688
17.4020475941
17.4110278136
17.4200029304
17.4289729473
17.4379378673
17.4468976932
17.4558524279
17.4648020743
17.4737466354
17.4826861139
17.4916205128
17.500549835
17.5094740834
17.5183932608
17.5273073701
17.5362164143
17.5451203961
17.5540193184
17.5629131842
17.5718019963
17.5806857576
17.5895644709
17.5984381392
17.6073067652
17.6161703519
17.6250289021
17.6338824186
17.6427309044
17.6515743623
17.6604127951
17.6692462057
17.678074597
17.6868979718
17.695716333
17.7045296833
17.7133380257
17.7221413631
17.7309396981
17.7397330338
17.7485213729
17.7573047182
17.7660830727
17.7748564391
17.7836248203
17.792388219
17.8011466383
17.8099000808
17.8186485493
17.8273920469
17.8361305761
17.8448641399
17.8535927412
17.8623163826
17.8710350671
17.8797487974
17.8884575764
17.8971614068
17.9058602915
17.9145542334
17.9232432351
17.9319272996
17.9406064296
17.9492806279
17.9579498973
17.9666142406
17.9752736607
17.9839281603
17.9925777422
18.0012224092
18.0098621642
18.0184970098
18.0271269489
18.0357519843
18.0443721188
18.0529873551
18.061597696
18.0702031443
18.0788037029
18.0873993744
18.0959901616
18.1045760674
18.1131570944
18.1217332456
18.1303045235
18.1388709311
18.1474324711
18.1559891461
18.1645409591
18.1730879128
18.1816300099
18.1901672532
18.1986996454
18.2072271893
18.2157498877
18.2242677433
18.2327807588
18.2412889371
18.2497922808
18.2582907928
18.2667844757
18.2752733322
18.2837573653
18.2922365775
18.3007109716
18.3091805504
18.3176453166
18.3261052729
18.3345604221
18.3430107669
18.35145631
18.3598970541
18.3683330021
18.3767641565
18.3851905201
18.3936120958
18.402028886
18.4104408937
18.4188481215
18.4272505721
18.4356482482
18.4440411526
18.452429288
18.460812657
18.4691912624
18.4775651069
18.4859341932
18.494298524
18.502658102
18.5110129299
18.5193630104
18.5277083462
18.5360489399
18.5443847944
18.5527159122
18.5610422962
18.5693639488
18.577680873
18.5859930712
18.5943005463
18.6026033009
18.6109013377
18.6191946593
18.6274832685
18.6357671679
18.6440463602
18.6523208481
18.6605906343
18.6688557213
18.677116112
18.6853718089
18.6936228148
18.7018691322
18.7101107639
18.7183477125
18.7265799807
18.7348075712
18.7430304865
18.7512487294
18.7594623025
18.7676712084
18.7758754499
18.7840750295
18.79226995
18.8004602139
18.8086458239
18.8168267827
18.8250030929
18.8331747571
18.841341778
18.8495041582
18.8576619003
18.8658150071
18.873963481
18.8821073248
18.8902465411
18.8983811326
18.9065111017
18.9146364512
18.9227571838
18.9308733019
18.9389848083
18.9470917055
18.9551939962
18.963291683
18.9713847685
18.9794732554
18.9875571462
18.9956364435
19.00371115
19.0117812683
19.0198468009
19.0279077505
19.0359641197
19.0440159111
19.0520631273
19.0601057709
19.0681438445
19.0761773507
19.084206292
19.0922306711
19.1002504906
19.108265753
19.116276461
19.1242826172
19.132284224
19.1402812842
19.1482738002
19.1562617747
19.1642452103
19.1722241095
19.1801984749
19.1881683091
19.1961336147
19.2040943941
19.2120506501
19.2200023852
19.2279496019
19.2358923029
19.2438304906
19.2517641676
19.2596933366
19.267618
19.2755381605
19.2834538205
19.2913649827
19.2992716496
19.3071738237
19.3150715077
19.322964704
19.3308534152
19.3387376439
19.3466173925
19.3544926637
19.3623634601
19.370229784
19.3780916381
19.385949025
19.3938019471
19.401650407
19.4094944072
19.4173339503
19.4251690388
19.4329996752
19.4408258621
19.4486476019
19.4564648973
19.4642777507
19.4720861646
19.4798901417
19.4876896843
19.4954847951
19.5032754765
19.5110617311
19.5188435613
19.5266209698
19.5343939589
19.5421625312
19.5499266893
19.5576864356
19.5654417727
19.5731927029
19.580939229
19.5886813533
19.5964190783
19.6041524066
19.6118813406
19.6196058829
19.6273260359
19.6350418021
19.6427531841
19.6504601843
19.6581628052
19.6658610493
19.6735549191
19.6812444171
19.6889295457
19.6966103075
19.7042867048
19.7119587403
19.7196264163
19.7272897354
19.7349487001
19.7426033127
19.7502535758
19.7578994919
19.7655410633
19.7731782927
19.7808111824
19.788439735
19.7960639528
19.8036838384
19.8112993941
19.8189106226
19.8265175262
19.8341201073
19.8417183685
19.8493123122
19.8569019409
19.8644872569
19.8720682628
19.8796449611
19.887217354
19.8947854442
19.902349234
19.9099087259
19.9174639223
19.9250148256
19.9325614384
19.940103763
19.947641802
19.9551755576
19.9627050324
19.9702302287
19.9777511491
19.9852677959
19.9927801716
20.0002882786
20.0077921193
20.0152916961
20.0227870116
20.030278068
20.0377648678
20.0452474135
20.0527257074
20.060199752
20.0676695497
20.0751351028
20.0825964139
20.0900534853
20.0975063194
20.1049549186
20.1123992854
20.1198394221
20.1272753311
20.134707015
20.1421344759
20.1495577164
20.1569767389
20.1643915457
20.1718021392
20.1792085219
20.1866106961
20.1940086642
20.2014024286
20.2087919918
20.216177356
20.2235585237
20.2309354972
20.238308279
20.2456768713
20.2530412767
20.2604014975
20.267757536
20.2751093947
20.2824570759
20.2898005819
20.2971399152
20.3044750781
20.3118060731
20.3191329024
20.3264555684
20.3337740735
20.3410884201
20.3483986105
20.355704647
20.3630065322
20.3703042682
20.3775978575
20.3848873024
20.3921726053
20.3994537685
20.4067307944
20.4140036854
20.4212724437
20.4285370717
20.4357975718
20.4430539463
20.4503061976
20.457554328
20.4647983399
20.4720382355
20.4792740173
20.4865056875
20.4937332485
20.5009567027
20.5081760524
20.5153912998
20.5226024474
20.5298094974
20.5370124523
20.5442113142
20.5514060856
20.5585967688
20.565783366
20.5729658797
20.5801443121
20.5873186656
20.5944889424
20.6016551449
20.6088172755
20.6159753363
20.6231293298
20.6302792582
20.6374251238
20.644566929
20.6517046761
20.6588383674
20.6659680051
20.6730935916
20.6802151292
20.6873326202
20.6944460668
20.7015554715
20.7086608364
20.7157621638
20.7228594562
20.7299527157
20.7370419446
20.7441271453
20.7512083201
20.7582854711
20.7653586007
20.7724277113
20.779492805
20.7865538841
20.793610951
20.800664008
20.8077130572
20.8147581009
20.8217991416
20.8288361813
20.8358692225
20.8428982673
20.849923318
20.856944377
20.8639614464
20.8709745286
20.8779836258
20.8849887402
20.8919898742
20.89898703
20.9059802099
20.912969416
20.9199546508
20.9269359164
20.933913215
20.940886549
20.9478559206
20.9548213321
20.9617827856
20.9687402835
20.975693828
20.9826434213
20.9895890657
20.9965307635
21.0034685168
21.0104023279
21.0173321991
21.0242581325
21.0311801305
21.0380981953
21.045012329
21.051922534
21.0588288125
21.0657311666
21.0726295987
21.079524111
21.0864147056
21.0933013848
21.1001841509
21.107063006
21.1139379524
21.1208089923
21.1276761279
21.1345393615
21.1413986952
21.1482541313
21.1551056719
21.1619533194
21.1687970759
21.1756369436
21.1824729248
21.1893050215
21.1961332362
21.2029575709
21.2097780278
21.2165946092
21.2234073173
21.2302161542
21.2370211223
21.2438222235
21.2506194603
21.2574128346
21.2642023489
21.2709880052
21.2777698057
21.2845477527
21.2913218482
21.2980920946
21.304858494
21.3116210485
21.3183797604
21.3251346319
21.3318856651
21.3386328622
21.3453762254
21.3521157569
21.3588514588
21.3655833333
21.3723113826
21.3790356089
21.3857560144
21.3924726011
21.3991853714
21.4058943273
21.412599471
21.4193008047
21.4259983305
21.4326920507
21.4393819674
21.4460680826
21.4527503987
21.4594289178
21.4661036419
21.4727745733
21.4794417142
21.4861050666
21.4927646328
21.4994204149
21.5060724149
21.5127206352
21.5193650778
21.5260057449
21.5326426386
21.5392757611
21.5459051145
21.5525307009
21.5591525225
21.5657705815
21.5723848799
21.57899542
21.5856022037
21.5922052334
21.5988045111
21.6054000389
21.6119918189
21.6185798534
21.6251641444
21.6317446941
21.6383215046
21.6448945779
21.6514639163
21.6580295219
21.6645913967
21.6711495429
21.6777039626
21.684254658
21.6908016311
21.6973448841
21.703884419
21.7104202381
21.7169523433
21.7234807369
21.7300054208
21.7365263973
21.7430436685
21.7495572363
21.756067103
21.7625732707
21.7690757414
21.7755745173
21.7820696004
21.7885609928
21.7950486967
21.8015327142
21.8080130473
21.8144896981
21.8209626687
21.8274319612
21.8338975778
21.8403595204
21.8468177912
21.8532723923
21.8597233257
21.8661705936
21.872614198
21.879054141
21.8854904246
21.8919230511
21.8983520223
21.9047773405
21.9111990076
21.9176170259
21.9240313972
21.9304421238
21.9368492076
21.9432526508
21.9496524555
21.9560486236
21.9624411572
21.9688300585
21.9752153295
21.9815969722
21.9879749887
21.9943493811
22.0007201514
22.0070873017
22.013450834
22.0198107504
22.026167053
22.0325197438
22.0388688249
22.0452142982
22.0515561659
22.0578944301
22.0642290927
22.0705601557
22.0768876214
22.0832114916
22.0895317685
22.095848454
22.1021615502
22.1084710592
22.114776983
22.1210793237
22.1273780832
22.1336732636
22.1399648669
22.1462528952
22.1525373506
22.1588182349
22.1650955503
22.1713692988
22.1776394824
22.1839061032
22.1901691631
22.1964286642
22.2026846085
22.208936998
22.2151858348
22.2214311209
22.2276728582
22.2339110489
22.2401456949
22.2463767982
22.2526043608
22.2588283849
22.2650488722
22.271265825
22.2774792452
22.2836891347
22.2898954956
22.29609833
22.3022976398
22.3084934269
22.3146856935
22.3208744415
22.327059673
22.3332413898
22.339419594
22.3455942877
22.3517654727
22.3579331512
22.364097325
22.3702579962
22.3764151668
22.3825688387
22.388719014
22.3948656946
22.4010088825
22.4071485797
22.4132847882
22.41941751
22.4255467471
22.4316725013
22.4377947748
22.4439135694
22.4500288873
22.4561407302
22.4622491003
22.4683539994
22.4744554297
22.4805533929
22.4866478911
22.4927389264
22.4988265005
22.5049106156
22.5109912735
22.5170684762
22.5231422258
22.5292125241
22.5352793731
22.5413427749
22.5474027312
22.5534592441
22.5595123156
22.5655619477
22.5716081421
22.577650901
22.5836902263
22.5897261198
22.5957585837
22.6017876198
22.60781323
22.6138354163
22.6198541807
22.6258695251
22.6318814515
22.6378899617
22.6438950578
22.6498967416
22.6558950152
22.6618898803
22.6678813391
22.6738693934
22.6798540451
22.6858352963
22.6918131487
22.6977876044
22.7037586653
22.7097263333
22.7156906103
22.7216514983
22.7276089992
22.7335631149
22.7395138473
22.7454611984
22.75140517
22.7573457642
22.7632829828
22.7692168277
22.7751473009
22.7810744043
22.7869981397
22.7929185091
22.7988355145
22.8047491577
22.8106594406
22.8165663652
22.8224699333
22.8283701468
22.8342670078
22.840160518
22.8460506794
22.8519374938
22.8578209633
22.8637010896
22.8695778747
22.8754513205
22.8813214288
22.8871882016
22.8930516408
22.8989117483
22.9047685259
22.9106219756
22.9164720992
22.9223188986
22.9281623757
22.9340025325
22.9398393707
22.9456728923
22.9515030992
22.9573299932
22.9631535763
22.9689738502
22.974790817
22.9806044784
22.9864148364
22.9922218927
22.9980256494
23.0038261083
23.0096232712
23.01541714
23.0212077167
23.0269950029
23.0327790008
23.038559712
23.0443371385
23.0501112821
23.0558821447
23.0616497282
23.0674140345
23.0731750653
23.0789328226
23.0846873082
23.0904385239
23.0961864717
23.1019311534
23.1076725708
23.1134107258
23.1191456203
23.124877256
23.1306056349
23.1363307589
23.1420526297
23.1477712492
23.1534866192
23.1591987416
23.1649076183
23.1706132511
23.1763156418
23.1820147923
23.1877107044
23.1934033799
23.1990928207
23.2047790287
23.2104620056
23.2161417534
23.2218182738
23.2274915686
23.2331616398
23.2388284891
23.2444921183
23.2501525294
23.2558097241
23.2614637043
23.2671144717
23.2727620282
23.2784063757
23.2840475159
23.2896854507
23.2953201819
23.3009517113
23.3065800408
23.3122051721
23.3178271071
23.3234458475
23.3290613953
23.3346737522
23.3402829201
23.3458889006
23.3514916958
23.3570913073
23.3626877369
23.3682809866
23.373871058
23.3794579531
23.3850416735
23.3906222212
23.3961995978
23.4017738053
23.4073448453
23.4129127198
23.4184774305
23.4240389792
23.4295973677
23.4351525978
23.4407046713
23.44625359
23.4517993556
23.4573419701
23.462881435
23.4684177524
23.4739509239
23.4794809513
23.4850078364
23.490531581
23.4960521869
23.5015696559
23.5070839897
23.5125951902
23.518103259
23.5236081981
23.5291100091
23.5346086939
23.5401042542
23.5455966918
23.5510860085
23.556572206
23.5620552861
23.5675352506
23.5730121013
23.5784858399
23.5839564683
23.589423988
23.5948884011
23.6003497091
23.6058079138
23.6112630171
23.6167150207
23.6221639264
23.6276097358
23.6330524508
23.6384920732
23.6439286046
23.6493620468
23.6547924017
23.6602196709
23.6656438562
23.6710649594
23.6764829822
23.6818979263
23.6873097935
23.6927185856
23.6981243043
23.7035269514
23.7089265285
23.7143230375
23.7197164801
23.725106858
23.7304941729
23.7358784267
23.741259621
23.7466377576
23.7520128382
23.7573848645
23.7627538384
23.7681197615
23.7734826356
23.7788424623
23.7841992435
23.7895529808
23.794903676
23.8002513308
23.805595947
23.8109375263
23.8162760703
23.8216115809
23.8269440596
23.8322735084
23.8375999289
23.8429233227
23.8482436917
23.8535610375
23.8588753619
23.8641866666
23.8694949533
23.8748002237
23.8801024795
23.8854017224
23.8906979542
23.8959911766
23.9012813912
23.9065685999
23.9118528042
23.9171340059
23.9224122067
23.9276874083
23.9329596124
23.9382288208
23.943495035
23.9487582569
23.9540184881
23.9592757303
23.9645299852
23.9697812546
23.97502954
23.9802748433
23.985517166
23.99075651
23.9959928768
24.0012262683
24.0064566859
24.0116841316
24.0169086069
24.0221301135
24.0273486532
24.0325642275
24.0377768383
24.0429864871
24.0481931757
24.0533969057
24.0585976789
24.0637954969
24.0689903613
24.0741822739
24.0793712364
24.0845572503
24.0897403175
24.0949204395
24.100097618
24.1052718548
24.1104431514
24.1156115096
24.1207769311
24.1259394174
24.1310989702
24.1362555913
24.1414092823
24.1465600449
24.1517078806
24.1568527913
24.1619947785
24.1671338439
24.1722699892
24.177403216
24.1825335259
24.1876609208
24.1927854021
24.1979069716
24.2030256308
24.2081413816
24.2132542255
24.2183641641
24.2234711991
24.2285753323
24.2336765651
24.2387748993
24.2438703365
24.2489628784
24.2540525265
24.2591392827
24.2642231484
24.2693041253
24.2743822151
24.2794574195
24.2845297399
24.2895991782
24.2946657359
24.2997294147
24.3047902162
24.309848142
24.3149031938
24.3199553732
24.3250046818
24.3300511213
24.3350946934
24.3401353995
24.3451732414
24.3502082207
24.3552403389
24.3602695979
24.3652959991
24.3703195441
24.3753402347
24.3803580724
24.3853730589
24.3903851957
24.3953944846
24.400400927
24.4054045246
24.4104052792
24.4154031921
24.4203982652
24.4253904999
24.4303798979
24.4353664608
24.4403501903
24.4453310879
24.4503091552
24.4552843939
24.4602568056
24.4652263918
24.4701931541
24.4751570943
24.4801182138
24.4850765143
24.4900319974
24.4949846647
24.4999345177
24.5048815582
24.5098257876
24.5147672076
24.5197058197
24.5246416257
24.529574627
24.5345048252
24.5394322221
24.544356819
24.5492786177
24.5541976197
24.5591138266
24.56402724
24.5689378615
24.5738456927
24.5787507352
24.5836529905
24.5885524602
24.5934491459
24.5983430492
24.6032341717
24.608122515
24.6130080805
24.61789087
24.622770885
24.6276481271
24.6325225978
24.6373942987
24.6422632314
24.6471293974
24.6519927984
24.6568534359
24.6617113115
24.6665664267
24.6714187831
24.6762683823
24.6811152259
24.6859593154
24.6908006524
24.6956392384
24.700475075
24.7053081637
24.7101385062
24.714966104
24.7197909587
24.7246130718
24.7294324448
24.7342490793
24.739062977
24.7438741392
24.7486825677
24.7534882639
24.7582912294
24.7630914657
24.7678889744
24.7726837571
24.7774758153
24.7822651505
24.7870517643
24.7918356583
24.7966168339
24.8013952928
24.8061710364
24.8109440664
24.8157143842
24.8204819914
24.8252468895
24.8300090802
24.8347685648
24.839525345
24.8442794223
24.8490307982
24.8537794743
24.858525452
24.863268733
24.8680093188
24.8727472108
24.8774824107
24.8822149199
24.88694474
24.8916718726
24.896396319
24.9011180809
24.9058371598
24.9105535573
24.9152672747
24.9199783137
24.9246866758
24.9293923625
24.9340953753
24.9387957158
24.9434933854
24.9481883857
24.9528807182
24.9575703844
24.9622573859
24.9669417241
24.9716234005
24.9763024167
24.9809787742
24.9856524744
24.990323519
24.9949919093
24.999657647
25.0043207335
25.0089811704
25.013638959
25.0182941011
25.0229465979
25.0275964511
25.0322436622
25.0368882326
25.0415301638
25.0461694574
25.0508061148
25.0554401376
25.0600715273
25.0647002853
25.0693264131
25.0739499122
25.0785707842
25.0831890305
25.0878046526
25.092417652
25.0970280301
25.1016357886
25.1062409288
25.1108434523
25.1154433606
25.120040655
25.1246353372
25.1292274086
25.1338168706
25.1384037248
25.1429879727
25.1475696157
25.1521486553
25.1567250929
25.1612989302
25.1658701685
25.1704388093
25.1750048541
25.1795683044
25.1841291616
25.1886874272
25.1932431028
25.1977961897
25.2023466894
25.2068946034
25.2114399332
25.2159826803
25.220522846
25.2250604319
25.2295954395
25.2341278702
25.2386577254
25.2431850067
25.2477097155
25.2522318532
25.2567514214
25.2612684214
25.2657828548
25.270294723
25.2748040274
25.2793107695
25.2838149508
25.2883165728
25.2928156368
25.2973121443
25.3018060968
25.3062974958
25.3107863426
25.3152726388
25.3197563858
25.324237585
25.3287162379
25.3331923459
25.3376659105
25.3421369331
25.3466054151
25.3510713581
25.3555347634
25.3599956325
25.3644539669
25.3689097679
25.3733630371
25.3778137757
25.3822619854
25.3867076675
25.3911508235
25.3955914548
25.4000295628
25.404465149
25.4088982147
25.4133287615
25.4177567908
25.422182304
25.4266053024
25.4310257877
25.4354437611
25.4398592241
25.4442721782
25.4486826247
25.4530905651
25.4574960008
25.4618989333
25.4662993639
25.4706972941
25.4750927252
25.4794856588
25.4838760963
25.4882640389
25.4926494883
25.4970324457
25.5014129127
25.5057908906
25.5101663808
25.5145393847
25.5189099038
25.5232779395
25.5276434932
25.5320065663
25.5363671601
25.5407252762
25.5450809159
25.5494340806
25.5537847718
25.5581329908
25.562478739
25.5668220179
25.5711628289
25.5755011733
25.5798370525
25.584170468
25.5885014212
25.5928299134
25.5971559461
25.6014795206
25.6058006384
25.6101193008
25.6144355093
25.6187492651
25.6230605699
25.6273694248
25.6316758313
25.6359797909
25.6402813048
25.6445803745
25.6488770014
25.6531711869
25.6574629323
25.661752239
25.6660391085
25.670323542
25.6746055411
25.678885107
25.6831622412
25.687436945
25.6917092198
25.6959790671
25.7002464881
25.7045114842
25.7087740569
25.7130342075
25.7172919374
25.7215472479
25.7258001405
25.7300506165
25.7342986773
25.7385443242
25.7427875587
25.7470283821
25.7512667957
25.755502801
25.7597363992
25.7639675919
25.7681963803
25.7724227658
25.7766467498
25.7808683336
25.7850875186
25.7893043062
25.7935186977
25.7977306944
25.8019402979
25.8061475093
25.8103523301
25.8145547617
25.8187548053
25.8229524624
25.8271477342
25.8313406222
25.8355311278
25.8397192521
25.8439049967
25.8480883629
25.852269352
25.8564479653
25.8606242043
25.8647980702
25.8689695644
25.8731386883
25.8773054433
25.8814698305
25.8856318515
25.8897915075
25.8939487999
25.8981037301
25.9022562993
25.9064065089
25.9105543603
25.9146998548
25.9188429937
25.9229837784
25.9271222103
25.9312582905
25.9353920206
25.9395234018
25.9436524354
25.9477791228
25.9519034653
25.9560254643
25.9601451211
25.964262437
25.9683774134
25.9724900515
25.9766003527
25.9807083184
25.9848139499
25.9889172484
25.9930182153
25.997116852
26.0012131597
26.0053071398
26.0093987937
26.0134881225
26.0175751277
26.0216598106
26.0257421725
26.0298222147
26.0338999385
26.0379753452
26.0420484362
26.0461192128
26.0501876763
26.054253828
26.0583176692
26.0623792013
26.0664384255
26.0704953432
26.0745499556
26.0786022641
26.08265227
26.0866999746
26.0907453791
26.094788485
26.0988292936
26.102867806
26.1069040236
26.1109379478
26.1149695799
26.118998921
26.1230259726
26.127050736
26.1310732123
26.1350934031
26.1391113094
26.1431269327
26.1471402742
26.1511513353
26.1551601171
26.1591666211
26.1631708485
26.1671728007
26.1711724788
26.1751698842
26.1791650182
26.183157882
26.1871484771
26.1911368046
26.1951228658
26.199106662
26.2030881946
26.2070674648
26.2110444739
26.2150192231
26.2189917138
26.2229619473
26.2269299247
26.2308956475
26.2348591169
26.2388203341
26.2427793005
26.2467360173
26.2506904858
26.2546427073
26.258592683
26.2625404143
26.2664859024
26.2704291486
26.2743701541
26.2783089203
26.2822454483
26.2861797396
26.2901117953
26.2940416167
26.2979692051
26.3018945617
26.3058176879
26.3097385849
26.3136572539
26.3175736963
26.3214879132
26.325399906
26.3293096759
26.3332172242
26.3371225522
26.341025661
26.344926552
26.3488252264
26.3527216856
26.3566159306
26.3605079629
26.3643977836
26.3682853941
26.3721707955
26.3760539891
26.3799349762
26.3838137581
26.3876903359
26.391564711
26.3954368846
26.3993068579
26.4031746323
26.4070402088
26.4109035889
26.4147647737
26.4186237645
26.4224805625
26.426335169
26.4301875852
26.4340378124
26.4378858518
26.4417317047
26.4455753722
26.4494168557
26.4532561564
26.4570932756
26.4609282143
26.464760974
26.4685915558
26.472419961
26.4762461908
26.4800702465
26.4838921292
26.4877118403
26.4915293809
26.4953447523
26.4991579557
26.5029689924
26.5067778636
26.5105845705
26.5143891143
26.5181914963
26.5219917177
26.5257897797
26.5295856836
26.5333794305
26.5371710218
26.5409604586
26.5447477421
26.5485328737
26.5523158544
26.5560966856
26.5598753684
26.5636519041
26.5674262938
26.5711985389
26.5749686405
26.5787365998
26.5825024181
26.5862660966
26.5900276365
26.593787039
26.5975443053
26.6012994366
26.6050524342
26.6088032993
26.612552033
26.6162986366
26.6200431113
26.6237854583
26.6275256788
26.6312637741
26.6349997453
26.6387335936
26.6424653202
26.6461949265
26.6499224134
26.6536477823
26.6573710344
26.6610921709
26.6648111929
26.6685281017
26.6722428984
26.6759555843
26.6796661606
26.6833746285
26.6870809891
26.6907852437
26.6944873934
26.6981874395
26.7018853831
26.7055812255
26.7092749679
26.7129666113
26.7166561571
26.7203436064
26.7240289604
26.7277122203
26.7313933874
26.7350724626
26.7387494474
26.7424243428
26.74609715
26.7497678703
26.7534365048
26.7571030547
26.7607675211
26.7644299054
26.7680902085
26.7717484319
26.7754045765
26.7790586436
26.7827106344
26.7863605501
26.7900083918
26.7936541607
26.797297858
26.8009394849
26.8045790425
26.8082165321
26.8118519547
26.8154853116
26.819116604
26.8227458329
26.8263729997
26.8299981054
26.8336211513
26.8372421384
26.8408610681
26.8444779414
26.8480927594
26.8517055235
26.8553162347
26.8589248943
26.8625315033
26.8661360629
26.8697385744
26.8733390388
26.8769374574
26.8805338312
26.8841281615
26.8877204495
26.8913106962
26.8948989029
26.8984850706
26.9020692007
26.9056512941
26.9092313521
26.9128093759
26.9163853665
26.9199593252
26.923531253
26.9271011513
26.930669021
26.9342348634
26.9377986795
26.9413604707
26.9449202379
26.9484779825
26.9520337054
26.9555874079
26.9591390911
26.9626887561
26.9662364041
26.9697820363
26.9733256538
26.9768672577
26.9804068492
26.9839444295
26.9874799996
26.9910135607
26.9945451139
26.9980746605
27.0016022014
27.005127738
27.0086512712
27.0121728023
27.0156923324
27.0192098627
27.0227253941
27.026238928
27.0297504654
27.0332600075
27.0367675554
27.0402731102
27.043776673
27.0472782451
27.0507778275
27.0542754213
27.0577710278
27.0612646479
27.0647562829
27.0682459339
27.071733602
27.0752192883
27.078702994
27.0821847201
27.0856644679
27.0891422383
27.0926180327
27.096091852
27.0995636974
27.10303357
27.106501471
27.1099674014
27.1134313624
27.1168933551
27.1203533806
27.1238114401
27.1272675346
27.1307216652
27.1341738332
27.1376240396
27.1410722855
27.144518572
27.1479629002
27.1514052713
27.1548456864
27.1582841465
27.1617206529
27.1651552065
27.1685878086
27.1720184601
27.1754471623
27.1788739163
27.182298723
27.1857215837
27.1891424995
27.1925614715
27.1959785006
27.1993935882
27.2028067352
27.2062179428
27.2096272121
27.2130345442
27.2164399401
27.219843401
27.223244928
27.2266445222
27.2300421846
27.2334379164
27.2368317187
27.2402235925
27.243613539
27.2470015593
27.2503876544
27.2537718255
27.2571540735
27.2605343998
27.2639128052
27.267289291
27.2706638581
27.2740365078
27.277407241
27.280776059
27.2841429626
27.2875079532
27.2908710316
27.2942321991
27.2975914567
27.3009488055
27.3043042466
27.307657781
27.3110094099
27.3143591343
27.3177069553
27.321052874
27.3243968915
27.3277390089
27.3310792271
27.3344175474
27.3377539708
27.3410884983
27.3444211311
27.3477518702
27.3510807168
27.3544076718
27.3577327363
27.3610559115
27.3643771983
27.3676965979
27.3710141114
27.3743297398
27.3776434842
27.3809553456
27.3842653252
27.3875734239
27.3908796429
27.3941839833
27.397486446
27.4007870322
27.404085743
27.4073825793
27.4106775423
27.413970633
27.4172618526
27.4205512019
27.4238386822
27.4271242945
27.4304080398
27.4336899192
27.4369699338
27.4402480846
27.4435243727
27.4467987991
27.450071365
27.4533420712
27.456610919
27.4598779094
27.4631430434
27.466406322
27.4696677464
27.4729273176
27.4761850366
27.4794409045
27.4826949223
27.4859470911
27.489197412
27.492445886
27.4956925141
27.4989372974
27.502180237
27.5054213338
27.508660589
27.5118980036
27.5151335785
27.518367315
27.521599214
27.5248292765
27.5280575037
27.5312838965
27.534508456
27.5377311832
27.5409520792
27.544171145
27.5473883816
27.5506037902
27.5538173717
27.5570291271
27.5602390576
27.5634471641
27.5666534477
27.5698579094
27.5730605503
27.5762613714
27.5794603736
27.5826575582
27.585852926
27.5890464781
27.5922382156
27.5954281395
27.5986162507
27.6018025505
27.6049870397
27.6081697194
27.6113505906
27.6145296544
27.6177069118
27.6208823638
27.6240560114
27.6272278557
27.6303978976
27.6335661383
27.6367325787
27.6398972199
27.6430600628
27.6462211086
27.6493803582
27.6525378126
27.6556934729
27.65884734
27.6619994151
27.6651496991
27.668298193
27.6714448979
27.6745898148
27.6777329446
27.6808742884
27.6840138473
27.6871516222
27.6902876141
27.6934218241
27.6965542532
27.6996849023
27.7028137726
27.7059408649
27.7090661804
27.71218972
27.7153114847
27.7184314756
27.7215496936
27.7246661398
27.7277808151
27.7308937206
27.7340048573
27.7371142262
27.7402218283
27.7433276645
27.746431736
27.7495340436
27.7526345884
27.7557333715
27.7588303937
27.7619256562
27.7650191598
27.7681109057
27.7712008947
27.774289128
27.7773756064
27.7804603311
27.7835433029
27.7866245229
27.7897039921
27.7927817115
27.795857682
27.7989319047
27.8020043806
27.8050751106
27.8081440957
27.811211337
27.8142768354
27.817340592
27.8204026076
27.8234628833
27.8265214201
27.829578219
27.832633281
27.835686607
27.838738198
27.841788055
27.844836179
27.8478825711
27.8509272321
27.853970163
27.8570113649
27.8600508387
27.8630885854
27.866124606
27.8691589015
27.8721914728
27.8752223209
27.8782514468
27.8812788515
27.884304536
27.8873285012
27.8903507482
27.8933712778
27.8963900911
27.899407189
27.9024225725
27.9054362427
27.9084482004
27.9114584466
27.9144669824
27.9174738086
27.9204789263
27.9234823364
27.9264840399
27.9294840378
27.932482331
27.9354789205
27.9384738073
27.9414669923
27.9444584765
27.9474482609
27.9504363464
27.953422734
27.9564074247
27.9593904195
27.9623717192
27.9653513249
27.9683292375
27.971305458
27.9742799873
27.9772528264
27.9802239763
27.983193438
27.9861612123
27.9891273002
27.9920917028
27.9950544209
27.9980154555
28.0009748077
28.0039324782
28.0068884681
28.0098427784
28.0127954099
28.0157463637
28.0186956408
28.0216432419
28.0245891682
28.0275334205
28.0304759999
28.0334169072
28.0363561434
28.0392937094
28.0422296063
28.0451638349
28.0480963963
28.0510272913
28.0539565209
28.056884086
28.0598099876
28.0627342267
28.0656568041
28.0685777209
28.071496978
28.0744145762
28.0773305166
28.0802448001
28.0831574277
28.0860684002
28.0889777186
28.0918853839
28.094791397
28.0976957589
28.1005984704
28.1034995325
28.1063989462
28.1092967124
28.112192832
28.1150873059
28.1179801352
28.1208713207
28.1237608633
28.126648764
28.1295350238
28.1324196435
28.1353026242
28.1381839666
28.1410636718
28.1439417407
28.1468181742
28.1496929733
28.1525661388
28.1554376717
28.158307573
28.1611758435
28.1640424842
28.166907496
28.1697708799
28.1726326367
28.1754927674
28.1783512729
28.1812081541
28.184063412
28.1869170475
28.1897690615
28.1926194549
28.1954682286
28.1983153836
28.2011609208
28.2040048411
28.2068471454
28.2096878346
28.2125269097
28.2153643716
28.2182002212
28.2210344593
28.223867087
28.2266981052
28.2295275146
28.2323553164
28.2351815113
28.2380061003
28.2408290844
28.2436504643
28.2464702411
28.2492884156
28.2521049887
28.2549199614
28.2577333346
28.2605451092
28.263355286
28.2661638661
28.2689708502
28.2717762394
28.2745800345
28.2773822364
28.280182846
28.2829818642
28.285779292
28.2885751302
28.2913693798
28.2941620416
28.2969531165
28.2997426055
28.3025305095
28.3053168293
28.3081015658
28.31088472
28.3136662928
28.316446285
28.3192246975
28.3220015313
28.3247767873
28.3275504662
28.3303225691
28.3330930969
28.3358620503
28.3386294304
28.341395238
28.3441594739
28.3469221392
28.3496832347
28.3524427613
28.3552007198
28.3579571112
28.3607119364
28.3634651962
28.3662168915
28.3689670233
28.3717155924
28.3744625996
28.377208046
28.3799519324
28.3826942596
28.3854350285
28.3881742401
28.3909118952
28.3936479947
28.3963825395
28.3991155305
28.4018469685
28.4045768545
28.4073051892
28.4100319737
28.4127572087
28.4154808953
28.4182030341
28.4209236262
28.4236426723
28.4263601735
28.4290761305
28.4317905442
28.4345034156
28.4372147454
28.4399245346
28.442632784
28.4453394945
28.448044667
28.4507483024
28.4534504015
28.4561509653
28.4588499945
28.46154749
28.4642434528
28.4669378837
28.4696307835
28.4723221532
28.4750119935
28.4777003055
28.4803870898
28.4830723475
28.4857560794
28.4884382863
28.4911189691
28.4937981287
28.496475766
28.4991518817
28.5018264768
28.5044995522
28.5071711086
28.509841147
28.5125096682
28.5151766732
28.5178421626
28.5205061375
28.5231685986
28.5258295469
28.5284889832
28.5311469083
28.5338033231
28.5364582285
28.5391116253
28.5417635144
28.5444138966
28.5470627728
28.5497101439
28.5523560107
28.555000374
28.5576432347
28.5602845937
28.5629244519
28.56556281
28.5681996689
28.5708350295
28.5734688926
28.5761012591
28.5787321299
28.5813615057
28.5839893875
28.586615776
28.5892406722
28.5918640768
28.5944859907
28.5971064149
28.59972535
28.602342797
28.6049587567
28.60757323
28.6101862177
28.6127977206
28.6154077395
28.6180162755
28.6206233291
28.6232289014
28.6258329932
28.6284356053
28.6310367384
28.6336363936
28.6362345716
28.6388312732
28.6414264994
28.6440202509
28.6466125285
28.6492033332
28.6517926657
28.6543805268
28.6569669175
28.6595518386
28.6621352908
28.6647172751
28.6672977922
28.6698768431
28.6724544284
28.6750305491
28.677605206
28.6801783999
28.6827501317
28.6853204021
28.6878892121
28.6904565624
28.6930224539
28.6955868874
28.6981498637
28.7007113837
28.7032714482
28.7058300579
28.7083872139
28.7109429168
28.7134971674
28.7160499667
28.7186013155
28.7211512145
28.7236996646
28.7262466666
28.7287922213
28.7313363296
28.7338789923
28.7364202102
28.7389599841
28.7414983148
28.7440352033
28.7465706502
28.7491046564
28.7516372227
28.7541683499
28.7566980389
28.7592262905
28.7617531055
28.7642784847
28.7668024289
28.769324939
28.7718460157
28.7743656598
28.7768838723
28.7794006538
28.7819160053
28.7844299274
28.7869424211
28.7894534872
28.7919631264
28.7944713396
28.7969781275
28.7994834911
28.801987431
28.8044899481
28.8069910433
28.8094907172
28.8119889708
28.8144858049
28.8169812202
28.8194752175
28.8219677977
28.8244589615
28.8269487098
28.8294370434
28.831923963
28.8344094696
28.8368935638
28.8393762465
28.8418575184
28.8443373805
28.8468158334
28.8492928781
28.8517685152
28.8542427456
28.8567155701
28.8591869894
28.8616570045
28.864125616
28.8665928249
28.8690586318
28.8715230375
28.873986043
28.8764476489
28.878907856
28.8813666653
28.8838240773
28.886280093
28.8887347132
28.8911879386
28.89363977
28.8960902082
28.898539254
28.9009869082
28.9034331716
28.905878045
28.9083215292
28.9107636249
28.9132043329
28.9156436541
28.9180815892
28.9205181391
28.9229533044
28.925387086
28.9278194847
28.9302505012
28.9326801364
28.935108391
28.9375352658
28.9399607616
28.9423848792
28.9448076193
28.9472289828
28.9496489704
28.9520675829
28.9544848212
28.9569006858
28.9593151778
28.9617282977
28.9641400465
28.9665504249
28.9689594336
28.9713670735
28.9737733453
28.9761782498
28.9785817878
28.9809839601
28.9833847674
28.9857842105
28.9881822901
28.9905790072
28.9929743623
28.9953683564
28.9977609901
29.0001522643
29.0025421797
29.0049307371
29.0073179373
29.009703781
29.0120882691
29.0144714022
29.0168531811
29.0192336067
29.0216126797
29.0239904008
29.0263667709
29.0287417906
29.0311154608
29.0334877823
29.0358587557
29.0382283819
29.0405966616
29.0429635956
29.0453291846
29.0476934295
29.050056331
29.0524178898
29.0547781067
29.0571369825
29.0594945179
29.0618507137
29.0642055707
29.0665590896
29.0689112711
29.0712621161
29.0736116253
29.0759597995
29.0783066394
29.0806521457
29.0829963193
29.0853391608
29.0876806711
29.0900208509
29.092359701
29.0946972221
29.0970334149
29.0993682803
29.1017018189
29.1040340316
29.1063649191
29.1086944821
29.1110227214
29.1133496377
29.1156752318
29.1179995045
29.1203224564
29.1226440884
29.1249644013
29.1272833956
29.1296010723
29.1319174319
29.1342324754
29.1365462035
29.1388586168
29.1411697161
29.1434795022
29.1457879759
29.1480951378
29.1504009888
29.1527055295
29.1550087607
29.1573106832
29.1596112976
29.1619106048
29.1642086055
29.1665053004
29.1688006903
29.1710947759
29.1733875579
29.1756790372
29.1779692143
29.1802580901
29.1825456654
29.1848319408
29.187116917
29.1894005949
29.1916829752
29.1939640585
29.1962438457
29.1985223375
29.2007995346
29.2030754377
29.2053500476
29.207623365
29.2098953907
29.2121661253
29.2144355697
29.2167037245
29.2189705905
29.2212361684
29.223500459
29.225763463
29.228025181
29.2302856139
29.2325447624
29.2348026272
29.237059209
29.2393145085
29.2415685266
29.2438212638
29.246072721
29.2483228989
29.2505717982
29.2528194196
29.2550657638
29.2573108317
29.2595546238
29.261797141
29.2640383839
29.2662783533
29.2685170498
29.2707544743
29.2729906275
29.27522551
29.2774591226
29.279691466
29.281922541
29.2841523482
29.2863808884
29.2886081622
29.2908341705
29.2930589139
29.2952823932
29.297504609
29.2997255622
29.3019452533
29.3041636831
29.3063808524
29.3085967619
29.3108114122
29.3130248041
29.3152369383
29.3174478155
29.3196574364
29.3218658018
29.3240729124
29.3262787688
29.3284833718
29.3306867221
29.3328888204
29.3350896674
29.3372892638
29.3394876104
29.3416847079
29.3438805569
29.3460751581
29.3482685124
29.3504606203
29.3526514826
29.3548411
29.3570294733
29.359216603
29.36140249
29.3635871349
29.3657705385
29.3679527014
29.3701336243
29.372313308
29.3744917531
29.3766689604
29.3788449305
29.3810196643
29.3831931623
29.3853654252
29.3875364538
29.3897062488
29.3918748109
29.3940421408
29.3962082391
29.3983731066
29.400536744
29.4026991519
29.4048603311
29.4070202823
29.4091790062
29.4113365034
29.4134927747
29.4156478207
29.4178016422
29.4199542398
29.4221056143
29.4242557663
29.4264046966
29.4285524058
29.4306988946
29.4328441637
29.4349882139
29.4371310457
29.43927266
29.4414130573
29.4435522384
29.445690204
29.4478269547
29.4499624913
29.4520968144
29.4542299247
29.456361823
29.4584925099
29.4606219861
29.4627502522
29.4648773091
29.4670031572
29.4691277975
29.4712512304
29.4733734568
29.4754944773
29.4776142926
29.4797329033
29.4818503102
29.483966514
29.4860815152
29.4881953147
29.4903079131
29.492419311
29.4945295092
29.4966385084
29.4987463091
29.5008529122
29.5029583182
29.5050625279
29.507165542
29.509267361
29.5113679858
29.5134674169
29.5155656551
29.5176627011
29.5197585554
29.5218532188
29.523946692
29.5260389756
29.5281300704
29.5302199769
29.532308696
29.5343962281
29.5364825741
29.5385677345
29.5406517102
29.5427345016
29.5448161096
29.5468965348
29.5489757778
29.5510538393
29.5531307201
29.5552064207
29.5572809418
29.5593542842
29.5614264485
29.5634974352
29.5655672453
29.5676358792
29.5697033376
29.5717696213
29.5738347309
29.575898667
29.5779614303
29.5800230216
29.5820834414
29.5841426904
29.5862007693
29.5882576788
29.5903134195
29.592367992
29.5944213971
29.5964736355
29.5985247077
29.6005746144
29.6026233563
29.6046709341
29.6067173484
29.6087625999
29.6108066892
29.612849617
29.614891384
29.6169319908
29.6189714381
29.6210097266
29.6230468568
29.6250828295
29.6271176453
29.6291513049
29.6311838089
29.633215158
29.6352453528
29.637274394
29.6393022823
29.6413290183
29.6433546027
29.645379036
29.6474023191
29.6494244524
29.6514454368
29.6534652728
29.655483961
29.6575015022
29.659517897
29.661533146
29.6635472499
29.6655602094
29.667572025
29.6695826975
29.6715922275
29.6736006156
29.6756078625
29.6776139689
29.6796189353
29.6816227625
29.683625451
29.6856270016
29.6876274148
29.6896266914
29.6916248319
29.693621837
29.6956177074
29.6976124437
29.6996060466
29.7015985166
29.7035898545
29.7055800608
29.7075691363
29.7095570815
29.7115438972
29.7135295838
29.7155141422
29.7174975729
29.7194798766
29.7214610538
29.7234411054
29.7254200318
29.7273978337
29.7293745119
29.7313500668
29.7333244991
29.7352978096
29.7372699988
29.7392410673
29.7412110158
29.743179845
29.7451475554
29.7471141477
29.7490796226
29.7510439806
29.7530072225
29.7549693487
29.7569303601
29.7588902572
29.7608490406
29.762806711
29.764763269
29.7667187152
29.7686730503
29.7706262749
29.7725783897
29.7745293952
29.7764792921
29.778428081
29.7803757626
29.7823223374
29.7842678062
29.7862121695
29.788155428
29.7900975823
29.792038633
29.7939785808
29.7959174262
29.7978551699
29.7997918126
29.8017273548
29.8036617973
29.8055951405
29.8075273851
29.8094585318
29.8113885812
29.8133175339
29.8152453905
29.8171721516
29.819097818
29.8210223901
29.8229458686
29.8248682542
29.8267895474
29.8287097489
29.8306288593
29.8325468793
29.8344638093
29.8363796501
29.8382944023
29.8402080665
29.8421206433
29.8440321334
29.8459425372
29.8478518556
29.849760089
29.8516672381
29.8535733036
29.855478286
29.8573821859
29.859285004
29.8611867408
29.8630873971
29.8649869733
29.8668854702
29.8687828883
29.8706792282
29.8725744906
29.8744686761
29.8763617853
29.8782538187
29.8801447771
29.8820346609
29.8839234709
29.8858112076
29.8876978717
29.8895834637
29.8914679843
29.8933514341
29.8952338136
29.8971151236
29.8989953645
29.900874537
29.9027526418
29.9046296794
29.9065056503
29.9083805554
29.910254395
29.9121271699
29.9139988807
29.9158695279
29.9177391121
29.9196076341
29.9214750942
29.9233414933
29.9252068318
29.9270711104
29.9289343297
29.9307964902
29.9326575926
29.9345176375
29.9363766255
29.9382345572
29.9400914331
29.9419472539
29.9438020202
29.9456557326
29.9475083917
29.949359998
29.9512105522
29.9530600549
29.9549085067
29.9567559081
29.9586022598
29.9604475624
29.9622918164
29.9641350225
29.9659771812
29.9678182931
29.9696583589
29.9714973792
29.9733353544
29.9751722853
29.9770081724
29.9788430163
29.9806768176
29.9825095769
29.9843412948
29.9861719718
29.9880016087
29.9898302059
29.991657764
29.9934842837
29.9953097655
29.99713421
29.9989576178
30.0007799896
30.0026013258
30.0044216271
30.006240894
30.0080591273
30.0098763273
30.0116924948
30.0135076303
30.0153217344
30.0171348076
30.0189468507
30.0207578641
30.0225678484
30.0243768043
30.0261847323
30.027991633
30.0297975069
30.0316023547
30.033406177
30.0352089743
30.0370107472
30.0388114963
30.0406112221
30.0424099253
30.0442076065
30.0460042662
30.0477999049
30.0495945234
30.0513881221
30.0531807016
30.0549722626
30.0567628055
30.0585523311
30.0603408397
30.0621283321
30.0639148089
30.0657002705
30.0674847175
30.0692681506
30.0710505703
30.0728319772
30.0746123719
30.0763917549
30.0781701268
30.0799474882
30.0817238397
30.0834991818
30.0852735151
30.0870468402
30.0888191576
30.090590468
30.0923607719
30.0941300699
30.0958983625
30.0976656503
30.0994319339
30.1011972139
30.1029614907
30.1047247651
30.1064870376
30.1082483087
30.110008579
30.1117678491
30.1135261195
30.1152833908
30.1170396636
30.1187949385
30.120549216
30.1223024966
30.124054781
30.1258060697
30.1275563633
30.1293056623
30.1310539674
30.132801279
30.1345475978
30.1362929242
30.1380372589
30.1397806025
30.1415229554
30.1432643183
30.1450046917
30.1467440762
30.1484824724
30.1502198807
30.1519563018
30.1536917363
30.1554261846
30.1571596474
30.1588921252
30.1606236185
30.162354128
30.1640836541
30.1658121975
30.1675397587
30.1692663383
30.1709919368
30.1727165548
30.1744401928
30.1761628513
30.1778845311
30.1796052325
30.1813249562
30.1830437027
30.1847614726
30.1864782664
30.1881940847
30.189908928
30.1916227969
30.1933356919
30.1950476137
30.1967585626
30.1984685394
30.2001775446
30.2018855786
30.2035926421
30.2052987356
30.2070038597
30.2087080149
30.2104112017
30.2121134207
30.2138146726
30.2155149577
30.2172142767
30.21891263
30.2206100184
30.2223064422
30.2240019021
30.2256963986
30.2273899323
30.2290825037
30.2307741132
30.2324647616
30.2341544493
30.2358431769
30.237530945
30.239217754
30.2409036045
30.2425884971
30.2442724323
30.2459554106
30.2476374326
30.2493184989
30.2509986099
30.2526777663
30.2543559685
30.2560332172
30.2577095128
30.2593848559
30.261059247
30.2627326867
30.2644051755
30.2660767139
30.2677473026
30.2694169419
30.2710856326
30.2727533751
30.2744201699
30.2760860176
30.2777509188
30.2794148739
30.2810778835
30.2827399481
30.2844010683
30.2860612447
30.2877204777
30.2893787678
30.2910361157
30.2926925219
30.2943479869
30.2960025111
30.2976560953
30.2993087398
30.3009604453
30.3026112122
30.3042610411
30.3059099326
30.3075578871
30.3092049052
30.3108509875
30.3124961344
30.3141403465
30.3157836243
30.3174259683
30.3190673792
30.3207078573
30.3223474033
30.3239860177
30.325623701
30.3272604537
30.3288962764
30.3305311696
30.3321651337
30.3337981695
30.3354302773
30.3370614576
30.3386917112
30.3403210383
30.3419494397
30.3435769158
30.3452034671
30.3468290941
30.3484537974
30.3500775776
30.351700435
30.3533223704
30.3549433841
30.3565634767
30.3581826487
30.3598009007
30.3614182332
30.3630346466
30.3646501416
30.3662647186
30.3678783782
30.3694911208
30.3711029471
30.3727138575
30.3743238525
30.3759329327
30.3775410985
30.3791483506
30.3807546894
30.3823601155
30.3839646293
30.3855682314
30.3871709222
30.3887727024
30.3903735725
30.3919735328
30.3935725841
30.3951707267
30.3967679612
30.3983642882
30.3999597081
30.4015542214
30.4031478287
30.4047405304
30.4063323272
30.4079232194
30.4095132077
30.4111022925
30.4126904744
30.4142777538
30.4158641313
30.4174496073
30.4190341825
30.4206178573
30.4222006322
30.4237825077
30.4253634844
30.4269435627
30.4285227432
30.4301010263
30.4316784127
30.4332549027
30.4348304969
30.4364051959
30.4379790001
30.43955191
30.4411239261
30.442695049
30.4442652791
30.445834617
30.4474030632
30.4489706181
30.4505372824
30.4521030564
30.4536679407
30.4552319357
30.4567950421
30.4583572603
30.4599185909
30.4614790342
30.4630385909
30.4645972613
30.4661550461
30.4677119458
30.4692679608
30.4708230916
30.4723773387
30.4739307027
30.475483184
30.4770347832
30.4785855008
30.4801353371
30.4816842928
30.4832323684
30.4847795643
30.4863258811
30.4878713192
30.4894158792
30.4909595615
30.4925023667
30.4940442952
30.4955853475
30.4971255242
30.4986648257
30.5002032525
30.5017408052
30.5032774842
30.5048132901
30.5063482232
30.5078822842
30.5094154735
30.5109477916
30.512479239
30.5140098161
30.5155395236
30.5170683619
30.5185963314
30.5201234328
30.5216496664
30.5231750327
30.5246995323
30.5262231656
30.5277459332
30.5292678355
30.5307888731
30.5323090463
30.5338283558
30.5353468019
30.5368643852
30.5383811062
30.5398969654
30.5414119632
30.5429261002
30.5444393768
30.5459517935
30.5474633508
30.5489740493
30.5504838893
30.5519928714
30.553500996
30.5550082637
30.556514675
30.5580202302
30.55952493
30.5610287748
30.562531765
30.5640339012
30.5655351839
30.5670356135
30.5685351905
30.5700339155
30.5715317888
30.573028811
30.5745249826
30.576020304
30.5775147757
30.5790083982
30.5805011721
30.5819930977
30.5834841755
30.5849744061
30.5864637899
30.5879523274
30.5894400191
30.5909268654
30.5924128669
30.593898024
30.5953823372
30.596865807
30.5983484338
30.5998302182
30.6013111606
30.6027912615
30.6042705214
30.6057489407
30.6072265199
30.6087032596
30.6101791601
30.611654222
30.6131284458
30.6146018318
30.6160743806
30.6175460927
30.6190169686
30.6204870086
30.6219562134
30.6234245833
30.6248921188
30.6263588205
30.6278246887
30.629289724
30.6307539269
30.6322172977
30.6336798371
30.6351415454
30.6366024231
30.6380624707
30.6395216886
30.6409800774
30.6424376376
30.6438943695
30.6453502736
30.6468053505
30.6482596006
30.6497130243
30.6511656222
30.6526173946
30.6540683422
30.6555184652
30.6569677643
30.6584162399
30.6598638924
30.6613107223
30.6627567301
30.6642019162
30.6656462812
30.6670898254
30.6685325494
30.6699744536
30.6714155384
30.6728558044
30.6742952521
30.6757338817
30.677171694
30.6786086892
30.6800448679
30.6814802305
30.6829147775
30.6843485094
30.6857814266
30.6872135296
30.6886448188
30.6900752948
30.6915049579
30.6929338086
30.6943618475
30.6957890749
30.6972154913
30.6986410972
30.700065893
30.7014898793
30.7029130563
30.7043354248
30.7057569849
30.7071777374
30.7085976825
30.7100168208
30.7114351527
30.7128526786
30.7142693991
30.7156853146
30.7171004255
30.7185147323
30.7199282355
30.7213409355
30.7227528328
30.7241639278
30.725574221
30.7269837128
30.7283924037
30.7298002942
30.7312073847
30.7326136756
30.7340191675
30.7354238607
30.7368277557
30.738230853
30.7396331531
30.7410346563
30.7424353631
30.7438352741
30.7452343896
30.74663271
30.748030236
30.7494269678
30.7508229059
30.7522180509
30.7536124031
30.755005963
30.756398731
30.7577907077
30.7591818934
30.7605722886
30.7619618937
30.7633507092
30.7647387356
30.7661259733
30.7675124227
30.7688980843
30.7702829585
30.7716670458
30.7730503466
30.7744328615
30.7758145907
30.7771955348
30.7785756943
30.7799550695
30.7813336609
30.7827114689
30.7840884941
30.7854647368
30.7868401975
30.7882148766
30.7895887746
30.7909618919
30.792334229
30.7937057862
30.7950765642
30.7964465632
30.7978157838
30.7991842263
30.8005518913
30.8019187791
30.8032848902
30.8046502251
30.8060147842
30.8073785678
30.8087415766
30.8101038109
30.8114652711
30.8128259577
30.8141858711
30.8155450118
30.8169033802
30.8182609767
30.8196178018
30.820973856
30.8223291396
30.8236836531
30.8250373969
30.8263903715
30.8277425774
30.8290940148
30.8304446844
30.8317945864
30.8331437215
30.8344920899
30.8358396921
30.8371865286
30.8385325998
30.8398779061
30.841222448
30.8425662259
30.8439092403
30.8452514915
30.84659298
30.8479337062
30.8492736706
30.8506128737
30.8519513157
30.8532889972
30.8546259186
30.8559620804
30.8572974829
30.8586321266
30.8599660119
30.8612991393
30.8626315092
30.863963122
30.8652939781
30.866624078
30.8679534221
30.8692820109
30.8706098447
30.871936924
30.8732632493
30.8745888209
30.8759136392
30.8772377048
30.878561018
30.8798835793
30.8812053891
30.8825264478
30.8838467558
30.8851663136
30.8864851216
30.8878031803
30.8891204899
30.8904370511
30.8917528642
30.8930679295
30.8943822477
30.895695819
30.8970086439
30.8983207228
30.8996320562
30.9009426444
30.902252488
30.9035615872
30.9048699426
30.9061775546
30.9074844235
30.9087905499
30.9100959341
30.9114005765
30.9127044776
30.9140076378
30.9153100575
30.9166117372
30.9179126772
30.919212878
30.9205123399
30.9218110635
30.9231090492
30.9244062973
30.9257028082
30.9269985825
30.9282936204
30.9295879225
30.9308814892
30.9321743208
30.9334664178
30.9347577806
30.9360484096
30.9373383053
30.938627468
30.9399158981
30.9412035962
30.9424905626
30.9437767976
30.9450623019
30.9463470756
30.9476311193
30.9489144334
30.9501970183
30.9514788744
30.9527600021
30.9540404019
30.9553200741
30.9565990191
30.9578772375
30.9591547295
30.9604314956
30.9617075362
30.9629828518
30.9642574427
30.9655313093
30.9668044522
30.9680768715
30.9693485679
30.9706195416
30.9718897932
30.973159323
30.9744281314
30.9756962188
30.9769635857
30.9782302324
30.9794961594
30.9807613671
30.9820258558
30.983289626
30.9845526782
30.9858150126
30.9870766298
30.98833753
30.9895977138
30.9908571816
30.9921159336
30.9933739705
30.9946312924
30.9958879
30.9971437935
30.9983989734
30.99965344
31.0009071939
31.0021602353
31.0034125647
31.0046641826
31.0059150892
31.007165285
31.0084147705
31.0096635459
31.0109116118
31.0121589685
31.0134056164
31.014651556
31.0158967875
31.0171413115
31.0183851284
31.0196282385
31.0208706422
31.0221123399
31.0233533321
31.0245936191
31.0258332014
31.0270720793
31.0283102533
31.0295477237
31.0307844909
31.0320205554
31.0332559175
31.0344905777
31.0357245363
31.0369577937
31.0381903504
31.0394222067
31.040653363
31.0418838198
31.0431135774
31.0443426362
31.0455709966
31.0467986591
31.0480256239
31.0492518916
31.0504774625
31.051702337
31.0529265155
31.0541499984
31.055372786
31.0565948789
31.0578162773
31.0590369817
31.0602569925
31.0614763101
31.0626949348
31.063912867
31.0651301072
31.0663466557
31.067562513
31.0687776794
31.0699921553
31.0712059411
31.0724190372
31.073631444
31.0748431618
31.0760541912
31.0772645324
31.0784741859
31.079683152
31.0808914311
31.0820990237
31.0833059301
31.0845121508
31.085717686
31.0869225362
31.0881267018
31.0893301831
31.0905329806
31.0917350946
31.0929365256
31.0941372739
31.0953373399
31.096536724
31.0977354266
31.098933448
31.1001307887
31.1013274491
31.1025234295
31.1037187303
31.1049133519
31.1061072947
31.107300559
31.1084931454
31.109685054
31.1108762854
31.11206684
31.113256718
31.1144459199
31.1156344461
31.1168222969
31.1180094727
31.119195974
31.1203818011
31.1215669544
31.1227514342
31.123935241
31.1251183751
31.126300837
31.1274826269
31.1286637453
31.1298441926
31.1310239692
31.1322030753
31.1333815115
31.134559278
31.1357363753
31.1369128038
31.1380885638
31.1392636556
31.1404380798
31.1416118367
31.1427849266
31.1439573499
31.145129107
31.1463001983
31.1474706241
31.1486403849
31.149809481
31.1509779128
31.1521456807
31.153312785
31.1544792262
31.1556450045
31.1568101204
31.1579745743
31.1591383665
31.1603014974
31.1614639674
31.1626257769
31.1637869262
31.1649474157
31.1661072458
31.1672664168
31.1684249292
31.1695827833
31.1707399795
31.1718965181
31.1730523995
31.1742076242
31.1753621924
31.1765161046
31.1776693611
31.1788219623
31.1799739085
31.1811252002
31.1822758377
31.1834258214
31.1845751516
31.1857238288
31.1868718533
31.1880192254
31.1891659456
31.1903120141
31.1914574315
31.192602198
31.193746314
31.1948897799
31.1960325961
31.1971747628
31.1983162806
31.1994571498
31.2005973707
31.2017369436
31.2028758691
31.2040141474
31.2051517789
31.2062887639
31.2074251029
31.2085607962
31.2096958442
31.2108302472
31.2119640057
31.2130971199
31.2142295902
31.215361417
31.2164926008
31.2176231417
31.2187530403
31.2198822968
31.2210109116
31.2221388852
31.2232662178
31.2243929098
31.2255189616
31.2266443736
31.2277691461
31.2288932794
31.2300167741
31.2311396303
31.2322618484
31.233383429
31.2345043722
31.2356246784
31.2367443481
31.2378633815
31.2389817791
31.2400995412
31.2412166682
31.2423331604
31.2434490181
31.2445642418
31.2456788318
31.2467927885
31.2479061122
31.2490188033
31.2501308621
31.2512422891
31.2523530845
31.2534632487
31.2545727821
31.255681685
31.2567899579
31.2578976009
31.2590046146
31.2601109993
31.2612167553
31.262321883
31.2634263827
31.2645302548
31.2656334997
31.2667361177
31.2678381091
31.2689394744
31.2700402139
31.2711403279
31.2722398167
31.2733386809
31.2744369206
31.2755345363
31.2766315283
31.2777278969
31.2788236426
31.2799187657
31.2810132664
31.2821071453
31.2832004026
31.2842930387
31.2853850539
31.2864764486
31.2875672232
31.2886573779
31.2897469132
31.2908358294
31.2919241269
31.2930118059
31.2940988669
31.2951853103
31.2962711362
31.2973563452
31.2984409376
31.2995249136
31.3006082738
31.3016910183
31.3027731476
31.303854662
31.3049355619
31.3060158475
31.3070955194
31.3081745777
31.3092530229
31.3103308553
31.3114080752
31.3124846831
31.3135606791
31.3146360638
31.3157108375
31.3167850004
31.3178585529
31.3189314955
31.3200038283
31.3210755519
31.3221466664
31.3232171724
31.32428707
31.3253563597
31.3264250418
31.3274931167
31.3285605847
31.3296274461
31.3306937012
31.3317593506
31.3328243943
31.333888833
31.3349526667
31.336015896
31.3370785211
31.3381405424
31.3392019603
31.340262775
31.341322987
31.3423825965
31.3434416039
31.3445000096
31.3455578138
31.346615017
31.3476716195
31.3487276216
31.3497830236
31.350837826
31.3518920289
31.3529456329
31.3539986381
31.3550510451
31.356102854
31.3571540652
31.3582046792
31.3592546961
31.3603041165
31.3613529405
31.3624011685
31.3634488009
31.3644958381
31.3655422803
31.3665881278
31.3676333811
31.3686780405
31.3697221062
31.3707655787
31.3718084583
31.3728507453
31.37389244
31.3749335428
31.3759740541
31.3770139741
31.3780533032
31.3790920417
31.38013019
31.3811677484
31.3822047172
31.3832410968
31.3842768875
31.3853120896
31.3863467036
31.3873807296
31.3884141681
31.3894470193
31.3904792837
31.3915109615
31.392542053
31.3935725587
31.3946024789
31.3956318138
31.3966605638
31.3976887293
31.3987163105
31.3997433078
31.4007697216
31.4017955521
31.4028207998
31.4038454649
31.4048695477
31.4058930486
31.406915968
31.4079383061
31.4089600633
31.4099812399
31.4110018362
31.4120218527
31.4130412895
31.4140601471
31.4150784257
31.4160961257
31.4171132474
31.4181297912
31.4191457574
31.4201611462
31.4211759581
31.4221901934
31.4232038524
31.4242169353
31.4252294426
31.4262413746
31.4272527316
31.4282635139
31.4292737218
31.4302833558
31.431292416
31.4323009029
31.4333088167
31.4343161578
31.4353229265
31.4363291231
31.437334748
31.4383398015
31.4393442838
31.4403481955
31.4413515366
31.4423543077
31.4433565089
31.4443581407
31.4453592033
31.4463596971
31.4473596224
31.4483589795
31.4493577688
31.4503559905
31.451353645
31.4523507326
31.4533472537
31.4543432085
31.4553385974
31.4563334206
31.4573276786
31.4583213717
31.4593145001
31.4603070642
31.4612990642
31.4622905006
31.4632813737
31.4642716837
31.465261431
31.4662506159
31.4672392387
31.4682272998
31.4692147994
31.4702017379
31.4711881157
31.4721739329
31.4731591899
31.4741438872
31.4751280249
31.4761116033
31.4770946229
31.4780770839
31.4790589867
31.4800403315
31.4810211187
31.4820013486
31.4829810215
31.4839601378
31.4849386976
31.4859167015
31.4868941496
31.4878710423
31.4888473799
31.4898231627
31.4907983911
31.4917730653
31.4927471857
31.4937207526
31.4946937663
31.4956662271
31.4966381353
31.4976094912
31.4985802952
31.4995505476
31.5005202487
31.5014893987
31.5024579981
31.503426047
31.504393546
31.5053604951
31.5063268948
31.5072927454
31.5082580472
31.5092228004
31.5101870055
31.5111506627
31.5121137723
31.5130763346
31.51403835
31.5149998188
31.5159607412
31.5169211176
31.5178809483
31.5188402336
31.5197989739
31.5207571693
31.5217148203
31.5226719271
31.5236284901
31.5245845095
31.5255399857
31.5264949189
31.5274493096
31.528403158
31.5293564643
31.530309229
31.5312614522
31.5322131345
31.5331642759
31.5341148769
31.5350649377
31.5360144587
31.5369634401
31.5379118823
31.5388597856
31.5398071503
31.5407539766
31.5417002649
31.5426460156
31.5435912288
31.544535905
31.5454800443
31.5464236472
31.5473667139
31.5483092447
31.54925124
31.5501927
31.5511336251
31.5520740154
31.5530138715
31.5539531935
31.5548919817
31.5558302365
31.5567679582
31.557705147
31.5586418033
31.5595779274
31.5605135196
31.5614485801
31.5623831093
31.5633171075
31.5642505749
31.565183512
31.5661159189
31.567047796
31.5679791436
31.568909962
31.5698402515
31.5707700123
31.5716992449
31.5726279494
31.5735561262
31.5744837757
31.575410898
31.5763374935
31.5772635624
31.5781891052
31.5791141221
31.5800386133
31.5809625792
31.5818860201
31.5828089363
31.5837313281
31.5846531957
31.5855745395
31.5864953598
31.5874156569
31.588335431
31.5892546825
31.5901734116
31.5910916187
31.5920093041
31.592926468
31.5938431108
31.5947592327
31.595674834
31.5965899151
31.5975044762
31.5984185176
31.5993320396
31.6002450426
31.6011575268
31.6020694925
31.60298094
31.6038918695
31.6048022815
31.6057121761
31.6066215538
31.6075304147
31.6084387591
31.6093465875
31.6102538999
31.6111606968
31.6120669785
31.6129727452
31.6138779972
31.6147827348
31.6156869584
31.6165906681
31.6174938643
31.6183965473
31.6192987174
31.6202003748
31.62110152
31.622002153
31.6229022743
31.6238018841
31.6247009828
31.6255995705
31.6264976477
31.6273952146
31.6282922714
31.6291888185
31.6300848562
31.6309803847
31.6318754044
31.6327699155
31.6336639183
31.6345574131
31.6354504002
31.6363428799
31.6372348525
31.6381263182
31.6390172774
31.6399077303
31.6407976773
31.6416871185
31.6425760544
31.6434644851
31.644352411
31.6452398324
31.6461267495
31.6470131627
31.6478990722
31.6487844782
31.6496693812
31.6505537814
31.651437679
31.6523210744
31.6532039678
31.6540863595
31.6549682498
31.655849639
31.6567305274
31.6576109153
31.6584908029
31.6593701905
31.6602490784
31.661127467
31.6620053564
31.6628827469
31.663759639
31.6646360327
31.6655119285
31.6663873266
31.6672622272
31.6681366307
31.6690105373
31.6698839474
31.6707568612
31.671629279
31.672501201
31.6733726276
31.6742435591
31.6751139956
31.6759839376
31.6768533852
31.6777223388
31.6785907986
31.679458765
31.6803262381
31.6811932184
31.682059706
31.6829257012
31.6837912044
31.6846562157
31.6855207356
31.6863847642
31.6872483018
31.6881113488
31.6889739054
31.6898359718
31.6906975484
31.6915586354
31.6924192332
31.6932793419
31.6941389619
31.6949980934
31.6958567368
31.6967148922
31.6975725601
31.6984297406
31.699286434
31.7001426406
31.7009983607
31.7018535946
31.7027083425
31.7035626047
31.7044163815
31.7052696732
31.70612248
31.7069748023
31.7078266402
31.7086779941
31.7095288642
31.7103792509
31.7112291543
31.7120785748
31.7129275127
31.7137759681
31.7146239415
31.715471433
31.7163184429
31.7171649716
31.7180110192
31.7188565861
31.7197016725
31.7205462788
31.7213904051
31.7222340517
31.723077219
31.7239199072
31.7247621165
31.7256038473
31.7264450998
31.7272858742
31.7281261709
31.7289659902
31.7298053322
31.7306441973
31.7314825858
31.7323204978
31.7331579337
31.7339948938
31.7348313783
31.7356673875
31.7365029217
31.7373379811
31.7381725659
31.7390066766
31.7398403133
31.7406734763
31.7415061659
31.7423383823
31.7431701258
31.7440013968
31.7448321953
31.7456625218
31.7464923765
31.7473217597
31.7481506715
31.7489791124
31.7498070825
31.7506345822
31.7514616117
31.7522881712
31.753114261
31.7539398815
31.7547650328
31.7555897152
31.7564139291
31.7572376746
31.758060952
31.7588837616
31.7597061037
31.7605279785
31.7613493863
31.7621703274
31.762990802
31.7638108103
31.7646303528
31.7654494295
31.7662680408
31.767086187
31.7679038683
31.7687210849
31.7695378372
31.7703541254
31.7711699498
31.7719853106
31.7728002081
31.7736146425
31.7744286142
31.7752421233
31.7760551702
31.7768677551
31.7776798783
31.77849154
31.7793027405
31.7801134801
31.780923759
31.7817335774
31.7825429357
31.7833518342
31.7841602729
31.7849682523
31.7857757726
31.7865828341
31.7873894369
31.7881955814
31.7890012679
31.7898064965
31.7906112676
31.7914155814
31.7922194382
31.7930228382
31.7938257817
31.7946282689
31.7954303002
31.7962318757
31.7970329957
31.7978336606
31.7986338704
31.7994336256
31.8002329264
31.8010317729
31.8018301656
31.8026281045
