9.8827584759
10.2880310598
10.6914248037
11.0929484178
11.4926105721
11.8904198962
12.28638498
12.6805143732
13.0728165861
13.4633000895
13.8519733149
14.2388446547
14.6239224626
15.0072150532
15.3887307028
15.7684776494
16.1464640925
16.5226981939
16.8971880775
17.2699418293
17.6409674981
18.0102730953
18.377866595
18.7437559347
19.1079490146
19.4704536988
19.8312778145
20.1904291529
20.547915469
20.9037444817
21.2579238743
21.6104612945
21.9613643544
22.3106406309
22.6582976657
23.0043429657
23.3487840028
23.6916282144
24.0328830033
24.3725557382
24.7106537532
25.047184349
25.382154792
25.715572315
26.0474441174
26.3777773652
26.706579191
27.0338566945
27.3596169425
27.6838669689
28.0066137751
28.3278643301
28.6476255704
28.9659044005
29.2827076928
29.5980422879
29.9119149947
30.2243325905
30.5353018211
30.8448294012
31.1529220143
31.4595863128
31.7648289183
32.068656422
32.371075384
32.6720923345
32.9717137732
33.2699461695
33.5667959632
33.862269564
34.1563733518
34.4491136771
34.7404968609
35.0305291949
35.3192169416
35.6065663346
35.8925835783
36.1772748488
36.460646293
36.7427040299
37.0234541496
37.3029027143
37.581055758
37.8579192867
38.1334992786
38.4078016841
38.6808324262
38.9525974002
39.2231024743
39.4923534893
39.760356259
40.0271165704
40.2926401833
40.5569328312
40.8200002207
41.0818480323
41.3424819197
41.6019075108
41.8601304072
42.1171561846
42.3729903929
42.627638556
42.8811061726
43.1333987156
43.3845216327
43.6344803462
43.8832802533
44.1309267264
44.3774251126
44.6227807346
44.8669988901
45.1100848525
45.3520438706
45.5928811688
45.8326019475
46.0712113828
46.308714627
46.5451168083
46.7804230312
47.0146383766
47.2477679017
47.4798166405
47.7107896035
47.9406917779
48.1695281279
48.3973035946
48.6240230964
48.8496915286
49.074313764
49.2978946527
49.5204390225
49.7419516786
49.962437404
50.1819009596
50.4003470841
50.6177804944
50.8342058854
51.0496279302
51.2640512804
51.4774805658
51.689920395
51.9013753551
52.111850012
52.3213489102
52.5298765734
52.7374375043
52.9440361846
53.1496770752
53.3543646166
53.5581032284
53.7608973098
53.9627512397
54.1636693766
54.3636560588
54.5627156046
54.7608523122
54.9580704597
55.1543743058
55.3497680889
55.5442560283
55.7378423233
55.930531154
56.1223266811
56.3132330458
56.5032543704
56.6923947578
56.8806582921
57.0680490383
57.2545710428
57.4402283329
57.6250249175
57.8089647869
57.9920519126
58.1742902481
58.3556837283
58.53623627
58.7159517718
58.8948341141
59.0728871595
59.2501147526
59.4265207202
59.6021088713
59.7768829973
59.9508468721
60.1240042519
60.2963588756
60.4679144649
60.6386747241
60.8086433402
60.9778239834
61.1462203066
61.313835946
61.4806745209
61.6467396336
61.8120348699
61.976563799
62.1403299735
62.3033369295
62.4655881868
62.6270872486
62.7878376023
62.9478427188
63.1071060531
63.2656310439
63.4234211144
63.5804796715
63.7368101065
63.8924157951
64.0473000971
64.2014663569
64.3549179033
64.5076580497
64.6596900942
64.8110173195
64.9616429932
65.1115703676
65.2608026801
65.4093431529
65.5571949934
65.7043613941
65.8508455328
65.9966505723
66.1417796609
66.2862359324
66.430022506
66.5731424863
66.7155989637
66.8573950141
66.9985336993
67.1390180669
67.2788511502
67.4180359686
67.5565755274
67.6944728181
67.8317308182
67.9683524915
68.1043407879
68.2396986438
68.3744289819
68.5085347114
68.642018728
68.7748839138
68.9071331379
69.0387692557
69.1697951097
69.3002135291
69.4300273298
69.5592393149
69.6878522744
69.8158689855
69.9432922122
70.0701247059
70.1963692054
70.3220284366
70.4471051126
70.5716019344
70.69552159
70.8188667552
70.9416400933
71.0638442553
71.18548188
71.3065555937
71.4270680108
71.5470217334
71.6664193517
71.7852634437
71.9035565755
72.0213013015
72.1385001639
72.2551556935
72.3712704092
72.486846818
72.6018874157
72.7163946862
72.830371102
72.9438191242
73.0567412024
73.1691397749
73.2810172686
73.3923760993
73.5032186714
73.6135473784
73.7233646025
73.8326727149
73.9414740759
74.0497710348
74.15756593
74.264861089
74.3716588286
74.4779614549
74.5837712632
74.6890905381
74.7939215539
74.898266574
75.0021278515
75.1055076291
75.208408139
75.310831603
75.4127802328
75.5142562297
75.6152617848
75.715799079
75.8158702833
75.9154775584
76.014623055
76.113308914
76.2115372663
76.3093102328
76.4066299247
76.5034984434
76.5999178805
76.6958903181
76.7914178282
76.8865024737
76.9811463076
77.0753513736
77.1691197057
77.2624533287
77.3553542579
77.4478244992
77.5398660493
77.6314808956
77.7226710163
77.8134383805
77.9037849479
77.9937126695
78.083223487
78.1723193332
78.2610021318
78.3492737977
78.4371362371
78.5245913469
78.6116410157
78.698287123
78.7845315397
78.870376128
78.9558227417
79.0408732256
79.1255294162
79.2097931416
79.293666221
79.3771504656
79.460247678
79.5429596525
79.625288175
79.7072350233
79.7888019666
79.8699907664
79.9508031757
80.0312409393
80.1113057942
80.1909994692
80.270323685
80.3492801544
80.4278705824
80.5060966659
80.5839600939
80.6614625478
80.738605701
80.8153912193
80.8918207606
80.9678959753
81.0436185059
81.1189899876
81.1940120478
81.2686863063
81.3430143757
81.4169978609
81.4906383592
81.5639374609
81.6368967486
81.7095177977
81.7818021763
81.8537514452
81.9253671579
81.9966508608
82.0676040931
82.1382283869
82.2085252671
82.2784962516
82.3481428512
82.4174665698
82.4864689043
82.5551513446
82.6235153738
82.6915624679
82.7592940963
82.8267117215
82.8938167992
82.9606107783
83.0270951012
83.0932712033
83.1591405137
83.2247044545
83.2899644415
83.3549218838
83.4195781839
83.4839347381
83.5479929358
83.6117541603
83.6752197884
83.7383911903
83.8012697303
83.8638567658
83.9261536485
83.9881617234
84.0498823294
84.1113167992
84.1724664594
84.2333326303
84.2939166262
84.3542197553
84.4142433195
84.4739886151
84.5334569321
84.5926495544
84.6515677603
84.7102128219
84.7685860056
84.8266885717
84.8845217748
84.9420868638
84.9993850815
85.0564176651
85.1131858463
85.1696908506
85.2259338983
85.2819162037
85.3376389757
85.3931034174
85.4483107264
85.5032620949
85.5579587093
85.6124017507
85.6665923946
85.7205318113
85.7742211652
85.8276616158
85.880854317
85.9338004173
85.98650106
86.0389573829
86.0911705188
86.1431415951
86.1948717339
86.2463620523
86.2976136621
86.3486276698
86.3994051771
86.4499472803
86.5002550708
86.5503296348
86.6001720535
86.6497834033
86.6991647553
86.7483171759
86.7972417262
86.8459394628
86.8944114371
86.9426586957
86.9906822805
87.0384832284
87.0860625716
87.1334213373
87.1805605483
87.2274812223
87.2741843724
87.3206710072
87.3669421304
87.412998741
87.4588418336
87.5044723981
87.5498914197
87.5950998791
87.6400987525
87.6848890115
87.7294716233
87.7738475505
87.8180177513
87.8619831795
87.9057447843
87.9493035108
87.9926602994
88.0358160862
88.0787718033
88.121528378
88.1640867337
88.2064477892
88.2486124592
88.2905816542
88.3323562804
88.3739372398
88.4153254303
88.4565217454
88.4975270749
88.538342304
88.578968314
88.6194059823
88.6596561819
88.6997197819
88.7395976475
88.7792906396
88.8187996153
88.8581254278
88.8972689262
88.9362309557
88.9750123576
89.0136139693
89.0520366242
89.0902811521
89.1283483786
89.1662391259
89.203954212
89.2414944513
89.2788606543
89.3160536281
89.3530741755
89.389923096
89.4266011852
89.4631092351
89.4994480341
89.5356183667
89.571621014
89.6074567533
89.6431263585
89.6786305997
89.7139702435
89.7491460531
89.784158788
89.8190092041
89.853698054
89.8882260868
89.9225940479
89.9568026794
89.99085272
90.0247449049
90.058479966
90.0920586317
90.1254816269
90.1587496735
90.1918634896
90.2248237905
90.2576312877
90.2902866896
90.3227907013
90.3551440248
90.3873473586
90.4194013979
90.4513068351
90.4830643589
90.5146746552
90.5461384064
90.5774562919
90.608628988
90.6396571678
90.6705415012
90.7012826551
90.7318812933
90.7623380765
90.7926536623
90.8228287053
90.8528638571
90.8827597662
90.9125170782
90.9421364355
90.9716184778
91.0009638416
91.0301731605
91.0592470653
91.0881861837
91.1169911407
91.1456625581
91.1742010551
91.2026072479
91.2308817498
91.2590251714
91.2870381204
91.3149212015
91.342675017
91.370300166
91.3977972451
91.425166848
91.4524095656
91.4795259863
91.5065166954
91.5333822759
91.5601233078
91.5867403685
91.6132340328
91.6396048727
91.6658534576
91.6919803543
91.7179861269
91.743871337
91.7696365435
91.7952823028
91.8208091685
91.846217692
91.8715084217
91.8966819039
91.921738682
91.9466792971
91.9715042878
91.99621419
92.0208095373
92.0452908608
92.0696586892
92.0939135485
92.1180559625
92.1420864525
92.1660055373
92.1898137335
92.2135115551
92.2370995138
92.260578119
92.2839478776
92.3072092941
92.330362871
92.3534091081
92.376348503
92.3991815511
92.4219087454
92.4445305767
92.4670475333
92.4894601015
92.5117687653
92.5339740063
92.556076304
92.5780761356
92.5999739763
92.6217702987
92.6434655736
92.6650602694
92.6865548524
92.7079497866
92.7292455342
92.7504425549
92.7715413064
92.7925422442
92.8134458219
92.8342524908
92.8549627002
92.8755768972
92.896095527
92.9165190326
92.936847855
92.9570824332
92.9772232041
92.9972706025
93.0172250614
93.0370870116
93.056856882
93.0765350994
93.0961220888
93.1156182731
93.1350240732
93.1543399083
93.1735661953
93.1927033494
93.2117517838
93.2307119099
93.249584137
93.2683688726
93.2870665224
93.30567749
93.3242021774
93.3426409844
93.3609943093
93.3792625484
93.3974460961
93.415545345
93.433560686
93.451492508
93.4693411982
93.4871071421
93.5047907232
93.5223923234
93.5399123228
93.5573510996
93.5747090303
93.5919864899
93.6091838513
93.6263014859
93.6433397633
93.6602990514
93.6771797164
93.6939821228
93.7107066334
93.7273536093
93.74392341
93.7604163932
93.7768329152
93.7931733302
93.8094379913
93.8256272495
93.8417414545
93.8577809541
93.8737460948
93.8896372213
93.9054546766
93.9211988023
93.9368699385
93.9524684233
93.9679945938
93.983448785
93.9988313308
94.0141425632
94.0293828129
94.0445524089
94.0596516789
94.0746809487
94.089640543
94.1045307847
94.1193519954
94.1341044951
94.1487886024
94.1634046343
94.1779529063
94.1924337328
94.2068474262
94.2211942979
94.2354746576
94.2496888137
94.2638370731
94.2779197413
94.2919371224
94.305889519
94.3197772325
94.3336005626
94.3473598079
94.3610552655
94.374687231
94.3882559989
94.4017618621
94.4152051122
94.4285860395
94.441904933
94.4551620803
94.4683577675
94.4814922796
94.4945659002
94.5075789117
94.5205315949
94.5334242296
94.5462570942
94.5590304658
94.5717446201
94.5843998317
94.5969963738
94.6095345185
94.6220145365
94.6344366972
94.646801269
94.6591085186
94.671358712
94.6835521136
94.6956889866
94.7077695933
94.7197941943
94.7317630495
94.7436764171
94.7555345544
94.7673377176
94.7790861613
94.7907801394
94.8024199044
94.8140057074
94.8255377988
94.8370164276
94.8484418415
94.8598142873
94.8711340105
94.8824012556
94.8936162659
94.9047792834
94.9158905494
94.9269503036
94.9379587848
94.9489162309
94.9598228783
94.9706789626
94.9814847183
94.9922403785
95.0029461756
95.0136023407
95.0242091039
95.0347666942
95.0452753397
95.0557352672
95.0661467025
95.0765098706
95.086824995
95.0970922987
95.1073120032
95.1174843293
95.1276094965
95.1376877236
95.1477192281
95.1577042267
95.1676429349
95.1775355673
95.1873823375
95.1971834583
95.2069391411
95.2166495966
95.2263150346
95.2359356637
95.2455116917
95.2550433252
95.2645307702
95.2739742315
95.283373913
95.2927300177
95.3020427475
95.3113123036
95.3205388861
95.3297226943
95.3388639264
95.3479627799
95.3570194511
95.3660341357
95.3750070283
95.3839383227
95.3928282117
95.4016768872
95.4104845403
95.4192513612
95.4279775393
95.4366632628
95.4453087194
95.4539140958
95.4624795777
95.4710053501
95.4794915971
95.487938502
95.4963462471
95.5047150139
95.5130449832
95.5213363349
95.5295892479
95.5378039005
95.54598047
95.554119133
95.5622200653
95.5702834417
95.5783094364
95.5862982226
95.5942499729
95.602164859
95.6100430517
95.6178847212
95.6256900368
95.633459167
95.6411922796
95.6488895415
95.656551119
95.6641771775
95.6717678817
95.6793233954
95.6868438819
95.6943295034
95.7017804217
95.7091967975
95.7165787911
95.7239265619
95.7312402685
95.7385200688
95.74576612
95.7529785785
95.7601576002
95.76730334
95.7744159522
95.7814955904
95.7885424075
95.7955565556
95.8025381861
95.8094874499
95.816404497
95.8232894767
95.8301425377
95.8369638279
95.8437534948
95.8505116848
95.8572385438
95.8639342173
95.8705988496
95.8772325848
95.883835566
95.8904079359
95.8969498363
95.9034614085
95.9099427932
95.9163941302
95.9228155588
95.9292072178
95.9355692451
95.9419017781
95.9482049536
95.9544789075
95.9607237755
95.9669396923
95.9731267922
95.9792852088
95.985415075
95.9915165232
95.9975896851
96.0036346919
96.0096516741
96.0156407616
96.0216020838
96.0275357694
96.0334419464
96.0393207424
96.0451722844
96.0509966987
96.0567941111
96.0625646467
96.0683084302
96.0740255856
96.0797162362
96.0853805051
96.0910185144
96.096630386
96.102216241
96.1077762001
96.1133103832
96.1188189099
96.1243018991
96.1297594693
96.1351917381
96.1405988231
96.1459808408
96.1513379076
96.156670139
96.1619776503
96.1672605559
96.1725189701
96.1777530064
96.1829627776
96.1881483965
96.1933099748
96.1984476241
96.2035614553
96.2086515789
96.2137181047
96.2187611421
96.2237808
96.2287771869
96.2337504105
96.2387005783
96.2436277972
96.2485321736
96.2534138133
96.2582728217
96.2631093039
96.2679233641
96.2727151065
96.2774846343
96.2822320507
96.286957458
96.2916609585
96.2963426535
96.3010026443
96.3056410313
96.3102579149
96.3148533946
96.3194275697
96.323980539
96.3285124008
96.3330232529
96.3375131927
96.3419823172
96.3464307229
96.3508585058
96.3552657616
96.3596525853
96.3640190718
96.3683653153
96.3726914096
96.3769974482
96.3812835241
96.3855497297
96.3897961573
96.3940228985
96.3982300445
96.4024176862
96.4065859141
96.4107348181
96.4148644878
96.4189750124
96.4230664806
96.4271389809
96.431192601
96.4352274286
96.4392435508
96.4432410543
96.4472200254
96.45118055
96.4551227137
96.4590466015
96.4629522983
96.4668398882
96.4707094553
96.4745610832
96.4783948549
96.4822108533
96.4860091607
96.4897898593
96.4935530305
96.4972987558
96.5010271158
96.5047381913
96.5084320622
96.5121088084
96.5157685092
96.5194112437
96.5230370905
96.5266461279
96.5302384338
96.5338140858
96.5373731612
96.5409157367
96.5444418888
96.5479516938
96.5514452273
96.5549225648
96.5583837814
96.5618289519
96.5652581506
96.5686714515
96.5720689284
96.5754506547
96.5788167033
96.5821671469
96.5855020579
96.5888215082
96.5921255697
96.5954143135
96.5986878107
96.6019461321
96.6051893479
96.6084175281
96.6116307426
96.6148290606
96.6180125513
96.6211812833
96.6243353251
96.6274747448
96.6305996102
96.6337099887
96.6368059476
96.6398875536
96.6429548733
96.6460079729
96.6490469184
96.6520717754
96.6550826092
96.6580794847
96.6610624668
96.6640316198
96.6669870078
96.6699286947
96.672856744
96.6757712188
96.6786721822
96.6815596967
96.6844338247
96.6872946283
96.6901421693
96.692976509
96.6957977088
96.6986058295
96.7014009319
96.7041830761
96.7069523224
96.7097087304
96.7124523598
96.7151832697
96.7179015191
96.7206071668
96.7233002711
96.7259808902
96.728649082
96.7313049041
96.7339484138
96.7365796682
96.7391987241
96.7418056381
96.7444004665
96.7469832653
96.7495540903
96.7521129969
96.7546600405
96.757195276
96.7597187582
96.7622305415
96.7647306802
96.7672192283
96.7696962395
96.7721617673
96.774615865
96.7770585855
96.7794899815
96.7819101056
96.7843190101
96.7867167469
96.7891033678
96.7914789243
96.7938434678
96.7961970493
96.7985397196
96.8008715293
96.8031925287
96.8055027681
96.8078022971
96.8100911656
96.8123694229
96.8146371182
96.8168943006
96.8191410186
96.8213773209
96.8236032556
96.825818871
96.8280242148
96.8302193347
96.832404278
96.8345790919
96.8367438234
96.8388985192
96.8410432259
96.8431779897
96.8453028568
96.847417873
96.8495230841
96.8516185353
96.8537042721
96.8557803395
96.8578467822
96.8599036449
96.861950972
96.8639888077
96.866017196
96.8680361808
96.8700458055
96.8720461136
96.8740371484
96.8760189527
96.8779915694
96.879955041
96.88190941
96.8838547186
96.8857910087
96.8877183222
96.8896367008
96.8915461857
96.8934468183
96.8953386395
96.8972216903
96.8990960113
96.9009616429
96.9028186255
96.9046669992
96.9065068038
96.908338079
96.9101608645
96.9119751996
96.9137811235
96.9155786751
96.9173678932
96.9191488166
96.9209214836
96.9226859326
96.9244422016
96.9261903285
96.9279303511
96.9296623071
96.9313862336
96.9331021681
96.9348101475
96.9365102087
96.9382023885
96.9398867233
96.9415632496
96.9432320035
96.9448930211
96.9465463382
96.9481919906
96.9498300137
96.951460443
96.9530833136
96.9546986606
96.9563065189
96.9579069231
96.9594999079
96.9610855077
96.9626637566
96.9642346887
96.9657983381
96.9673547383
96.9689039231
96.9704459259
96.97198078
96.9735085185
96.9750291745
96.9765427807
96.9780493698
96.9795489744
96.9810416268
96.9825273593
96.984006204
96.9854781928
96.9869433574
96.9884017296
96.9898533407
96.9912982222
96.9927364052
96.9941679208
96.9955928
96.9970110734
96.9984227717
96.9998279254
97.0012265648
97.0026187201
97.0040044214
97.0053836986
97.0067565815
97.0081230997
97.0094832828
97.01083716
97.0121847607
97.013526114
97.0148612487
97.0161901938
97.0175129778
97.0188296295
97.0201401772
97.0214446492
97.0227430736
97.0240354786
97.025321892
97.0266023416
97.0278768551
97.0291454599
97.0304081835
97.0316650531
97.0329160959
97.0341613388
97.0354008088
97.0366345327
97.037862537
97.0390848483
97.0403014929
97.0415124972
97.0427178874
97.0439176893
97.0451119289
97.0463006321
97.0474838245
97.0486615316
97.0498337788
97.0510005915
97.0521619949
97.0533180141
97.0544686739
97.0556139993
97.056754015
97.0578887455
97.0590182155
97.0601424493
97.0612614711
97.0623753051
97.0634839754
97.064587506
97.0656859206
97.0667792429
97.0678674966
97.0689507052
97.070028892
97.0711020804
97.0721702934
97.0732335543
97.0742918858
97.075345311
97.0763938525
97.077437533
97.0784763749
97.0795104008
97.080539633
97.0815640937
97.0825838049
97.0835987888
97.0846090673
97.0856146621
97.0866155949
97.0876118875
97.0886035613
97.0895906376
97.0905731379
97.0915510833
97.092524495
97.0934933939
97.0944578011
97.0954177373
97.0963732232
97.0973242794
97.0982709266
97.0992131852
97.1001510754
97.1010846176
97.1020138319
97.1029387384
97.103859357
97.1047757076
97.1056878101
97.106595684
97.107499349
97.1083988247
97.1092941304
97.1101852855
97.1110723092
97.1119552206
97.1128340389
97.113708783
97.1145794718
97.115446124
97.1163087585
97.1171673938
97.1180220485
97.1188727411
97.1197194898
97.120562313
97.1214012288
97.1222362555
97.123067411
97.1238947133
97.1247181802
97.1255378295
97.1263536789
97.1271657461
97.1279740485
97.1287786037
97.1295794289
97.1303765415
97.1311699587
97.1319596976
97.1327457753
97.1335282088
97.1343070149
97.1350822105
97.1358538122
97.1366218369
97.1373863009
97.138147221
97.1389046134
97.1396584945
97.1404088807
97.141155788
97.1418992327
97.1426392308
97.1433757983
97.1441089511
97.144838705
97.1455650757
97.146288079
97.1470077305
97.1477240456
97.14843704
97.1491467289
97.1498531277
97.1505562516
97.1512561158
97.1519527355
97.1526461257
97.1533363013
97.1540232773
97.1547070684
97.1553876895
97.1560651553
97.1567394803
97.1574106792
97.1580787663
97.1587437563
97.1594056633
97.1600645018
97.1607202859
97.1613730298
97.1620227475
97.1626694532
97.1633131608
97.1639538841
97.1645916371
97.1652264334
97.1658582868
97.166487211
97.1671132194
97.1677363257
97.1683565433
97.1689738856
97.1695883658
97.1701999974
97.1708087934
97.1714147671
97.1720179314
97.1726182995
97.1732158843
97.1738106987
97.1744027556
97.1749920676
97.1755786477
97.1761625083
97.1767436622
97.1773221218
97.1778978998
97.1784710084
97.1790414601
97.1796092672
97.1801744419
97.1807369965
97.1812969431
97.1818542938
97.1824090606
97.1829612555
97.1835108904
97.1840579773
97.1846025278
97.1851445539
97.1856840671
97.1862210791
97.1867556015
97.1872876459
97.1878172237
97.1883443465
97.1888690254
97.189391272
97.1899110975
97.190428513
97.1909435298
97.191456159
97.1919664117
97.1924742988
97.1929798314
97.1934830203
97.1939838764
97.1944824106
97.1949786336
97.1954725561
97.1959641887
97.1964535422
97.196940627
97.1974254537
97.1979080328
97.1983883746
97.1988664896
97.199342388
97.1998160802
97.2002875763
97.2007568866
97.2012240211
97.2016889901
97.2021518034
97.2026124712
97.2030710032
97.2035274096
97.2039817
97.2044338844
97.2048839724
97.2053319738
97.2057778983
97.2062217555
97.206663555
97.2071033063
97.2075410189
97.2079767023
97.2084103659
97.208842019
97.209271671
97.2096993311
97.2101250085
97.2105487126
97.2109704523
97.2113902369
97.2118080753
97.2122239767
97.2126379499
97.213050004
97.2134601477
97.2138683901
97.2142747399
97.2146792058
97.2150817966
97.215482521
97.2158813877
97.2162784052
97.2166735821
97.217066927
97.2174584484
97.2178481547
97.2182360542
97.2186221555
97.2190064669
97.2193889966
97.2197697528
97.2201487439
97.220525978
97.2209014632
97.2212752077
97.2216472195
97.2220175067
97.2223860772
97.2227529391
97.2231181001
97.2234815683
97.2238433514
97.2242034574
97.2245618938
97.2249186686
97.2252737894
97.2256272638
97.2259790995
97.2263293041
97.2266778852
97.2270248502
97.2273702067
97.2277139622
97.228056124
97.2283966995
97.2287356962
97.2290731212
97.229408982
97.2297432857
97.2300760396
97.2304072508
97.2307369266
97.2310650739
97.2313917
97.2317168119
97.2320404165
97.2323625209
97.232683132
97.2330022568
97.2333199021
97.2336360748
97.2339507818
97.2342640297
97.2345758255
97.2348861758
97.2351950872
97.2355025666
97.2358086205
97.2361132556
97.2364164783
97.2367182953
97.2370187131
97.2373177382
97.237615377
97.2379116359
97.2382065214
97.2385000398
97.2387921974
97.2390830007
97.2393724557
97.2396605688
97.2399473463
97.2402327942
97.2405169188
97.2407997262
97.2410812226
97.2413614139
97.2416403062
97.2419179056
97.2421942181
97.2424692495
97.242743006
97.2430154933
97.2432867173
97.243556684
97.243825399
97.2440928684
97.2443590977
97.2446240928
97.2448878594
97.2451504032
97.2454117298
97.2456718449
97.2459307541
97.2461884631
97.2464449773
97.2467003022
97.2469544435
97.2472074067
97.247459197
97.2477098201
97.2479592813
97.248207586
97.2484547395
97.2487007473
97.2489456145
97.2491893466
97.2494319487
97.2496734261
97.249913784
97.2501530277
97.2503911622
97.2506281927
97.2508641243
97.2510989622
97.2513327113
97.2515653768
97.2517969637
97.2520274769
97.2522569215
97.2524853024
97.2527126245
97.2529388927
97.253164112
97.2533882871
97.253611423
97.2538335244
97.2540545961
97.254274643
97.2544936697
97.254711681
97.2549286817
97.2551446763
97.2553596695
97.2555736661
97.2557866706
97.2559986875
97.2562097216
97.2564197773
97.2566288592
97.2568369718
97.2570441196
97.2572503071
97.2574555387
97.2576598188
97.2578631519
97.2580655423
97.2582669945
97.2584675127
97.2586671013
97.2588657647
97.259063507
97.2592603326
97.2594562457
97.2596512506
97.2598453514
97.2600385524
97.2602308577
97.2604222714
97.2606127978
97.2608024409
97.2609912048
97.2611790936
97.2613661114
97.2615522621
97.2617375499
97.2619219787
97.2621055524
97.2622882751
97.2624701507
97.2626511831
97.2628313763
97.2630107341
97.2631892604
97.263366959
97.2635438339
97.2637198887
97.2638951274
97.2640695536
97.2642431712
97.2644159839
97.2645879955
97.2647592096
97.26492963
97.2650992603
97.2652681042
97.2654361654
97.2656034474
97.2657699539
97.2659356884
97.2661006547
97.2662648561
97.2664282963
97.2665909788
97.2667529071
97.2669140847
97.2670745151
97.2672342018
97.2673931481
97.2675513576
97.2677088336
97.2678655795
97.2680215988
97.2681768947
97.2683314707
97.2684853302
97.2686384763
97.2687909124
97.2689426418
97.2690936678
97.2692439937
97.2693936227
97.2695425579
97.2696908028
97.2698383603
97.2699852338
97.2701314264
97.2702769412
97.2704217814
97.2705659501
97.2707094505
97.2708522856
97.2709944586
97.2711359724
97.2712768301
97.2714170349
97.2715565896
97.2716954974
97.2718337612
97.271971384
97.2721083688
97.2722447186
97.2723804362
97.2725155246
97.2726499868
97.2727838256
97.2729170439
97.2730496446
97.2731816306
97.2733130047
97.2734437698
97.2735739286
97.273703484
97.2738324388
97.2739607958
97.2740885577
97.2742157273
97.2743423073
97.2744683006
97.2745937097
97.2747185374
97.2748427864
97.2749664594
97.2750895591
97.275212088
97.275334049
97.2754554445
97.2755762772
97.2756965497
97.2758162647
97.2759354247
97.2760540322
97.2761720899
97.2762896003
97.2764065658
97.2765229892
97.2766388728
97.2767542191
97.2768690308
97.2769833101
97.2770970597
97.2772102819
97.2773229792
97.277435154
97.2775468089
97.277657946
97.277768568
97.2778786771
97.2779882757
97.2780973663
97.2782059511
97.2783140325
97.2784216128
97.2785286944
97.2786352796
97.2787413706
97.2788469698
97.2789520794
97.2790567018
97.2791608391
97.2792644937
97.2793676677
97.2794703634
97.279572583
97.2796743287
97.2797756027
97.2798764072
97.2799767444
97.2800766164
97.2801760254
97.2802749736
97.280373463
97.2804714959
97.2805690742
97.2806662002
97.2807628759
97.2808591034
97.2809548848
97.2810502222
97.2811451176
97.281239573
97.2813335906
97.2814271723
97.2815203201
97.2816130362
97.2817053223
97.2817971807
97.2818886132
97.2819796218
97.2820702085
97.2821603752
97.282250124
97.2823394566
97.2824283751
97.2825168814
97.2826049774
97.2826926649
97.282779946
97.2828668224
97.282953296
97.2830393688
97.2831250425
97.283210319
97.2832952002
97.2833796879
97.2834637839
97.28354749
97.2836308081
97.2837137399
97.2837962873
97.2838784519
97.2839602357
97.2840416403
97.2841226675
97.284203319
97.2842835967
97.2843635022
97.2844430372
97.2845222035
97.2846010029
97.2846794369
97.2847575072
97.2848352157
97.2849125639
97.2849895535
97.2850661862
97.2851424636
97.2852183874
97.2852939592
97.2853691806
97.2854440534
97.285518579
97.2855927591
97.2856665953
97.2857400893
97.2858132425
97.2858860565
97.285958533
97.2860306735
97.2861024796
97.2861739528
97.2862450946
97.2863159066
97.2863863903
97.2864565473
97.286526379
97.286595887
97.2866650727
97.2867339377
97.2868024834
97.2868707114
97.286938623
97.2870062198
97.2870735033
97.2871404748
97.2872071358
97.2872734878
97.2873395322
97.2874052704
97.2874707038
97.2875358339
97.2876006621
97.2876651897
97.2877294181
97.2877933488
97.2878569831
97.2879203224
97.2879833681
97.2880461215
97.2881085839
97.2881707568
97.2882326415
97.2882942392
97.2883555514
97.2884165794
97.2884773244
97.2885377878
97.2885979709
97.288657875
97.2887175014
97.2887768513
97.2888359261
97.2888947271
97.2889532554
97.2890115124
97.2890694993
97.2891272174
97.2891846679
97.2892418521
97.2892987711
97.2893554263
97.2894118189
97.28946795
97.2895238208
97.2895794327
97.2896347867
97.2896898842
97.2897447262
97.2897993139
97.2898536486
97.2899077314
97.2899615634
97.2900151459
97.29006848
97.2901215668
97.2901744075
97.2902270033
97.2902793552
97.2903314644
97.290383332
97.2904349592
97.290486347
97.2905374966
97.2905884091
97.2906390855
97.290689527
97.2907397347
97.2907897096
97.2908394528
97.2908889654
97.2909382485
97.290987303
97.2910361302
97.291084731
97.2911331065
97.2911812577
97.2912291857
97.2912768915
97.2913243762
97.2913716407
97.2914186861
97.2914655133
97.2915121235
97.2915585176
97.2916046967
97.2916506616
97.2916964134
97.2917419532
97.2917872818
97.2918324003
97.2918773096
97.2919220107
97.2919665046
97.2920107922
97.2920548745
97.2920987524
97.2921424269
97.2921858989
97.2922291694
97.2922722393
97.2923151095
97.292357781
97.2924002546
97.2924425313
97.2924846121
97.2925264977
97.2925681892
97.2926096874
97.2926509932
97.2926921075
97.2927330313
97.2927737652
97.2928143104
97.2928546676
97.2928948377
97.2929348215
97.29297462
97.293014234
97.2930536643
97.2930929119
97.2931319775
97.2931708619
97.2932095661
97.2932480909
97.2932864371
97.2933246055
97.293362597
97.2934004123
97.2934380523
97.2934755178
97.2935128096
97.2935499286
97.2935868755
97.293623651
97.2936602561
97.2936966915
97.293732958
97.2937690563
97.2938049873
97.2938407517
97.2938763503
97.2939117839
97.2939470532
97.293982159
97.294017102
97.2940518831
97.2940865029
97.2941209622
97.2941552617
97.2941894023
97.2942233845
97.2942572093
97.2942908772
97.294324389
97.2943577455
97.2943909473
97.2944239952
97.2944568899
97.2944896321
97.2945222225
97.2945546618
97.2945869508
97.29461909
97.2946510802
97.2946829222
97.2947146165
97.2947461638
97.294777565
97.2948088205
97.2948399312
97.2948708976
97.2949017205
97.2949324004
97.2949629382
97.2949933343
97.2950235896
97.2950537045
97.2950836799
97.2951135163
97.2951432144
97.2951727748
97.2952021982
97.2952314851
97.2952606363
97.2952896523
97.2953185338
97.2953472815
97.2953758958
97.2954043775
97.2954327272
97.2954609454
97.2954890328
97.29551699
97.2955448176
97.2955725161
97.2956000863
97.2956275286
97.2956548438
97.2956820323
97.2957090947
97.2957360317
97.2957628438
97.2957895316
97.2958160957
97.2958425366
97.295868855
97.2958950513
97.2959211262
97.2959470802
97.2959729139
97.2959986278
97.2960242225
97.2960496986
97.2960750565
97.2961002969
97.2961254203
97.2961504272
97.2961753182
97.2962000938
97.2962247545
97.2962493009
97.2962737335
97.2962980528
97.2963222594
97.2963463537
97.2963703364
97.2963942079
97.2964179687
97.2964416193
97.2964651603
97.2964885922
97.2965119155
97.2965351306
97.2965582381
97.2965812384
97.2966041322
97.2966269198
97.2966496017
97.2966721785
97.2966946507
97.2967170186
97.2967392829
97.2967614439
97.2967835022
97.2968054583
97.2968273125
97.2968490655
97.2968707176
97.2968922693
97.2969137211
97.2969350734
97.2969563268
97.2969774816
97.2969985384
97.2970194975
97.2970403595
97.2970611247
97.2970817937
97.2971023669
97.2971228447
97.2971432275
97.2971635159
97.2971837102
97.2972038109
97.2972238184
97.2972437331
97.2972635555
97.297283286
97.2973029251
97.2973224731
97.2973419305
97.2973612976
97.297380575
97.2973997631
97.2974188621
97.2974378726
97.297456795
97.2974756297
97.297494377
97.2975130375
97.2975316114
97.2975500992
97.2975685013
97.2975868181
97.29760505
97.2976231973
97.2976412606
97.29765924
97.2976771362
97.2976949493
97.2977126799
97.2977303283
97.2977478949
97.29776538
97.2977827841
97.2978001074
97.2978173505
97.2978345136
97.2978515972
97.2978686016
97.2978855271
97.2979023742
97.2979191431
97.2979358343
97.2979524482
97.297968985
97.2979854452
97.298001829
97.2980181369
97.2980343692
97.2980505262
97.2980666084
97.2980826159
97.2980985493
97.2981144088
97.2981301948
97.2981459075
97.2981615475
97.2981771149
97.2981926102
97.2982080336
97.2982233856
97.2982386663
97.2982538762
97.2982690156
97.2982840848
97.2982990842
97.298314014
97.2983288746
97.2983436663
97.2983583895
97.2983730443
97.2983876313
97.2984021506
97.2984166026
97.2984309876
97.2984453059
97.2984595579
97.2984737437
97.2984878638
97.2985019185
97.2985159079
97.2985298326
97.2985436926
97.2985574885
97.2985712203
97.2985848885
97.2985984933
97.2986120351
97.2986255141
97.2986389306
97.2986522849
97.2986655773
97.298678808
97.2986919774
97.2987050858
97.2987181334
97.2987311205
97.2987440474
97.2987569144
97.2987697217
97.2987824697
97.2987951585
97.2988077885
97.29882036
97.2988328732
97.2988453284
97.2988577258
97.2988700658
97.2988823485
97.2988945743
97.2989067434
97.2989188562
97.2989309127
97.2989429134
97.2989548584
97.2989667481
97.2989785826
97.2989903623
97.2990020873
97.299013758
97.2990253746
97.2990369374
97.2990484465
97.2990599023
97.299071305
97.2990826548
97.299093952
97.2991051968
97.2991163895
97.2991275303
97.2991386194
97.2991496572
97.2991606437
97.2991715794
97.2991824643
97.2991932988
97.299204083
97.2992148173
97.2992255018
97.2992361367
97.2992467224
97.299257259
97.2992677467
97.2992781858
97.2992885765
97.2992989191
97.2993092136
97.2993194605
97.2993296599
97.299339812
97.299349917
97.2993599751
97.2993699867
97.2993799518
97.2993898707
97.2993997437
97.2994095708
97.2994193524
97.2994290887
97.2994387798
97.299448426
97.2994580275
97.2994675845
97.2994770971
97.2994865657
97.2994959904
97.2995053713
97.2995147088
97.299524003
97.2995332541
97.2995424623
97.2995516279
97.2995607509
97.2995698317
97.2995788703
97.299587867
97.2995968221
97.2996057356
97.2996146078
97.2996234388
97.299632229
97.2996409783
97.2996496871
97.2996583556
97.2996669838
97.2996755721
97.2996841205
97.2996926293
97.2997010987
97.2997095288
97.2997179198
97.2997262719
97.2997345853
97.2997428601
97.2997510966
97.2997592949
97.2997674552
97.2997755777
97.2997836625
97.2997917098
97.2997997198
97.2998076927
97.2998156286
97.2998235278
97.2998313903
97.2998392163
97.2998470061
97.2998547598
97.2998624775
97.2998701594
97.2998778058
97.2998854166
97.2998929922
97.2999005327
97.2999080382
97.299915509
97.299922945
97.2999303467
97.299937714
97.2999450471
97.2999523463
97.2999596116
97.2999668432
97.2999740413
97.299981206
97.2999883375
97.299995436
97.3000025015
97.3000095343
97.3000165345
97.3000235023
97.3000304377
97.300037341
97.3000442122
97.3000510517
97.3000578594
97.3000646355
97.3000713803
97.3000780937
97.3000847761
97.3000914275
97.300098048
97.3001046378
97.3001111971
97.300117726
97.3001242246
97.3001306931
97.3001371316
97.3001435402
97.3001499192
97.3001562685
97.3001625885
97.3001688791
97.3001751406
97.300181373
97.3001875765
97.3001937513
97.3001998975
97.3002060151
97.3002121044
97.3002181655
97.3002241985
97.3002302035
97.3002361807
97.3002421301
97.300248052
97.3002539464
97.3002598135
97.3002656534
97.3002714662
97.3002772521
97.3002830112
97.3002887435
97.3002944493
97.3003001286
97.3003057816
97.3003114084
97.3003170091
97.3003225838
97.3003281327
97.3003336559
97.3003391534
97.3003446255
97.3003500722
97.3003554937
97.30036089
97.3003662613
97.3003716077
97.3003769293
97.3003822263
97.3003874987
97.3003927466
97.3003979702
97.3004031696
97.3004083449
97.3004134962
97.3004186237
97.3004237273
97.3004288073
97.3004338638
97.3004388968
97.3004439064
97.3004488929
97.3004538562
97.3004587965
97.3004637139
97.3004686085
97.3004734804
97.3004783298
97.3004831566
97.3004879611
97.3004927433
97.3004975034
97.3005022413
97.3005069573
97.3005116515
97.3005163238
97.3005209746
97.3005256037
97.3005302114
97.3005347977
97.3005393628
97.3005439067
97.3005484296
97.3005529314
97.3005574124
97.3005618727
97.3005663122
97.3005707312
97.3005751297
97.3005795078
97.3005838656
97.3005882031
97.3005925206
97.3005968181
97.3006010956
97.3006053534
97.3006095913
97.3006138097
97.3006180084
97.3006221877
97.3006263477
97.3006304883
97.3006346098
97.3006387121
97.3006427954
97.3006468598
97.3006509054
97.3006549322
97.3006589403
97.3006629299
97.3006669009
97.3006708535
97.3006747879
97.3006787039
97.3006826019
97.3006864817
97.3006903436
97.3006941875
97.3006980137
97.3007018221
97.3007056128
97.300709386
97.3007131417
97.30071688
97.3007206009
97.3007243046
97.3007279911
97.3007316605
97.3007353129
97.3007389484
97.3007425671
97.3007461689
97.3007497541
97.3007533226
97.3007568746
97.3007604101
97.3007639293
97.3007674321
97.3007709187
97.3007743891
97.3007778434
97.3007812817
97.3007847041
97.3007881106
97.3007915013
97.3007948763
97.3007982356
97.3008015794
97.3008049077
97.3008082205
97.300811518
97.3008148002
97.3008180672
97.300821319
97.3008245558
97.3008277776
97.3008309844
97.3008341763
97.3008373535
97.3008405159
97.3008436637
97.3008467968
97.3008499155
97.3008530197
97.3008561095
97.3008591849
97.3008622462
97.3008652932
97.3008683261
97.3008713449
97.3008743498
97.3008773407
97.3008803177
97.3008832809
97.3008862305
97.3008891663
97.3008920885
97.3008949972
97.3008978924
97.3009007741
97.3009036425
97.3009064977
97.3009093395
97.3009121682
97.3009149838
97.3009177863
97.3009205759
97.3009233525
97.3009261162
97.3009288671
97.3009316053
97.3009343308
97.3009370436
97.3009397439
97.3009424316
97.3009451069
97.3009477698
97.3009504203
97.3009530586
97.3009556846
97.3009582984
97.3009609002
97.3009634898
97.3009660675
97.3009686332
97.300971187
97.300973729
97.3009762592
97.3009787776
97.3009812844
97.3009837796
97.3009862632
97.3009887353
97.3009911959
97.3009936451
97.3009960829
97.3009985095
97.3010009248
97.3010033289
97.3010057219
97.3010081038
97.3010104746
97.3010128344
97.3010151833
97.3010175213
97.3010198485
97.3010221649
97.3010244705
97.3010267655
97.3010290498
97.3010313235
97.3010335867
97.3010358394
97.3010380816
97.3010403135
97.301042535
97.3010447462
97.3010469471
97.3010491379
97.3010513185
97.301053489
97.3010556494
97.3010577998
97.3010599402
97.3010620707
97.3010641914
97.3010663022
97.3010684032
97.3010704945
97.3010725761
97.301074648
97.3010767103
97.3010787631
97.3010808064
97.3010828401
97.3010848645
97.3010868795
97.3010888851
97.3010908814
97.3010928685
97.3010948463
97.301096815
97.3010987746
97.3011007251
97.3011026665
97.3011045989
97.3011065224
97.301108437
97.3011103427
97.3011122395
97.3011141276
97.3011160069
97.3011178775
97.3011197394
97.3011215927
97.3011234374
97.3011252735
97.3011271011
97.3011289203
97.301130731
97.3011325333
97.3011343273
97.301136113
97.3011378904
97.3011396595
97.3011414204
97.3011431732
97.3011449178
97.3011466544
97.3011483829
97.3011501034
97.3011518159
97.3011535205
97.3011552172
97.301156906
97.301158587
97.3011602602
97.3011619256
97.3011635833
97.3011652333
97.3011668757
97.3011685105
97.3011701377
97.3011717573
97.3011733694
97.3011749741
97.3011765713
97.3011781611
97.3011797436
97.3011813187
97.3011828865
97.301184447
97.3011860003
97.3011875464
97.3011890854
97.3011906172
97.3011921419
97.3011936595
97.3011951701
97.3011966737
97.3011981703
97.30119966
97.3012011427
97.3012026186
97.3012040877
97.30120555
97.3012070054
97.3012084541
97.3012098962
97.3012113315
97.3012127601
97.3012141822
97.3012155976
97.3012170065
97.3012184089
97.3012198047
97.3012211941
97.3012225771
97.3012239536
97.3012253237
97.3012266875
97.301228045
97.3012293962
97.3012307411
97.3012320798
97.3012334123
97.3012347386
97.3012360587
97.3012373728
97.3012386807
97.3012399826
97.3012412784
97.3012425682
97.3012438521
97.30124513
97.301246402
97.3012476681
97.3012489283
97.3012501826
97.3012514312
97.301252674
97.301253911
97.3012551422
97.3012563678
97.3012575877
97.3012588019
97.3012600105
97.3012612135
97.3012624109
97.3012636027
97.3012647891
97.3012659699
97.3012671453
97.3012683152
97.3012694797
97.3012706388
97.3012717925
97.3012729409
97.3012740839
97.3012752217
97.3012763541
97.3012774814
97.3012786033
97.3012797201
97.3012808318
97.3012819382
97.3012830396
97.3012841358
97.3012852269
97.301286313
97.3012873941
97.3012884701
97.3012895412
97.3012906073
97.3012916684
97.3012927246
97.3012937759
97.3012948224
97.301295864
97.3012969008
97.3012979327
97.3012989599
97.3012999824
97.301301
97.301302013
97.3013030213
97.3013040249
97.3013050238
97.3013060181
97.3013070078
97.3013079929
97.3013089735
97.3013099495
97.3013109209
97.3013118879
97.3013128504
97.3013138084
97.301314762
97.3013157112
97.3013166559
97.3013175963
97.3013185323
97.301319464
97.3013203914
97.3013213145
97.3013222332
97.3013231478
97.3013240581
97.3013249641
97.301325866
97.3013267637
97.3013276572
97.3013285466
97.3013294318
97.301330313
97.3013311901
97.3013320631
97.301332932
97.3013337969
97.3013346579
97.3013355148
97.3013363677
97.3013372167
97.3013380618
97.301338903
97.3013397402
97.3013405736
97.3013414031
97.3013422287
97.3013430505
97.3013438686
97.3013446828
97.3013454932
97.3013462999
97.3013471029
97.3013479021
97.3013486976
97.3013494895
97.3013502776
97.3013510622
97.301351843
97.3013526203
97.3013533939
97.301354164
97.3013549305
97.3013556935
97.3013564529
97.3013572087
97.3013579611
97.30135871
97.3013594554
97.3013601974
97.3013609359
97.301361671
97.3013624027
97.301363131
97.3013638559
97.3013645775
97.3013652957
97.3013660106
97.3013667222
97.3013674305
97.3013681355
97.3013688372
97.3013695357
97.3013702309
97.3013709229
97.3013716117
97.3013722973
97.3013729797
97.301373659
97.3013743351
97.3013750081
97.301375678
97.3013763447
97.3013770084
97.301377669
97.3013783265
97.301378981
97.3013796324
97.3013802809
97.3013809263
97.3013815687
97.3013822082
97.3013828446
97.3013834782
97.3013841088
97.3013847364
97.3013853612
97.3013859831
97.301386602
97.3013872182
97.3013878314
97.3013884418
97.3013890494
97.3013896542
97.3013902561
97.3013908553
97.3013914517
97.3013920453
97.3013926362
97.3013932244
97.3013938098
97.3013943925
97.3013949725
97.3013955498
97.3013961244
97.3013966964
97.3013972657
97.3013978324
97.3013983964
97.3013989579
97.3013995167
97.3014000729
97.3014006266
97.3014011777
97.3014017262
97.3014022722
97.3014028157
97.3014033566
97.3014038951
97.301404431
97.3014049645
97.3014054955
97.301406024
97.3014065501
97.3014070737
97.3014075949
97.3014081137
97.3014086301
97.3014091441
97.3014096557
97.3014101649
97.3014106718
97.3014111763
97.3014116785
97.3014121784
97.3014126759
97.3014131712
97.3014136641
97.3014141547
97.3014146431
97.3014151292
97.3014156131
97.3014160947
97.3014165741
97.3014170513
97.3014175262
97.301417999
97.3014184695
97.3014189379
97.3014194041
97.3014198682
97.30142033
97.3014207898
97.3014212474
97.3014217029
97.3014221563
97.3014226076
97.3014230568
97.3014235039
97.3014239489
97.3014243919
97.3014248328
97.3014252717
97.3014257085
97.3014261433
97.3014265761
97.3014270069
97.3014274357
97.3014278625
97.3014282874
97.3014287102
97.3014291311
97.3014295501
97.3014299671
97.3014303822
97.3014307953
97.3014312066
97.3014316159
97.3014320233
97.3014324288
97.3014328325
97.3014332343
97.3014336342
97.3014340323
97.3014344285
97.3014348229
97.3014352155
97.3014356062
97.3014359952
97.3014363823
97.3014367676
97.3014371512
97.3014375329
97.3014379129
97.3014382912
97.3014386676
97.3014390424
97.3014394154
97.3014397867
97.3014401562
97.301440524
97.3014408902
97.3014412546
97.3014416174
97.3014419784
97.3014423378
97.3014426955
97.3014430516
97.301443406
97.3014437588
97.3014441099
97.3014444594
97.3014448073
97.3014451536
97.3014454983
97.3014458413
97.3014461828
97.3014465227
97.301446861
97.3014471978
97.301447533
97.3014478666
97.3014481987
97.3014485292
97.3014488583
97.3014491858
97.3014495117
97.3014498362
97.3014501592
97.3014504806
97.3014508006
97.3014511191
97.3014514361
97.3014517516
97.3014520657
97.3014523784
97.3014526895
97.3014529993
97.3014533076
97.3014536144
97.3014539199
97.3014542239
97.3014545265
97.3014548277
97.3014551276
97.301455426
97.301455723
97.3014560187
97.301456313
97.3014566059
97.3014568975
97.3014571877
97.3014574766
97.3014577641
97.3014580504
97.3014583352
97.3014586188
97.301458901
97.301459182
97.3014594616
97.3014597399
97.301460017
97.3014602928
97.3014605672
97.3014608405
97.3014611124
97.3014613831
97.3014616525
97.3014619207
97.3014621876
97.3014624533
97.3014627178
97.301462981
97.3014632431
97.3014635039
97.3014637635
97.3014640219
97.3014642791
97.3014645351
97.3014647899
97.3014650435
97.301465296
97.3014655473
97.3014657974
97.3014660463
97.3014662942
97.3014665408
97.3014667863
97.3014670307
97.301467274
97.3014675161
97.3014677571
97.301467997
97.3014682357
97.3014684734
97.3014687099
97.3014689454
97.3014691798
97.3014694131
97.3014696453
97.3014698764
97.3014701064
97.3014703354
97.3014705634
97.3014707902
97.301471016
97.3014712408
97.3014714645
97.3014716872
97.3014719089
97.3014721295
97.3014723491
97.3014725677
97.3014727853
97.3014730019
97.3014732174
97.301473432
97.3014736456
97.3014738582
97.3014740697
97.3014742804
97.30147449
97.3014746987
97.3014749064
97.3014751131
97.3014753189
97.3014755237
97.3014757276
97.3014759305
97.3014761325
97.3014763335
97.3014765337
97.3014767329
97.3014769311
97.3014771285
97.3014773249
97.3014775204
97.301477715
97.3014779088
97.3014781016
97.3014782935
97.3014784845
97.3014786747
97.3014788639
97.3014790523
97.3014792398
97.3014794265
97.3014796123
97.3014797972
97.3014799812
97.3014801645
97.3014803468
97.3014805283
97.301480709
97.3014808888
97.3014810678
97.301481246
97.3014814234
97.3014815999
97.3014817756
97.3014819505
97.3014821245
97.3014822978
97.3014824703
97.301482642
97.3014828128
97.3014829829
97.3014831522
97.3014833207
97.3014834884
97.3014836554
97.3014838216
97.301483987
97.3014841516
97.3014843155
97.3014844786
97.301484641
97.3014848026
97.3014849634
97.3014851235
97.3014852829
97.3014854415
97.3014855994
97.3014857566
97.301485913
97.3014860687
97.3014862237
97.301486378
97.3014865315
97.3014866844
97.3014868365
97.3014869879
97.3014871387
97.3014872887
97.301487438
97.3014875867
97.3014877346
97.3014878819
97.3014880285
97.3014881744
97.3014883196
97.3014884641
97.301488608
97.3014887512
97.3014888938
97.3014890357
97.3014891769
97.3014893175
97.3014894574
97.3014895967
97.3014897353
97.3014898733
97.3014900107
97.3014901474
97.3014902834
97.3014904189
97.3014905537
97.3014906879
97.3014908215
97.3014909544
97.3014910868
97.3014912185
97.3014913496
97.3014914801
97.30149161
97.3014917393
97.301491868
97.3014919961
97.3014921236
97.3014922505
97.3014923769
97.3014925026
97.3014926278
97.3014927523
97.3014928763
97.3014929998
97.3014931226
97.3014932449
97.3014933666
97.3014934878
97.3014936084
97.3014937284
97.3014938479
97.3014939668
97.3014940852
97.301494203
97.3014943203
97.301494437
97.3014945532
97.3014946689
97.301494784
97.3014948986
97.3014950126
97.3014951261
97.3014952391
97.3014953516
97.3014954635
97.301495575
97.3014956859
97.3014957963
97.3014959062
97.3014960156
97.3014961244
97.3014962328
97.3014963407
97.301496448
97.3014965549
97.3014966613
97.3014967672
97.3014968726
97.3014969775
97.3014970819
97.3014971858
97.3014972892
97.3014973922
97.3014974947
97.3014975967
97.3014976983
97.3014977993
97.3014978999
97.3014980001
97.3014980998
97.301498199
97.3014982977
97.301498396
97.3014984938
97.3014985912
97.3014986882
97.3014987846
97.3014988807
97.3014989763
97.3014990714
97.3014991661
97.3014992604
97.3014993542
97.3014994476
97.3014995406
97.3014996331
97.3014997252
97.3014998169
97.3014999081
97.301499999
97.3015000894
97.3015001794
97.3015002689
97.3015003581
97.3015004468
97.3015005352
97.3015006231
97.3015007106
97.3015007977
97.3015008844
97.3015009707
97.3015010566
97.3015011421
97.3015012272
97.3015013119
97.3015013962
97.3015014802
97.3015015637
97.3015016469
97.3015017296
97.301501812
97.301501894
97.3015019756
97.3015020569
97.3015021377
97.3015022182
97.3015022984
97.3015023781
97.3015024575
97.3015025365
97.3015026151
97.3015026934
97.3015027713
97.3015028489
97.3015029261
97.3015030029
97.3015030794
97.3015031555
97.3015032313
97.3015033067
97.3015033818
97.3015034565
97.3015035309
97.3015036049
97.3015036786
97.301503752
97.301503825
97.3015038976
97.30150397
97.301504042
97.3015041136
97.301504185
97.301504256
97.3015043266
97.301504397
97.301504467
97.3015045367
97.301504606
97.3015046751
97.3015047438
97.3015048122
97.3015048803
97.3015049481
97.3015050156
97.3015050827
97.3015051495
97.3015052161
97.3015052823
97.3015053482
97.3015054138
97.3015054791
97.3015055441
97.3015056088
97.3015056732
97.3015057373
97.3015058011
97.3015058646
97.3015059278
97.3015059908
97.3015060534
97.3015061157
97.3015061778
97.3015062395
97.301506301
97.3015063622
97.3015064231
97.3015064837
97.3015065441
97.3015066041
97.3015066639
97.3015067234
97.3015067827
97.3015068416
97.3015069003
97.3015069587
97.3015070169
97.3015070747
97.3015071323
97.3015071897
97.3015072467
97.3015073036
97.3015073601
97.3015074164
97.3015074724
97.3015075282
97.3015075837
97.3015076389
97.3015076939
97.3015077486
97.3015078031
97.3015078573
97.3015079113
97.301507965
97.3015080185
97.3015080717
97.3015081247
97.3015081774
97.3015082299
97.3015082822
97.3015083342
97.301508386
97.3015084375
97.3015084888
97.3015085398
97.3015085906
97.3015086412
97.3015086915
97.3015087416
97.3015087915
97.3015088412
97.3015088906
97.3015089398
97.3015089887
97.3015090375
97.301509086
97.3015091342
97.3015091823
97.3015092301
97.3015092777
97.3015093251
97.3015093723
97.3015094192
97.301509466
97.3015095125
97.3015095588
97.3015096049
97.3015096508
97.3015096964
97.3015097419
97.3015097871
97.3015098321
97.301509877
97.3015099216
97.301509966
97.3015100102
97.3015100542
97.301510098
97.3015101415
97.3015101849
97.3015102281
97.3015102711
97.3015103139
97.3015103565
97.3015103989
97.3015104411
97.3015104831
97.3015105249
97.3015105665
97.3015106079
97.3015106491
97.3015106901
97.301510731
97.3015107716
97.3015108121
97.3015108524
97.3015108925
97.3015109324
97.3015109721
97.3015110116
97.301511051
97.3015110901
97.3015111291
97.3015111679
97.3015112066
97.301511245
97.3015112833
97.3015113214
97.3015113593
97.301511397
97.3015114346
97.301511472
97.3015115092
97.3015115462
97.3015115831
97.3015116198
97.3015116564
97.3015116927
97.3015117289
97.3015117649
97.3015118008
97.3015118365
97.301511872
97.3015119074
97.3015119426
97.3015119776
97.3015120125
97.3015120472
97.3015120818
97.3015121161
97.3015121504
97.3015121844
97.3015122184
97.3015122521
97.3015122857
97.3015123192
97.3015123525
97.3015123856
97.3015124186
97.3015124514
97.3015124841
97.3015125166
97.301512549
97.3015125812
97.3015126133
97.3015126452
97.301512677
97.3015127086
97.3015127401
97.3015127714
97.3015128026
97.3015128337
97.3015128646
97.3015128953
97.301512926
97.3015129564
97.3015129868
97.301513017
97.301513047
97.3015130769
97.3015131067
97.3015131364
97.3015131659
97.3015131952
97.3015132245
97.3015132535
97.3015132825
97.3015133113
97.30151334
97.3015133686
97.301513397
97.3015134253
97.3015134535
97.3015134815
97.3015135094
97.3015135372
97.3015135648
97.3015135923
97.3015136197
97.301513647
97.3015136741
97.3015137011
97.301513728
97.3015137548
97.3015137814
97.3015138079
97.3015138343
97.3015138606
97.3015138867
97.3015139127
97.3015139386
97.3015139644
97.3015139901
97.3015140156
97.301514041
97.3015140663
97.3015140915
97.3015141166
97.3015141416
97.3015141664
97.3015141911
97.3015142157
97.3015142402
97.3015142646
97.3015142889
97.3015143131
97.3015143371
97.301514361
97.3015143849
97.3015144086
97.3015144322
97.3015144557
97.3015144791
97.3015145023
97.3015145255
97.3015145486
97.3015145715
97.3015145944
97.3015146171
97.3015146397
97.3015146623
97.3015146847
97.301514707
97.3015147293
97.3015147514
97.3015147734
97.3015147953
97.3015148171
97.3015148388
97.3015148604
97.3015148819
97.3015149033
97.3015149247
97.3015149459
97.301514967
97.301514988
97.3015150089
97.3015150297
97.3015150505
97.3015150711
97.3015150916
97.3015151121
97.3015151324
97.3015151526
97.3015151728
97.3015151929
97.3015152128
97.3015152327
97.3015152525
97.3015152722
97.3015152918
97.3015153113
97.3015153307
97.30151535
97.3015153693
97.3015153884
97.3015154075
97.3015154265
97.3015154453
97.3015154641
97.3015154828
97.3015155015
97.30151552
97.3015155385
97.3015155568
97.3015155751
97.3015155933
97.3015156114
97.3015156294
97.3015156474
97.3015156652
97.301515683
97.3015157007
97.3015157183
97.3015157359
97.3015157533
97.3015157707
97.301515788
97.3015158052
97.3015158223
97.3015158394
97.3015158563
97.3015158732
97.30151589
97.3015159068
97.3015159234
97.30151594
97.3015159565
97.3015159729
97.3015159893
97.3015160056
97.3015160218
97.3015160379
97.3015160539
97.3015160699
97.3015160858
97.3015161016
97.3015161174
97.3015161331
97.3015161487
97.3015161642
97.3015161797
97.3015161951
97.3015162104
97.3015162257
97.3015162408
97.3015162559
97.301516271
97.3015162859
97.3015163008
97.3015163157
97.3015163304
97.3015163451
97.3015163598
97.3015163743
97.3015163888
97.3015164032
97.3015164176
97.3015164319
97.3015164461
97.3015164603
97.3015164744
97.3015164884
97.3015165023
97.3015165162
97.3015165301
97.3015165438
97.3015165575
97.3015165712
97.3015165848
97.3015165983
97.3015166117
97.3015166251
97.3015166384
97.3015166517
97.3015166649
97.3015166781
97.3015166911
97.3015167042
97.3015167171
97.30151673
97.3015167429
97.3015167556
97.3015167684
97.301516781
97.3015167936
97.3015168062
97.3015168187
97.3015168311
97.3015168435
97.3015168558
97.3015168681
97.3015168803
97.3015168924
97.3015169045
97.3015169165
97.3015169285
97.3015169404
97.3015169523
97.3015169641
97.3015169759
97.3015169876
97.3015169992
97.3015170108
97.3015170223
97.3015170338
97.3015170453
97.3015170566
97.301517068
97.3015170792
97.3015170905
97.3015171016
97.3015171127
97.3015171238
97.3015171348
97.3015171458
97.3015171567
97.3015171676
97.3015171784
97.3015171891
97.3015171999
97.3015172105
97.3015172211
97.3015172317
97.3015172422
97.3015172527
97.3015172631
97.3015172735
97.3015172838
97.3015172941
97.3015173043
97.3015173145
97.3015173246
97.3015173347
97.3015173447
97.3015173547
97.3015173647
97.3015173746
97.3015173844
97.3015173942
97.301517404
97.3015174137
97.3015174234
97.301517433
97.3015174426
97.3015174521
97.3015174616
97.3015174711
97.3015174805
97.3015174898
97.3015174992
97.3015175084
97.3015175177
97.3015175269
97.301517536
97.3015175451
97.3015175542
97.3015175632
97.3015175722
97.3015175811
97.30151759
97.3015175989
97.3015176077
97.3015176164
97.3015176252
97.3015176339
97.3015176425
97.3015176511
97.3015176597
97.3015176682
97.3015176767
97.3015176852
97.3015176936
97.301517702
97.3015177103
97.3015177186
97.3015177269
97.3015177351
97.3015177433
97.3015177514
97.3015177595
97.3015177676
97.3015177756
97.3015177836
97.3015177916
97.3015177995
97.3015178074
97.3015178152
97.301517823
97.3015178308
97.3015178385
97.3015178462
97.3015178539
97.3015178615
97.3015178691
97.3015178767
97.3015178842
97.3015178917
97.3015178992
97.3015179066
97.301517914
97.3015179213
97.3015179286
97.3015179359
97.3015179432
97.3015179504
97.3015179576
97.3015179647
97.3015179718
97.3015179789
97.301517986
97.301517993
97.301518
97.3015180069
97.3015180139
97.3015180207
97.3015180276
97.3015180344
97.3015180412
97.301518048
97.3015180547
97.3015180614
97.3015180681
97.3015180747
97.3015180813
97.3015180879
97.3015180945
97.301518101
97.3015181075
97.3015181139
97.3015181203
97.3015181267
97.3015181331
97.3015181394
97.3015181457
97.301518152
97.3015181583
97.3015181645
97.3015181707
97.3015181768
97.301518183
97.3015181891
97.3015181952
97.3015182012
97.3015182072
97.3015182132
97.3015182192
97.3015182251
97.301518231
97.3015182369
97.3015182428
97.3015182486
97.3015182544
97.3015182602
97.3015182659
97.3015182716
97.3015182773
97.301518283
97.3015182887
97.3015182943
97.3015182999
97.3015183054
97.301518311
97.3015183165
97.301518322
97.3015183274
97.3015183329
97.3015183383
97.3015183437
97.301518349
97.3015183543
97.3015183597
97.3015183649
97.3015183702
97.3015183754
97.3015183807
97.3015183858
97.301518391
97.3015183962
97.3015184013
97.3015184064
97.3015184114
97.3015184165
97.3015184215
97.3015184265
97.3015184315
97.3015184364
97.3015184414
97.3015184463
97.3015184512
97.301518456
97.3015184609
97.3015184657
97.3015184705
97.3015184752
97.30151848
97.3015184847
97.3015184894
97.3015184941
97.3015184988
97.3015185034
97.301518508
97.3015185126
97.3015185172
97.3015185218
97.3015185263
97.3015185308
97.3015185353
97.3015185398
97.3015185442
97.3015185487
97.3015185531
97.3015185575
97.3015185618
97.3015185662
97.3015185705
97.3015185748
97.3015185791
97.3015185834
97.3015185876
97.3015185919
97.3015185961
97.3015186003
97.3015186044
97.3015186086
97.3015186127
97.3015186168
97.3015186209
97.301518625
97.3015186291
97.3015186331
97.3015186371
97.3015186411
97.3015186451
97.3015186491
97.301518653
97.3015186569
97.3015186608
97.3015186647
97.3015186686
97.3015186724
97.3015186763
97.3015186801
97.3015186839
97.3015186877
97.3015186915
97.3015186952
97.3015186989
97.3015187026
97.3015187063
97.30151871
97.3015187137
97.3015187173
97.301518721
97.3015187246
97.3015187282
97.3015187317
97.3015187353
97.3015187388
97.3015187424
97.3015187459
97.3015187494
97.3015187529
97.3015187563
97.3015187598
97.3015187632
97.3015187666
97.30151877
97.3015187734
97.3015187768
97.3015187801
97.3015187835
97.3015187868
97.3015187901
97.3015187934
97.3015187967
97.3015187999
97.3015188032
97.3015188064
97.3015188096
97.3015188128
97.301518816
97.3015188192
97.3015188223
97.3015188255
97.3015188286
97.3015188317
97.3015188348
97.3015188379
97.301518841
97.301518844
97.3015188471
97.3015188501
97.3015188531
97.3015188561
97.3015188591
97.301518862
97.301518865
97.3015188679
97.3015188709
97.3015188738
97.3015188767
97.3015188796
97.3015188825
97.3015188853
97.3015188882
97.301518891
97.3015188938
97.3015188966
97.3015188994
97.3015189022
97.301518905
97.3015189078
97.3015189105
97.3015189132
97.301518916
97.3015189187
97.3015189214
97.301518924
97.3015189267
97.3015189294
97.301518932
97.3015189346
97.3015189373
97.3015189399
97.3015189425
97.3015189451
97.3015189476
97.3015189502
97.3015189527
97.3015189553
97.3015189578
97.3015189603
97.3015189628
97.3015189653
97.3015189678
97.3015189702
97.3015189727
97.3015189751
97.3015189776
97.30151898
97.3015189824
97.3015189848
97.3015189872
97.3015189896
97.3015189919
97.3015189943
97.3015189966
97.301518999
97.3015190013
97.3015190036
97.3015190059
97.3015190082
97.3015190105
97.3015190127
97.301519015
97.3015190173
97.3015190195
97.3015190217
97.3015190239
97.3015190261
97.3015190283
97.3015190305
97.3015190327
97.3015190349
97.301519037
97.3015190392
97.3015190413
97.3015190434
97.3015190456
97.3015190477
97.3015190498
97.3015190518
97.3015190539
97.301519056
97.301519058
97.3015190601
97.3015190621
97.3015190642
97.3015190662
97.3015190682
97.3015190702
97.3015190722
97.3015190742
97.3015190761
97.3015190781
97.3015190801
97.301519082
97.301519084
97.3015190859
97.3015190878
97.3015190897
97.3015190916
97.3015190935
97.3015190954
97.3015190973
97.3015190991
97.301519101
97.3015191028
97.3015191047
97.3015191065
97.3015191083
97.3015191102
97.301519112
97.3015191138
97.3015191155
97.3015191173
97.3015191191
97.3015191209
97.3015191226
97.3015191244
97.3015191261
97.3015191279
97.3015191296
97.3015191313
97.301519133
97.3015191347
97.3015191364
97.3015191381
97.3015191398
97.3015191414
97.3015191431
97.3015191447
97.3015191464
97.301519148
97.3015191497
97.3015191513
97.3015191529
97.3015191545
97.3015191561
97.3015191577
97.3015191593
97.3015191609
97.3015191624
97.301519164
97.3015191656
97.3015191671
97.3015191687
97.3015191702
97.3015191717
97.3015191732
97.3015191748
97.3015191763
97.3015191778
97.3015191793
97.3015191808
97.3015191822
97.3015191837
97.3015191852
97.3015191866
97.3015191881
97.3015191895
97.301519191
97.3015191924
97.3015191938
97.3015191952
97.3015191967
97.3015191981
97.3015191995
97.3015192009
97.3015192022
97.3015192036
97.301519205
97.3015192064
97.3015192077
97.3015192091
97.3015192104
97.3015192118
97.3015192131
97.3015192144
97.3015192158
97.3015192171
97.3015192184
97.3015192197
97.301519221
97.3015192223
97.3015192236
97.3015192249
97.3015192261
97.3015192274
97.3015192287
97.3015192299
97.3015192312
97.3015192324
97.3015192337
97.3015192349
97.3015192361
97.3015192373
97.3015192386
97.3015192398
97.301519241
97.3015192422
97.3015192434
97.3015192446
97.3015192458
97.3015192469
97.3015192481
97.3015192493
97.3015192504
97.3015192516
97.3015192527
97.3015192539
97.301519255
97.3015192562
97.3015192573
97.3015192584
97.3015192595
97.3015192607
97.3015192618
97.3015192629
97.301519264
97.3015192651
97.3015192661
97.3015192672
97.3015192683
97.3015192694
97.3015192705
97.3015192715
97.3015192726
97.3015192736
97.3015192747
97.3015192757
97.3015192768
97.3015192778
97.3015192788
97.3015192799
97.3015192809
97.3015192819
97.3015192829
97.3015192839
97.3015192849
97.3015192859
97.3015192869
97.3015192879
97.3015192889
97.3015192898
97.3015192908
97.3015192918
97.3015192928
97.3015192937
97.3015192947
97.3015192956
97.3015192966
97.3015192975
97.3015192985
97.3015192994
97.3015193003
97.3015193012
97.3015193022
97.3015193031
97.301519304
97.3015193049
97.3015193058
97.3015193067
97.3015193076
97.3015193085
97.3015193094
97.3015193103
97.3015193111
97.301519312
97.3015193129
97.3015193138
97.3015193146
97.3015193155
97.3015193163
97.3015193172
97.301519318
97.3015193189
97.3015193197
97.3015193206
97.3015193214
97.3015193222
97.301519323
97.3015193239
97.3015193247
97.3015193255
97.3015193263
97.3015193271
97.3015193279
97.3015193287
97.3015193295
97.3015193303
97.3015193311
97.3015193319
97.3015193326
97.3015193334
97.3015193342
97.3015193349
97.3015193357
97.3015193365
97.3015193372
97.301519338
97.3015193387
97.3015193395
97.3015193402
97.301519341
97.3015193417
97.3015193424
97.3015193432
97.3015193439
97.3015193446
97.3015193453
97.3015193461
97.3015193468
97.3015193475
97.3015193482
97.3015193489
97.3015193496
97.3015193503
97.301519351
97.3015193517
97.3015193524
97.301519353
97.3015193537
97.3015193544
97.3015193551
97.3015193558
97.3015193564
97.3015193571
97.3015193577
97.3015193584
97.3015193591
97.3015193597
97.3015193604
97.301519361
97.3015193617
97.3015193623
97.3015193629
97.3015193636
97.3015193642
97.3015193648
97.3015193655
97.3015193661
97.3015193667
97.3015193673
97.3015193679
97.3015193685
97.3015193692
97.3015193698
97.3015193704
97.301519371
97.3015193716
97.3015193722
97.3015193728
97.3015193733
97.3015193739
97.3015193745
97.3015193751
97.3015193757
97.3015193763
97.3015193768
97.3015193774
97.301519378
97.3015193785
97.3015193791
97.3015193797
97.3015193802
97.3015193808
97.3015193813
97.3015193819
97.3015193824
97.301519383
97.3015193835
97.301519384
97.3015193846
97.3015193851
97.3015193856
97.3015193862
97.3015193867
97.3015193872
97.3015193878
97.3015193883
97.3015193888
97.3015193893
97.3015193898
97.3015193903
97.3015193908
97.3015193913
97.3015193918
97.3015193923
97.3015193928
97.3015193933
97.3015193938
97.3015193943
97.3015193948
97.3015193953
97.3015193958
97.3015193963
97.3015193968
97.3015193972
97.3015193977
97.3015193982
97.3015193987
97.3015193991
97.3015193996
97.3015194001
97.3015194005
97.301519401
97.3015194014
97.3015194019
97.3015194024
97.3015194028
97.3015194033
97.3015194037
97.3015194041
97.3015194046
97.301519405
97.3015194055
97.3015194059
97.3015194063
97.3015194068
97.3015194072
97.3015194076
97.3015194081
97.3015194085
97.3015194089
97.3015194093
97.3015194098
97.3015194102
97.3015194106
97.301519411
97.3015194114
97.3015194118
97.3015194122
97.3015194127
97.3015194131
97.3015194135
97.3015194139
97.3015194143
97.3015194147
97.3015194151
97.3015194154
97.3015194158
97.3015194162
97.3015194166
97.301519417
97.3015194174
97.3015194178
97.3015194182
97.3015194185
97.3015194189
97.3015194193
97.3015194197
97.30151942
97.3015194204
97.3015194208
97.3015194211
97.3015194215
97.3015194219
97.3015194222
97.3015194226
97.3015194229
97.3015194233
97.3015194237
97.301519424
97.3015194244
97.3015194247
97.3015194251
97.3015194254
97.3015194258
97.3015194261
97.3015194264
97.3015194268
97.3015194271
97.3015194275
97.3015194278
97.3015194281
97.3015194285
97.3015194288
97.3015194291
97.3015194295
97.3015194298
97.3015194301
97.3015194304
97.3015194308
97.3015194311
97.3015194314
97.3015194317
97.301519432
97.3015194323
97.3015194327
97.301519433
97.3015194333
97.3015194336
97.3015194339
97.3015194342
97.3015194345
97.3015194348
97.3015194351
97.3015194354
97.3015194357
97.301519436
97.3015194363
97.3015194366
97.3015194369
97.3015194372
97.3015194375
97.3015194378
97.3015194381
97.3015194383
97.3015194386
97.3015194389
97.3015194392
97.3015194395
97.3015194398
97.30151944
97.3015194403
97.3015194406
97.3015194409
97.3015194411
97.3015194414
97.3015194417
97.301519442
97.3015194422
97.3015194425
97.3015194428
97.301519443
97.3015194433
97.3015194435
97.3015194438
97.3015194441
97.3015194443
97.3015194446
97.3015194448
97.3015194451
97.3015194454
97.3015194456
97.3015194459
97.3015194461
97.3015194464
97.3015194466
97.3015194469
97.3015194471
97.3015194473
97.3015194476
97.3015194478
97.3015194481
97.3015194483
97.3015194486
97.3015194488
97.301519449
97.3015194493
97.3015194495
97.3015194497
97.30151945
97.3015194502
97.3015194504
97.3015194507
97.3015194509
97.3015194511
97.3015194513
97.3015194516
97.3015194518
97.301519452
97.3015194522
97.3015194525
97.3015194527
97.3015194529
97.3015194531
97.3015194533
97.3015194535
97.3015194538
97.301519454
97.3015194542
97.3015194544
97.3015194546
97.3015194548
97.301519455
97.3015194552
97.3015194554
97.3015194557
97.3015194559
97.3015194561
97.3015194563
97.3015194565
97.3015194567
97.3015194569
97.3015194571
97.3015194573
97.3015194575
97.3015194577
97.3015194579
97.3015194581
97.3015194583
97.3015194584
97.3015194586
97.3015194588
97.301519459
97.3015194592
97.3015194594
97.3015194596
97.3015194598
97.30151946
97.3015194601
97.3015194603
97.3015194605
97.3015194607
97.3015194609
97.3015194611
97.3015194612
97.3015194614
97.3015194616
97.3015194618
97.301519462
97.3015194621
97.3015194623
97.3015194625
97.3015194627
97.3015194628
97.301519463
97.3015194632
97.3015194633
97.3015194635
97.3015194637
97.3015194638
97.301519464
97.3015194642
97.3015194643
97.3015194645
97.3015194647
97.3015194648
97.301519465
97.3015194652
97.3015194653
97.3015194655
97.3015194656
97.3015194658
97.301519466
97.3015194661
97.3015194663
97.3015194664
97.3015194666
97.3015194667
97.3015194669
97.3015194671
97.3015194672
97.3015194674
97.3015194675
97.3015194677
97.3015194678
97.301519468
97.3015194681
97.3015194683
97.3015194684
97.3015194685
97.3015194687
97.3015194688
97.301519469
97.3015194691
97.3015194693
97.3015194694
97.3015194696
97.3015194697
97.3015194698
97.30151947
97.3015194701
97.3015194702
97.3015194704
97.3015194705
97.3015194707
97.3015194708
97.3015194709
97.3015194711
97.3015194712
97.3015194713
97.3015194715
97.3015194716
97.3015194717
97.3015194719
97.301519472
97.3015194721
97.3015194722
97.3015194724
97.3015194725
97.3015194726
97.3015194728
97.3015194729
97.301519473
97.3015194731
97.3015194733
97.3015194734
97.3015194735
97.3015194736
97.3015194738
97.3015194739
97.301519474
97.3015194741
97.3015194742
97.3015194744
97.3015194745
97.3015194746
97.3015194747
97.3015194748
97.3015194749
97.3015194751
97.3015194752
97.3015194753
97.3015194754
97.3015194755
97.3015194756
97.3015194757
97.3015194759
97.301519476
97.3015194761
97.3015194762
97.3015194763
97.3015194764
97.3015194765
97.3015194766
97.3015194767
97.3015194768
97.3015194769
97.3015194771
97.3015194772
97.3015194773
97.3015194774
97.3015194775
97.3015194776
97.3015194777
97.3015194778
97.3015194779
97.301519478
97.3015194781
97.3015194782
97.3015194783
97.3015194784
97.3015194785
97.3015194786
97.3015194787
97.3015194788
97.3015194789
97.301519479
97.3015194791
97.3015194792
97.3015194793
97.3015194794
97.3015194795
97.3015194796
97.3015194797
97.3015194798
97.3015194798
97.3015194799
97.30151948
97.3015194801
97.3015194802
97.3015194803
97.3015194804
97.3015194805
97.3015194806
97.3015194807
97.3015194808
97.3015194809
97.3015194809
97.301519481
97.3015194811
97.3015194812
97.3015194813
97.3015194814
97.3015194815
97.3015194815
97.3015194816
97.3015194817
97.3015194818
97.3015194819
97.301519482
97.3015194821
97.3015194821
97.3015194822
97.3015194823
97.3015194824
97.3015194825
97.3015194825
97.3015194826
97.3015194827
97.3015194828
97.3015194829
97.3015194829
97.301519483
97.3015194831
97.3015194832
97.3015194833
97.3015194833
97.3015194834
97.3015194835
97.3015194836
97.3015194836
97.3015194837
97.3015194838
97.3015194839
97.3015194839
97.301519484
97.3015194841
97.3015194842
97.3015194842
97.3015194843
97.3015194844
97.3015194845
97.3015194845
97.3015194846
97.3015194847
97.3015194847
97.3015194848
97.3015194849
97.301519485
97.301519485
97.3015194851
97.3015194852
97.3015194852
97.3015194853
97.3015194854
97.3015194854
97.3015194855
97.3015194856
97.3015194856
97.3015194857
97.3015194858
97.3015194858
97.3015194859
97.301519486
97.301519486
97.3015194861
97.3015194862
97.3015194862
97.3015194863
97.3015194863
97.3015194864
97.3015194865
97.3015194865
97.3015194866
97.3015194867
97.3015194867
97.3015194868
97.3015194868
97.3015194869
97.301519487
97.301519487
97.3015194871
97.3015194871
97.3015194872
97.3015194873
97.3015194873
97.3015194874
97.3015194874
97.3015194875
97.3015194876
97.3015194876
97.3015194877
97.3015194877
97.3015194878
97.3015194878
97.3015194879
97.301519488
97.301519488
97.3015194881
97.3015194881
97.3015194882
97.3015194882
97.3015194883
97.3015194883
97.3015194884
97.3015194884
97.3015194885
97.3015194885
97.3015194886
97.3015194887
97.3015194887
97.3015194888
97.3015194888
97.3015194889
97.3015194889
97.301519489
97.301519489
97.3015194891
97.3015194891
97.3015194892
97.3015194892
97.3015194893
97.3015194893
97.3015194894
97.3015194894
97.3015194895
97.3015194895
97.3015194896
97.3015194896
97.3015194897
97.3015194897
97.3015194898
97.3015194898
97.3015194898
97.3015194899
97.3015194899
97.30151949
97.30151949
97.3015194901
97.3015194901
97.3015194902
97.3015194902
97.3015194903
97.3015194903
97.3015194904
97.3015194904
97.3015194904
97.3015194905
97.3015194905
97.3015194906
97.3015194906
97.3015194907
97.3015194907
97.3015194907
97.3015194908
97.3015194908
97.3015194909
97.3015194909
97.301519491
97.301519491
97.301519491
97.3015194911
97.3015194911
97.3015194912
97.3015194912
97.3015194912
97.3015194913
97.3015194913
97.3015194914
97.3015194914
97.3015194914
97.3015194915
97.3015194915
97.3015194916
97.3015194916
97.3015194916
97.3015194917
97.3015194917
97.3015194918
97.3015194918
97.3015194918
97.3015194919
97.3015194919
97.3015194919
97.301519492
97.301519492
97.3015194921
97.3015194921
97.3015194921
97.3015194922
97.3015194922
97.3015194922
97.3015194923
97.3015194923
97.3015194923
97.3015194924
97.3015194924
97.3015194924
97.3015194925
97.3015194925
97.3015194926
97.3015194926
97.3015194926
97.3015194927
97.3015194927
97.3015194927
97.3015194928
97.3015194928
97.3015194928
97.3015194929
97.3015194929
97.3015194929
97.301519493
97.301519493
97.301519493
97.301519493
97.3015194931
97.3015194931
97.3015194931
97.3015194932
97.3015194932
97.3015194932
97.3015194933
97.3015194933
97.3015194933
97.3015194934
97.3015194934
97.3015194934
97.3015194935
97.3015194935
97.3015194935
97.3015194935
97.3015194936
97.3015194936
97.3015194936
97.3015194937
97.3015194937
97.3015194937
97.3015194937
97.3015194938
97.3015194938
97.3015194938
97.3015194939
97.3015194939
97.3015194939
97.3015194939
97.301519494
97.301519494
97.301519494
97.3015194941
97.3015194941
97.3015194941
97.3015194941
97.3015194942
97.3015194942
97.3015194942
97.3015194942
97.3015194943
97.3015194943
97.3015194943
97.3015194944
97.3015194944
97.3015194944
97.3015194944
97.3015194945
97.3015194945
97.3015194945
97.3015194945
97.3015194946
97.3015194946
97.3015194946
97.3015194946
97.3015194947
97.3015194947
97.3015194947
97.3015194947
97.3015194948
97.3015194948
97.3015194948
97.3015194948
97.3015194948
97.3015194949
97.3015194949
97.3015194949
97.3015194949
97.301519495
97.301519495
97.301519495
97.301519495
97.3015194951
97.3015194951
97.3015194951
97.3015194951
97.3015194951
97.3015194952
97.3015194952
97.3015194952
97.3015194952
97.3015194953
97.3015194953
97.3015194953
97.3015194953
97.3015194953
97.3015194954
97.3015194954
97.3015194954
97.3015194954
97.3015194955
97.3015194955
97.3015194955
97.3015194955
97.3015194955
97.3015194956
97.3015194956
97.3015194956
97.3015194956
97.3015194956
97.3015194957
97.3015194957
97.3015194957
97.3015194957
97.3015194957
97.3015194958
97.3015194958
97.3015194958
97.3015194958
97.3015194958
97.3015194959
97.3015194959
97.3015194959
97.3015194959
97.3015194959
97.3015194959
97.301519496
97.301519496
97.301519496
97.301519496
97.301519496
97.3015194961
97.3015194961
97.3015194961
97.3015194961
97.3015194961
97.3015194961
97.3015194962
97.3015194962
97.3015194962
97.3015194962
97.3015194962
97.3015194963
97.3015194963
97.3015194963
97.3015194963
97.3015194963
97.3015194963
97.3015194964
97.3015194964
97.3015194964
97.3015194964
97.3015194964
97.3015194964
97.3015194965
97.3015194965
97.3015194965
97.3015194965
97.3015194965
97.3015194965
97.3015194965
97.3015194966
97.3015194966
97.3015194966
97.3015194966
97.3015194966
97.3015194966
97.3015194967
97.3015194967
97.3015194967
97.3015194967
97.3015194967
97.3015194967
97.3015194967
97.3015194968
97.3015194968
97.3015194968
97.3015194968
97.3015194968
97.3015194968
97.3015194968
97.3015194969
97.3015194969
97.3015194969
97.3015194969
97.3015194969
97.3015194969
97.3015194969
97.301519497
97.301519497
97.301519497
97.301519497
97.301519497
97.301519497
97.301519497
97.3015194971
97.3015194971
97.3015194971
97.3015194971
97.3015194971
97.3015194971
97.3015194971
97.3015194972
97.3015194972
97.3015194972
97.3015194972
97.3015194972
97.3015194972
97.3015194972
97.3015194972
97.3015194973
97.3015194973
97.3015194973
97.3015194973
97.3015194973
97.3015194973
97.3015194973
97.3015194973
97.3015194974
97.3015194974
97.3015194974
97.3015194974
97.3015194974
97.3015194974
97.3015194974
97.3015194974
97.3015194974
97.3015194975
97.3015194975
97.3015194975
97.3015194975
97.3015194975
97.3015194975
97.3015194975
97.3015194975
97.3015194975
97.3015194976
97.3015194976
97.3015194976
97.3015194976
97.3015194976
97.3015194976
97.3015194976
97.3015194976
97.3015194976
97.3015194977
97.3015194977
97.3015194977
97.3015194977
97.3015194977
97.3015194977
97.3015194977
97.3015194977
97.3015194977
97.3015194978
97.3015194978
97.3015194978
97.3015194978
97.3015194978
97.3015194978
97.3015194978
97.3015194978
97.3015194978
97.3015194978
97.3015194979
97.3015194979
97.3015194979
97.3015194979
97.3015194979
97.3015194979
97.3015194979
97.3015194979
97.3015194979
97.3015194979
97.3015194979
97.301519498
97.301519498
97.301519498
97.301519498
97.301519498
97.301519498
97.301519498
97.301519498
97.301519498
97.301519498
97.301519498
97.3015194981
97.3015194981
97.3015194981
97.3015194981
97.3015194981
97.3015194981
97.3015194981
97.3015194981
97.3015194981
97.3015194981
97.3015194981
97.3015194982
97.3015194982
97.3015194982
97.3015194982
97.3015194982
97.3015194982
97.3015194982
97.3015194982
97.3015194982
97.3015194982
97.3015194982
97.3015194982
97.3015194982
97.3015194983
97.3015194983
97.3015194983
97.3015194983
97.3015194983
97.3015194983
97.3015194983
97.3015194983
97.3015194983
97.3015194983
97.3015194983
97.3015194983
97.3015194983
97.3015194984
97.3015194984
97.3015194984
97.3015194984
97.3015194984
97.3015194984
97.3015194984
97.3015194984
97.3015194984
97.3015194984
97.3015194984
97.3015194984
97.3015194984
97.3015194985
97.3015194985
97.3015194985
97.3015194985
97.3015194985
97.3015194985
97.3015194985
97.3015194985
97.3015194985
97.3015194985
97.3015194985
97.3015194985
97.3015194985
97.3015194985
97.3015194985
97.3015194986
97.3015194986
97.3015194986
97.3015194986
97.3015194986
97.3015194986
97.3015194986
97.3015194986
97.3015194986
97.3015194986
97.3015194986
97.3015194986
97.3015194986
97.3015194986
97.3015194986
97.3015194986
97.3015194987
97.3015194987
97.3015194987
97.3015194987
97.3015194987
97.3015194987
97.3015194987
97.3015194987
97.3015194987
97.3015194987
97.3015194987
97.3015194987
97.3015194987
97.3015194987
97.3015194987
97.3015194987
97.3015194987
97.3015194988
97.3015194988
97.3015194988
97.3015194988
97.3015194988
97.3015194988
97.3015194988
97.3015194988
97.3015194988
97.3015194988
97.3015194988
97.3015194988
97.3015194988
97.3015194988
97.3015194988
97.3015194988
97.3015194988
97.3015194988
97.3015194988
97.3015194989
97.3015194989
97.3015194989
97.3015194989
97.3015194989
97.3015194989
97.3015194989
97.3015194989
97.3015194989
97.3015194989
97.3015194989
97.3015194989
97.3015194989
97.3015194989
97.3015194989
97.3015194989
97.3015194989
97.3015194989
97.3015194989
97.3015194989
97.301519499
97.301519499
97.301519499
97.301519499
97.301519499
97.301519499
97.301519499
97.301519499
97.301519499
97.301519499
97.301519499
97.301519499
97.301519499
97.301519499
97.301519499
97.301519499
97.301519499
97.301519499
97.301519499
97.301519499
97.301519499
97.301519499
97.301519499
97.3015194991
97.3015194991
97.3015194991
97.3015194991
97.3015194991
97.3015194991
97.3015194991
97.3015194991
97.3015194991
97.3015194991
97.3015194991
97.3015194991
97.3015194991
97.3015194991
97.3015194991
97.3015194991
97.3015194991
97.3015194991
97.3015194991
97.3015194991
97.3015194991
97.3015194991
97.3015194991
97.3015194991
97.3015194991
97.3015194992
97.3015194992
97.3015194992
97.3015194992
97.3015194992
97.3015194992
97.3015194992
97.3015194992
97.3015194992
97.3015194992
97.3015194992
97.3015194992
97.3015194992
97.3015194992
97.3015194992
97.3015194992
97.3015194992
97.3015194992
97.3015194992
97.3015194992
97.3015194992
97.3015194992
97.3015194992
97.3015194992
97.3015194992
97.3015194992
97.3015194992
97.3015194992
97.3015194992
97.3015194993
97.3015194993
97.3015194993
97.3015194993
97.3015194993
97.3015194993
97.3015194993
97.3015194993
97.3015194993
97.3015194993
97.3015194993
97.3015194993
97.3015194993
97.3015194993
97.3015194993
97.3015194993
97.3015194993
97.3015194993
97.3015194993
97.3015194993
97.3015194993
97.3015194993
97.3015194993
97.3015194993
97.3015194993
97.3015194993
97.3015194993
97.3015194993
97.3015194993
97.3015194993
97.3015194993
97.3015194993
97.3015194993
97.3015194994
97.3015194994
97.3015194994
97.3015194994
97.3015194994
97.3015194994
97.3015194994
97.3015194994
97.3015194994
97.3015194994
97.3015194994
97.3015194994
97.3015194994
97.3015194994
97.3015194994
97.3015194994
97.3015194994
97.3015194994
97.3015194994
97.3015194994
97.3015194994
97.3015194994
97.3015194994
97.3015194994
97.3015194994
97.3015194994
97.3015194994
97.3015194994
97.3015194994
97.3015194994
97.3015194994
97.3015194994
97.3015194994
97.3015194994
97.3015194994
97.3015194994
97.3015194994
97.3015194994
97.3015194995
97.3015194995
97.3015194995
97.3015194995
97.3015194995
97.3015194995
97.3015194995
97.3015194995
97.3015194995
97.3015194995
97.3015194995
97.3015194995
97.3015194995
97.3015194995
97.3015194995
97.3015194995
97.3015194995
97.3015194995
97.3015194995
97.3015194995
97.3015194995
97.3015194995
97.3015194995
97.3015194995
97.3015194995
97.3015194995
97.3015194995
97.3015194995
97.3015194995
97.3015194995
97.3015194995
97.3015194995
97.3015194995
97.3015194995
97.3015194995
97.3015194995
97.3015194995
97.3015194995
97.3015194995
97.3015194995
97.3015194995
97.3015194995
97.3015194995
97.3015194995
97.3015194995
97.3015194995
97.3015194995
97.3015194995
97.3015194996
97.3015194996
97.3015194996
97.3015194996
97.3015194996
97.3015194996
97.3015194996
97.3015194996
97.3015194996
97.3015194996
97.3015194996
97.3015194996
97.3015194996
97.3015194996
97.3015194996
97.3015194996
97.3015194996
97.3015194996
97.3015194996
97.3015194996
97.3015194996
97.3015194996
97.3015194996
97.3015194996
97.3015194996
97.3015194996
97.3015194996
97.3015194996
97.3015194996
97.3015194996
97.3015194996
97.3015194996
97.3015194996
97.3015194996
97.3015194996
97.3015194996
97.3015194996
97.3015194996
97.3015194996
97.3015194996
97.3015194996
97.3015194996
97.3015194996
97.3015194996
97.3015194996
97.3015194996
97.3015194996
97.3015194996
97.3015194996
97.3015194996
97.3015194996
97.3015194996
97.3015194996
97.3015194996
97.3015194996
97.3015194996
97.3015194996
97.3015194996
97.3015194996
97.3015194996
97.3015194996
97.3015194997
97.3015194997
97.3015194997
97.3015194997
97.3015194997
97.3015194997
97.3015194997
97.3015194997
97.3015194997
97.3015194997
97.3015194997
97.3015194997
97.3015194997
97.3015194997
97.3015194997
97.3015194997
97.3015194997
97.3015194997
97.3015194997
97.3015194997
97.3015194997
97.3015194997
97.3015194997
97.3015194997
97.3015194997
97.3015194997
97.3015194997
97.3015194997
97.3015194997
97.3015194997
97.3015194997
97.3015194997
97.3015194997
97.3015194997
97.3015194997
97.3015194997
97.3015194997
97.3015194997
97.3015194997
97.3015194997
97.3015194997
97.3015194997
97.3015194997
97.3015194997
97.3015194997
97.3015194997
97.3015194997
97.3015194997
97.3015194997
97.3015194997
97.3015194997
97.3015194997
97.3015194997
97.3015194997
97.3015194997
97.3015194997
97.3015194997
97.3015194997
97.3015194997
97.3015194997
97.3015194997
97.3015194997
97.3015194997
97.3015194997
97.3015194997
97.3015194997
97.3015194997
97.3015194997
97.3015194997
97.3015194997
97.3015194997
97.3015194997
97.3015194997
97.3015194997
97.3015194997
97.3015194997
97.3015194997
97.3015194997
97.3015194997
97.3015194997
97.3015194997
97.3015194997
97.3015194997
97.3015194997
97.3015194997
97.3015194997
97.3015194998
97.3015194998
97.3015194998
97.3015194998
97.3015194998
97.3015194998
97.3015194998
97.3015194998
97.3015194998
97.3015194998
97.3015194998
97.3015194998
97.3015194998
97.3015194998
97.3015194998
97.3015194998
97.3015194998
97.3015194998
97.3015194998
97.3015194998
97.3015194998
97.3015194998
97.3015194998
97.3015194998
97.3015194998
97.3015194998
97.3015194998
97.3015194998
97.3015194998
97.3015194998
97.3015194998
97.3015194998
97.3015194998
97.3015194998
97.3015194998
97.3015194998
97.3015194998
97.3015194998
97.3015194998
97.3015194998
97.3015194998
97.3015194998
97.3015194998
97.3015194998
97.3015194998
97.3015194998
97.3015194998
97.3015194998
97.3015194998
97.3015194998
97.3015194998
97.3015194998
97.3015194998
97.3015194998
97.3015194998
97.3015194998
97.3015194998
97.3015194998
97.3015194998
97.3015194998
97.3015194998
97.3015194998
97.3015194998
97.3015194998
97.3015194998
97.3015194998
97.3015194998
97.3015194998
97.3015194998
97.3015194998
97.3015194998
97.3015194998
97.3015194998
97.3015194998
97.3015194998
97.3015194998
97.3015194998
97.3015194998
97.3015194998
97.3015194998
97.3015194998
97.3015194998
97.3015194998
97.3015194998
97.3015194998
97.3015194998
97.3015194998
97.3015194998
97.3015194998
97.3015194998
97.3015194998
97.3015194998
97.3015194998
97.3015194998
97.3015194998
97.3015194998
97.3015194998
97.3015194998
97.3015194998
97.3015194998
97.3015194998
97.3015194998
97.3015194998
97.3015194998
97.3015194998
97.3015194998
97.3015194998
97.3015194998
97.3015194998
97.3015194998
97.3015194998
97.3015194998
97.3015194998
97.3015194998
97.3015194998
97.3015194998
97.3015194998
97.3015194998
97.3015194998
97.3015194998
97.3015194998
97.3015194998
97.3015194998
97.3015194998
97.3015194998
97.3015194998
97.3015194998
97.3015194998
97.3015194998
97.3015194998
97.3015194998
97.3015194998
97.3015194998
97.3015194998
97.3015194998
97.3015194998
97.3015194998
97.3015194998
97.3015194998
97.3015194998
97.3015194998
97.3015194998
97.3015194998
97.3015194998
97.3015194999
97.3015194999
97.3015194999
97.3015194999
97.3015194999
97.3015194999
97.3015194999
97.3015194999
97.3015194999
97.3015194999
97.3015194999
97.3015194999
97.3015194999
97.3015194999
97.3015194999
97.3015194999
97.3015194999
97.3015194999
97.3015194999
97.3015194999
97.3015194999
97.3015194999
97.3015194999
97.3015194999
97.3015194999
97.3015194999
97.3015194999
97.3015194999
97.3015194999
97.3015194999
97.3015194999
97.3015194999
97.3015194999
97.3015194999
97.3015194999
97.3015194999
97.3015194999
97.3015194999
97.3015194999
97.3015194999
97.3015194999
97.3015194999
97.3015194999
97.3015194999
97.3015194999
97.3015194999
97.3015194999
97.3015194999
97.3015194999
97.3015194999
97.3015194999
97.3015194999
97.3015194999
97.3015194999
97.3015194999
97.3015194999
97.3015194999
97.3015194999
97.3015194999
97.3015194999
97.3015194999
97.3015194999
97.3015194999
97.3015194999
97.3015194999
