1.17709969832	1.94059809813	0.413601298511
1.72112985882	2.47981956981	0.962440238718
2.26193886493	3.01584838911	1.50802952143
2.7995457888	3.54870345926	2.05038838775
3.33396958968	4.07840357157	2.58953596488
3.86522911456	4.60496740609	3.12549126675
4.39334309885	5.12841353227	3.65827319473
4.918330167	5.64876040961	4.18790053825
5.44020883321	6.16602638831	4.71439197551
5.95899750206	6.68022970994	5.2377660741
6.47471446914	7.19138850803	5.7580412917
6.98737792173	7.69952080877	6.27523597667
7.49700593941	8.20464453162	6.78936836874
8.00361649474	8.70677748993	7.30045659965
8.50722745383	9.20593739158	7.80851869378
9.00785657703	9.70214183961	8.31357256879
9.50552151952	10.1954083328	8.81563603625
10.000239832	10.6857542665	9.31472680225
10.4920289611	11.1731969327	9.81086246808
10.9809062503	11.6577535214	10.3040605308
11.4668889404	12.1394411206	10.7943383838
11.9499941701	12.6182767171	11.2817133176
12.4302389764	13.0942771973	11.7662025203
12.9076402958	13.5674593475	12.2478230782
13.3822149643	14.0378398546	12.7265919764
13.8539797181	14.5054353066	13.2025260996
14.3229511947	14.9702621936	13.6756422324
14.7891459326	15.4323369078	14.1459570599
15.2525803728	15.8916757445	14.6134871686
15.7132708587	16.3482949022	15.0782490468
16.1712336371	16.802210484	15.540259085
16.6264848584	17.2534384972	15.9995335768
17.0790405775	17.7019948546	16.4560887193
17.5289167543	18.1478953746	16.9099406137
17.9761292541	18.5911557821	17.3611052657
18.4206938483	19.0317917088	17.8095985866
18.8626262148	19.4698186939	18.2554363931
19.301941939	19.9052521846	18.6986344084
19.7386565137	20.3381075364	19.1392082628
20.1727853401	20.7684000144	19.5771734936
20.6043437281	21.1961447927	20.0125455466
21.0333468971	21.6213569561	20.4453397759
21.4598099764	22.0440514998	20.8755714446
21.8837480055	22.4642433301	21.3032557256
22.3051759351	22.8819472654	21.7284077019
22.7241086272	23.297178036	22.1510423672
23.140560856	23.7099502853	22.5711746263
23.554547308	24.1202785697	22.9888192961
23.9660825829	24.5281773597	23.4039911053
24.3751811939	24.93366104	23.8167046958
24.7818575682	25.33674391	24.2269746226
25.1861260477	25.7374401846	24.6348153544
25.5880008894	26.1357639944	25.0402412746
25.9874962657	26.5317293866	25.4432666811
26.3846262653	26.925350325	25.8439057873
26.7794048933	27.3166406906	26.2421727223
27.171846072	27.7056142826	26.6380815319
27.5619636413	28.0922848182	27.0316461782
27.9497713589	28.4766659334	27.4228805411
28.3352829014	28.8587711836	27.811798418
28.7185118642	29.2386140439	28.1984135249
29.0994717623	29.6162079095	28.5827394963
29.4781760305	29.9915660964	28.9647898861
29.8546380243	30.3647018417	29.344578168
30.22887102	30.7356283043	29.7221177359
30.6008882153	31.1043585648	30.0974219042
30.9707027297	31.4709056268	30.4705039088
31.3383276051	31.8352824167	30.841376907
31.7037758061	32.1975017842	31.2100539782
32.0670602207	32.5575765033	31.5765481245
32.4281936605	32.915519272	31.9408722709
32.7871888612	33.2713427133	32.3030392659
33.1440584831	33.6250593754	32.6630618819
33.4988151115	33.9766817323	33.0209528157
33.8514712574	34.3262221841	33.3767246889
34.2020393574	34.6736930574	33.7303900484
34.5505317748	35.0191066059	34.0819613669
34.8969607994	35.3624750107	34.431451043
35.2413386485	35.7038103808	34.7788714021
35.5836774668	36.0431247535	35.1242346966
35.9239893273	36.3804300949	35.4675531063
36.2622862314	36.7157383001	35.8088387388
36.5985801095	37.0490611939	36.1481036303
36.9328828213	37.380410531	36.4853597453
37.2652061563	37.7097979967	36.8206189779
37.5955618344	38.0372352067	37.1538931514
37.9239615057	38.3627337084	37.4851940194
38.2504167516	38.6863049805	37.8145332658
38.574939085	39.0079604338	38.1419225052
38.8975399503	39.3277114118	38.4673732836
39.2182307245	39.6455691904	38.7908970785
39.537022717	39.961544979	39.1125052995
39.8539271704	40.2756499207	39.4322092888
40.1689552605	40.5878950925	39.7500203211
40.4821180972	40.8982915057	40.0659496047
40.7934267245	41.2068501066	40.3800082812
41.102892121	41.5135817767	40.6922074266
41.4105252003	41.8184973329	41.0025580509
41.7163368114	42.1216075281	41.3110710993
42.020337739	42.4229230517	41.6177574521
42.322538704	42.7224545297	41.9226279248
42.6229503639	43.020212525	42.2256932695
42.9215833129	43.3162075384	42.5269641741
43.2184480827	43.610450008	42.8264512635
43.5135551425	43.9029503105	43.1241650996
43.8069148995	44.193718761	43.4201161817
44.0985376994	44.4827656136	43.7143149471
44.3884338265	44.7701010615	44.0067717712
44.6766135043	45.0557352378	44.297496968
44.9630868957	45.3396782154	44.5865007903
45.2478641036	45.6219400077	44.8737934305
45.5309551709	45.9025305687	45.1593850202
45.812370081	46.1814597936	45.4432856315
46.0921187583	46.4587375188	45.7255052764
46.3702110685	46.7343735228	46.006053908
46.6466568188	47.0083775258	46.2849414204
46.9214657582	47.2807591907	46.5621776488
47.1946475783	47.5515281231	46.8377723705
47.4662119129	47.8206938719	47.1117353049
47.7361683393	48.0882659291	47.3840761137
48.0045263775	48.3542537309	47.6548044013
48.2712954915	48.6186666574	47.9239297156
48.5364850893	48.8815140331	48.1914615477
48.8001045229	49.1428051275	48.4574093325
49.0621630892	49.4025491552	48.7217824492
49.3226700299	49.660755276	48.9845902212
49.5816345321	49.9174325957	49.2458419169
49.8390657284	50.1725901661	49.5055467499
50.0949726974	50.4262369854	49.763713879
50.3493644639	50.6783819985	50.020352409
50.6022499993	50.9290340975	50.2754713905
50.8536382218	51.1782021216	50.5290798209
51.103537997	51.4258948579	50.781186644
51.3519581376	51.6721210413	51.0318007508
51.5989074047	51.9168893551	51.2809309796
51.844394507	52.160208431	51.5285861165
52.0884281019	52.4020868499	51.7747748954
52.3310167954	52.6425331417	52.0195059985
52.5721691429	52.8815557857	52.2627880567
52.8118936486	53.1191632111	52.5046296498
53.0501987667	53.3553637974	52.7450393066
53.2870929014	53.5901658742	52.9840255058
53.5225844069	53.8235777218	53.2215966754
53.756681588	54.0556075715	53.4577611938
53.9893927004	54.2862636061	53.6925273898
54.2207259509	54.5155539597	53.9259035429
54.4506894978	54.7434867182	54.1578978833
54.6792914509	54.9700699198	54.3885185927
54.906539872	55.195311555	54.6177738045
55.1324427754	55.4192195671	54.8456716036
55.3570081276	55.6418018522	55.0722200273
55.5802438484	55.8630662597	55.2974270651
55.8021578101	56.0830205927	55.5213006594
56.022757839	56.3016726079	55.7438487054
56.2420517146	56.5190300161	55.9650790517
56.4600471706	56.7351004825	56.1849995003
56.6767518949	56.949891627	56.403617807
56.8921735296	57.1634110241	56.620941682
57.1063196719	57.3756662037	56.8369787893
57.3191978739	57.5866646511	57.0517367479
57.5308156429	57.7964138072	57.2652231316
57.7411804418	58.0049210688	57.4774454695
57.9502996894	58.2121937891	57.6884112457
58.1581807604	58.4182392776	57.8981279005
58.364830986	58.6230648005	58.1066028298
58.570257654	58.8266775812	58.3138433858
58.7744680088	59.0290848	58.5198568772
58.9774692522	59.2302935949	58.7246505695
59.1792685432	59.4303110616	58.9282316849
59.3798729985	59.6291442538	59.1306074032
59.5792896925	59.8268001834	59.3317848615
59.777525658	60.0232858209	59.5317711546
59.9745878859	60.2186080953	59.7305733353
60.1704833258	60.4127738947	59.9281984148
60.3652188861	60.6057900665	60.1246533627
60.5588014344	60.7976634175	60.3199451072
60.7512377976	60.9884007141	60.5140805356
60.9425347622	61.1780086827	60.7070664945
61.1326990743	61.36649401	60.8989097898
61.3217374404	61.5538633428	61.0896171872
61.5096565271	61.740123289	61.2791954123
61.6964629615	61.9252804169	61.4676511509
61.8821633315	62.1093412563	61.6549910492
62.0667641861	62.292312298	61.8412217141
62.2502720354	62.4741999946	62.0263497132
62.432693351	62.6550107605	62.2103815755
62.6140345661	62.834750972	62.3933237912
62.7943020759	63.0134269677	62.5751828119
62.9735022378	63.1910450486	62.7559650513
63.1516413714	63.3676114786	62.9356768849
63.3287257589	63.5431324842	63.1143246506
63.5047616455	63.7176142553	63.2919146487
63.6797552392	63.8910629451	63.4684531422
63.8537127113	64.0634846703	63.6439463571
64.0266401966	64.2348855114	63.8184004823
64.1985437936	64.4052715129	63.9918216703
64.3694295646	64.5746486835	64.1642160372
64.5393035361	64.7430229963	64.3355896625
64.7081716988	64.9104003892	64.5059485903
64.8760400082	65.0767867647	64.6752988283
65.0429143841	65.2421879906	64.8436463491
65.2088007116	65.4066098997	65.0109970898
65.3737048409	65.5700582904	65.1773569521
65.5376325874	65.7325389269	65.3427318031
65.7005897323	65.894057539	65.507127475
65.8625820223	66.0546198228	65.6705497655
66.0236151703	66.2142314405	65.8330044379
66.1836948553	66.3728980208	65.9944972215
66.3428267227	66.5306251593	66.1550338115
66.5010163844	66.6874184182	66.3146198697
66.6582694191	66.8432833269	66.473261024
66.8145913725	66.998225382	66.6309628691
66.9699877575	67.1522500476	66.7877309668
67.1244640542	67.3053627554	66.9435708457
67.2780257105	67.457568905	67.0984880017
67.4306781418	67.6088738639	67.2524878983
67.5824267316	67.7592829681	67.4055759665
67.7332768314	67.9088015218	67.5577576053
67.8832337611	68.0574347977	67.7090381815
68.0323028091	68.2051880374	67.8594230303
68.1804892325	68.3520664516	68.0089174554
68.3277982572	68.4980752199	68.1575267288
68.4742350782	68.6432194914	68.3052560916
68.6198048598	68.7875043847	68.4521107536
68.7645127356	68.930934988	68.5980958939
68.9083638088	69.0735163594	68.743216661
69.0513631526	69.2152535271	68.8874781727
69.1935158099	69.3561514895	69.0308855168
69.334826794	69.4962152155	69.1734437506
69.4753010882	69.6354496444	69.3151579017
69.6149436466	69.7738596864	69.456032968
69.7537593937	69.9114502225	69.5960739175
69.8917532251	70.0482261049	69.7352856892
70.0289300073	70.1841921572	69.8736731925
70.1652945778	70.3193531741	70.0112413079
70.3008517459	70.4537139221	70.147994887
70.4356062919	70.5872791396	70.2839387526
70.5695629682	70.7200535367	70.419077699
70.7027264989	70.8520417958	70.553416492
70.8351015801	70.9832485715	70.6869598695
70.9666928802	71.1136784909	70.819712541
71.0975050398	71.2433361536	70.9516791882
71.2275426722	71.372226132	71.0828644652
71.3568103634	71.5003529714	71.2132729984
71.4853126719	71.6277211904	71.342909387
71.6130541297	71.7543352806	71.4717782027
71.7400392416	71.880199707	71.5998839904
71.866272486	72.0053189084	71.7272312678
71.9917583144	72.129697297	71.8538245262
72.1165011524	72.2533392592	71.97966823
72.2405053991	72.3762491553	72.1047668173
72.3637754276	72.4984313195	72.2291247
72.4863155852	72.6198900609	72.3527462637
72.6081301934	72.7406296626	72.4756358682
72.7292235481	72.8606543826	72.5977978473
72.8495999197	72.9799684536	72.7192365093
72.9692635535	73.0985760832	72.8399561369
73.0882186695	73.2164814542	72.9599609875
73.2064694629	73.3336887245	73.0792552934
73.3240201037	73.4502020275	73.1978432615
73.4408747376	73.5660254721	73.3157290741
73.5570374856	73.6811631428	73.4329168887
73.6725124442	73.7956191	73.549410838
73.7873036858	73.90939738	73.6652150305
73.9014152587	74.0225019953	73.7803335501
74.014851187	74.1349369346	73.8947704567
74.1276154712	74.2467061628	74.008529786
74.2397120882	74.3578136215	74.1216155501
74.3511449909	74.4682632291	74.2340317371
74.4619181093	74.5780588804	74.3457823115
74.5720353499	74.6872044477	74.4568712144
74.6815005961	74.7957037798	74.5673023635
74.7903177082	74.903560703	74.6770796533
74.8984905238	75.010779021	74.7862069554
75.0060228578	75.1173625148	74.8946881183
75.1129185024	75.2233149431	75.0025269678
75.2191812273	75.3286400425	75.109727307
75.32481478	75.4333415271	75.2162929164
75.4298228858	75.5374230894	75.3222275543
75.534209248	75.6408883999	75.4275349567
75.6379775477	75.7437411071	75.5322188374
75.7411314445	75.8459848384	75.6362828882
75.8436745762	75.9476231993	75.7397307791
75.9456105591	76.0486597742	75.8425661585
76.0469429881	76.1490981261	75.944792653
76.1476754367	76.2489417971	76.0464138677
76.2478114575	76.3481943081	76.1474333864
76.3473545817	76.4468591593	76.2478547719
76.4463083199	76.5449398303	76.3476815657
76.5446761618	76.6424397797	76.4469172883
76.6424615764	76.7393624461	76.5455654393
76.7396680122	76.8357112473	76.6436294979
76.8362988973	76.9314895812	76.7411129224
76.9323576395	77.0267008255	76.8380191507
77.0278476264	77.1213483377	76.9343516004
77.1227722256	77.2154354557	77.0301136687
77.2171347846	77.3089654975	77.125308733
77.3109386312	77.4019417614	77.2199401504
77.4041870736	77.4943675264	77.3140112583
77.4968834002	77.5862460517	77.4075253742
77.5890308801	77.6775805775	77.500485796
77.6806327629	77.7683743248	77.5928958023
77.771692279	77.8586304955	77.6847586519
77.8622126399	77.9483522725	77.7760775845
77.9521970377	78.0375428197	77.8668558207
78.0416486458	78.1262052827	77.957096562
78.1305706189	78.214342788	78.0468029907
78.2189660929	78.3019584438	78.1359782706
78.3068381851	78.3890553401	78.2246255466
78.3941899944	78.4756365482	78.3127479449
78.4810246014	78.5617051215	78.4003485734
78.5673450683	78.6472640952	78.4874305214
78.6531544395	78.7323164866	78.5739968601
78.7384557409	78.8168652951	78.6600506422
78.8232519809	78.9009135023	78.7455949027
78.9075461498	78.9844640722	78.8306326585
78.9913412205	79.0675199513	78.9151669084
79.074640148	79.1500840685	78.9992006338
79.1574458698	79.2321593356	79.0827367983
79.2397613064	79.3137486468	79.1657783478
79.3215893605	79.3948548795	79.2483282111
79.402932918	79.475480894	79.3303892993
79.4837948474	79.5556295334	79.4119645064
79.5641780006	79.6353036244	79.4930567094
79.6440852122	79.7145059766	79.5736687681
79.7235193003	79.7932393831	79.6538035255
79.8024830662	79.8715066205	79.7334638075
79.8809792946	79.9493104489	79.8126524236
79.9590107538	80.026653612	79.8913721665
80.0365801957	80.1035388375	79.9696258123
80.1136903557	80.1799688367	80.0474161209
80.1903439533	80.2559463049	80.1247458356
80.2665436918	80.3314739215	80.2016176835
80.3422922583	80.40655435	80.2780343758
80.4175923243	80.4811902381	80.3539986073
80.4924465453	80.555384218	80.429513057
80.5668575611	80.629138906	80.5045803882
80.6408279958	80.7024569031	80.5792032481
80.7143604581	80.775340795	80.6533842685
80.7874575413	80.8477931519	80.7271260655
80.8601218231	80.9198165289	80.8004312397
80.9323558661	80.9914134659	80.8733023764
81.0041622177	81.0625864877	80.9457420454
81.0755434103	81.1333381044	81.0177528016
81.1465019611	81.203670811	81.0893371843
81.2170403727	81.2735870878	81.1604977183
81.2871611326	81.3430894004	81.2312369131
81.3568667137	81.4121801999	81.3015572634
81.4261595742	81.4808619228	81.3714612492
81.4950421578	81.5491369911	81.4409513357
81.5635168937	81.6170078126	81.5100299738
81.6315861968	81.6844767807	81.5786995994
81.6992524676	81.7515462749	81.6469626345
81.7665180923	81.8182186603	81.7148214863
81.8333854433	81.8844962881	81.7822785481
81.8998568786	81.9503814957	81.8493361988
81.9659347424	82.0158766065	81.9159968034
82.031621365	82.0809839302	81.9822627126
82.096919063	82.1457057628	82.0481362636
82.1618301391	82.2100443869	82.1136197795
82.2263568824	82.2740020712	82.1787155695
82.2905015686	82.3375810714	82.2434259295
82.3542664598	82.4007836294	82.3077531416
82.4176538047	82.4636119743	82.3716994744
82.4806658388	82.5260683216	82.435267183
82.5433047842	82.5881548739	82.4984585092
82.60557285	82.6498738208	82.5612756817
82.667472232	82.7112273386	82.6237209157
82.7290051133	82.7722175912	82.6857964136
82.7901736638	82.8328467292	82.7475043644
82.8509800408	82.8931168909	82.8088469445
82.9114263886	82.9530302017	82.8698263171
82.971514839	83.0125887745	82.9304446329
83.0312475109	83.0717947095	82.9907040296
83.090626511	83.1306500948	83.0506066324
83.1496539332	83.1891570058	83.1101545538
83.2083318594	83.2473175059	83.1693498939
83.2666623587	83.3051336461	83.2281947403
83.3246474883	83.3626074652	83.2866911683
83.3822892931	83.4197409902	83.3448412409
83.4395898059	83.4765362358	83.4026470088
83.4965510474	83.532995205	83.4601105106
83.5531750264	83.5891198889	83.5172337728
83.6094637399	83.6449122665	83.5740188101
83.6654191729	83.7003743056	83.6304676251
83.7210432987	83.7555079619	83.6865822084
83.776338079	83.8103151799	83.7423645392
83.8313054638	83.8647978922	83.7978165845
83.8859473916	83.9189580203	83.8529403001
83.9402657894	83.972797474	83.90773763
83.9942625727	84.0263181522	83.9622105067
84.0479396459	84.0795219421	84.0163608512
84.1012989019	84.1324107201	84.0701905733
84.1543422224	84.1849863513	84.1237015714
84.2070714782	84.2372506898	84.1768957326
84.2594885287	84.2892055787	84.2297749329
84.3115952225	84.3408528502	84.2823410372
84.3633933971	84.3921943257	84.3345958993
84.4148848794	84.4432318157	84.3865413621
84.4660714851	84.4939671201	84.4381792574
84.5169550195	84.5444020281	84.4895114065
84.567537277	84.5945383184	84.5405396196
84.6178200414	84.6443777588	84.5912656963
84.667805086	84.6939221072	84.6416914255
84.7174941736	84.7431731107	84.6918185856
84.7668890566	84.792132506	84.7416489445
84.8159914768	84.8408020199	84.7911842594
84.8648031659	84.8891833686	84.8404262773
84.9133258453	84.9372782584	84.8893767349
84.9615612262	84.9850883852	84.9380373584
85.0095110097	85.0326154352	84.9864098639
85.0571768868	85.0798610844	85.0344959574
85.1045605385	85.126826999	85.0822973347
85.1516636357	85.1735148352	85.1298156816
85.1984878397	85.2199262394	85.1770526739
85.2450348017	85.2660628484	85.2240099775
85.2913061633	85.3119262893	85.2706892484
85.3373035562	85.3575181793	85.3170921329
85.3830286027	85.4028401263	85.3632202675
85.4284829152	85.4478937287	85.4090752788
85.4736680967	85.4926805751	85.4546587841
85.5185857408	85.5372022452	85.499972391
85.5632374315	85.5814603088	85.5450176975
85.6076247434	85.6254563269	85.5897962922
85.6517492421	85.6691918509	85.6343097543
85.6956124835	85.7126684232	85.6785596536
85.7392160145	85.7558875769	85.7225475507
85.7825613729	85.7988508364	85.7662749969
85.8256500872	85.8415597165	85.8097435343
85.8684836771	85.8840157236	85.8529546959
85.9110636531	85.9262203548	85.8959100057
85.9533915168	85.9681750985	85.9386109784
85.995468761	86.0098814342	85.9810591201
86.0372968696	86.0513408327	86.0232559277
86.0788773176	86.0925547561	86.0652028894
86.1202115715	86.1335246578	86.1069014845
86.1613010889	86.1742519827	86.1483531836
86.2021473189	86.2147381669	86.1895594485
86.2427517021	86.2549846383	86.2305217325
86.2831156702	86.2949928162	86.2712414801
86.3232406469	86.3347641114	86.3117201274
86.3631280471	86.3742999266	86.3519591019
86.4027792776	86.4136016559	86.3919598228
86.4421957367	86.4526706853	86.4317237007
86.4813788144	86.4915083927	86.4712521381
86.5203298925	86.5301161476	86.5105465288
86.5590503448	86.5684953116	86.5496082587
86.5975415367	86.6066472381	86.5884387053
86.6358048257	86.6445732726	86.6270392382
86.6738415611	86.6822747525	86.6654112186
86.7116530844	86.7197530073	86.7035559997
86.749240729	86.7570093589	86.7414749268
86.7866058205	86.794045121	86.7791693372
86.8237496766	86.8308615997	86.8166405602
86.8606736072	86.8674600933	86.8538899173
86.8973789145	86.9038418925	86.8909187221
86.9338668929	86.9400082804	86.9277282807
86.9701388292	86.9759605323	86.964319891
87.0061960026	87.0116999162	87.0006948436
87.0420396847	87.0472276923	87.0368544213
87.0776711395	87.0825451136	87.0727998993
87.1130916236	87.1176534255	87.1085325453
87.1483023861	87.1525538662	87.1440536194
87.1833046689	87.1872476664	87.1793643745
87.2180997062	87.2217360497	87.2144660557
87.2526887252	87.2560202322	87.249359901
87.2870729457	87.290101423	87.284047141
87.3212535803	87.3239808241	87.3185289989
87.3552318343	87.3576596301	87.3528066909
87.3890089061	87.3911390287	87.3868814258
87.4225859869	87.4244202007	87.4207544053
87.4559642607	87.4575043197	87.454426824
87.4891449048	87.4903925524	87.4878998694
87.5221290892	87.5230860586	87.521174722
87.5549179771	87.5555859913	87.5542525552
87.587512725	87.5878934965	87.5871345357
87.6199144822	87.6200097138	87.6198218231
87.6521243915	87.6519357755	87.6523155701
87.6841435888	87.6836728076	87.6846169227
87.7159732032	87.7152219294	87.71672702
87.7476143573	87.7465842534	87.7486469945
87.779068167	87.7777608856	87.7803779718
87.8103357414	87.8087529254	87.8119210711
87.8414181833	87.8395614659	87.8432774047
87.8723165888	87.8701875934	87.8744480784
87.9030320476	87.9006323881	87.9054341916
87.9335656428	87.9308969236	87.9362368371
87.9639184514	87.9609822671	87.9668571011
87.9940915436	87.9908894796	87.9972960635
88.0240859837	88.0206196159	88.0275547978
88.0539028293	88.0501737243	88.0576343711
88.0835431321	88.0795528471	88.0875358443
88.1130079372	88.1087580204	88.1172602718
88.1422982838	88.1377902741	88.1468087019
88.1714152049	88.1666506319	88.1761821767
88.2003597272	88.1953401118	88.2053817322
88.2291328716	88.2238597255	88.234408398
88.2577356528	88.2522104786	88.2632631979
88.2861690794	88.280393371	88.2919471494
88.3144341543	88.3084093965	88.3204612643
88.3425318741	88.3362595433	88.3488065479
88.3704632298	88.3639447933	88.3769840001
88.3982292064	88.391466123	88.4049946145
88.4258307832	88.4188245029	88.4328393789
88.4532689334	88.4460208977	88.4605192754
88.4805446248	88.4730562666	88.4880352802
88.5076588192	88.4999315631	88.5153883635
88.5346124729	88.5266477347	88.5425794902
88.5614065364	88.5532057238	88.5696096191
88.5880419547	88.5796064669	88.5964797034
88.6145196669	88.605850895	88.6231906909
88.640840607	88.6319399336	88.6497435235
88.6670057031	88.6578745028	88.6761391376
88.693015878	88.6836555171	88.7023784642
88.718872049	88.7092838858	88.7284624285
88.7445751279	88.7347605127	88.7543919506
88.7701260211	88.7600862961	88.7801679448
88.7955256297	88.7852621292	88.8057913202
88.8207748495	88.8102888998	88.8312629804
88.8458745709	88.8351674906	88.8565838237
88.8708256791	88.8598987788	88.8817547431
88.895629054	88.8844836366	88.9067766264
88.9202855703	88.9089229311	88.9316503559
88.9447960975	88.933217524	88.9563768088
88.9691615001	88.9573682721	88.9809568572
88.9933826373	88.9813760272	89.005391368
89.0174603633	89.0052416358	89.0296812028
89.0413955272	89.0289659395	89.0538272183
89.0651889731	89.0525497752	89.077830266
89.0888415401	89.0759939743	89.1016911925
89.1123540624	89.0992993637	89.1254108392
89.1357273691	89.1224667653	89.1489900426
89.1589622845	89.145496996	89.1724296344
89.1820596281	89.1683908681	89.195730441
89.2050202143	89.1911491888	89.2188932844
89.2278448529	89.2137727609	89.2419189813
89.2505343489	89.236262382	89.2648083438
89.2730895024	89.2586188454	89.2875621792
89.2955111088	89.2808429393	89.3101812898
89.3177999588	89.3029354476	89.3326664734
89.3399568386	89.3248971494	89.355018523
89.3619825294	89.3467288191	89.3772382268
89.3838778081	89.3684312266	89.3993263685
89.4056434467	89.3900051373	89.421283727
89.427280213	89.411451312	89.4431110766
89.4487888698	89.4327705071	89.4648091873
89.4701701758	89.4539634742	89.4863788242
89.491424885	89.4750309608	89.5078207479
89.512553747	89.49597371	89.5291357147
89.5335575068	89.5167924601	89.5503244763
89.5544369052	89.5374879454	89.5713877799
89.5751926785	89.5580608957	89.5923263684
89.5958255588	89.5785120366	89.6131409802
89.6163362736	89.5988420892	89.6338323493
89.6367255463	89.6190517705	89.6544012056
89.6569940958	89.6391417932	89.6748482743
89.6771426371	89.6591128658	89.6951742765
89.6971718807	89.6789656925	89.7153799292
89.7170825329	89.6987009736	89.7354659448
89.7368752959	89.7183194049	89.7554330319
89.7565508677	89.7378216783	89.7752818944
89.7761099422	89.7572084815	89.7950132325
89.7955532091	89.7764804983	89.8146277419
89.8148813542	89.7956384083	89.8341261145
89.834095059	89.8146828871	89.8535090379
89.8531950012	89.8336146062	89.8727771956
89.8721818543	89.8524342334	89.8919312671
89.8910562879	89.8711424323	89.9109719281
89.9098189677	89.8897398626	89.9298998498
89.9284705554	89.9082271803	89.9487157
89.9470117086	89.9266050372	89.9674201422
89.9654430813	89.9448740815	89.9860138359
89.9837653235	89.9630349574	90.004497437
90.0019790813	89.9810883054	90.0228715973
90.020084997	89.9990347621	90.0411369648
90.0380837093	90.0168749604	90.0592941837
90.0559758527	90.0346095295	90.0773438942
90.0737620584	90.0522390948	90.095286733
90.0914429535	90.069764278	90.1131233329
90.1090191616	90.0871856971	90.1308543228
90.1264913025	90.1045039665	90.1484803281
90.1438599924	90.121719697	90.1660019704
90.1611258438	90.1388334956	90.1834198676
90.1782894657	90.1558459658	90.200734634
90.1953514633	90.1727577077	90.2179468802
90.2123124383	90.1895693176	90.2350572133
90.2291729889	90.2062813884	90.2520662367
90.2459337096	90.2228945094	90.2689745502
90.2625951916	90.2394092666	90.2857827501
90.2791580225	90.2558262422	90.3024914292
90.2956227863	90.2721460154	90.3191011768
90.3119900636	90.2883691615	90.3356125786
90.3282604318	90.3044962527	90.3520262169
90.3444344646	90.3205278577	90.3683426706
90.3605127324	90.3364645419	90.3845625152
90.3764958021	90.3523068673	90.4006863225
90.3923842375	90.3680553926	90.4167146613
90.4081785989	90.3837106731	90.4326480968
90.4238794433	90.399273261	90.448487191
90.4394873244	90.4147437051	90.4642325024
90.4550027926	90.4301225509	90.4798845864
90.4704263951	90.4454103407	90.4954439949
90.4857586758	90.4606076138	90.5109112766
90.5010001754	90.475714906	90.526286977
90.5161514314	90.4907327502	90.5415716384
90.5312129782	90.5056616758	90.5567657999
90.5461853469	90.5205022094	90.5718699972
90.5610690656	90.5352548744	90.586884763
90.5758646591	90.549920191	90.6018106269
90.5905726491	90.5644986764	90.6166481152
90.6051935545	90.5789908446	90.6313977513
90.6197278908	90.5933972069	90.6460600553
90.6341761705	90.6077182711	90.6606355442
90.6485389033	90.6219545424	90.6751247321
90.6628165956	90.6361065228	90.68952813
90.677009751	90.6501747113	90.7038462459
90.6911188699	90.6641596042	90.7180795846
90.70514445	90.6780616945	90.7322286483
90.7190869859	90.6918814725	90.7462939358
90.7329469692	90.7056194257	90.7602759431
90.7467248889	90.7192760384	90.7741751635
90.7604212307	90.7328517922	90.787992087
90.7740364776	90.746347166	90.801727201
90.7875711099	90.7597626357	90.8153809898
90.8010256048	90.7730986743	90.828953935
90.8144004369	90.7863557521	90.8424465152
90.8276960777	90.7995343367	90.8558592063
90.8409129963	90.8126348928	90.8691924813
90.8540516586	90.8256578824	90.8824468104
90.8671125281	90.8386037647	90.895622661
90.8800960653	90.8514729964	90.9087204979
90.8930027282	90.8642660312	90.9217407829
90.9058329718	90.8769833203	90.9346839752
90.9185872487	90.8896253121	90.9475505313
90.9312660087	90.9021924526	90.9603409049
90.9438696989	90.9146851848	90.9730555471
90.9563987637	90.9271039494	90.9856949064
90.968853645	90.9394491842	90.9982594284
90.9812347821	90.9517213247	91.0107495563
90.9935426116	90.9639208037	91.0231657306
91.0057775675	90.9760480512	91.0355083891
91.0179400813	90.9881034952	91.0477779671
91.0300305819	91.0000875605	91.0599748973
91.0420494958	91.01200067	91.0720996099
91.0539972467	91.0238432436	91.0841525325
91.0658742561	91.0356156991	91.0961340901
91.0776809427	91.0473184516	91.1080447053
91.089417723	91.0589519137	91.1198847982
91.1010850109	91.0705164959	91.1316547862
91.1126832178	91.0820126058	91.1433550845
91.1242127527	91.0934406489	91.1549861058
91.1356740223	91.1048010282	91.1665482601
91.1470674307	91.1160941443	91.1780419553
91.1583933797	91.1273203955	91.1894675967
91.1696522688	91.1384801778	91.2008255873
91.180844495	91.1495738845	91.2121163276
91.1919704531	91.1606019071	91.2233402157
91.2030305353	91.1715646343	91.2344976476
91.2140251318	91.1824624528	91.2455890167
91.2249546302	91.1932957468	91.2566147141
91.235819416	91.2040648985	91.2675751288
91.2466198724	91.2147702877	91.2784706472
91.2573563803	91.2254122917	91.2893016536
91.2680293182	91.235991286	91.3000685299
91.2786390626	91.2465076436	91.310771656
91.2891859877	91.2569617353	91.3214114091
91.2996704653	91.2673539299	91.3319881647
91.3100928653	91.2776845939	91.3425022956
91.3204535552	91.2879540914	91.3529541727
91.3307529004	91.2981627847	91.3633441645
91.340991264	91.3083110339	91.3736726376
91.3511690072	91.3183991967	91.3839399561
91.3612864889	91.3284276289	91.3941464821
91.3713440659	91.3383966843	91.4042925757
91.3813420928	91.3483067143	91.4143785945
91.3912809223	91.3581580685	91.4244048944
91.4011609049	91.3679510943	91.4343718289
91.410982389	91.3776861369	91.4442797494
91.420745721	91.3873635398	91.4541290055
91.4304512451	91.3969836441	91.4639199445
91.4400993037	91.4065467892	91.4736529116
91.4496902369	91.4160533124	91.4833282502
91.4592243831	91.4255035487	91.4929463014
91.4687020785	91.4348978316	91.5025074044
91.4781236573	91.4442364923	91.5120118964
91.4874894517	91.4535198601	91.5214601127
91.4967997921	91.4627482625	91.5308523864
91.5060550068	91.4719220248	91.5401890487
91.5152554222	91.4810414706	91.549470429
91.5244013628	91.4901069215	91.5586968545
91.533493151	91.4991186971	91.5678686506
91.5425311076	91.5080771153	91.5769861408
91.5515155513	91.5169824921	91.5860496467
91.5604467988	91.5258351413	91.5950594878
91.5693251652	91.5346353754	91.604015982
91.5781509636	91.5433835045	91.6129194451
91.5869245052	91.5520798372	91.621770191
91.5956460995	91.5607246802	91.630568532
91.6043160539	91.5693183383	91.6393147783
91.6129346744	91.5778611146	91.6480092383
91.6215022647	91.5863533103	91.6566522187
91.6300191271	91.594795225	91.6652440243
91.638485562	91.6031871564	91.6737849581
91.6469018678	91.6115294003	91.6822753214
91.6552683414	91.619822251	91.6907154134
91.6635852778	91.6280660009	91.699105532
91.6718529704	91.6362609408	91.7074459729
91.6800717108	91.6444073597	91.7157370304
91.6882417887	91.6525055447	91.7239789967
91.6963634923	91.6605557816	91.7321721627
91.704437108	91.6685583542	91.7403168172
91.7124629205	91.6765135447	91.7484132474
91.720441213	91.6844216337	91.756461739
91.7283722666	91.6922829	91.7644625757
91.7362563612	91.7000976209	91.7724160397
91.7440937748	91.707866072	91.7803224115
91.7518847837	91.7155885272	91.7881819699
91.7596296628	91.7232652589	91.7959949921
91.7673286851	91.7308965377	91.8037617537
91.7749821222	91.7384826328	91.8114825286
91.7825902439	91.7460238118	91.819157589
91.7901533187	91.7535203406	91.8267872056
91.7976716131	91.7609724834	91.8343716475
91.8051453924	91.7683805032	91.8419111821
91.8125749201	91.7757446612	91.8494060754
91.8199604583	91.7830652171	91.8568565918
91.8273022673	91.7903424291	91.8642629938
91.8346006061	91.7975765537	91.8716255428
91.8418557321	91.8047678461	91.8789444983
91.8490679011	91.8119165599	91.8862201186
91.8562373676	91.8190229472	91.8934526601
91.8633643842	91.8260872586	91.9006423781
91.8704492024	91.8331097433	91.9077895259
91.8774920721	91.8400906488	91.9148943557
91.8844932415	91.8470302214	91.921957118
91.8914529576	91.8539287058	91.9289780619
91.8983714659	91.8607863452	91.9359574351
91.9052490103	91.8676033816	91.9428954836
91.9120858333	91.8743800553	91.9497924522
91.9188821761	91.8811166053	91.956648584
91.9256382784	91.8878132691	91.9634641209
91.9323543784	91.894470283	91.9702393032
91.939030713	91.9010878816	91.9769743699
91.9456675176	91.9076662984	91.9836695585
91.9522650262	91.9142057653	91.9903251051
91.9588234716	91.9207065131	91.9969412444
91.965343085	91.9271687708	92.0035182098
91.9718240964	91.9335927664	92.0100562332
91.9782667343	91.9399787265	92.0165555451
91.9846712258	91.9463268762	92.0230163749
91.991037797	91.9526374395	92.0294389502
91.9973666722	91.9589106388	92.0358234977
92.0036580748	91.9651466954	92.0421702426
92.0099122265	91.9713458292	92.0484794085
92.0161293479	91.9775082589	92.0547512181
92.0223096583	91.9836342016	92.0609858925
92.0284533756	91.9897238736	92.0671836516
92.0345607165	91.9957774895	92.0733447139
92.0406318964	92.0017952628	92.0794692969
92.0466671294	92.0077774058	92.0855576163
92.0526666283	92.0137241293	92.091609887
92.0586306047	92.0196356432	92.0976263224
92.0645592689	92.0255121558	92.1036071347
92.07045283	92.0313538745	92.1095525349
92.0763114959	92.0371610052	92.1154627324
92.0821354731	92.0429337527	92.1213379359
92.0879249671	92.0486723206	92.1271783525
92.093680182	92.0543769113	92.1329841882
92.0994013207	92.0600477259	92.1387556478
92.1050885852	92.0656849644	92.1444929347
92.1107421758	92.0712888257	92.1501962513
92.116362292	92.0768595073	92.1558657987
92.121949132	92.0823972057	92.161501777
92.1275028928	92.0879021162	92.1671043848
92.1330237703	92.0933744329	92.1726738198
92.1385119592	92.0988143489	92.1782102783
92.143967653	92.1042220558	92.1837139556
92.1493910441	92.1095977446	92.1891850458
92.1547823238	92.1149416046	92.1946237419
92.1601416822	92.1202538244	92.2000302357
92.1654693083	92.1255345914	92.2054047177
92.17076539	92.1307840916	92.2107473776
92.1760301141	92.1360025104	92.2160584039
92.1812636662	92.1411900316	92.2213379837
92.186466231	92.1463468383	92.2265863032
92.1916379917	92.1514731123	92.2318035477
92.196779131	92.1565690343	92.236989901
92.20188983	92.1616347841	92.2421455461
92.2069702691	92.1666705404	92.2472706648
92.2120206273	92.1716764807	92.2523654378
92.2170410827	92.1766527815	92.2574300448
92.2220318125	92.1815996184	92.2624646645
92.2269929927	92.1865171657	92.2674694743
92.2319247981	92.191405597	92.2724446509
92.2368274027	92.1962650846	92.2773903695
92.2417009795	92.2010957998	92.2823068048
92.2465457002	92.2058979131	92.2871941299
92.2513617358	92.2106715938	92.2920525174
92.2561492561	92.2154170102	92.2968821386
92.2609084299	92.2201343296	92.3016831637
92.265639425	92.2248237185	92.306455762
92.2703424083	92.2294853422	92.311200102
92.2750175457	92.2341193651	92.3159163509
92.279665002	92.2387259507	92.3206046751
92.2842849411	92.2433052613	92.3252652398
92.288877526	92.2478574584	92.3298982095
92.2934429186	92.2523827027	92.3345037475
92.2979812799	92.2568811537	92.3390820163
92.3024927699	92.2613529699	92.3436331773
92.3069775479	92.2657983092	92.348157391
92.3114357718	92.2702173283	92.352654817
92.315867599	92.274610183	92.3571256139
92.3202731858	92.2789770283	92.3615699393
92.3246526874	92.2833180181	92.3659879501
92.3290062585	92.2876333055	92.3703798019
92.3333340524	92.2919230427	92.3747456497
92.3376362218	92.296187381	92.3790856475
92.3419129185	92.3004264708	92.3833999483
92.3461642932	92.3046404615	92.3876887043
92.3503904959	92.3088295018	92.3919520667
92.3545916757	92.3129937395	92.3961901858
92.3587679806	92.3171333212	92.4004032112
92.362919558	92.3212483931	92.4045912914
92.3670465542	92.3253391003	92.4087545741
92.3711491149	92.3294055869	92.4128932061
92.3752273847	92.3334479965	92.4170073335
92.3792815074	92.3374664716	92.4210971012
92.3833116261	92.3414611538	92.4251626536
92.3873178827	92.3454321841	92.4292041339
92.3913004187	92.3493797026	92.4332216848
92.3952593744	92.3533038483	92.4372154479
92.3991948894	92.3572047597	92.441185564
92.4031071027	92.3610825744	92.4451321732
92.4069961521	92.3649374292	92.4490554147
92.4108621747	92.3687694598	92.4529554268
92.414705307	92.3725788016	92.456832347
92.4185256845	92.3763655888	92.4606863121
92.4223234418	92.3801299551	92.4645174581
92.4260987129	92.383872033	92.4683259199
92.429851631	92.3875919546	92.4721118319
92.4335823284	92.3912898511	92.4758753277
92.4372909367	92.3949658529	92.47961654
92.4409775866	92.3986200897	92.4833356006
92.4446424082	92.4022526902	92.4870326409
92.4482855307	92.4058637826	92.490707791
92.4519070826	92.4094534943	92.4943611807
92.4555071916	92.4130219518	92.4979929389
92.4590859847	92.4165692809	92.5016031935
92.4626435881	92.4200956069	92.5051920719
92.4661801272	92.423601054	92.5087597006
92.4696957268	92.4270857458	92.5123062056
92.4731905108	92.4305498053	92.5158317118
92.4766646025	92.4339933546	92.5193363436
92.4801181245	92.4374165151	92.5228202246
92.4835511984	92.4408194076	92.5262834776
92.4869639454	92.4442021521	92.5297262249
92.4903564859	92.4475648678	92.5331485877
92.4937289394	92.4509076734	92.5365506868
92.4970814249	92.4542306867	92.5399326423
92.5004140606	92.4575340249	92.5432945732
92.5037269641	92.4608178045	92.5466365983
92.5070202522	92.4640821413	92.5499588354
92.510294041	92.4673271505	92.5532614016
92.513548446	92.4705529465	92.5565444135
92.516783582	92.4737596429	92.5598079867
92.519999563	92.476947353	92.5630522364
92.5231965025	92.4801161892	92.566277277
92.5263745132	92.483266263	92.5694832223
92.5295337071	92.4863976858	92.5726701852
92.5326741958	92.4895105679	92.5758382783
92.5357960899	92.492605019	92.5789876131
92.5388994995	92.4956811484	92.5821183009
92.5419845341	92.4987390644	92.585230452
92.5450513025	92.5017788749	92.5883241761
92.5480999129	92.5048006872	92.5913995824
92.5511304726	92.5078046077	92.5944567793
92.5541430888	92.5107907425	92.5974958746
92.5571378674	92.5137591968	92.6005169756
92.5601149143	92.5167100753	92.6035201887
92.5630743343	92.5196434821	92.6065056199
92.5660162319	92.5225595206	92.6094733744
92.5689407107	92.5254582937	92.612423557
92.571847874	92.5283399035	92.6153562716
92.5747378242	92.5312044518	92.6182716217
92.5776106633	92.5340520395	92.6211697102
92.5804664926	92.536882767	92.6240506391
92.5833054127	92.5396967342	92.6269145102
92.5861275238	92.5424940403	92.6297614243
92.5889329255	92.545274784	92.632591482
92.5917217166	92.5480390632	92.635404783
92.5944939956	92.5507869756	92.6382014266
92.5972498601	92.553518618	92.6409815113
92.5999894074	92.5562340867	92.6437451352
92.6027127341	92.5589334776	92.6464923958
92.6054199362	92.5616168857	92.6492233899
92.6081111092	92.5642844057	92.6519382139
92.610786348	92.5669361318	92.6546369636
92.613445747	92.5695721574	92.657319734
92.6160893999	92.5721925754	92.6599866198
92.6187174	92.5747974783	92.6626377151
92.6213298399	92.577386958	92.6652731133
92.6239268117	92.5799611057	92.6678929075
92.6265084072	92.5825200123	92.6704971899
92.6290747172	92.585063768	92.6730860524
92.6316258323	92.5875924624	92.6756595864
92.6341618426	92.5901061849	92.6782178825
92.6366828373	92.5926050239	92.6807610311
92.6391889054	92.5950890677	92.6832891218
92.6416801354	92.5975584038	92.6858022437
92.6441566149	92.6000131193	92.6883004855
92.6466184315	92.6024533008	92.6907839353
92.6490656719	92.6048790343	92.6932526807
92.6514984223	92.6072904055	92.6957068087
92.6539167687	92.6096874992	92.6981464059
92.6563207963	92.6120704001	92.7005715584
92.6587105898	92.6144391922	92.7029823516
92.6610862335	92.616793959	92.7053788705
92.6634478113	92.6191347836	92.7077611998
92.6657954064	92.6214617485	92.7101294233
92.6681291016	92.6237749358	92.7124836247
92.6704489792	92.626074427	92.7148238869
92.672755121	92.6283603033	92.7171502925
92.6750476084	92.6306326452	92.7194629236
92.6773265221	92.6328915329	92.7217618616
92.6795919426	92.6351370461	92.7240471877
92.6818439497	92.6373692639	92.7263189824
92.6840826229	92.6395882651	92.728577326
92.6863080411	92.6417941279	92.7308222979
92.6885202828	92.6439869301	92.7330539774
92.690719426	92.646166749	92.7352724433
92.6929055483	92.6483336615	92.7374777737
92.6950787267	92.6504877441	92.7396700463
92.697239038	92.6526290726	92.7418493387
92.6993865582	92.6547577227	92.7440157274
92.7015213632	92.6568737693	92.7461692891
92.7036435281	92.6589772871	92.7483100996
92.705753128	92.6610683503	92.7504382345
92.707850237	92.6631470326	92.7525537687
92.7099349293	92.6652134074	92.7546567769
92.7120072783	92.6672675474	92.7567473333
92.7140673571	92.6693095252	92.7588255115
92.7161152383	92.6713394127	92.7608913849
92.7181509942	92.6733572815	92.7629450264
92.7201746966	92.6753632028	92.7649865083
92.7221864169	92.6773572474	92.7670159027
92.7241862259	92.6793394855	92.769033281
92.7261741942	92.681309987	92.7710387146
92.728150392	92.6832688215	92.773032274
92.7301148888	92.6852160581	92.7750140297
92.732067754	92.6871517653	92.7769840514
92.7340090565	92.6890760115	92.7789424087
92.7359388647	92.6909888645	92.7808891706
92.7378572467	92.6928903917	92.7828244059
92.7397642702	92.6947806604	92.7847481826
92.7416600023	92.6966597369	92.7866605687
92.7435445099	92.6985276878	92.7885616317
92.7454178595	92.7003845788	92.7904514385
92.7472801172	92.7022304754	92.7923300559
92.7491313487	92.7040654427	92.79419755
92.7509716191	92.7058895455	92.7960539867
92.7528009935	92.7077028479	92.7978994315
92.7546195363	92.7095054141	92.7997339496
92.7564273117	92.7112973076	92.8015576055
92.7582243834	92.7130785915	92.8033704635
92.7600108148	92.7148493287	92.8051725878
92.7617866689	92.7166095816	92.8069640416
92.7635520084	92.7183594123	92.8087448884
92.7653068954	92.7200988825	92.8105151908
92.7670513919	92.7218280536	92.8122750113
92.7687855593	92.7235469865	92.814024412
92.770509459	92.7252557418	92.8157634545
92.7722231515	92.7269543799	92.8174922003
92.7739266975	92.7286429605	92.8192107101
92.7756201569	92.7303215433	92.8209190448
92.7773035894	92.7319901875	92.8226172644
92.7789770545	92.7336489519	92.8243054289
92.7806406112	92.7352978949	92.8259835979
92.7822943181	92.7369370748	92.8276518305
92.7839382336	92.7385665494	92.8293101855
92.7855724156	92.7401863761	92.8309587215
92.7871969217	92.741796612	92.8325974965
92.7888118093	92.7433973139	92.8342265684
92.7904171352	92.7449885384	92.8358459946
92.7920129562	92.7465703414	92.8374558323
92.7935993285	92.7481427787	92.8390561381
92.795176308	92.749705906	92.8406469686
92.7967439503	92.7512597781	92.8422283799
92.7983023107	92.75280445	92.8438004276
92.7998514443	92.7543399761	92.8453631673
92.8013914056	92.7558664106	92.8469166541
92.8029222489	92.7573838073	92.8484609427
92.8044440282	92.7588922197	92.8499960877
92.8059567971	92.7603917011	92.8515221431
92.8074606092	92.7618823042	92.8530391628
92.8089555172	92.7633640816	92.8545472002
92.8104415741	92.7648370857	92.8560463087
92.8119188321	92.7663013683	92.8575365409
92.8133873435	92.7677569812	92.8590179495
92.8148471599	92.7692039755	92.8604905868
92.8162983328	92.7706424024	92.8619545046
92.8177409135	92.7720723126	92.8634097546
92.8191749528	92.7734937565	92.8648563882
92.8206005013	92.7749067842	92.8662944562
92.8220176092	92.7763114456	92.8677240095
92.8234263266	92.7777077902	92.8691450985
92.8248267031	92.7790958673	92.8705577732
92.8262187881	92.7804757257	92.8719620836
92.8276026306	92.7818474142	92.873358079
92.8289782796	92.7832109812	92.8747458088
92.8303457834	92.7845664746	92.876125322
92.8317051904	92.7859139424	92.877496667
92.8330565485	92.787253432	92.8788598924
92.8343999052	92.7885849907	92.8802150462
92.8357353081	92.7899086654	92.8815621761
92.8370628042	92.7912245028	92.8829013297
92.8383824403	92.7925325494	92.8842325543
92.839694263	92.7938328512	92.8855558967
92.8409983184	92.7951254541	92.8868714036
92.8422946527	92.7964104036	92.8881791215
92.8435833115	92.7976877452	92.8894790964
92.8448643402	92.7989575238	92.8907713742
92.8461377841	92.8002197843	92.8920560005
92.8474036881	92.8014745711	92.8933330205
92.8486620967	92.8027219285	92.8946024793
92.8499130544	92.8039619004	92.8958644218
92.8511566053	92.8051945307	92.8971188922
92.8523927933	92.8064198627	92.8983659351
92.8536216619	92.8076379397	92.8996055942
92.8548432545	92.8088488047	92.9008379133
92.8560576141	92.8100525003	92.9020629359
92.8572647836	92.811249069	92.9032807052
92.8584648056	92.812438553	92.9044912642
92.8596577223	92.8136209942	92.9056946554
92.8608435759	92.8147964343	92.9068909214
92.8620224082	92.8159649149	92.9080801044
92.8631942606	92.817126477	92.9092622462
92.8643591747	92.8182811617	92.9104373886
92.8655171914	92.8194290097	92.911605573
92.8666683516	92.8205700615	92.9127668407
92.8678126959	92.8217043572	92.9139212325
92.8689502646	92.8228319369	92.9150687892
92.8700810979	92.8239528404	92.9162095513
92.8712052356	92.8250671072	92.9173435589
92.8723227174	92.8261747766	92.9184708522
92.8734335826	92.8272758876	92.9195914707
92.8745378706	92.8283704791	92.9207054541
92.8756356201	92.8294585897	92.9218128417
92.87672687	92.8305402578	92.9229136724
92.8778116587	92.8316155214	92.9240079852
92.8788900244	92.8326844186	92.9250958186
92.8799620052	92.833746987	92.9261772109
92.881027639	92.834803264	92.9272522004
92.8820869632	92.835853287	92.9283208249
92.8831400152	92.836897093	92.929383122
92.8841868322	92.8379347187	92.9304391294
92.8852274511	92.8389662009	92.9314888842
92.8862619086	92.8399915757	92.9325324234
92.8872902412	92.8410108795	92.9335697839
92.8883124851	92.8420241481	92.9346010021
92.8893286764	92.8430314173	92.9356261146
92.8903388509	92.8440327226	92.9366451574
92.8913430442	92.8450280993	92.9376581665
92.8923412918	92.8460175825	92.9386651776
92.8933336289	92.8470012071	92.9396662262
92.8943200904	92.8479790079	92.9406613476
92.8953007112	92.8489510192	92.941650577
92.8962755258	92.8499172754	92.9426339492
92.8972445686	92.8508778105	92.9436114988
92.8982078738	92.8518326585	92.9445832604
92.8991654754	92.8527818529	92.9455492683
92.900117407	92.8537254273	92.9465095564
92.9010637024	92.8546634149	92.9474641587
92.9020043949	92.8555958488	92.9484131088
92.9029395176	92.8565227619	92.9493564403
92.9038691035	92.8574441869	92.9502941863
92.9047931854	92.8583601563	92.9512263799
92.9057117959	92.8592707023	92.952153054
92.9066249674	92.8601758572	92.9530742414
92.9075327321	92.8610756527	92.9539899744
92.908435122	92.8619701207	92.9549002854
92.9093321689	92.8628592927	92.9558052065
92.9102239045	92.8637432	92.9567047695
92.9111103602	92.8646218738	92.9575990063
92.9119915673	92.8654953451	92.9584879483
92.9128675568	92.8663636447	92.959371627
92.9137383597	92.8672268033	92.9602500734
92.9146040066	92.8680848512	92.9611233185
92.9154645281	92.8689378187	92.9619913932
92.9163199546	92.869785736	92.9628543281
92.9171703161	92.8706286328	92.9637121535
92.9180156427	92.871466539	92.9645648998
92.9188559642	92.8722994841	92.965412597
92.9196913103	92.8731274974	92.966255275
92.9205217103	92.8739506081	92.9670929635
92.9213471936	92.8747688454	92.9679256922
92.9221677893	92.8755822379	92.9687534902
92.9229835263	92.8763908145	92.9695763869
92.9237944334	92.8771946036	92.9703944113
92.9246005392	92.8779936337	92.9712075921
92.9254018721	92.8787879327	92.9720159582
92.9261984604	92.8795775289	92.9728195379
92.9269903322	92.8803624499	92.9736183597
92.9277775154	92.8811427236	92.9744124516
92.9285600377	92.8819183773	92.9752018418
92.9293379268	92.8826894385	92.975986558
92.9301112101	92.8834559344	92.9767666279
92.9308799148	92.884217892	92.9775420791
92.9316440681	92.8849753381	92.9783129388
92.9324036969	92.8857282995	92.9790792344
92.933158828	92.8864768028	92.9798409927
92.9339094881	92.8872208742	92.9805982406
92.9346557035	92.8879605401	92.9813510049
92.9353975007	92.8886958266	92.9820993121
92.9361349058	92.8894267595	92.9828431887
92.9368679447	92.8901533647	92.9835826607
92.9375966434	92.8908756678	92.9843177544
92.9383210276	92.8915936942	92.9850484956
92.9390411227	92.8923074692	92.9857749101
92.9397569542	92.8930170182	92.9864970235
92.9404685473	92.8937223659	92.9872148613
92.9411759272	92.8944235374	92.9879284488
92.9418791187	92.8951205574	92.9886378112
92.9425781467	92.8958134505	92.9893429735
92.9432730358	92.896502241	92.9900439605
92.9439638105	92.8971869532	92.990740797
92.9446504952	92.8978676114	92.9914335076
92.9453331141	92.8985442396	92.9921221166
92.9460116913	92.8992168615	92.9928066485
92.9466862507	92.8998855009	92.9934871272
92.9473568161	92.9005501813	92.9941635768
92.9480234111	92.9012109264	92.9948360212
92.9486860593	92.9018677592	92.9955044841
92.949344784	92.902520703	92.996168989
92.9499996084	92.9031697808	92.9968295595
92.9506505557	92.9038150156	92.9974862187
92.9512976488	92.90445643	92.9981389898
92.9519409105	92.9050940467	92.9987878959
92.9525803635	92.9057278881	92.9994329599
92.9532160303	92.9063579767	93.0000742044
92.9538479335	92.9069843345	93.0007116522
92.9544760952	92.9076069839	93.0013453256
92.9551005376	92.9082259466	93.0019752471
92.9557212827	92.9088412445	93.0026014389
92.9563383525	92.9094528993	93.003223923
92.9569517686	92.9100609326	93.0038427214
92.9575615528	92.9106653658	93.0044578559
92.9581677264	92.9112662203	93.0050693482
92.958770311	92.9118635172	93.0056772199
92.9593693277	92.9124572776	93.0062814924
92.9599647977	92.9130475224	93.006882187
92.960556742	92.9136342724	93.0074793249
92.9611451815	92.9142175484	93.0080729272
92.9617301368	92.9147973709	93.0086630148
92.9623116286	92.9153737604	93.0092496085
92.9628896775	92.9159467371	93.009832729
92.9634643039	92.9165163214	93.0104123968
92.9640355279	92.9170825332	93.0109886325
92.9646033697	92.9176453925	93.0115614563
92.9651678494	92.9182049193	93.0121308884
92.9657289869	92.9187611331	93.0126969489
92.9662868019	92.9193140537	93.0132596578
92.9668413142	92.9198637005	93.013819035
92.9673925432	92.920410093	93.0143751
92.9679405085	92.9209532503	93.0149278727
92.9684852293	92.9214931917	93.0154773724
92.9690267248	92.9220299362	93.0160236185
92.9695650143	92.9225635027	93.0165666303
92.9701001165	92.92309391	93.0171064269
92.9706320505	92.9236211769	93.0176430274
92.9711608349	92.9241453218	93.0181764508
92.9716864884	92.9246663634	93.0187067157
92.9722090296	92.92518432	93.019233841
92.9727284769	92.9256992098	93.0197578452
92.9732448485	92.9262110511	93.0202787468
92.9737581628	92.9267198618	93.0207965641
92.9742684378	92.9272256599	93.0213113154
92.9747756915	92.9277284633	93.021823019
92.9752799418	92.9282282896	93.0223316927
92.9757812064	92.9287251565	93.0228373546
92.9762795032	92.9292190816	93.0233400225
92.9767748495	92.9297100822	93.0238397141
92.977267263	92.9301981756	93.0243364471
92.9777567609	92.9306833792	93.0248302389
92.9782433605	92.9311657099	93.025321107
92.978727079	92.9316451848	93.0258090687
92.9792079335	92.9321218207	93.0262941411
92.9796859409	92.9325956346	93.0267763415
92.980161118	92.9330666431	93.0272556868
92.9806334817	92.9335348629	93.0277321939
92.9811030485	92.9340003104	93.0282058796
92.9815698351	92.934463002	93.0286767606
92.9820338579	92.9349229541	93.0291448536
92.9824951332	92.9353801829	93.029610175
92.9829536773	92.9358347045	93.0300727412
92.9834095065	92.9362865349	93.0305325686
92.9838626367	92.9367356902	93.0309896734
92.984313084	92.937182186	93.0314440717
92.9847608643	92.9376260382	93.0318957795
92.9852059932	92.9380672624	93.0323448127
92.9856484866	92.9385058742	93.0327911873
92.9860883601	92.9389418891	93.0332349189
92.986525629	92.9393753223	93.0336760231
92.986960309	92.9398061893	93.0341145156
92.9873924152	92.9402345052	93.0345504118
92.987821963	92.940660285	93.0349837271
92.9882489675	92.9410835439	93.0354144767
92.9886734437	92.9415042967	93.0358426759
92.9890954066	92.9419225583	93.0362683397
92.9895148712	92.9423383435	93.0366914831
92.9899318521	92.9427516668	93.0371121212
92.9903463641	92.9431625429	93.0375302686
92.9907584218	92.9435709863	93.0379459403
92.9911680397	92.9439770114	93.0383591507
92.9915752324	92.9443806324	93.0387699146
92.9919800141	92.9447818636	93.0391782463
92.9923823991	92.9451807193	93.0395841603
92.9927824016	92.9455772133	93.0399876709
92.9931800358	92.9459713598	93.0403887923
92.9935753156	92.9463631725	93.0407875387
92.993968255	92.9467526654	93.0411839242
92.9943588678	92.9471398522	93.0415779626
92.9947471678	92.9475247465	93.041969668
92.9951331688	92.9479073619	93.0423590541
92.9955168842	92.9482877119	93.0427461346
92.9958983278	92.9486658099	93.0431309233
92.9962775128	92.9490416692	93.0435134336
92.9966544527	92.9494153032	93.0438936791
92.9970291608	92.9497867248	93.0442716732
92.9974016502	92.9501559474	93.0446474292
92.9977719342	92.9505229838	93.0450209604
92.9981400258	92.9508878471	93.0453922798
92.9985059379	92.9512505501	93.0457614008
92.9988696835	92.9516111055	93.0461283361
92.9992312754	92.9519695262	93.0464930989
92.9995907264	92.9523258247	93.0468557019
92.999948049	92.9526800136	93.0472161579
93.000303256	92.9530321054	93.0475744797
93.0006563599	92.9533821125	93.0479306799
93.001007373	92.9537300473	93.048284771
93.0013563078	92.954075922	93.0486367656
93.0017031767	92.9544197489	93.048986676
93.0020479917	92.95476154	93.0493345146
93.0023907651	92.9551013073	93.0496802937
93.002731509	92.955439063	93.0500240254
93.0030702354	92.9557748189	93.0503657219
93.0034069562	92.9561085868	93.0507053953
93.0037416833	92.9564403785	93.0510430574
93.0040744285	92.9567702058	93.0513787202
93.0044052035	92.9570980801	93.0517123956
93.0047340201	92.9574240132	93.0520440953
93.0050608898	92.9577480165	93.0523738311
93.0053858241	92.9580701014	93.0527016145
93.0057088345	92.9583902793	93.053027457
93.0060299324	92.9587085614	93.0533513703
93.0063491291	92.9590249591	93.0536733657
93.0066664359	92.9593394834	93.0539934546
93.0069818639	92.9596521454	93.0543116482
93.0072954243	92.9599629562	93.0546279579
93.0076071281	92.9602719268	93.0549423946
93.0079169864	92.960579068	93.0552549696
93.00822501	92.9608843906	93.0555656939
93.0085312098	92.9611879055	93.0558745783
93.0088355967	92.9614896233	93.0561816339
93.0091381813	92.9617895547	93.0564868714
93.0094389743	92.9620877102	93.0567903016
93.0097379864	92.9623841004	93.0570919352
93.010035228	92.9626787357	93.0573917829
93.0103307097	92.9629716266	93.0576898551
93.0106244419	92.9632627832	93.0579861625
93.0109164349	92.963552216	93.0582807154
93.011206699	92.9638399351	93.0585735243
93.0114952445	92.9641259506	93.0588645995
93.0117820816	92.9644102727	93.0591539513
93.0120672203	92.9646929113	93.0594415898
93.0123506708	92.9649738765	93.0597275252
93.012632443	92.9652531781	93.0600117676
93.0129125468	92.965530826	93.060294327
93.0131909921	92.96580683	93.0605752134
93.0134677888	92.9660811998	93.0608544366
93.0137429466	92.9663539452	93.0611320066
93.0140164752	92.9666250756	93.0614079331
93.0142883843	92.9668946007	93.0616822259
93.0145586835	92.96716253	93.0619548946
93.0148273822	92.9674288729	93.0622259488
93.01509449	92.9676936389	93.0624953981
93.0153600162	92.9679568372	93.062763252
93.0156239703	92.9682184771	93.06302952
93.0158863616	92.9684785679	93.0632942113
93.0161471992	92.9687371188	93.0635573355
93.0164064925	92.9689941388	93.0638189017
93.0166642505	92.969249637	93.0640789192
93.0169204823	92.9695036225	93.0643373971
93.017175197	92.9697561041	93.0645943446
93.0174284036	92.9700070909	93.0648497707
93.0176801109	92.9702565916	93.0651036845
93.017930328	92.970504615	93.0653560948
93.0181790635	92.9707511699	93.0656070106
93.0184263262	92.970996265	93.0658564408
93.018672125	92.971239909	93.0661043941
93.0189164684	92.9714821103	93.0663508792
93.019159365	92.9717228776	93.066595905
93.0194008235	92.9719622194	93.0668394799
93.0196408524	92.9722001441	93.0670816127
93.01987946	92.97243666	93.0673223117
93.0201166549	92.9726717756	93.0675615857
93.0203524453	92.972905499	93.0677994428
93.0205868397	92.9731378387	93.0680358917
93.0208198462	92.9733688026	93.0682709405
93.0210514732	92.9735983991	93.0685045976
93.0212817286	92.9738266362	93.0687368712
93.0215106208	92.9740535219	93.0689677696
93.0217381577	92.9742790643	93.0691973008
93.0219643474	92.9745032712	93.069425473
93.0221891978	92.9747261507	93.0696522941
93.022412717	92.9749477105	93.0698777723
93.0226349126	92.9751679585	93.0701019154
93.0228557927	92.9753869024	93.0703247314
93.023075365	92.97560455	93.070546228
93.0232936372	92.975820909	93.0707664133
93.023510617	92.9760359869	93.0709852948
93.0237263121	92.9762497913	93.0712028803
93.0239407301	92.9764623299	93.0714191774
93.0241538786	92.9766736101	93.071634194
93.024365765	92.9768836393	93.0718479373
93.0245763968	92.9770924249	93.0720604152
93.0247857816	92.9772999743	93.0722716349
93.0249939265	92.9775062949	93.0724816041
93.0252008391	92.9777113939	93.07269033
93.0254065266	92.9779152785	93.07289782
93.0256109962	92.978117956	93.0731040815
93.0258142551	92.9783194334	93.0733091218
93.0260163106	92.9785197179	93.073512948
93.0262171697	92.9787188166	93.0737155673
93.0264168396	92.9789167364	93.073916987
93.0266153272	92.9791134844	93.074117214
93.0268126396	92.9793090674	93.0743162556
93.0270087837	92.9795034924	93.0745141185
93.0272037665	92.9796967663	93.07471081
93.0273975948	92.9798888958	93.0749063369
93.0275902754	92.9800798878	93.075100706
93.0277818153	92.9802697489	93.0752939243
93.027972221	92.9804584859	93.0754859986
93.0281614993	92.9806461054	93.0756769355
93.028349657	92.980832614	93.075866742
93.0285367006	92.9810180183	93.0760554246
93.0287226367	92.9812023249	93.07624299
93.0289074719	92.9813855402	93.0764294449
93.0290912127	92.9815676708	93.0766147958
93.0292738656	92.9817487229	93.0767990492
93.029455437	92.9819287031	93.0769822117
93.0296359334	92.9821076177	93.0771642896
93.029815361	92.9822854729	93.0773452895
93.0299937263	92.982462275	93.0775252177
93.0301710355	92.9826380304	93.0777040805
93.0303472949	92.9828127451	93.0778818843
93.0305225106	92.9829864254	93.0780586353
93.0306966889	92.9831590773	93.0782343398
93.0308698359	92.983330707	93.078409004
93.0310419578	92.9835013205	93.0785826339
93.0312130605	92.9836709238	93.0787552359
93.0313831501	92.9838395229	93.0789268158
93.0315522326	92.9840071237	93.0790973798
93.0317203141	92.9841737323	93.0792669339
93.0318874003	92.9843393543	93.0794354841
93.0320534972	92.9845039957	93.0796030363
93.0322186107	92.9846676623	93.0797695965
93.0323827465	92.9848303599	93.0799351704
93.0325459105	92.9849920942	93.080099764
93.0327081085	92.9851528708	93.080263383
93.0328693461	92.9853126955	93.0804260333
93.033029629	92.9854715739	93.0805877205
93.0331889628	92.9856295117	93.0807484503
93.0333473533	92.9857865143	93.0809082285
93.033504806	92.9859425873	93.0810670607
93.0336613264	92.9860977362	93.0812249524
93.0338169201	92.9862519665	93.0813819092
93.0339715925	92.9864052836	93.0815379367
93.0341253491	92.986557693	93.0816930403
93.0342781953	92.9867091999	93.0818472256
93.0344301365	92.9868598099	93.082000498
93.0345811781	92.987009528	93.0821528629
93.0347313254	92.9871583598	93.0823043256
93.0348805837	92.9873063103	93.0824548915
93.0350289582	92.9874533848	93.0826045659
93.0351764543	92.9875995885	93.082753354
93.035323077	92.9877449265	93.0829012612
93.0354688316	92.9878894041	93.0830482927
93.0356137232	92.9880330262	93.0831944536
93.0357577569	92.9881757979	93.0833397491
93.0359009377	92.9883177243	93.0834841843
93.0360432709	92.9884588104	93.0836277642
93.0361847612	92.9885990611	93.0837704941
93.0363254139	92.9887384814	93.0839123789
93.0364652337	92.9888770762	93.0840534235
93.0366042257	92.9890148505	93.0841936331
93.0367423947	92.989151809	93.0843330124
93.0368797456	92.9892879565	93.0844715665
93.0370162833	92.989423298	93.0846093003
93.0371520125	92.9895578382	93.0847462185
93.0372869382	92.9896915817	93.084882326
93.0374210649	92.9898245334	93.0850176277
93.0375543975	92.9899566978	93.0851521282
93.0376869406	92.9900880798	93.0852858323
93.037818699	92.9902186838	93.0854187448
93.0379496772	92.9903485146	93.0855508703
93.0380798799	92.9904775767	93.0856822135
93.0382093117	92.9906058746	93.0858127791
93.0383379771	92.9907334128	93.0859425715
93.0384658808	92.990860196	93.0860715955
93.0385930271	92.9909862284	93.0861998555
93.0387194206	92.9911115147	93.0863273561
93.0388450657	92.9912360591	93.0864541017
93.0389699669	92.9913598662	93.086580097
93.0390941286	92.9914829402	93.0867053461
93.0392175551	92.9916052855	93.0868298537
93.0393402508	92.9917269064	93.0869536241
93.0394622201	92.9918478072	93.0870766617
93.0395834671	92.9919679921	93.0871989707
93.0397039963	92.9920874655	93.0873205556
93.0398238119	92.9922062315	93.0874414205
93.039942918	92.9923242943	93.0875615699
93.0400613189	92.992441658	93.0876810078
93.0401790188	92.9925583269	93.0877997385
93.0402960218	92.992674305	93.0879177663
93.040412332	92.9927895963	93.0880350952
93.0405279535	92.9929042051	93.0881517294
93.0406428905	92.9930181353	93.088267673
93.0407571469	92.9931313909	93.0883829301
93.0408707269	92.993243976	93.0884975047
93.0409836343	92.9933558944	93.088611401
93.0410958732	92.9934671502	93.0887246229
93.0412074476	92.9935777473	93.0888371745
93.0413183613	92.9936876895	93.0889490596
93.0414286184	92.9937969808	93.0890602822
93.0415382226	92.993905625	93.0891708463
93.0416471778	92.9940136259	93.0892807558
93.041755488	92.9941209874	93.0893900144
93.0418631568	92.9942277132	93.0894986262
93.0419701882	92.9943338071	93.0896065949
93.0420765858	92.9944392728	93.0897139243
93.0421823535	92.9945441141	93.0898206182
93.0422874949	92.9946483346	93.0899266803
93.0423920137	92.994751938	93.0900321145
93.0424959138	92.9948549281	93.0901369244
93.0425991986	92.9949573083	93.0902411138
93.0427018719	92.9950590824	93.0903446862
93.0428039373	92.9951602538	93.0904476454
93.0429053984	92.9952608263	93.0905499949
93.0430062587	92.9953608032	93.0906517385
93.0431065219	92.9954601883	93.0907528796
93.0432061914	92.9955589848	93.0908534219
93.0433052707	92.9956571965	93.0909533689
93.0434037634	92.9957548266	93.0910527241
93.043501673	92.9958518787	93.091151491
93.0435990028	92.9959483561	93.0912496731
93.0436957564	92.9960442623	93.0913472739
93.0437919371	92.9961396007	93.0914442968
93.0438875483	92.9962343745	93.0915407452
93.0439825934	92.9963285873	93.0916366226
93.0440770757	92.9964222422	93.0917319322
93.0441709987	92.9965153426	93.0918266776
93.0442643655	92.9966078917	93.0919208619
93.0443571795	92.9966998929	93.0920144886
93.044449444	92.9967913494	93.092107561
93.0445411621	92.9968822644	93.0922000822
93.0446323372	92.996972641	93.0922920557
93.0447229725	92.9970624826	93.0923834845
93.0448130712	92.9971517922	93.092474372
93.0449026363	92.9972405731	93.0925647214
93.0449916712	92.9973288282	93.0926545359
93.0450801789	92.9974165609	93.0927438185
93.0451681625	92.9975037741	93.0928325725
93.0452556252	92.9975904709	93.092920801
93.0453425701	92.9976766543	93.0930085071
93.0454290001	92.9977623276	93.0930956938
93.0455149184	92.9978474935	93.0931823644
93.045600328	92.9979321552	93.0932685218
93.0456852319	92.9980163156	93.093354169
93.0457696331	92.9980999777	93.0934393092
93.0458535345	92.9981831445	93.0935239452
93.0459369392	92.9982658188	93.0936080801
93.04601985	92.9983480037	93.0936917168
93.04610227	92.9984297019	93.0937748583
93.0461842019	92.9985109164	93.0938575076
93.0462656487	92.9985916501	93.0939396675
93.0463466133	92.9986719057	93.0940213409
93.0464270985	92.9987516862	93.0941025307
93.0465071072	92.9988309943	93.0941832398
93.0465866421	92.9989098328	93.094263471
93.0466657061	92.9989882046	93.0943432272
93.046744302	92.9990661123	93.0944225112
93.0468224325	92.9991435587	93.0945013257
93.0469001004	92.9992205466	93.0945796735
93.0469773085	92.9992970786	93.0946575575
93.0470540594	92.9993731575	93.0947349803
93.0471303558	92.999448786	93.0948119447
93.0472062006	92.9995239666	93.0948884534
93.0472815962	92.9995987022	93.0949645091
93.0473565455	92.9996729952	93.0950401144
93.047431051	92.9997468484	93.0951152721
93.0475051153	92.9998202642	93.0951899848
93.0475787411	92.9998932454	93.0952642552
93.047651931	92.9999657945	93.0953380857
93.0477246875	93.0000379141	93.0954114792
93.0477970133	93.0001096066	93.095484438
93.0478689108	93.0001808746	93.0955569649
93.0479403826	93.0002517207	93.0956290623
93.0480114312	93.0003221473	93.0957007329
93.0480820592	93.000392157	93.0957719791
93.048152269	93.0004617521	93.0958428035
93.048222063	93.0005309351	93.0959132085
93.0482914439	93.0005997085	93.0959831966
93.0483604139	93.0006680747	93.0960527704
93.0484289755	93.0007360362	93.0961219322
93.0484971313	93.0008035952	93.0961906845
93.0485648834	93.0008707543	93.0962590297
93.0486322345	93.0009375157	93.0963269702
93.0486991867	93.0010038818	93.0963945085
93.0487657425	93.0010698549	93.0964616469
93.0488319043	93.0011354375	93.0965283877
93.0488976743	93.0012006318	93.0965947334
93.0489630549	93.00126544	93.0966606863
93.0490280483	93.0013298645	93.0967262486
93.049092657	93.0013939076	93.0967914228
93.0491568831	93.0014575715	93.096856211
93.049220729	93.0015208584	93.0969206157
93.0492841968	93.0015837706	93.096984639
93.0493472888	93.0016463104	93.0970482833
93.0494100073	93.0017084798	93.0971115507
93.0494723544	93.0017702812	93.0971744435
93.0495343323	93.0018317166	93.0972369639
93.0495959433	93.0018927883	93.0972991141
93.0496571895	93.0019534984	93.0973608963
93.0497180731	93.002013849	93.0974223128
93.0497785962	93.0020738423	93.0974833655
93.0498387609	93.0021334804	93.0975440568
93.0498985694	93.0021927654	93.0976043888
93.0499580238	93.0022516993	93.0976643635
93.0500171262	93.0023102844	93.0977239831
93.0500758786	93.0023685225	93.0977832497
93.0501342831	93.0024264158	93.0978421654
93.0501923419	93.0024839664	93.0979007323
93.0502500569	93.0025411762	93.0979589523
93.0503074301	93.0025980473	93.0980168277
93.0503644637	93.0026545816	93.0980743604
93.0504211595	93.0027107812	93.0981315524
93.0504775197	93.0027666481	93.0981884058
93.0505335462	93.0028221842	93.0982449226
93.0505892409	93.0028773914	93.0983011047
93.0506446059	93.0029322718	93.0983569542
93.0506996431	93.0029868273	93.098412473
93.0507543544	93.0030410597	93.0984676631
93.0508087417	93.0030949711	93.0985225264
93.050862807	93.0031485632	93.0985770648
93.0509165523	93.003201838	93.0986312804
93.0509699792	93.0032547974	93.0986851749
93.0510230899	93.0033074432	93.0987387503
93.0510758861	93.0033597773	93.0987920085
93.0511283697	93.0034118016	93.0988449514
93.0511805425	93.0034635178	93.0988975808
93.0512324065	93.0035149278	93.0989498985
93.0512839633	93.0035660335	93.0990019065
93.0513352149	93.0036168365	93.0990536066
93.051386163	93.0036673388	93.0991050006
93.0514368095	93.003717542	93.0991560902
93.0514871561	93.003767448	93.0992068773
93.0515372046	93.0038170585	93.0992573638
93.0515869568	93.0038663752	93.0993075513
93.0516364144	93.0039154	93.0993574416
93.0516855791	93.0039641345	93.0994070366
93.0517344528	93.0040125804	93.0994563379
93.0517830371	93.0040607395	93.0995053473
93.0518313337	93.0041086135	93.0995540665
93.0518793443	93.004156204	93.0996024972
93.0519270707	93.0042035127	93.0996506412
93.0519745145	93.0042505413	93.0996985001
93.0520216774	93.0042972915	93.0997460757
93.0520685611	93.0043437649	93.0997933695
93.0521151671	93.0043899631	93.0998403834
93.0521614972	93.0044358877	93.0998871188
93.052207553	93.0044815405	93.0999335776
93.0522533361	93.004526923	93.0999797613
93.0522988481	93.0045720367	93.1000256715
93.0523440907	93.0046168834	93.1000713099
93.0523890653	93.0046614645	93.100116678
93.0524337737	93.0047057816	93.1001617776
93.0524782174	93.0047498364	93.1002066101
93.0525223979	93.0047936303	93.1002511771
93.0525663168	93.0048371649	93.1002954803
93.0526099757	93.0048804418	93.1003395211
93.0526533761	93.0049234624	93.1003833012
93.0526965195	93.0049662283	93.1004268221
93.0527394075	93.005008741	93.1004700853
93.0527820415	93.005051002	93.1005130923
93.0528244231	93.0050930127	93.1005558447
93.0528665537	93.0051347747	93.1005983439
93.0529084349	93.0051762895	93.1006405915
93.0529500682	93.0052175584	93.100682589
93.0529914549	93.005258583	93.1007243378
93.0530325966	93.0052993647	93.1007658394
93.0530734947	93.005339905	93.1008070953
93.0531141506	93.0053802052	93.1008481069
93.0531545658	93.0054202668	93.1008888756
93.0531947417	93.0054600912	93.100929403
93.0532346798	93.0054996798	93.1009696904
93.0532743813	93.005539034	93.1010097393
93.0533138478	93.0055781552	93.101049551
93.0533530807	93.0056170447	93.1010891271
93.0533920812	93.005655704	93.1011284688
93.0534308508	93.0056941344	93.1011675775
93.0534693908	93.0057323373	93.1012064547
93.0535077027	93.0057703139	93.1012451017
93.0535457877	93.0058080658	93.1012835199
93.0535836473	93.0058455941	93.1013217106
93.0536212826	93.0058829001	93.1013596752
93.0536586951	93.0059199854	93.101397415
93.0536958862	93.005956851	93.1014349313
