3.21566494049	-6.12087815458	12.5522080356
1.02446573661	-3.63903177671	5.68796324993
-0.0790618096612	-1.65589678234	1.49777316302
-3.592504072e-11	-3.00343758063e-05	3.00343039563e-05
0.934782999925	0.486519693142	1.38304630671
2.12756407277	1.83592947284	2.41919867269
3.00000000016	2.99995365425	3.00004634607
3.27980806449	3.12706652389	3.43254960509
3.1241295605	3.00507536305	3.24318375794
2.9999999996	2.99993928196	3.00006071725
3.38381819686	3.30370942522	3.4639269685
4.45888286007	4.39052615765	4.52723956249
6.00000000074	5.99992981318	6.00007018829
7.51822188578	7.46542862524	7.57101514631
8.56682763536	8.51931589415	8.61433937658
8.99999999887	8.99990654949	9.00009344824
9.0111949356	8.97126635842	9.05112351278
8.93920113033	8.90203526171	8.97636699896
9.00000000151	8.99986644095	9.00013356207
9.15243259885	9.11944314197	9.18542205573
9.19449255359	9.16309560288	9.2258895043
8.99999999817	8.99980997119	9.00019002514
8.69101835772	8.66211233297	8.71992438247
8.59326135798	8.56533445565	8.62118826031
9.00000000204	8.99978707427	9.00021292982
9.93031035866	9.90395082223	9.95666989509
11.0781672094	11.0524366735	11.1038977453
11.9999999978	11.9998369911	12.0001630046
12.4009883129	12.3762811196	12.4256955063
12.3063598178	12.2820691958	12.3306504398
12.0000000021	12.0000000021	12.0000000021
11.795669343	11.772063807	11.819274879
11.8259524981	11.8026285318	11.8492764644
11.999999998	11.999999998	11.999999998
12.1331464253	12.1102886425	12.1560042081
12.1187498465	12.0960848596	12.1414148333
12.0000000018	12.0000000018	12.0000000018
11.9028378191	11.8804937333	11.9251819049
11.9111103418	11.8888995555	11.9333211281
11.9999999984	11.9997904754	12.0002095215
12.0757465839	12.0537590823	12.0977340854
12.0704636165	12.0485694244	12.0923578086
12.0000000013	11.9997697225	12.0002302802
11.9382124351	11.9164749729	11.9599498974
11.9417928053	11.9201209886	11.963464622
11.9999999989	11.9998176116	12.0001823862
12.0522300606	12.0306685204	12.0737916007
12.0497380207	12.0282224412	12.0712536002
12.0000000009	11.9997864614	12.0002135403
11.9544285798	11.9329901047	11.9758670549
11.9561552367	11.9347489717	11.9775615017
11.9999999994	11.9997069118	12.0002930869
12.0410066674	12.0196548041	12.0623585306
12.0398657855	12.0185369589	12.061194612
12.0000000004	11.9997138568	12.000286144
11.9619148845	11.9406256109	11.9832041581
11.9625708767	11.9412983916	11.9838433618
11.9999999998	11.9999214366	12.000078563
12.036557154	12.0153136504	12.0578006576
12.0363337766	12.0151025994	12.0575649539
12.0	12.0	12.0
11.9636972958	11.9424863006	11.984908291
11.9635054253	11.9423027764	11.9847080742
12.0000000002	12.0000000002	12.0000000002
12.0373004186	12.0161112182	12.058489619
12.0379208159	12.0167369641	12.0591046677
11.9999999996	11.9999999996	11.9999999996
11.9603775704	11.9392024854	11.9815526554
11.9592814816	11.9381099839	11.9804529794
12.0000000006	11.9998310137	12.0001689875
12.0434524064	12.0222869439	12.0646178689
12.0451176034	12.0239547463	12.0662804604
11.9999999991	11.9997142704	12.0002857279
11.9508639478	11.9297055663	11.9720223293
11.9484619476	11.9273054999	11.9696183954
12.0000000011	11.9996895251	12.0003104771
12.0572922813	12.0361391126	12.0784454501
12.0607340953	12.039582392	12.0818857986
11.9999999987	11.9996669409	12.0003330564
11.9309399818	11.9097906092	11.9520893545
11.9258785486	11.9047301312	11.9470269661
12.0000000016	11.9996584172	12.000341586
12.0866950903	12.0655483436	12.1078418369
12.0946017275	12.0734558021	12.1157476529
11.9999999982	11.9996706143	12.0003293821
11.8847661891	11.8636219106	11.9059104676
11.8709930568	11.8498495751	11.8921365385
12.0000000021	11.9997427735	12.0002572306
12.1682515399	12.1471099125	12.1893931673
12.1974348977	12.1762940955	12.2185756998
11.9999999978	11.9998978445	12.0001021511
11.7035209781	11.6823815511	11.724660405
11.610920037	11.5897810271	11.6320590469
12.0000000023	12.0000000023	12.0000000023
12.9042556266	12.8831170196	12.9253942337
14.0481327885	14.0269941394	14.0692714376
14.9999999976	14.9998892196	15.0001107756
15.4399425102	15.4188035819	15.4610814386
15.3508043785	15.3296651454	15.3719436115
15.0000000024	14.9997630912	15.0002369135
14.7364000376	14.715260267	14.7575398082
14.7562649942	14.7351249423	14.7774050461
14.9999999977	14.9996843103	15.0003156851
15.2344858032	15.2133454211	15.2556261853
15.2450221085	15.2238816771	15.26616254
15.0000000023	14.999667991	15.0003320136
14.6870032434	14.6658631628	14.708143324
14.6079504532	14.5868107554	14.6290901509
14.9999999976	14.9997199566	15.0002800386
15.8823102889	15.861171347	15.9034492308
17.014329102	16.9931906935	17.0354675105
18.0000000027	17.9998304119	18.0001695935
18.4972099811	18.4760723503	18.5183476118
18.4199992885	18.3988619327	18.4411366443
17.999999997	17.9999672729	18.000032721
17.6421779586	17.6210409168	17.6633150003
17.6486042498	17.6274673049	17.6697411948
18.0000000035	18.0000000035	18.0000000035
18.3719077986	18.3507708654	18.3930447318
18.399314937	18.3781779383	18.4204519358
17.999999996	17.999999996	17.999999996
17.4929876265	17.471851015	17.514124238
17.3898389049	17.368702522	17.4109752878
18.0000000044	18.0000000044	18.0000000044
19.1624756888	19.1413401548	19.1836112229
20.3364795673	20.3153443985	20.3576147361
20.9999999952	20.9999999952	20.9999999952
21.0465399103	21.025405084	21.0676747366
20.8594438184	20.8383091662	20.8805784706
21.000000005	21.000000005	21.000000005
21.7598724254	21.7387378011	21.7810070497
22.93629895	22.9151643852	22.9574335148
23.999999995	23.999999995	23.999999995
24.5035465381	24.4824117453	24.5246813308
24.3946373388	24.3735024719	24.4157722057
24.0000000048	24.0000000048	24.0000000048
23.7297413482	23.708605869	23.7508768274
23.7690853024	23.7479494497	23.7902211551
23.9999999954	23.9999999954	23.9999999954
24.1746166215	24.1534799214	24.1957533216
24.1535028714	24.1323657903	24.1746399525
24.0000000044	23.9999042122	24.0000957965
23.8802052914	23.8590677456	23.9013428371
23.8940653323	23.8729278205	23.915202844
23.9999999959	23.9998652251	24.0001347667
24.0822133173	24.0610759636	24.1033506709
24.0718285828	24.0506914782	24.0929656875
24.0000000039	24.0000000039	24.0000000039
23.946913395	23.9257766724	23.9680501175
23.9555442842	23.9344074589	23.9766811094
23.9999999963	23.9999999963	23.9999999963
24.0281298036	24.006992889	24.0492667182
24.0202499107	23.999112821	24.0413870005
24.0000000035	23.999889975	24.0001100321
23.9953733715	23.9742358739	24.016510869
24.0032907206	23.982153032	24.0244284093
23.9999999965	23.9998197134	24.0001802796
23.9801762943	23.9590384222	24.0013141663
23.9713242785	23.9501863518	23.9924622053
24.0000000035	23.9998080007	24.0001920063
24.0483353444	24.0271972429	24.069473446
24.0595855623	24.0384473903	24.0807237343
23.9999999965	23.9997655446	24.0002344484
23.913376837	23.8922382985	23.9345153756
23.8964937715	23.8753551651	23.9176323779
24.0000000035	23.9997352937	24.0002647134
24.1489158539	24.1277773408	24.1700543669
24.1812144275	24.160076146	24.202352709
23.9999999965	23.9997963425	24.0002036504
23.7132621938	23.6921246379	23.7343997498
23.6172037584	23.5960665567	23.6383409601
24.0000000035	24.0000000035	24.0000000035
24.90563652	24.8844999257	24.9267731143
26.0538950741	26.0327586421	26.0750315062
26.9999999966	26.9999999966	26.9999999966
27.4236819501	27.4025457707	27.4448181295
27.3280428572	27.3069068172	27.3491788972
27.0000000032	27.0000000032	27.0000000032
26.7762100767	26.7550742399	26.7973459135
26.8076511628	26.7865153368	26.8287869888
26.9999999971	26.9999999971	26.9999999971
27.1491208523	27.1279850006	27.170256704
27.1335735479	27.1124376151	27.1547094807
27.0000000026	27.0000000026	27.0000000026
26.8902655656	26.8691295801	26.911401551
26.8996344549	26.8784984782	26.9207704316
26.9999999977	26.9999999977	26.9999999977
27.08509085	27.0639550959	27.1062266041
27.0787713201	27.0576357191	27.099906921
27.000000002	27.000000002	27.000000002
26.9319262928	26.9107905142	26.9530620714
26.9364954439	26.9153596007	26.9576312872
26.9999999983	26.9999999983	26.9999999983
27.0555826716	27.0344465953	27.076718748
27.0521296746	27.0309935028	27.0732658465
27.0000000015	27.0000000015	27.0000000015
26.9539494853	26.9328132823	26.9750856882
26.9566334868	26.9354972963	26.9777696773
26.9999999988	26.9999999988	26.9999999988
27.0385963775	27.0174603691	27.0597323858
27.0364743513	27.0153385235	27.0576101791
27.000000001	27.000000001	27.000000001
26.967316038	26.9461803487	26.9884517274
26.9690079714	26.947872416	26.9901435268
26.9999999991	26.9999999991	26.9999999991
27.0279660478	27.0068306673	27.0491014282
27.0266158606	27.0054805677	27.0477511534
27.0000000007	27.0000000007	27.0000000007
26.975792709	26.9546572154	26.9969282026
26.9768624313	26.9557267165	26.9979981462
26.9999999994	26.9999999994	26.9999999994
27.0212433757	27.0001070868	27.0423796646
27.0204109038	26.9992743853	27.0415474223
27.0000000004	27.0000000004	27.0000000004
26.9810414644	26.9599048025	27.0021781263
26.981666824	26.960530263	27.0028033849
26.9999999997	26.9999999997	26.9999999997
27.0172732053	26.9961372262	27.0384091844
27.0168352947	26.9956996306	27.0379709588
27.0000000002	27.0000000002	27.0000000002
26.9838620014	26.9627270356	27.0049969673
26.9841225496	26.9629878201	27.0052572792
26.9999999999	26.9999999999	26.9999999999
27.0155325958	26.9943981723	27.0366670193
27.0154496299	26.9943153246	27.0365839352
27.0000000001	27.0000000001	27.0000000001
26.9845300928	26.9633958641	27.0056643214
26.9844220323	26.9632879228	27.0055561418
27.0	27.0	27.0
27.0160081045	26.9948745032	27.0371417059
27.0163406042	26.9952072412	27.0374739672
26.9999999999	26.9999999999	26.9999999999
26.9827226081	26.9615896356	27.0038555807
26.9820976442	26.9609649067	27.0032303818
27.0000000002	27.0000000002	27.0000000002
27.0195387416	26.9984058158	27.0406716674
27.0205918915	26.9994587256	27.0417250574
26.9999999997	26.9999999997	26.9999999997
26.9766791144	26.9555456061	26.9978126228
26.974912617	26.9537788061	26.9960464279
27.0000000003	27.0000000003	27.0000000003
27.0297759709	27.0086419464	27.0509099954
27.0329211076	27.0117870378	27.0540551775
26.9999999996	26.9999999996	26.9999999996
26.9582412019	26.9371070593	26.9793753446
26.9518843411	26.9307502933	26.9730183889
27.0000000004	27.0000000004	27.0000000004
27.0679481602	27.0468140873	27.089082233
27.0841086828	27.0629746653	27.1052427004
26.9999999995	26.9999999995	26.9999999995
26.8542383129	26.8331043529	26.875372273
26.7896767511	26.7685426284	26.8108108738
27.0000000005	27.0000000005	27.0000000005
27.6293260229	27.6081916246	27.6504604212
28.6824177073	28.6612829844	28.7035524302
29.9999999996	29.9999999996	29.9999999996
31.3161000386	31.2949647201	31.3372353572
32.3677033925	32.3465677382	32.3888390468
33.0000000004	33.0000000004	33.0000000004
33.2163134039	33.1951772426	33.2374495651
33.1532957844	33.1321595734	33.1744319953
32.9999999995	32.9999999995	32.9999999995
32.9051674248	32.8840310883	32.9263037613
32.9196676018	32.8985311679	32.9408040357
33.0000000006	33.0000000006	33.0000000006
33.0639915107	33.0428548593	33.0851281621
33.0594839293	33.0383470236	33.080620835
32.9999999993	32.9999281936	33.000071805
32.9453963801	32.924258896	32.9665338642
32.9464090994	32.925271357	32.9675468418
33.0000000009	32.9998094802	33.0001905215
33.0535475627	33.032409477	33.0746856484
33.0543294876	33.0331914527	33.0754675225
32.9999999989	32.999802653	33.0001973449
32.9427398175	32.9216020277	32.9638776073
32.9406251926	32.9194875617	32.9617628236
33.0000000013	32.9999113016	33.000088701
33.0649342523	33.0437972508	33.0860712538
33.0684352192	33.0472984515	33.0895719869
32.9999999984	32.9999999984	32.9999999984
32.9228581498	32.9017218089	32.9439944906
32.9174856192	32.8963494113	32.938621827
33.0000000018	33.0000000018	33.0000000018
33.095944777	33.0748083065	33.1170812474
33.1044011495	33.0832643185	33.1255379805
32.9999999979	32.9999909589	33.0000090369
32.8735974301	32.8524600442	32.8947348161
32.8589863767	32.8378487161	32.8801240373
33.0000000024	32.9998046185	33.0001953862
33.1823092746	33.1611710795	33.2034474697
33.2127449352	33.1916066144	33.2338832561
32.9999999975	32.9997795213	33.0002204736
32.6851141028	32.6639759074	32.7062522983
32.5905905444	32.5694525762	32.6117285126
33.0000000026	32.9998447216	33.0001552837
33.9294592884	33.9083217827	33.9505967941
35.0764506487	35.0553134524	35.097587845
35.9999999973	35.9999999973	35.9999999973
36.4034302318	36.3822934951	36.4245669685
36.3088367907	36.2877000155	36.329973566
36.0000000026	36.0000000026	36.0000000026
35.7935174888	35.7723804774	35.8146545001
35.8240985156	35.8029613629	35.8452356683
35.9999999976	35.9998925685	36.0001074266
36.1342307819	36.1130932781	36.1553682857
36.1193862853	36.0982486535	36.1405239172
36.0000000022	35.9998385575	36.0001614469
35.9031864372	35.8820486165	35.9243242578
35.9119873192	35.8908494233	35.9331252152
35.999999998	35.9998056432	36.0001943528
36.0737534561	36.0526154477	36.0948914646
36.0678848692	36.0467468473	36.0890228911
36.0000000018	35.9998115175	36.000188486
35.9420167663	35.9208788718	35.9631546607
35.9462381955	35.9251002418	35.9673761492
35.9999999985	35.9998248792	36.0001751178
36.0464406692	36.0253029391	36.0675783994
36.0432427016	36.0221050345	36.0643803686
36.0000000013	35.9998563235	36.0001436792
35.962412866	35.9412754402	35.9835502918
35.9649269154	35.9437895869	35.986064244
35.9999999988	35.9999134097	36.000086588
36.0305619195	36.0094248766	36.0516989623
36.0285297323	36.0073927121	36.0496667525
36.000000001	36.000000001	36.000000001
35.9751589086	35.9540219122	35.9962959051
35.9768386623	35.9557016777	35.9979756469
35.9999999991	35.9999999991	35.9999999991
36.0200823112	35.9989452848	36.0412193376
36.01866661	35.9975294682	36.0398037517
36.0000000008	35.9999494967	36.0000505048
35.9839524251	35.9628151125	36.0050897377
35.9851679878	35.9640306173	36.0063053584
35.9999999993	35.9998977851	36.0001022135
36.012561876	35.9914244558	36.0336992963
36.0114977276	35.9903603031	36.0326351522
36.0000000006	35.9998835071	36.0001164941
35.9905103264	35.9693729839	36.011647669
35.9914621028	35.9703248203	36.0125993854
35.9999999994	35.9999173559	36.000082643
36.0067206604	35.9855835141	36.0278578066
36.0058484077	35.9847112716	36.0269855438
36.0000000005	36.0000000005	36.0000000005
35.9958394557	35.9747024205	36.016976491
35.9966612332	35.9755241577	36.0177983087
35.9999999995	35.9999999995	35.9999999995
36.0017245159	35.9805874315	36.0228616002
36.0009261281	35.9797891167	36.0220631394
36.0000000005	36.0000000005	36.0000000005
36.0006679919	35.9795310213	36.0218049625
36.0014697481	35.9803326954	36.0226068008
35.9999999995	35.9999999995	35.9999999995
35.9969017574	35.9757648042	36.0180387106
35.9960684668	35.9749315422	36.0172053915
36.0000000005	36.0000000005	36.0000000005
36.0056537569	35.9845167241	36.0267907897
36.0065503343	35.9854133512	36.0276873173
35.9999999995	35.9999496311	36.0000503678
35.9915643427	35.9704270811	36.0127016043
35.9905660098	35.969428565	36.0117034545
36.0000000006	35.9998587801	36.0001412211
36.0115696261	35.9904319245	36.0327073276
36.0127198556	35.9915820834	36.0338576278
35.9999999994	35.9998139235	36.0001860752
35.9847762455	35.9636381278	36.0059143633
35.9834038645	35.9622656569	36.004542072
36.0000000007	35.9997856393	36.0002143621
36.0196396759	35.9985013754	36.0407779765
36.0213398854	36.0002015616	36.0424782092
35.9999999992	35.9997607442	36.0002392542
35.9748096175	35.953671134	35.995948101
35.9726108807	35.9514725922	35.9937491692
36.0000000009	35.9997783195	36.0002216823
36.0324951386	36.0113570376	36.0536332396
36.0354898174	36.0143519077	36.056627727
35.999999999	35.9998678573	36.0001321407
35.9573324905	35.9361953643	35.9784696167
35.9529763185	35.931839663	35.9741129741
36.0000000011	36.0000000011	36.0000000011
36.0579114063	36.036775984	36.0790468286
36.064831003	36.0436960462	36.0859659598
35.9999999988	35.9999999988	35.9999999988
35.9168183088	35.8956839467	35.9379526709
35.9043485889	35.8832141197	35.925483058
36.0000000012	36.0000000012	36.0000000012
36.1319371037	36.1108024692	36.1530717382
36.1594524962	36.1383174462	36.1805875463
35.9999999989	35.9999999989	35.9999999989
35.7452528832	35.7241178229	35.7663879434
35.6547505955	35.6336152351	35.6758859559
36.000000001	36.000000001	36.000000001
36.8557295585	36.8345940148	36.8768651021
37.9969860601	37.975850307	38.0181218132
38.9999999993	38.9999999993	38.9999999993
39.4969473357	39.4758111505	39.5180835209
39.4110806693	39.3899442047	39.432217134
39.0000000004	39.0000000004	39.0000000004
38.6687926017	38.6476554645	38.6899297388
38.6845472342	38.6634099712	38.7056844972
39.0	38.9998532816	39.0001467184
39.315471537	39.2943336492	39.3366094249
39.3312450018	39.3101069287	39.3523830749
38.9999999996	38.9997699234	39.0002300758
38.5888436343	38.5677052102	38.6099820583
38.5029575835	38.4818191485	38.5240960185
39.0000000008	38.99976541	39.0002345915
40.0031487809	39.9820105099	40.024287052
41.1444257876	41.1232877113	41.1655638639
41.999999999	41.9998316243	42.0001683737
42.3450514647	42.3239140526	42.3661888767
42.2545269497	42.2333897639	42.2756641356
42.0000000011	42.0000000011	42.0000000011
41.8408143481	41.8196777986	41.8619508977
41.8683543426	41.847217985	41.8894907002
41.9999999988	41.9999999988	41.9999999988
42.0953078332	42.0741717817	42.1164438848
42.0828104138	42.0616744532	42.1039463744
42.0000000012	42.0000000012	42.0000000012
41.9355993931	41.9144634286	41.9567353576
41.942550602	41.9214146573	41.9636865466
41.9999999989	41.9999999989	41.9999999989
42.0464938263	42.0253579016	42.0676297509
42.0421011975	42.0209653014	42.0632370936
42.000000001	42.000000001	42.000000001
41.9651550727	41.9440191876	41.9862909577
41.9681921307	41.9470562119	41.9893280495
41.9999999991	41.9999999991	41.9999999991
42.0266102134	42.0054741356	42.0477462912
42.0243619171	42.0032257711	42.0454980631
42.0000000008	42.0000000008	42.0000000008
41.9795960022	41.9584596853	42.0007323191
41.9813544308	41.9602180949	42.0024907666
41.9999999992	41.9999999992	41.9999999992
42.0154756033	41.9943395115	42.0366116951
42.0140345925	41.9928986666	42.0351705184
42.0000000007	42.0000000007	42.0000000007
41.9886185572	41.9674828717	42.0097542427
41.9898499139	41.9687143781	42.0109854498
41.9999999994	41.9999999994	41.9999999994
42.0078378039	41.9867021807	42.0289734271
42.0067433423	41.9856075462	42.0278791385
42.0000000006	42.0000000006	42.0000000006
41.9953515283	41.9742154167	42.0164876399
41.9963622652	41.9752260707	42.0174984597
41.9999999994	41.9999999994	41.9999999994
42.0016663693	41.9805301943	42.0228025443
42.0006971865	41.9795611609	42.021833212
42.0000000006	42.0000000006	42.0000000006
42.0012282723	41.9800926828	42.0223638618
42.0021922346	41.9810568601	42.0233276092
41.9999999994	41.9999999994	41.9999999994
41.9958585965	41.9747234118	42.0169937813
41.9948659271	41.9737307617	42.0160010926
42.0000000006	42.0000000006	42.0000000006
42.0071744913	41.986038999	42.0283099835
42.008230022	41.9870944742	42.0293655698
41.9999999993	41.9999999993	41.9999999993
41.9895678902	41.9684323152	42.0107034652
41.9884126749	41.967277159	42.0095481907
42.0000000007	42.0000000007	42.0000000007
42.0140294808	41.9928938526	42.035165109
42.015326649	41.9941908417	42.0364624564
41.9999999992	41.9999999992	41.9999999992
41.9818984031	41.9607623492	42.003034457
41.980407831	41.9592717398	42.0015439222
42.0000000009	42.0000000009	42.0000000009
42.0228160965	42.0016799652	42.0439522278
42.0245663869	42.0034303674	42.0457024064
41.999999999	41.999999999	41.999999999
41.971606506	41.9504709064	41.9927421057
41.9695059153	41.9483707374	41.9906410933
42.0000000012	42.0000000012	42.0000000012
42.035141564	42.0140071002	42.0562760278
42.0377239866	42.0165897809	42.0588581923
41.9999999986	41.9999999986	41.9999999986
41.9564821069	41.9353482673	41.9776159466
41.9532137038	41.9320797623	41.9743476454
42.0000000016	42.0000000016	42.0000000016
42.0542520366	42.0331178224	42.0753862507
42.0585481318	42.0374138094	42.0796824542
41.9999999982	41.9999999982	41.9999999982
41.9313948788	41.9102602463	41.9525295114
41.9254450593	41.904310252	41.9465798667
42.000000002	42.000000002	42.000000002
42.0889851894	42.0678500794	42.1101202995
42.0978764832	42.0767410264	42.11901194
41.9999999977	41.9999999977	41.9999999977
41.8793584933	41.8582224956	41.900494491
41.8644113757	41.8432752998	41.8855474517
42.0000000025	42.0000000025	42.0000000025
42.1774795262	42.1563433961	42.1986156563
42.2081790263	42.1870429836	42.229315069
41.9999999973	41.9999999973	41.9999999973
41.689210488	41.668074985	41.710345991
41.5944781779	41.5733429017	41.6156134542
42.0000000028	42.0000000028	42.0000000028
42.925943463	42.9048082522	42.9470786738
44.0730999759	44.0519646214	44.0942353303
44.9999999972	44.9999999972	44.9999999972
45.4064877189	45.3853518702	45.4276235675
45.311764775	45.2906288389	45.3329007112
45.0000000027	45.0000000027	45.0000000027
44.7908174287	44.7696814355	44.8119534219
44.8214979209	44.8003622048	44.842633637
44.9999999975	44.9999999975	44.9999999975
45.1366592376	45.1155242456	45.1577942295
45.1217413292	45.1006067572	45.1428759012
45.0000000023	45.0000000023	45.0000000023
44.9009544403	44.8798207689	44.9220881116
44.909805463	44.8886721254	44.9309388006
44.999999998	44.999999998	44.999999998
45.0758567776	45.0547237059	45.0969898493
45.0699594791	45.048826525	45.0910924332
45.0000000018	45.0000000018	45.0000000018
44.9399790543	44.9188457152	44.9611123934
44.944208826	44.9230751962	44.9653424558
44.9999999985	44.9999999985	44.9999999985
45.0484733629	45.0273391998	45.0696075259
45.0452870524	45.0241526947	45.0664214101
45.0000000013	45.0000000013	45.0000000013
44.9603250568	44.9391905906	44.9814595231
44.9628071735	44.9416727916	44.9839415554
44.9999999989	44.9999999989	44.9999999989
45.03276644	45.0116322076	45.0539006724
45.0307873725	45.0096532334	45.0519215116
45.000000001	45.000000001	45.000000001
44.9727726989	44.9516386635	44.9939067343
44.9743765791	44.9532425149	44.9955106432
44.9999999992	44.9999999992	44.9999999992
45.022720579	45.0015862969	45.0438548611
45.0214057765	45.00027137	45.0425401829
45.0000000007	45.0000000007	45.0000000007
44.980984154	44.9598492398	45.0021190682
44.9820707377	44.960935679	45.0032057965
44.9999999994	44.9999999994	44.9999999994
45.015948131	44.9948124092	45.0370838527
45.0150449975	44.9939090169	45.036180978
45.0000000005	45.0000000005	45.0000000005
44.9866052191	44.9654687078	45.0077417304
44.987358925	44.9662222394	45.0084956106
44.9999999996	44.9999999996	44.9999999996
45.0112617816	44.9901247965	45.0323987667
45.0106309686	44.9894938973	45.0317680398
45.0000000004	44.9999933699	45.0000066308
44.9905246852	44.9693875146	45.0116618558
44.9910537214	44.9699165015	45.0121909412
44.9999999997	44.9999128971	45.0000871023
45.0079763323	44.9868392208	45.0291134438
45.0075320093	44.9863948034	45.0286692151
45.0000000003	44.999958784	45.0000412165
44.9932830688	44.9721460353	45.0144201023
44.9936566275	44.9725196043	45.0147936506
44.9999999998	44.9999999998	44.9999999998
45.0056578399	44.9845210211	45.0267946586
45.0053435462	44.9842068364	45.0264802559
45.0000000002	45.0000000002	45.0000000002
44.9952333865	44.9740969433	45.0163698297
44.9954979547	44.9743616853	45.0166342242
44.9999999998	44.9999999998	44.9999999998
45.0040162957	44.9828799646	45.0251526269
45.0037935037	44.9826569922	45.0249300151
45.0000000001	45.0000000001	45.0000000001
44.9966156014	44.9754784141	45.0177527888
44.9968032629	44.9756657104	45.0179408154
44.9999999999	44.9998396274	45.0001603724
45.0028521068	44.9817144421	45.0239897715
45.002694007	44.9815565455	45.0238314684
45.0000000001	45.0000000001	45.0000000001
44.9975963553	44.9764597812	45.0187329293
44.9977295677	44.9765935473	45.0188655882
44.9999999999	44.9999999999	44.9999999999
45.0020257653	44.9808907644	45.0231607662
45.001913512	44.9807790223	45.0230480016
45.0000000001	45.0000000001	45.0000000001
44.9982926673	44.9771587647	45.0194265698
44.9983872653	44.9772536004	45.0195209302
44.9999999999	44.9999999999	44.9999999999
45.001438979	44.9803052623	45.0225726958
45.0013592556	44.9802253072	45.022493204
45.0	45.0	45.0
44.9987871813	44.977652847	45.0199215156
44.9988543712	44.9777198326	45.0199889098
45.0	45.0	45.0
45.001022212	44.9798873337	45.0221570903
45.0009655838	44.9798304872	45.0221006804
45.0	45.0	45.0
44.9991384338	44.9780029788	45.0202738888
44.9991861613	44.9780506547	45.0203216678
45.0	45.0	45.0
45.0007261698	44.9795902682	45.0218620714
45.0006859435	44.9795496484	45.0218222387
45.0	45.0	45.0
44.999387947	44.9782510336	45.0205248604
44.9994218513	44.9782846161	45.0205590866
45.0	44.9998603031	45.0001396969
45.0005158706	44.9793781522	45.021653589
45.0004872946	44.979349476	45.0216251131
45.0	44.9998125883	45.0001874118
44.9995651963	44.978427586	45.0207028066
44.9995892816	44.9784519305	45.0207266326
45.0	45.0	45.0
45.0003664765	44.9792299425	45.0215030105
45.0003461762	44.9792100253	45.021482327
45.0	45.0	45.0
44.9996911132	44.9785556684	45.020826558
44.9997082234	44.9785728488	45.0208435979
45.0	45.0	45.0
45.0002603472	44.9791250887	45.0213956056
45.0002459258	44.9791102451	45.0213816064
45.0	45.0	45.0
44.9997805647	44.9786441906	45.0209169388
44.9997927198	44.9786559518	45.0209294879
45.0	44.9999775243	45.0000224756
45.0001849525	44.9790476461	45.021322259
45.0001747075	44.9790373845	45.0213120305
45.0	44.9998786792	45.0001213208
44.9998441115	44.9787067047	45.0209815183
44.9998527466	44.9787154564	45.0209900367
45.0	44.999910827	45.000089173
45.0001313917	44.9789941026	45.0212686808
45.0001241136	44.9789866202	45.0212616069
45.0	44.9998502888	45.0001497112
44.9998892556	44.9787514973	45.0210270138
44.99989539	44.9787575601	45.0210332198
45.0	44.9998161823	45.0001838177
45.0000933417	44.9789554428	45.0212312407
45.0000881713	44.9789503426	45.021226
45.0	44.9998470142	45.0001529858
44.9999213262	44.9787838262	45.0210588263
44.9999256842	44.9787885557	45.0210628126
45.0	45.0	45.0
45.0000663107	44.9789294958	45.0212031256
45.0000626376	44.9789259785	45.0211992967
45.0	45.0	45.0
44.9999441095	44.9788072806	45.0210809384
44.9999472054	44.9788101562	45.0210842546
45.0	44.99988952	45.00011048
45.0000471077	44.9789094614	45.0211847541
45.0000444983	44.9789064699	45.0211825267
45.0	44.9997730035	45.0002269965
44.9999602949	44.9788217507	45.0210988392
44.9999624943	44.9788238758	45.0211011127
45.0	44.999744131	45.000255869
45.0000334657	44.9788948413	45.0211720901
45.000031612	44.978893201	45.0211700229
45.0	44.9997784121	45.0002215879
44.9999717932	44.9788337782	45.0211098081
44.9999733556	44.9788355937	45.0211111176
45.0	44.9998605141	45.0001394859
45.0000237743	44.9788864889	45.0211610597
45.0000224574	44.9788852385	45.0211596763
45.0	45.0	45.0
44.9999799616	44.978843026	45.0211168973
44.9999810716	44.9788442673	45.0211178759
45.0	45.0	45.0
45.0000168895	44.9788799803	45.0211537986
45.0000159539	44.978878965	45.0211529429
45.0	44.999932835	45.000067165
44.9999857646	44.978848442	45.0211230872
44.9999865531	44.978849095	45.0211240112
45.0	44.9998556109	45.000144389
45.0000119984	44.9788742355	45.0211497613
45.0000113338	44.9788736145	45.0211490531
45.0	44.9998370212	45.0001629788
44.999989887	44.978852354	45.0211274201
44.9999904472	44.9788531339	45.0211277605
45.0	45.0	45.0
45.0000085238	44.9788717337	45.0211453139
45.0000080516	44.9788714426	45.0211446607
45.0	45.0	45.0
44.9999928157	44.9788565609	45.0211290704
44.9999932136	44.978857013	45.0211294142
45.0	45.0	45.0
45.0000060554	44.978869889	45.0211422218
45.0000057199	44.9788695622	45.0211418776
45.0	45.0	45.0
44.9999948962	44.978858474	45.0211313183
44.9999951789	44.9788586172	45.0211317406
45.0	45.0	45.0
45.0000043018	44.9788678234	45.0211407802
45.0000040635	44.9788675841	45.0211405429
45.0	45.0	45.0
44.9999963742	44.9788599411	45.0211328073
44.999996575	44.9788601604	45.0211329897
45.0	45.0	45.0
45.000003056	44.9788665747	45.0211395373
45.0000028867	44.9788663024	45.0211394711
45.0	45.0	45.0
44.9999974242	44.9788607091	45.0211341393
44.9999975669	44.9788607411	45.0211343926
45.0	45.0	45.0
45.000002171	44.9788653123	45.0211390298
45.0000020508	44.9788652121	45.0211388894
45.0	45.0	45.0
44.9999981701	44.9788612841	45.0211350562
44.9999982715	44.9788613096	45.0211352334
45.0	45.0	45.0
45.0000015423	44.9788645357	45.0211385489
45.0000014569	44.9788642999	45.0211386138
45.0	44.9999817848	45.0000182152
44.9999987	44.9788614899	45.0211359102
44.9999987721	44.9788615321	45.021136012
45.0	44.9999049162	45.0000950838
45.0000010957	44.9788636227	45.0211385686
45.000001035	44.9788635833	45.0211384867
45.0	44.9998700995	45.0001299005
44.9999990765	44.9788615016	45.0211366514
44.9999991277	44.9788616192	45.0211366361
45.0	44.9998751994	45.0001248006
45.0000007784	44.9788633688	45.0211381879
45.0000007353	44.9788633675	45.021138103
45.0	44.9999465283	45.0000534717
44.9999993439	44.9788621705	45.0211365174
44.9999993803	44.9788623005	45.02113646
45.0	45.0	45.0
45.000000553	44.9788635	45.0211376059
45.0000005223	44.9788635686	45.0211374761
45.0	45.0	45.0
44.9999995339	44.978862535	45.0211365328
44.9999995597	44.9788624899	45.0211366296
45.0	45.0	45.0
45.0000003928	44.9788632273	45.0211375583
45.0000003711	44.9788631227	45.0211376195
45.0	44.9998992016	45.0001007984
44.9999996689	44.9788623313	45.0211370065
44.9999996872	44.9788623297	45.0211370448
45.0	44.9998639474	45.0001360526
45.0000002791	44.9788628525	45.0211377056
45.0000002636	44.9788627816	45.0211377456
45.0	44.9998626157	45.0001373843
44.9999997648	44.9788622548	45.0211372748
44.9999997778	44.978862219	45.0211373367
45.0	44.9998541505	45.0001458495
45.0000001983	44.9788626846	45.0211377119
45.0000001873	44.9788628166	45.0211375579
45.0	44.9998959102	45.0001040898
44.9999998329	44.9788626332	45.0211370326
44.9999998422	44.9788627299	45.0211369544
45.0	45.0	45.0
45.0000001408	44.9788630812	45.0211372005
45.000000133	44.9788631577	45.0211371084
45.0	45.0	45.0
44.9999998813	44.9788628085	45.0211369541
44.9999998879	44.9788628395	45.0211369362
45.0	45.0	45.0
45.0000001001	44.978863034	45.0211371661
45.0000000945	44.9788630941	45.0211370949
45.0	45.0	45.0
44.9999999157	44.9788628627	45.0211369686
44.9999999203	44.9788629112	45.0211369295
45.0	45.0	45.0
45.0000000711	44.9788630063	45.0211371358
45.0000000671	44.978862849	45.0211372853
45.0	44.9998982943	45.0001017057
44.9999999401	44.9788627751	45.0211371051
44.9999999434	44.9788626257	45.0211372611
45.0	44.999888238	45.000111762
45.0000000505	44.9788627836	45.0211373174
45.0000000477	44.9788627142	45.0211373812
45.0	44.999905246	45.000094754
44.9999999574	44.9788626102	45.0211373047
44.9999999598	44.9788627495	45.0211371701
45.0	44.9999132696	45.0000867304
45.0000000359	44.9788628909	45.0211371809
45.0000000339	44.9788628465	45.0211372213
45.0	44.9999002937	45.0000997063
44.9999999698	44.9788623778	45.0211375618
44.9999999714	44.9788618784	45.0211380645
45.0	44.9997684638	45.0002315362
45.0000000255	44.9788613325	45.0211387185
45.0000000241	44.9788608124	45.0211392358
45.0	44.9996883607	45.0003116393
44.9999999785	44.978860676	45.021139281
44.9999999797	44.9788605281	45.0211394313
45.0	44.9996964808	45.0003035192
45.0000000181	44.9788609394	45.0211390968
45.0000000171	44.978860964	45.0211390702
45.0	44.9997115884	45.0002884116
44.9999999847	44.9788611718	45.0211387977
44.9999999856	44.9788613992	45.021138572
45.0	44.9997696284	45.0002303716
45.0000000129	44.978861926	45.0211380998
45.0000000121	44.9788620329	45.0211379914
45.0	44.9998344371	45.0001655629
44.9999999892	44.9788624631	45.0211375153
44.9999999898	44.9788625735	45.021137406
45.0	44.9999026957	45.0000973043
45.0000000091	44.9788626674	45.0211373509
45.0000000086	44.9788627671	45.0211372502
45.0	44.9999818761	45.0000181239
44.9999999923	44.9788630579	45.0211369267
44.9999999927	44.978863033	45.0211369524
45.0	45.0	45.0
45.0000000065	44.9788632114	45.0211368016
45.0000000061	44.9788630319	45.0211369804
45.0	45.0	45.0
44.9999999945	44.978862842	45.021137147
44.9999999948	44.9788627751	45.0211372146
45.0	44.9998859804	45.0001140196
45.0000000046	44.9788626204	45.0211373888
45.0000000044	44.9788624342	45.0211375745
45.0	44.9998453331	45.0001546669
44.9999999961	44.978862221	45.0211377713
44.9999999963	44.9788619793	45.0211380133
45.0	44.9997956731	45.0002043269
45.0000000033	44.9788616728	45.0211383338
45.0000000031	44.9788617134	45.0211382928
45.0	44.999781695	45.000218305
44.9999999972	44.978861921	45.0211380735
44.9999999974	44.9788620307	45.0211379641
45.0	44.9998517783	45.0001482216
45.0000000023	44.9788626001	45.0211374045
45.0000000022	44.9788628452	45.0211371592
45.0	45.0	45.0
44.999999998	44.978863054	45.0211369421
44.9999999981	44.9788631268	45.0211368695
45.0	45.0	45.0
45.0000000017	44.9788632805	45.0211367228
45.0000000016	44.9788633993	45.0211366038
45.0	45.0	45.0
44.9999999986	44.9788634789	45.0211365183
44.9999999987	44.9788635913	45.021136406
45.0	45.0	45.0
45.0000000012	44.9788634931	45.0211365092
45.0000000011	44.9788633358	45.0211366664
45.0	45.0	45.0
44.999999999	44.9788629232	45.0211370748
44.9999999991	44.9788626913	45.0211373068
45.0	44.9998549418	45.0001450582
45.0000000008	44.9788622422	45.0211377595
45.0000000008	44.9788620455	45.0211379561
45.0	44.9997907889	45.0002092111
44.9999999993	44.9788618748	45.0211381238
44.9999999993	44.9788618576	45.021138141
45.0	44.9997952463	45.0002047537
45.0000000006	44.9788621366	45.0211378646
45.0000000006	44.9788621207	45.0211378804
45.0	44.9998187121	45.0001812879
44.9999999995	44.9788622621	45.0211377369
44.9999999995	44.9788621543	45.0211378447
45.0	44.9998068987	45.0001931013
45.0000000004	44.9788618969	45.021138104
45.0000000004	44.9788618105	45.0211381903
45.0	44.9997591193	45.0002408807
44.9999999996	44.97886142	45.0211385792
44.9999999997	44.9788612543	45.021138745
45.0	44.9997174768	45.0002825232
45.0000000003	44.9788610031	45.0211389975
45.0000000003	44.9788608641	45.0211391364
45.0	44.9997012829	45.0002987171
44.9999999997	44.9788608801	45.0211391194
44.9999999998	44.9788608422	45.0211391573
45.0	44.9997076024	45.0002923976
45.0000000002	44.9788609216	45.0211390788
45.0000000002	44.9788610751	45.0211389253
45.0	44.9997232237	45.0002767763
44.9999999998	44.9788611601	45.0211388396
44.9999999998	44.9788613222	45.0211386774
45.0	44.9997466281	45.0002533719
45.0000000001	44.9788616972	45.0211383031
45.0000000001	44.9788619115	45.0211380888
45.0	44.9998299988	45.0001700012
44.9999999999	44.9788624348	45.021137565
44.9999999999	44.9788625635	45.0211374363
45.0	44.9999077927	45.0000922073
45.0000000001	44.9788627072	45.0211372931
45.0000000001	44.9788627488	45.0211372514
45.0	44.9999514214	45.0000485786
44.9999999999	44.9788628892	45.0211371106
44.9999999999	44.9788628827	45.0211371171
45.0	45.0	45.0
45.0000000001	44.9788631187	45.0211368814
45.0000000001	44.978863197	45.0211368031
45.0	45.0	45.0
44.9999999999	44.9788629958	45.021137004
44.9999999999	44.9788629517	45.0211370481
45.0	44.9999649861	45.0000350139
45.0000000001	44.9788629228	45.0211370773
45.0	44.9788630258	45.0211369743
45.0	45.0	45.0
45.0	44.9788634076	45.0211365923
45.0	44.9788635841	45.0211364159
45.0	45.0	45.0
45.0	44.9788637742	45.0211362259
45.0	44.9788636786	45.0211363215
45.0	45.0	45.0
45.0	44.978863261	45.0211367389
45.0	44.9788630776	45.0211369223
45.0	44.9999538739	45.0000461261
45.0	44.9788628292	45.0211371709
45.0	44.9788628667	45.0211371333
45.0	44.9999507684	45.0000492316
45.0	44.9788628706	45.0211371293
45.0	44.978862842	45.0211371579
45.0	44.999926296	45.000073704
45.0	44.9788627953	45.0211372047
45.0	44.9788627622	45.0211372379
45.0	44.9999170959	45.0000829041
45.0	44.9788629093	45.0211370906
45.0	44.9788630703	45.0211369297
45.0	45.0	45.0
45.0	44.978863583	45.021136417
45.0	44.9788638224	45.0211361776
45.0	45.0	45.0
45.0	44.9788642067	45.0211357933
45.0	44.9788644081	45.0211355919
45.0	45.0	45.0
45.0	44.9788642274	45.0211357726
45.0	44.9788639265	45.0211360736
45.0	45.0	45.0
45.0	44.978863251	45.021136749
45.0	44.9788628606	45.0211371394
45.0	44.9998790678	45.0001209322
45.0	44.9788624141	45.0211375859
45.0	44.9788623852	45.0211376148
45.0	44.9998906179	45.0001093821
45.0	44.9788629185	45.0211370815
45.0	44.9788633642	45.0211366358
45.0	45.0	45.0
45.0	44.9788641996	45.0211358004
45.0	44.9788644998	45.0211355002
45.0	45.0	45.0
45.0	44.9788644593	45.0211355406
45.0	44.9788642181	45.0211357818
45.0	45.0	45.0
45.0	44.9788635654	45.0211364346
45.0	44.978863229	45.021136771
45.0	44.9999601341	45.0000398659
45.0	44.9788623813	45.0211376187
45.0	44.9788621216	45.0211378784
45.0	44.999802166	45.000197834
45.0	44.9788618237	45.0211381763
45.0	44.9788616808	45.0211383192
45.0	44.9997660936	45.0002339064
45.0	44.9788616199	45.02113838
45.0	44.978861661	45.021138339
45.0	44.9997713514	45.0002286486
45.0	44.9788616741	45.0211383259
45.0	44.9788617419	45.0211382581
45.0	44.9997986502	45.0002013498
45.0	44.9788619043	45.0211380957
45.0	44.9788621967	45.0211378033
45.0	44.9998356086	45.0001643914
45.0	44.9788622786	45.0211377214
45.0	44.9788622604	45.0211377396
45.0	44.9998395086	45.0001604914
45.0	44.9788621914	45.0211378086
45.0	44.9788622449	45.021137755
45.0	44.9998240573	45.0001759427
45.0	44.9788624372	45.0211375628
45.0	44.9788625494	45.0211374506
45.0	44.9999489528	45.0000510472
45.0	44.9788630331	45.0211369669
45.0	44.9788633813	45.0211366187
45.0	45.0	45.0
45.0	44.9788638389	45.0211361611
45.0	44.9788641708	45.0211358292
45.0	45.0	45.0
45.0	44.9788645257	45.0211354743
45.0	44.9788645283	45.0211354717
45.0	45.0	45.0
45.0	44.9788644617	45.0211355383
45.0	44.9788642395	45.0211357605
45.0	45.0	45.0
45.0	44.9788637354	45.0211362646
45.0	44.9788634474	45.0211365526
45.0	45.0	45.0
45.0	44.9788629743	45.0211370257
45.0	44.9788627573	45.0211372427
45.0	44.9998964154	45.0001035846
45.0	44.9788625313	45.0211374687
45.0	44.9788624413	45.0211375587
45.0	44.9998366869	45.0001633131
45.0	44.978862095	45.021137905
45.0	44.9788620476	45.0211379524
45.0	44.9998078363	45.0001921637
45.0	44.9788619294	45.0211380706
45.0	44.9788619888	45.0211380112
45.0	44.9998120965	45.0001879035
45.0	44.978862111	45.021137889
45.0	44.9788623252	45.0211376748
45.0	44.9998771944	45.0001228056
45.0	44.9788627245	45.0211372755
45.0	44.978862749	45.021137251
45.0	44.9999708842	45.0000291158
45.0	44.9788629978	45.0211370022
45.0	44.9788628733	45.0211371267
45.0	44.9999189629	45.0000810371
45.0	44.9788625984	45.0211374016
45.0	44.9788624566	45.0211375433
45.0	44.9998344371	45.0001655629
45.0	44.9788621753	45.0211378247
45.0	44.9788617635	45.0211382365
45.0	44.999765733	45.000234267
45.0	44.9788614339	45.0211385661
45.0	44.978861235	45.021138765
45.0	44.999723898	45.000276102
45.0	44.9788609628	45.0211390372
45.0	44.9788608725	45.0211391275
45.0	44.9997129505	45.0002870495
45.0	44.9788611845	45.0211388155
45.0	44.9788613649	45.0211386351
45.0	44.9997761987	45.0002238013
45.0	44.9788621621	45.0211378379
45.0	44.9788624553	45.0211375447
45.0	44.9999407797	45.0000592203
45.0	44.9788631082	45.0211368918
45.0	44.9788632232	45.0211367767
45.0	45.0	45.0
45.0	44.9788631759	45.0211368241
45.0	44.9788629115	45.0211370885
45.0	45.0	45.0
45.0	44.9788628011	45.0211371989
45.0	44.9788628072	45.0211371928
45.0	45.0	45.0
45.0	44.9788631613	45.0211368387
45.0	44.9788633096	45.0211366904
45.0	45.0	45.0
45.0	44.9788636309	45.0211363691
45.0	44.9788638562	45.0211361438
45.0	45.0	45.0
45.0	44.9788640297	45.0211359703
45.0	44.9788640877	45.0211359123
45.0	45.0	45.0
45.0	44.9788642699	45.0211357301
45.0	44.9788644305	45.0211355695
45.0	45.0	45.0
45.0	44.9788645893	45.0211354107
45.0	44.978864404	45.0211355959
45.0	45.0	45.0
45.0	44.9788643989	45.0211356011
45.0	44.9788642501	45.0211357499
45.0	45.0	45.0
45.0	44.9788639596	45.0211360404
45.0	44.9788637953	45.0211362047
45.0	45.0	45.0
45.0	44.9788634026	45.0211365974
45.0	44.9788632748	45.0211367252
45.0	45.0	45.0
45.0	44.9788632403	45.0211367597
45.0	44.9788631634	45.0211368366
45.0	45.0	45.0
45.0	44.9788633274	45.0211366726
45.0	44.9788635126	45.0211364874
45.0	45.0	45.0
45.0	44.9788633871	45.0211366128
45.0	44.9788637287	45.0211362713
45.0	45.0	45.0
45.0	44.9788637064	45.0211362936
45.0	44.9788636715	45.0211363285
45.0	45.0	45.0
45.0	44.9788633465	45.0211366535
45.0	44.9788632548	45.0211367452
45.0	45.0	45.0
45.0	44.9788629858	45.0211370142
45.0	44.9788628605	45.0211371395
45.0	44.9999472624	45.0000527376
45.0	44.9788628305	45.0211371695
45.0	44.9788627009	45.0211372991
45.0	44.9999736037	45.0000263963
45.0	44.9788628449	45.0211371551
45.0	44.9788628942	45.0211371058
45.0	44.9999485804	45.0000514196
45.0	44.9788628246	45.0211371754
45.0	44.9788626135	45.0211373865
45.0	44.9998527455	45.0001472545
45.0	44.9788622507	45.0211377493
45.0	44.978862034	45.021137966
45.0	44.999782043	45.000217957
45.0	44.9788617862	45.0211382138
45.0	44.9788616423	45.0211383577
45.0	44.999763813	45.000236187
45.0	44.9788615234	45.0211384766
45.0	44.9788615973	45.0211384027
45.0	44.9997579308	45.0002420692
45.0	44.9788617534	45.0211382466
45.0	44.9788617831	45.0211382169
45.0	44.999798141	45.000201859
45.0	44.978862254	45.021137746
45.0	44.9788623128	45.0211376872
45.0	44.9998676043	45.0001323957
45.0	44.9788626651	45.0211373349
45.0	44.9788626406	45.0211373594
45.0	44.999898914	45.000101086
45.0	44.9788626549	45.0211373451
45.0	44.9788627697	45.0211372303
45.0	44.999926372	45.000073628
45.0	44.9788626558	45.0211373442
45.0	44.9788627909	45.0211372091
45.0	44.9999648796	45.0000351204
45.0	44.9788629121	45.0211370879
45.0	44.9788628426	45.0211371573
45.0	44.9999098556	45.0000901444
45.0	44.9788627172	45.0211372828
45.0	44.9788626553	45.0211373447
45.0	44.9998811555	45.0001188444
45.0	44.9788623867	45.0211376133
45.0	44.9788623358	45.0211376642
45.0	44.9998467514	45.0001532486
45.0	44.9788623836	45.0211376164
45.0	44.9788623724	45.0211376276
45.0	44.9998670136	45.0001329864
45.0	44.9788628061	45.0211371939
45.0	44.9788631344	45.0211368656
45.0	45.0	45.0
45.0	44.9788635898	45.0211364102
45.0	44.9788636985	45.0211363015
45.0	45.0	45.0
45.0	44.9788638046	45.0211361954
45.0	44.9788637219	45.0211362781
45.0	45.0	45.0
45.0	44.9788635406	45.0211364594
45.0	44.9788633743	45.0211366257
45.0	45.0	45.0
45.0	44.9788631932	45.0211368068
45.0	44.9788631718	45.0211368282
45.0	45.0	45.0
45.0	44.9788632245	45.0211367755
45.0	44.978863272	45.0211367279
45.0	45.0	45.0
45.0	44.9788633264	45.0211366736
45.0	44.9788634592	45.0211365408
45.0	45.0	45.0
45.0	44.9788633898	45.0211366102
45.0	44.9788633494	45.0211366506
45.0	45.0	45.0
45.0	44.9788631724	45.0211368276
45.0	44.978863133	45.021136867
45.0	44.9999304535	45.0000695465
45.0	44.9788626535	45.0211373465
45.0	44.9788625973	45.0211374027
45.0	44.9998598126	45.0001401874
45.0	44.9788623182	45.0211376818
45.0	44.9788623093	45.0211376907
45.0	44.9998367568	45.0001632432
45.0	44.9788623146	45.0211376854
45.0	44.9788622867	45.0211377133
45.0	44.9998417401	45.0001582599
45.0	44.9788623358	45.0211376642
45.0	44.9788624324	45.0211375676
45.0	44.9998464392	45.0001535608
45.0	44.97886237	45.02113763
45.0	44.9788622537	45.0211377463
45.0	44.999821953	45.000178047
45.0	44.9788620613	45.0211379387
45.0	44.978862077	45.021137923
45.0	44.9998159624	45.0001840375
45.0	44.9788621045	45.0211378955
45.0	44.9788621976	45.0211378024
45.0	44.9998598718	45.0001401282
45.0	44.9788624823	45.0211375177
45.0	44.978862407	45.021137593
45.0	44.9998587252	45.0001412748
45.0	44.9788625355	45.0211374645
45.0	44.9788625327	45.0211374673
45.0	44.9999168462	45.0000831538
45.0	44.9788627284	45.0211372716
45.0	44.9788629081	45.0211370919
45.0	45.0	45.0
45.0	44.9788630199	45.0211369801
45.0	44.9788629178	45.0211370822
45.0	44.9998957967	45.0001042033
45.0	44.9788624867	45.0211375133
45.0	44.9788622553	45.0211377447
45.0	44.999785837	45.000214163
45.0	44.9788617077	45.0211382923
45.0	44.9788615849	45.0211384151
45.0	44.9997627844	45.0002372156
45.0	44.9788617405	45.0211382595
45.0	44.9788620079	45.021137992
45.0	44.9998356768	45.0001643232
45.0	44.9788626391	45.0211373609
45.0	44.9788627833	45.0211372167
45.0	45.0	45.0
45.0	44.9788631538	45.0211368462
45.0	44.9788631743	45.0211368257
45.0	45.0	45.0
45.0	44.9788630667	45.0211369333
45.0	44.9788630668	45.0211369332
45.0	45.0	45.0
45.0	44.9788631652	45.0211368348
45.0	44.9788632133	45.0211367866
45.0	45.0	45.0
45.0	44.9788632885	45.0211367115
45.0	44.9788633286	45.0211366714
45.0	45.0	45.0
45.0	44.978863503	45.021136497
45.0	44.978863629	45.021136371
45.0	45.0	45.0
45.0	44.9788639256	45.0211360744
45.0	44.9788640587	45.0211359413
45.0	45.0	45.0
45.0	44.9788643301	45.0211356699
45.0	44.9788645461	45.0211354538
45.0	45.0	45.0
45.0	44.978864738	45.021135262
45.0	44.9788646029	45.021135397
45.0	45.0	45.0
45.0	44.9788643381	45.0211356619
45.0	44.9788639776	45.0211360224
45.0	45.0	45.0
45.0	44.9788630969	45.0211369031
45.0	44.9788625754	45.0211374246
45.0	44.9998255261	45.0001744739
45.0	44.978861745	45.021138255
45.0	44.9788616202	45.0211383797
45.0	44.9997634761	45.0002365239
45.0	44.9788615717	45.0211384283
45.0	44.9788617602	45.0211382398
45.0	44.9997946769	45.0002053231
45.0	44.9788622634	45.0211377366
45.0	44.9788624213	45.0211375787
45.0	44.9998808958	45.0001191042
45.0	44.9788626026	45.0211373974
45.0	44.9788626056	45.0211373944
45.0	44.9998693005	45.0001306995
45.0	44.9788625397	45.0211374603
45.0	44.9788625634	45.0211374366
45.0	44.9998623398	45.0001376602
45.0	44.9788626375	45.0211373625
45.0	44.9788628365	45.0211371635
45.0	45.0	45.0
45.0	44.9788632698	45.0211367302
45.0	44.9788635433	45.0211364567
45.0	45.0	45.0
45.0	44.9788637544	45.0211362456
45.0	44.9788637101	45.0211362899
45.0	45.0	45.0
45.0	44.9788635352	45.0211364648
45.0	44.9788633293	45.0211366707
45.0	45.0	45.0
45.0	44.9788630101	45.0211369899
45.0	44.9788629194	45.0211370806
45.0	44.9999383974	45.0000616026
45.0	44.9788628081	45.0211371919
45.0	44.9788629769	45.0211370231
45.0	45.0	45.0
45.0	44.9788634444	45.0211365556
45.0	44.9788636483	45.0211363517
45.0	45.0	45.0
45.0	44.9788640404	45.0211359596
45.0	44.9788641254	45.0211358746
45.0	45.0	45.0
45.0	44.9788641369	45.0211358631
45.0	44.9788640906	45.0211359094
45.0	45.0	45.0
45.0	44.9788640241	45.0211359759
45.0	44.9788640661	45.0211359339
45.0	45.0	45.0
45.0	44.9788641873	45.0211358127
45.0	44.97886417	45.02113583
45.0	45.0	45.0
45.0	44.9788636984	45.0211363016
45.0	44.9788633201	45.0211366799
45.0	45.0	45.0
45.0	44.9788624587	45.0211375413
45.0	44.9788620452	45.0211379548
45.0	44.999785567	45.000214433
45.0	44.9788616018	45.0211383982
45.0	44.9788615453	45.0211384547
45.0	44.9997568401	45.0002431599
45.0	44.9788615726	45.0211384274
45.0	44.9788616659	45.0211383341
45.0	44.9997851506	45.0002148494
45.0	44.9788619099	45.0211380901
45.0	44.9788621663	45.0211378337
45.0	44.999811419	45.000188581
45.0	44.9788622734	45.0211377266
45.0	44.978862226	45.021137774
45.0	44.9998284144	45.0001715856
45.0	44.9788622634	45.0211377366
45.0	44.9788621214	45.0211378786
45.0	44.9998177264	45.0001822736
45.0	44.9788621037	45.0211378963
45.0	44.9788621686	45.0211378314
45.0	44.9998321755	45.0001678245
45.0	44.9788623556	45.0211376444
45.0	44.9788624202	45.0211375798
45.0	44.999873552	45.000126448
45.0	44.978862702	45.021137298
45.0	44.9788628894	45.0211371106
45.0	45.0	45.0
45.0	44.9788632371	45.0211367629
45.0	44.978863094	45.021136906
45.0	45.0	45.0
45.0	44.9788630004	45.0211369996
45.0	44.9788628367	45.0211371633
45.0	44.999889644	45.000110356
45.0	44.978862454	45.021137546
45.0	44.9788624046	45.0211375954
45.0	44.999860703	45.000139297
45.0	44.9788625	45.0211375
45.0	44.9788625588	45.0211374412
45.0	44.9998895782	45.0001104218
45.0	44.9788626315	45.0211373685
45.0	44.9788626914	45.0211373086
45.0	44.9998924012	45.0001075988
45.0	44.9788623954	45.0211376046
45.0	44.97886227	45.02113773
45.0	44.9998087081	45.0001912919
45.0	44.9788620363	45.0211379637
45.0	44.9788620666	45.0211379334
45.0	44.9998308635	45.0001691365
45.0	44.9788624054	45.0211375946
45.0	44.9788626293	45.0211373707
45.0	45.0	45.0
45.0	44.9788630559	45.0211369441
45.0	44.9788632272	45.0211367728
45.0	45.0	45.0
45.0	44.9788633212	45.0211366787
45.0	44.9788632361	45.0211367639
45.0	45.0	45.0
45.0	44.9788629727	45.0211370273
45.0	44.9788626807	45.0211373193
45.0	44.9998611533	45.0001388467
45.0	44.9788622528	45.0211377472
45.0	44.9788620038	45.0211379962
45.0	44.9997934926	45.0002065074
45.0	44.9788617667	45.0211382333
45.0	44.9788617846	45.0211382154
45.0	44.9997864906	45.0002135094
45.0	44.9788618435	45.0211381565
45.0	44.9788619521	45.0211380479
45.0	44.9998202906	45.0001797094
45.0	44.9788623154	45.0211376846
45.0	44.9788624653	45.0211375347
45.0	44.9998857769	45.0001142231
45.0	44.9788626402	45.0211373598
45.0	44.9788626919	45.0211373081
45.0	44.9998862371	45.0001137629
45.0	44.9788624617	45.0211375383
45.0	44.9788623176	45.0211376824
45.0	44.9998040259	45.0001959741
45.0	44.9788617612	45.0211382388
45.0	44.9788614726	45.0211385274
45.0	44.9997438111	45.0002561889
45.0	44.9788613251	45.0211386749
45.0	44.978861389	45.021138611
45.0	44.9997548095	45.0002451905
45.0	44.9788615762	45.0211384238
45.0	44.9788618351	45.0211381649
45.0	44.9998157158	45.0001842841
45.0	44.9788623343	45.0211376657
45.0	44.9788626793	45.0211373207
45.0	44.9999184146	45.0000815854
45.0	44.9788629903	45.0211370097
45.0	44.9788630511	45.0211369489
45.0	45.0	45.0
45.0	44.9788630705	45.0211369295
45.0	44.9788629701	45.0211370299
45.0	45.0	45.0
45.0	44.9788628261	45.0211371739
45.0	44.9788627405	45.0211372595
45.0	44.9999091703	45.0000908297
45.0	44.9788627851	45.0211372149
45.0	44.978862847	45.021137153
45.0	44.9999687078	45.0000312922
45.0	44.9788631013	45.0211368986
45.0	44.978863062	45.021136938
45.0	45.0	45.0
45.0	44.9788631485	45.0211368515
45.0	44.9788632619	45.0211367381
45.0	45.0	45.0
45.0	44.9788633459	45.0211366541
45.0	44.9788634914	45.0211365086
45.0	45.0	45.0
45.0	44.9788639246	45.0211360754
45.0	44.9788641371	45.0211358629
45.0	45.0	45.0
45.0	44.978864649	45.021135351
45.0	44.9788648046	45.0211351954
45.0	45.0	45.0
45.0	44.9788648411	45.0211351589
45.0	44.9788649138	45.0211350861
45.0	45.0	45.0
45.0	44.9788650148	45.0211349852
45.0	44.9788650511	45.0211349489
45.0	45.0	45.0
45.0	44.9788654056	45.0211345944
45.0	44.9788654607	45.0211345393
45.0	45.0	45.0
45.0	44.9788657529	45.0211342471
45.0	44.9788657816	45.0211342184
45.0	45.0	45.0
45.0	44.9788655621	45.0211344379
45.0	44.9788652371	45.0211347629
45.0	45.0	45.0
45.0	44.9788643118	45.0211356882
45.0	44.9788637175	45.0211362825
45.0	45.0	45.0
45.0	44.9788625617	45.0211374382
45.0	44.9788619991	45.0211380009
45.0	44.9997684495	45.0002315505
45.0	44.9788613036	45.0211386964
45.0	44.978861065	45.021138935
45.0	44.9997212512	45.0002787488
45.0	44.9788610702	45.0211389298
45.0	44.9788611094	45.0211388906
45.0	44.9997213591	45.0002786409
45.0	44.9788609493	45.0211390507
45.0	44.9788608142	45.0211391858
45.0	44.9996927751	45.0003072249
45.0	44.9788605775	45.0211394225
45.0	44.9788604148	45.0211395852
45.0	44.9996794491	45.0003205509
45.0	44.9788604781	45.0211395219
45.0	44.9788608312	45.0211391688
45.0	44.9997176133	45.0002823867
45.0	44.9788613562	45.0211386438
45.0	44.9788616645	45.0211383355
45.0	44.9997958945	45.0002041055
45.0	44.9788623762	45.0211376238
45.0	44.9788626769	45.0211373231
45.0	45.0	45.0
45.0	44.9788633508	45.0211366492
45.0	44.9788635679	45.0211364321
45.0	45.0	45.0
45.0	44.9788640897	45.0211359103
45.0	44.9788642942	45.0211357058
45.0	45.0	45.0
45.0	44.9788644139	45.0211355861
45.0	44.9788643465	45.0211356535
45.0	45.0	45.0
45.0	44.9788642623	45.0211357377
45.0	44.9788640587	45.0211359413
45.0	45.0	45.0
45.0	44.9788638167	45.0211361833
45.0	44.9788635227	45.0211364773
45.0	45.0	45.0
45.0	44.9788630998	45.0211369002
45.0	44.9788627932	45.0211372068
45.0	44.9998716217	45.0001283783
45.0	44.9788624484	45.0211375516
45.0	44.9788623885	45.0211376115
45.0	44.9998413945	45.0001586055
45.0	44.9788623355	45.0211376645
45.0	44.9788622976	45.0211377024
45.0	44.999850185	45.000149815
45.0	44.9788623779	45.0211376221
45.0	44.9788624782	45.0211375218
45.0	44.9998735241	45.0001264759
45.0	44.9788626838	45.0211373162
45.0	44.9788628439	45.0211371561
45.0	45.0	45.0
45.0	44.9788630423	45.0211369577
45.0	44.9788630539	45.0211369461
45.0	45.0	45.0
45.0	44.9788629237	45.0211370763
45.0	44.9788628004	45.0211371996
45.0	44.9998969171	45.0001030829
45.0	44.9788624795	45.0211375205
45.0	44.9788622291	45.0211377709
45.0	44.9998196697	45.0001803303
45.0	44.9788621511	45.0211378489
45.0	44.9788622843	45.0211377157
45.0	44.9998693513	45.0001306487
45.0	44.9788628862	45.0211371138
45.0	44.9788631196	45.0211368804
45.0	45.0	45.0
45.0	44.9788635644	45.0211364356
45.0	44.9788635445	45.0211364555
45.0	45.0	45.0
45.0	44.9788634166	45.0211365834
45.0	44.9788631299	45.0211368701
45.0	45.0	45.0
45.0	44.9788629747	45.0211370253
45.0	44.9788627435	45.0211372565
45.0	44.9998821561	45.0001178439
45.0	44.9788626569	45.0211373431
45.0	44.9788627886	45.0211372114
45.0	44.9999191474	45.0000808526
45.0	44.9788627333	45.0211372667
45.0	44.9788628001	45.0211371999
45.0	44.9999713509	45.0000286491
45.0	44.9788630168	45.0211369832
45.0	44.9788630594	45.0211369406
45.0	45.0	45.0
45.0	44.9788632093	45.0211367907
45.0	44.9788632657	45.0211367343
45.0	45.0	45.0
45.0	44.9788633443	45.0211366557
45.0	44.9788633578	45.0211366422
45.0	45.0	45.0
45.0	44.9788633902	45.0211366098
45.0	44.9788633817	45.0211366183
45.0	45.0	45.0
45.0	44.9788631627	45.0211368373
45.0	44.9788629935	45.0211370065
45.0	45.0	45.0
45.0	44.9788627632	45.0211372368
45.0	44.9788626705	45.0211373295
45.0	44.9998796695	45.0001203305
45.0	44.9788625117	45.0211374883
45.0	44.9788623911	45.0211376089
45.0	44.9998614419	45.0001385581
45.0	44.9788623683	45.0211376317
45.0	44.9788623304	45.0211376696
45.0	44.9998343983	45.0001656017
45.0	44.9788621531	45.0211378469
45.0	44.9788622088	45.0211377912
45.0	44.9998177333	45.0001822667
45.0	44.9788621912	45.0211378088
45.0	44.9788621912	45.0211378088
45.0	44.9998509942	45.0001490058
45.0	44.9788625166	45.0211374834
45.0	44.9788627143	45.0211372857
45.0	44.9999383537	45.0000616463
45.0	44.9788629901	45.0211370099
45.0	44.9788631608	45.0211368392
45.0	45.0	45.0
45.0	44.9788631916	45.0211368084
45.0	44.9788631416	45.0211368584
45.0	45.0	45.0
45.0	44.9788629877	45.0211370123
45.0	44.9788629546	45.0211370454
45.0	44.9999562077	45.0000437923
45.0	44.9788628383	45.0211371617
45.0	44.9788626229	45.0211373771
45.0	44.9998861897	45.0001138103
45.0	44.9788625526	45.0211374474
45.0	44.9788624353	45.0211375647
45.0	44.9998591824	45.0001408176
45.0	44.9788624323	45.0211375677
45.0	44.9788624513	45.0211375487
45.0	44.9998637692	45.0001362308
45.0	44.9788624912	45.0211375088
45.0	44.9788624489	45.0211375511
45.0	44.9998517937	45.0001482063
45.0	44.9788622216	45.0211377784
45.0	44.9788620794	45.0211379206
45.0	44.999778605	45.000221395
45.0	44.9788614363	45.0211385637
45.0	44.9788611562	45.0211388438
45.0	44.9997146227	45.0002853773
45.0	44.9788610119	45.0211389881
45.0	44.9788608036	45.0211391964
45.0	44.9996947299	45.00030527
45.0	44.9788611735	45.0211388265
45.0	44.9788612599	45.0211387401
45.0	44.9997644521	45.0002355479
45.0	44.978862033	45.021137967
45.0	44.9788622569	45.0211377431
45.0	44.9998485714	45.0001514286
45.0	44.9788624428	45.0211375572
45.0	44.9788623701	45.0211376299
45.0	44.9998310511	45.0001689489
45.0	44.9788622652	45.0211377348
45.0	44.9788621583	45.0211378417
45.0	44.9998275632	45.0001724368
45.0	44.9788621321	45.0211378679
45.0	44.9788620731	45.0211379269
45.0	44.9998303652	45.0001696348
45.0	44.9788621666	45.0211378334
45.0	44.9788623449	45.0211376551
45.0	44.9998476689	45.0001523311
45.0	44.9788625288	45.0211374712
45.0	44.9788626595	45.0211373405
45.0	44.9999480628	45.0000519372
45.0	44.978862932	45.021137068
45.0	44.9788630521	45.0211369479
45.0	45.0	45.0
45.0	44.9788633282	45.0211366718
45.0	44.9788634131	45.0211365869
45.0	45.0	45.0
45.0	44.9788634503	45.0211365497
45.0	44.9788634627	45.0211365373
45.0	45.0	45.0
45.0	44.9788633313	45.0211366687
45.0	44.9788634013	45.0211365987
45.0	45.0	45.0
45.0	44.9788634344	45.0211365656
45.0	44.9788634507	45.0211365493
45.0	45.0	45.0
45.0	44.9788633965	45.0211366035
45.0	44.9788633619	45.0211366381
45.0	45.0	45.0
45.0	44.9788629422	45.0211370578
45.0	44.9788626729	45.0211373271
45.0	44.9998577232	45.0001422768
45.0	44.9788622732	45.0211377268
45.0	44.9788622846	45.0211377154
45.0	44.9998255855	45.0001744145
45.0	44.9788622994	45.0211377006
45.0	44.9788624825	45.0211375174
45.0	44.9998709242	45.0001290758
45.0	44.9788628781	45.0211371219
45.0	44.9788628391	45.0211371609
45.0	44.9999853286	45.0000146714
45.0	44.9788628786	45.0211371214
45.0	44.9788630326	45.0211369674
45.0	44.9999490138	45.0000509862
45.0	44.9788627146	45.0211372854
45.0	44.9788625713	45.0211374287
45.0	44.999871562	45.000128438
45.0	44.9788622938	45.0211377062
45.0	44.9788620645	45.0211379355
45.0	44.9997870605	45.0002129395
45.0	44.9788616509	45.0211383491
45.0	44.9788615011	45.0211384989
45.0	44.9997470958	45.0002529042
45.0	44.978861276	45.021138724
45.0	44.9788613078	45.0211386922
45.0	44.9997357629	45.0002642371
45.0	44.9788612446	45.0211387554
45.0	44.9788612248	45.0211387752
45.0	44.9997442737	45.0002557263
45.0	44.9788614424	45.0211385576
45.0	44.9788614726	45.0211385274
45.0	44.9997763498	45.0002236502
45.0	44.978861756	45.021138244
45.0	44.9788620008	45.0211379992
45.0	44.999821861	45.000178139
45.0	44.9788622644	45.0211377356
45.0	44.9788624959	45.0211375041
45.0	44.9999224196	45.0000775804
45.0	44.9788628654	45.0211371346
45.0	44.9788629251	45.0211370749
45.0	45.0	45.0
45.0	44.9788630798	45.0211369202
45.0	44.9788631638	45.0211368362
45.0	45.0	45.0
45.0	44.9788634213	45.0211365787
45.0	44.9788635762	45.0211364238
45.0	45.0	45.0
45.0	44.9788637743	45.0211362257
45.0	44.9788640186	45.0211359814
45.0	45.0	45.0
45.0	44.9788643464	45.0211356536
45.0	44.9788644265	45.0211355735
45.0	45.0	45.0
45.0	44.978864499	45.021135501
45.0	44.9788645049	45.0211354951
45.0	45.0	45.0
45.0	44.9788644808	45.0211355192
45.0	44.9788644268	45.0211355732
45.0	45.0	45.0
45.0	44.9788644157	45.0211355843
45.0	44.9788642855	45.0211357145
45.0	45.0	45.0
45.0	44.9788639846	45.0211360154
45.0	44.9788637883	45.0211362117
45.0	45.0	45.0
45.0	44.9788634879	45.0211365121
45.0	44.9788632502	45.0211367498
45.0	45.0	45.0
45.0	44.9788628693	45.0211371307
45.0	44.9788627567	45.0211372433
45.0	44.9998782952	45.0001217048
45.0	44.9788625949	45.0211374051
45.0	44.9788626568	45.0211373432
45.0	44.9999449348	45.0000550652
45.0	44.9788629629	45.0211370371
45.0	44.9788632034	45.0211367965
45.0	45.0	45.0
45.0	44.978863862	45.021136138
45.0	44.97886416	45.02113584
45.0	45.0	45.0
45.0	44.9788646211	45.0211353789
45.0	44.9788646911	45.0211353089
45.0	45.0	45.0
45.0	44.9788647383	45.0211352617
45.0	44.9788647172	45.0211352828
45.0	45.0	45.0
45.0	44.9788647838	45.0211352162
45.0	44.9788648849	45.0211351151
45.0	45.0	45.0
45.0	44.978864977	45.021135023
45.0	44.9788650896	45.0211349104
45.0	45.0	45.0
45.0	44.9788652229	45.0211347771
45.0	44.9788654605	45.0211345395
45.0	45.0	45.0
45.0	44.9788657852	45.0211342148
45.0	44.9788659713	45.0211340287
45.0	45.0	45.0
45.0	44.9788666377	45.0211333623
45.0	44.9788669597	45.0211330403
45.0	45.0	45.0
45.0	44.9788672569	45.0211327431
45.0	44.9788672136	45.0211327864
45.0	45.0	45.0
45.0	44.9788666657	45.0211333343
45.0	44.9788663152	45.0211336848
45.0	45.0	45.0
45.0	44.9788655317	45.0211344683
45.0	44.9788653298	45.0211346701
45.0	45.0	45.0
45.0	44.9788651744	45.0211348256
45.0	44.9788651843	45.0211348157
45.0	45.0	45.0
45.0	44.9788653181	45.0211346819
45.0	44.9788653081	45.0211346919
45.0	45.0	45.0
45.0	44.9788649776	45.0211350224
45.0	44.9788648797	45.0211351203
45.0	45.0	45.0
45.0	44.9788646243	45.0211353757
45.0	44.9788645171	45.0211354829
45.0	45.0	45.0
45.0	44.9788643058	45.0211356942
45.0	44.9788642239	45.0211357761
45.0	45.0	45.0
45.0	44.9788642526	45.0211357474
45.0	44.9788644173	45.0211355827
45.0	45.0	45.0
45.0	44.9788644642	45.0211355358
45.0	44.9788644411	45.0211355589
45.0	45.0	45.0
45.0	44.9788645343	45.0211354657
45.0	44.9788645811	45.0211354189
45.0	45.0	45.0
45.0	44.9788645371	45.0211354629
45.0	44.9788644377	45.0211355623
45.0	45.0	45.0
45.0	44.9788642436	45.0211357564
45.0	44.9788640941	45.0211359058
45.0	45.0	45.0
45.0	44.9788639954	45.0211360046
45.0	44.9788639396	45.0211360604
45.0	45.0	45.0
45.0	44.978864112	45.021135888
45.0	44.978864193	45.021135807
45.0	45.0	45.0
45.0	44.9788641485	45.0211358515
45.0	44.9788640316	45.0211359684
45.0	45.0	45.0
45.0	44.9788635722	45.0211364278
45.0	44.9788634088	45.0211365912
45.0	45.0	45.0
45.0	44.9788633344	45.0211366656
45.0	44.9788635118	45.0211364882
45.0	45.0	45.0
45.0	44.9788641716	45.0211358284
45.0	44.9788645886	45.0211354114
45.0	45.0	45.0
45.0	44.9788653685	45.0211346315
45.0	44.9788656298	45.0211343702
45.0	45.0	45.0
45.0	44.9788661609	45.0211338391
45.0	44.9788662398	45.0211337602
45.0	45.0	45.0
45.0	44.9788662607	45.0211337393
45.0	44.9788661242	45.0211338758
45.0	45.0	45.0
45.0	44.9788660116	45.0211339884
45.0	44.9788658215	45.0211341785
45.0	45.0	45.0
45.0	44.9788654308	45.0211345692
45.0	44.9788652845	45.0211347155
45.0	45.0	45.0
45.0	44.9788649741	45.0211350259
45.0	44.9788647736	45.0211352264
45.0	45.0	45.0
45.0	44.9788647019	45.0211352981
45.0	44.9788646866	45.0211353134
45.0	45.0	45.0
45.0	44.9788644201	45.0211355799
45.0	44.978864285	45.021135715
45.0	45.0	45.0
45.0	44.9788639699	45.0211360301
45.0	44.9788637455	45.0211362545
45.0	45.0	45.0
45.0	44.9788635838	45.0211364162
45.0	44.9788636996	45.0211363004
45.0	45.0	45.0
45.0	44.9788639332	45.0211360668
45.0	44.978864215	45.021135785
45.0	45.0	45.0
45.0	44.9788645826	45.0211354174
45.0	44.9788645272	45.0211354728
45.0	45.0	45.0
45.0	44.9788646163	45.0211353837
45.0	44.9788645897	45.0211354103
45.0	45.0	45.0
45.0	44.9788640479	45.0211359521
45.0	44.9788639665	45.0211360335
45.0	45.0	45.0
45.0	44.9788636353	45.0211363647
45.0	44.9788635496	45.0211364504
45.0	45.0	45.0
45.0	44.9788635886	45.0211364114
45.0	44.9788636851	45.0211363149
45.0	45.0	45.0
45.0	44.9788638718	45.0211361282
45.0	44.978863826	45.021136174
45.0	45.0	45.0
45.0	44.9788639448	45.0211360552
45.0	44.9788640461	45.0211359539
45.0	45.0	45.0
45.0	44.978863903	45.021136097
45.0	44.9788638129	45.0211361871
45.0	45.0	45.0
45.0	44.9788633669	45.0211366331
45.0	44.9788630065	45.0211369935
45.0	44.9998812987	45.0001187013
45.0	44.9788621889	45.0211378111
45.0	44.9788618406	45.0211381594
45.0	44.9997631449	45.0002368551
45.0	44.978861333	45.021138667
45.0	44.9788613209	45.0211386791
45.0	44.9997495471	45.0002504529
45.0	44.9788615727	45.0211384273
45.0	44.9788619281	45.0211380719
45.0	44.9998285776	45.0001714224
45.0	44.9788623246	45.0211376754
45.0	44.9788625499	45.0211374501
45.0	44.999875789	45.000124211
45.0	44.978862637	45.021137363
45.0	44.978862499	45.021137501
45.0	44.9998606702	45.0001393298
45.0	44.978862372	45.021137628
45.0	44.9788623339	45.0211376661
45.0	44.9998445948	45.0001554052
45.0	44.9788624514	45.0211375486
45.0	44.978862512	45.021137488
45.0	44.9998768874	45.0001231126
45.0	44.9788626754	45.0211373246
45.0	44.9788627609	45.0211372391
45.0	45.0	45.0
45.0	44.9788630902	45.0211369098
45.0	44.9788633705	45.0211366295
45.0	45.0	45.0
45.0	44.9788637138	45.0211362862
45.0	44.9788636982	45.0211363018
45.0	45.0	45.0
45.0	44.9788633904	45.0211366096
45.0	44.9788631496	45.0211368504
45.0	45.0	45.0
45.0	44.978862523	45.021137477
45.0	44.9788623395	45.0211376605
45.0	44.9998213577	45.0001786423
45.0	44.9788620557	45.0211379443
45.0	44.9788620522	45.0211379478
45.0	44.9998111717	45.0001888283
45.0	44.9788620723	45.0211379277
45.0	44.978862233	45.021137767
45.0	44.9998525892	45.0001474108
45.0	44.9788625417	45.0211374583
45.0	44.9788626192	45.0211373808
45.0	44.9999261667	45.0000738333
45.0	44.9788629977	45.0211370023
45.0	44.9788632228	45.0211367772
45.0	45.0	45.0
45.0	44.9788632763	45.0211367237
45.0	44.978863221	45.021136779
45.0	45.0	45.0
45.0	44.9788632172	45.0211367828
45.0	44.9788631027	45.0211368973
45.0	45.0	45.0
45.0	44.9788629856	45.0211370144
45.0	44.9788629865	45.0211370135
45.0	44.9999563263	45.0000436737
45.0	44.9788629659	45.0211370341
45.0	44.9788629462	45.0211370537
45.0	45.0	45.0
45.0	44.9788629924	45.0211370076
45.0	44.9788629819	45.0211370181
45.0	44.9999633313	45.0000366687
45.0	44.9788628929	45.0211371071
45.0	44.9788627897	45.0211372102
45.0	44.9999220968	45.0000779032
45.0	44.9788627747	45.0211372253
45.0	44.9788626519	45.0211373481
45.0	44.9998955165	45.0001044835
45.0	44.9788626957	45.0211373043
45.0	44.9788627575	45.0211372425
45.0	44.9999217277	45.0000782723
45.0	44.9788627843	45.0211372157
45.0	44.9788627589	45.0211372411
45.0	44.999928748	45.000071252
45.0	44.9788627034	45.0211372966
45.0	44.9788627349	45.0211372651
45.0	44.9998984126	45.0001015874
45.0	44.9788627002	45.0211372998
45.0	44.9788625929	45.0211374071
45.0	44.9998911538	45.0001088462
45.0	44.9788626657	45.0211373343
45.0	44.9788627917	45.0211372083
45.0	44.9999236591	45.0000763409
45.0	44.9788628186	45.0211371814
45.0	44.9788627418	45.0211372582
45.0	44.9999188811	45.0000811189
45.0	44.97886266	45.02113734
45.0	44.9788626478	45.0211373522
45.0	44.99987926	45.00012074
45.0	44.9788625641	45.0211374359
45.0	44.9788625019	45.0211374981
45.0	44.9998798298	45.0001201701
45.0	44.9788625114	45.0211374886
45.0	44.9788625289	45.0211374711
45.0	44.9998695308	45.0001304692
45.0	44.9788625998	45.0211374002
45.0	44.9788625783	45.0211374217
45.0	44.9998763596	45.0001236404
45.0	44.9788625457	45.0211374543
45.0	44.9788625194	45.0211374806
45.0	44.9998619216	45.0001380784
45.0	44.9788624513	45.0211375487
45.0	44.9788624344	45.0211375656
45.0	44.9998513453	45.0001486547
45.0	44.9788622395	45.0211377605
45.0	44.9788622563	45.0211377437
45.0	44.9998151058	45.0001848942
45.0	44.9788621501	45.0211378499
45.0	44.9788621376	45.0211378624
45.0	44.9998242035	45.0001757965
45.0	44.9788621345	45.0211378655
45.0	44.9788622247	45.0211377753
45.0	44.9998265488	45.0001734512
45.0	44.9788621182	45.0211378818
45.0	44.9788621439	45.0211378561
45.0	44.9998208743	45.0001791257
45.0	44.9788620823	45.0211379177
45.0	44.9788619522	45.0211380478
45.0	44.9997918931	45.0002081069
45.0	44.9788619862	45.0211380138
45.0	44.9788619832	45.0211380168
45.0	44.9998146633	45.0001853367
45.0	44.9788620552	45.0211379448
45.0	44.9788620754	45.0211379246
45.0	44.9998147562	45.0001852438
45.0	44.9788621705	45.0211378295
45.0	44.9788623519	45.0211376481
45.0	44.9998374225	45.0001625775
45.0	44.9788626434	45.0211373566
45.0	44.9788624243	45.0211375757
45.0	44.9999090335	45.0000909665
45.0	44.9788630385	45.0211369615
45.0	44.9788631457	45.0211368543
45.0	45.0	45.0
45.0	44.9788630866	45.0211369134
45.0	44.9788629186	45.0211370814
45.0	44.9999050187	45.0000949813
45.0	44.9788625748	45.0211374252
45.0	44.9788621697	45.0211378303
45.0	44.9998037193	45.0001962807
45.0	44.978862006	45.021137994
45.0	44.9788618843	45.0211381157
45.0	44.9997900271	45.0002099729
45.0	44.9788619624	45.0211380375
45.0	44.9788620116	45.0211379884
45.0	44.9998123107	45.0001876893
45.0	44.9788620521	45.0211379479
45.0	44.9788621903	45.0211378097
45.0	44.9998238864	45.0001761136
45.0	44.9788621655	45.0211378345
45.0	44.9788620959	45.0211379041
45.0	44.9998163042	45.0001836958
45.0	44.978862141	45.021137859
45.0	44.9788620155	45.0211379845
45.0	44.999807845	45.000192155
45.0	44.9788619299	45.0211380701
45.0	44.9788617929	45.0211382071
45.0	44.9997692893	45.0002307107
45.0	44.9788617164	45.0211382835
45.0	44.978861663	45.021138337
45.0	44.9997890969	45.0002109031
45.0	44.9788618263	45.0211381737
45.0	44.9788619579	45.0211380421
45.0	44.9997950873	45.0002049127
45.0	44.9788618772	45.0211381228
45.0	44.978861757	45.021138243
45.0	44.9997689848	45.0002310152
45.0	44.978861733	45.021138267
45.0	44.9788618378	45.0211381622
45.0	44.9998014901	45.0001985099
45.0	44.9788623266	45.0211376734
45.0	44.9788626092	45.0211373908
45.0	44.9999468121	45.0000531879
45.0	44.9788631571	45.0211368429
45.0	44.9788632854	45.0211367146
45.0	45.0	45.0
45.0	44.9788633318	45.0211366682
45.0	44.9788633347	45.0211366653
45.0	45.0	45.0
45.0	44.9788632991	45.0211367009
45.0	44.9788632441	45.0211367559
45.0	45.0	45.0
45.0	44.9788631233	45.0211368767
45.0	44.9788629018	45.0211370982
45.0	44.9999318998	45.0000681002
45.0	44.9788625215	45.0211374785
45.0	44.9788624463	45.0211375537
45.0	44.9998475723	45.0001524277
45.0	44.9788623617	45.0211376383
45.0	44.9788626064	45.0211373936
45.0	45.0	45.0
45.0	44.9788632459	45.0211367541
45.0	44.9788636217	45.0211363783
45.0	45.0	45.0
45.0	44.9788642608	45.0211357392
45.0	44.9788643104	45.0211356895
45.0	45.0	45.0
45.0	44.9788641649	45.0211358351
45.0	44.9788639239	45.0211360761
45.0	45.0	45.0
45.0	44.9788630996	45.0211369004
45.0	44.9788627037	45.0211372962
45.0	44.9998602912	45.0001397088
45.0	44.9788622297	45.0211377703
45.0	44.9788620177	45.0211379822
45.0	44.9998046597	45.0001953403
45.0	44.978862092	45.021137908
45.0	44.9788622212	45.0211377788
45.0	44.9998415253	45.0001584747
45.0	44.9788624176	45.0211375824
45.0	44.9788624019	45.0211375981
45.0	44.9998406966	45.0001593034
45.0	44.9788623196	45.0211376804
45.0	44.9788623412	45.0211376588
45.0	44.9998371854	45.0001628146
45.0	44.978862423	45.021137577
45.0	44.9788625316	45.0211374684
45.0	44.9998821878	45.0001178122
45.0	44.9788628407	45.0211371593
45.0	44.9788629584	45.0211370416
45.0	45.0	45.0
45.0	44.9788630805	45.0211369195
45.0	44.9788631379	45.0211368621
45.0	45.0	45.0
45.0	44.9788632165	45.0211367835
45.0	44.9788632546	45.0211367454
45.0	45.0	45.0
45.0	44.9788632464	45.0211367536
45.0	44.9788632504	45.0211367496
45.0	45.0	45.0
45.0	44.9788629812	45.0211370188
45.0	44.9788629414	45.0211370586
45.0	45.0	45.0
45.0	44.9788629196	45.0211370804
45.0	44.9788629353	45.0211370647
45.0	45.0	45.0
45.0	44.9788630607	45.0211369393
45.0	44.9788632365	45.0211367635
45.0	45.0	45.0
45.0	44.9788634134	45.0211365866
45.0	44.9788633894	45.0211366106
45.0	45.0	45.0
45.0	44.9788635334	45.0211364666
45.0	44.9788636807	45.0211363193
45.0	45.0	45.0
45.0	44.97886372	45.02113628
45.0	44.9788637015	45.0211362985
45.0	45.0	45.0
45.0	44.9788639907	45.0211360093
45.0	44.9788640369	45.0211359631
45.0	45.0	45.0
45.0	44.9788639962	45.0211360038
45.0	44.9788638736	45.0211361264
45.0	45.0	45.0
45.0	44.9788633667	45.0211366333
45.0	44.9788632706	45.0211367294
45.0	45.0	45.0
45.0	44.9788629532	45.0211370468
45.0	44.9788629174	45.0211370826
45.0	45.0	45.0
45.0	44.978862977	45.021137023
45.0	44.978863187	45.021136813
45.0	45.0	45.0
45.0	44.9788636402	45.0211363598
45.0	44.9788638022	45.0211361978
45.0	45.0	45.0
45.0	44.9788638949	45.0211361051
45.0	44.9788638119	45.0211361881
45.0	45.0	45.0
45.0	44.9788631669	45.0211368331
45.0	44.9788627981	45.0211372019
45.0	44.9998612415	45.0001387585
45.0	44.9788620395	45.0211379605
45.0	44.9788617164	45.0211382836
45.0	44.9997595476	45.0002404524
45.0	44.9788615699	45.0211384301
45.0	44.9788614938	45.0211385062
45.0	44.9997675548	45.0002324452
45.0	44.9788618325	45.0211381675
45.0	44.9788621099	45.0211378901
45.0	44.999863045	45.000136955
45.0	44.9788628285	45.0211371715
45.0	44.9788631987	45.0211368013
45.0	45.0	45.0
45.0	44.9788637835	45.0211362165
45.0	44.9788638876	45.0211361124
45.0	45.0	45.0
45.0	44.9788638928	45.0211361072
45.0	44.9788638883	45.0211361117
45.0	45.0	45.0
45.0	44.9788634952	45.0211365048
45.0	44.9788632469	45.0211367531
45.0	45.0	45.0
45.0	44.9788628377	45.0211371623
45.0	44.9788626002	45.0211373998
45.0	44.9998959321	45.0001040679
45.0	44.978862606	45.021137394
45.0	44.9788625843	45.0211374157
45.0	44.999872044	45.000127956
45.0	44.9788626132	45.0211373868
45.0	44.9788627823	45.0211372177
45.0	44.9999147771	45.0000852229
45.0	44.9788628363	45.0211371637
45.0	44.9788627363	45.0211372637
45.0	44.999917176	45.000082824
45.0	44.9788626253	45.0211373747
45.0	44.9788625166	45.0211374834
45.0	44.9998454928	45.0001545072
45.0	44.9788622467	45.0211377533
45.0	44.9788621482	45.0211378518
45.0	44.9998077133	45.0001922866
45.0	44.9788619744	45.0211380256
45.0	44.9788619873	45.0211380126
45.0	44.9998201833	45.0001798167
45.0	44.978862156	45.021137844
45.0	44.9788623292	45.0211376708
45.0	44.9998794405	45.0001205595
45.0	44.9788628615	45.0211371385
45.0	44.9788631409	45.0211368591
45.0	45.0	45.0
45.0	44.9788636384	45.0211363616
45.0	44.9788639274	45.0211360726
45.0	45.0	45.0
45.0	44.9788638775	45.0211361225
45.0	44.9788637205	45.0211362795
45.0	45.0	45.0
45.0	44.9788630751	45.0211369249
45.0	44.9788625891	45.0211374109
45.0	44.999835798	45.000164202
45.0	44.9788617823	45.0211382177
45.0	44.9788615005	45.0211384995
45.0	44.9997293705	45.0002706295
45.0	44.9788609511	45.0211390489
45.0	44.9788606942	45.0211393058
45.0	44.9996944326	45.0003055674
45.0	44.9788607905	45.0211392095
45.0	44.9788610534	45.0211389466
45.0	44.999747383	45.000252617
45.0	44.9788618855	45.0211381145
45.0	44.978862305	45.021137695
45.0	44.9999258025	45.0000741975
45.0	44.978863227	45.021136773
45.0	44.9788637174	45.0211362826
45.0	45.0	45.0
45.0	44.9788640707	45.0211359293
45.0	44.978863941	45.021136059
45.0	45.0	45.0
45.0	44.9788635889	45.0211364111
45.0	44.9788633802	45.0211366198
45.0	45.0	45.0
45.0	44.9788630837	45.0211369163
45.0	44.9788630966	45.0211369034
45.0	45.0	45.0
45.0	44.978863046	45.021136954
45.0	44.9788629611	45.0211370389
45.0	45.0	45.0
45.0	44.9788631137	45.0211368863
45.0	44.9788631476	45.0211368524
45.0	45.0	45.0
45.0	44.9788630506	45.0211369494
45.0	44.9788629881	45.0211370119
45.0	45.0	45.0
45.0	44.9788630285	45.0211369715
45.0	44.97886295	45.02113705
45.0	45.0	45.0
45.0	44.9788629522	45.0211370478
45.0	44.9788630705	45.0211369295
45.0	45.0	45.0
45.0	44.978863229	45.021136771
45.0	44.9788631933	45.0211368067
45.0	45.0	45.0
45.0	44.9788632143	45.0211367857
45.0	44.9788632487	45.0211367513
45.0	45.0	45.0
45.0	44.9788632107	45.0211367893
45.0	44.9788632292	45.0211367708
45.0	45.0	45.0
45.0	44.978863413	45.0211365869
45.0	44.978863474	45.021136526
45.0	45.0	45.0
45.0	44.9788638171	45.0211361829
45.0	44.9788640537	45.0211359463
45.0	45.0	45.0
45.0	44.9788644901	45.0211355099
45.0	44.9788645246	45.0211354754
45.0	45.0	45.0
45.0	44.978864443	45.021135557
45.0	44.9788644081	45.0211355919
45.0	45.0	45.0
45.0	44.9788640421	45.0211359579
45.0	44.9788639053	45.0211360947
45.0	45.0	45.0
45.0	44.9788636948	45.0211363052
45.0	44.9788635903	45.0211364097
45.0	45.0	45.0
45.0	44.9788638548	45.0211361452
45.0	44.9788639683	45.0211360317
45.0	45.0	45.0
45.0	44.9788642979	45.0211357021
45.0	44.9788643848	45.0211356152
45.0	45.0	45.0
45.0	44.9788642754	45.0211357246
45.0	44.9788641241	45.0211358759
45.0	45.0	45.0
45.0	44.9788634568	45.0211365432
45.0	44.9788628974	45.0211371026
45.0	44.9998583426	45.0001416574
45.0	44.9788621096	45.0211378904
45.0	44.978862016	45.021137984
45.0	44.9997978577	45.0002021423
45.0	44.978862087	45.021137913
45.0	44.9788623154	45.0211376846
45.0	44.9998614763	45.0001385237
45.0	44.9788626691	45.0211373309
45.0	44.9788626248	45.0211373752
45.0	44.999907503	45.000092497
45.0	44.9788626595	45.0211373405
45.0	44.9788626687	45.0211373313
45.0	44.9999085288	45.0000914712
45.0	44.9788628943	45.0211371057
45.0	44.978863108	45.021136892
45.0	45.0	45.0
45.0	44.9788634306	45.0211365694
45.0	44.978863455	45.021136545
45.0	45.0	45.0
45.0	44.9788634299	45.0211365701
45.0	44.9788631814	45.0211368186
45.0	44.9999779623	45.0000220377
45.0	44.9788627512	45.0211372488
45.0	44.9788626504	45.0211373496
45.0	44.9998575281	45.0001424719
45.0	44.97886246	45.02113754
45.0	44.9788623589	45.0211376411
45.0	44.9998584231	45.0001415769
45.0	44.9788624841	45.0211375159
45.0	44.9788626947	45.0211373053
45.0	44.9998919954	45.0001080046
45.0	44.9788627812	45.0211372188
45.0	44.9788628038	45.0211371962
45.0	44.9999598697	45.0000401303
45.0	44.9788629282	45.0211370718
45.0	44.9788628446	45.0211371554
45.0	44.9999059159	45.0000940841
45.0	44.9788626941	45.0211373059
45.0	44.9788625642	45.0211374358
45.0	44.9998660039	45.0001339961
45.0	44.9788625269	45.0211374731
45.0	44.9788623946	45.0211376054
45.0	44.9998452849	45.0001547151
45.0	44.9788624392	45.0211375608
45.0	44.9788624597	45.0211375403
45.0	44.9998884962	45.0001115038
45.0	44.9788627589	45.0211372411
45.0	44.9788629133	45.0211370867
45.0	45.0	45.0
45.0	44.9788631875	45.0211368125
45.0	44.9788633078	45.0211366922
45.0	45.0	45.0
45.0	44.97886335	45.02113665
45.0	44.9788631659	45.0211368341
45.0	45.0	45.0
45.0	44.9788628784	45.0211371216
45.0	44.9788627739	45.0211372261
45.0	44.9999011816	45.0000988184
45.0	44.9788624295	45.0211375705
45.0	44.9788623789	45.0211376211
45.0	44.9998739693	45.0001260307
45.0	44.9788624889	45.0211375111
45.0	44.9788625572	45.0211374428
45.0	44.9998961815	45.0001038185
45.0	44.9788627745	45.0211372255
45.0	44.9788628625	45.0211371375
45.0	45.0	45.0
45.0	44.978863003	45.021136997
45.0	44.9788630707	45.0211369293
45.0	45.0	45.0
45.0	44.9788630223	45.0211369777
45.0	44.9788629377	45.0211370623
45.0	44.9999412049	45.0000587951
45.0	44.9788626281	45.0211373718
45.0	44.9788624653	45.0211375347
45.0	44.9998354775	45.0001645225
45.0	44.9788620481	45.0211379519
45.0	44.9788618059	45.0211381941
45.0	44.9997687972	45.0002312028
45.0	44.9788616258	45.0211383742
45.0	44.9788615962	45.0211384038
45.0	44.9997766151	45.0002233849
45.0	44.978861851	45.021138149
45.0	44.9788620232	45.0211379768
45.0	44.9998002103	45.0001997897
45.0	44.9788622531	45.0211377469
45.0	44.9788623837	45.0211376163
45.0	44.9998842171	45.0001157829
45.0	44.9788625955	45.0211374045
45.0	44.9788627447	45.0211372553
45.0	44.9999534354	45.0000465646
45.0	44.9788628639	45.0211371361
45.0	44.978862944	45.021137056
45.0	44.9999195665	45.0000804335
45.0	44.9788629001	45.0211370999
45.0	44.97886275	45.02113725
45.0	44.9999013854	45.0000986146
45.0	44.9788626892	45.0211373108
45.0	44.9788626354	45.0211373646
45.0	44.9998965416	45.0001034584
45.0	44.9788628025	45.0211371975
45.0	44.9788626524	45.0211373476
45.0	44.999921786	45.000078214
45.0	44.9788634118	45.0211365882
45.0	44.9788636232	45.0211363768
45.0	45.0	45.0
45.0	44.978864426	45.021135574
45.0	44.9788649477	45.0211350523
45.0	45.0	45.0
45.0	44.9788649615	45.0211350385
45.0	44.9788650578	45.0211349422
45.0	45.0	45.0
45.0	44.9788645127	45.0211354873
45.0	44.9788642728	45.0211357272
45.0	45.0	45.0
45.0	44.9788635922	45.0211364078
45.0	44.9788632658	45.0211367342
45.0	44.9999253122	45.0000746878
45.0	44.9788624292	45.0211375708
45.0	44.9788621424	45.0211378576
45.0	44.9997659917	45.0002340083
45.0	44.9788613631	45.0211386369
45.0	44.9788610621	45.0211389379
45.0	44.9997177984	45.0002822016
45.0	44.9788607488	45.0211392512
45.0	44.9788607111	45.0211392889
45.0	44.9996941592	45.0003058408
45.0	44.9788607611	45.0211392389
45.0	44.9788608995	45.0211391005
45.0	44.9997193975	45.0002806025
45.0	44.9788612134	45.0211387866
45.0	44.978861368	45.021138632
45.0	44.9997607901	45.0002392099
45.0	44.9788616918	45.0211383082
45.0	44.9788617568	45.0211382432
45.0	44.9997715892	45.0002284108
45.0	44.9788615074	45.0211384926
45.0	44.9788612373	45.0211387627
45.0	44.9997227887	45.0002772113
45.0	44.978860943	45.021139057
45.0	44.9788608741	45.0211391259
45.0	44.9996976637	45.0003023363
45.0	44.9788609726	45.0211390274
45.0	44.9788610303	45.0211389697
45.0	44.9997287666	45.0002712334
45.0	44.9788612151	45.0211387849
45.0	44.9788613147	45.0211386853
45.0	44.9997561231	45.0002438769
45.0	44.9788616527	45.0211383473
45.0	44.9788617837	45.0211382163
45.0	44.9998214366	45.0001785633
45.0	44.9788623705	45.0211376295
45.0	44.9788626698	45.0211373302
45.0	44.9999167564	45.0000832436
45.0	44.9788628726	45.0211371274
45.0	44.9788629895	45.0211370105
45.0	45.0	45.0
45.0	44.9788627476	45.0211372524
45.0	44.9788626499	45.0211373501
45.0	44.9998626444	45.0001373556
45.0	44.9788623683	45.0211376317
45.0	44.9788622685	45.0211377315
45.0	44.999814509	45.000185491
45.0	44.9788621028	45.0211378972
45.0	44.9788620817	45.0211379183
45.0	44.9998034754	45.0001965246
45.0	44.9788621863	45.0211378137
45.0	44.9788622629	45.0211377371
45.0	44.9998472312	45.0001527688
45.0	44.9788625423	45.0211374577
45.0	44.9788626577	45.0211373423
45.0	44.9998977574	45.0001022426
45.0	44.9788627304	45.0211372696
45.0	44.978862715	45.021137285
45.0	44.9999302897	45.0000697103
45.0	44.9788628804	45.0211371196
45.0	44.9788629734	45.0211370266
45.0	45.0	45.0
45.0	44.9788631282	45.0211368718
45.0	44.9788632288	45.0211367712
45.0	45.0	45.0
45.0	44.9788631493	45.0211368507
45.0	44.9788630942	45.0211369058
45.0	45.0	45.0
45.0	44.97886285	45.02113715
45.0	44.9788627105	45.0211372895
45.0	44.999918853	45.000081147
45.0	44.978862574	45.021137426
45.0	44.9788625286	45.0211374714
45.0	44.9998794714	45.0001205285
45.0	44.9788624863	45.0211375137
45.0	44.9788624866	45.0211375134
45.0	44.9998844915	45.0001155085
45.0	44.9788627488	45.0211372512
45.0	44.9788628765	45.0211371235
45.0	45.0	45.0
45.0	44.9788632919	45.0211367081
45.0	44.9788633225	45.0211366775
45.0	45.0	45.0
45.0	44.978862959	45.021137041
45.0	44.978862636	45.021137364
45.0	44.9998209878	45.0001790122
45.0	44.9788615135	45.0211384865
45.0	44.9788610691	45.0211389309
45.0	44.9997020823	45.0002979177
45.0	44.9788604878	45.0211395122
45.0	44.9788605575	45.0211394425
45.0	44.9996867406	45.0003132594
45.0	44.978860816	45.021139184
45.0	44.9788609235	45.0211390765
45.0	44.9997390624	45.0002609376
45.0	44.9788616076	45.0211383924
45.0	44.9788617965	45.0211382035
45.0	44.9997913676	45.0002086324
45.0	44.978862022	45.021137978
45.0	44.9788618851	45.0211381149
45.0	44.9998095272	45.0001904728
45.0	44.9788619654	45.0211380346
45.0	44.9788620416	45.0211379584
45.0	44.9998135623	45.0001864377
45.0	44.9788622363	45.0211377637
45.0	44.9788624971	45.0211375029
45.0	44.9999142531	45.0000857469
45.0	44.9788630908	45.0211369092
45.0	44.9788631803	45.0211368197
45.0	45.0	45.0
45.0	44.978863396	45.021136604
45.0	44.9788634998	45.0211365002
45.0	45.0	45.0
45.0	44.9788637631	45.0211362369
45.0	44.9788638587	45.0211361413
45.0	45.0	45.0
45.0	44.9788639757	45.0211360242
45.0	44.9788639111	45.0211360889
45.0	45.0	45.0
45.0	44.9788636391	45.0211363609
45.0	44.9788636459	45.0211363541
45.0	45.0	45.0
45.0	44.9788632581	45.0211367418
45.0	44.9788629995	45.0211370005
45.0	44.9999340407	45.0000659593
45.0	44.9788626737	45.0211373264
45.0	44.9788625574	45.0211374426
45.0	44.9998540411	45.0001459589
45.0	44.9788623306	45.0211376694
45.0	44.9788623076	45.0211376924
45.0	44.9998473888	45.0001526112
45.0	44.9788622865	45.0211377136
45.0	44.9788621473	45.0211378527
45.0	44.9998082112	45.0001917888
45.0	44.9788620278	45.0211379721
45.0	44.9788619502	45.0211380497
45.0	44.9997832728	45.0002167271
45.0	44.9788620195	45.0211379805
45.0	44.9788620821	45.021137918
45.0	44.9998241634	45.0001758366
45.0	44.97886255	45.0211374499
45.0	44.9788627845	45.0211372154
45.0	45.0	45.0
45.0000000001	44.9788630702	45.0211369299
45.0000000001	44.9788631774	45.0211368227
45.0	45.0	45.0
44.9999999999	44.9788629544	45.0211370455
44.9999999999	44.9788628381	45.0211371618
45.0	44.9999115555	45.0000884445
45.0000000001	44.9788626814	45.0211373187
45.0000000001	44.9788625942	45.0211374059
45.0	44.9998821385	45.0001178615
44.9999999999	44.9788626084	45.0211373914
44.9999999999	44.978862819	45.0211371808
45.0	45.0	45.0
45.0000000001	44.9788631117	45.0211368885
45.0000000001	44.9788632013	45.0211367989
45.0	45.0	45.0
44.9999999999	44.9788631539	45.0211368459
44.9999999999	44.9788633131	45.0211366866
45.0	45.0	45.0
45.0000000001	44.9788631838	45.0211368165
45.0000000002	44.9788631806	45.0211368197
45.0	45.0	45.0
44.9999999998	44.9788629377	45.0211370619
44.9999999998	44.9788629545	45.0211370451
45.0	44.9999320736	45.0000679264
45.0000000002	44.9788628307	45.0211371697
45.0000000002	44.9788628093	45.0211371912
45.0	44.9999168437	45.0000831563
44.9999999997	44.9788627153	45.0211372842
44.9999999997	44.9788626647	45.0211373348
45.0	44.9999107967	45.0000892032
45.0000000003	44.9788627211	45.0211372795
45.0000000003	44.9788627636	45.021137237
45.0	45.0	45.0
44.9999999996	44.9788630232	45.0211369761
44.9999999996	44.9788631293	45.02113687
45.0	45.0	45.0
45.0000000004	44.9788632902	45.0211367106
45.0000000004	44.9788632517	45.0211367492
45.0	45.0	45.0
44.9999999995	44.9788632679	45.0211367311
44.9999999995	44.978863198	45.0211368009
45.0	45.0	45.0
45.0000000006	44.9788630415	45.0211369597
45.0000000006	44.9788629737	45.0211370276
45.0	45.0	45.0
44.9999999993	44.9788629283	45.0211370703
44.9999999993	44.9788629015	45.021137097
45.0	44.9999468238	45.0000531762
45.0000000008	44.9788627211	45.0211372805
45.0000000009	44.9788628235	45.0211371783
45.0	44.9999322601	45.0000677399
44.999999999	44.9788628178	45.0211371803
44.999999999	44.9788628304	45.0211371675
45.0	44.9999668354	45.0000331646
45.0000000012	44.9788630615	45.0211369408
45.0000000012	44.9788631247	45.0211368777
45.0	45.0	45.0
44.9999999986	44.9788630786	45.0211369187
44.9999999985	44.978863014	45.0211369831
45.0	45.0	45.0
45.0000000016	44.9788629333	45.0211370699
45.0000000017	44.9788628529	45.0211371505
45.0	44.9999249162	45.0000750838
44.9999999981	44.9788626347	45.0211373614
44.999999998	44.978862646	45.0211373499
45.0	44.9998842942	45.0001157058
45.0000000023	44.9788626308	45.0211373738
45.0000000024	44.9788625891	45.0211374158
45.0	44.9999130023	45.0000869977
44.9999999973	44.9788628775	45.021137117
44.9999999971	44.9788629836	45.0211370106
45.0	45.0	45.0
45.0000000032	44.9788632685	45.021136738
45.0000000034	44.97886347	45.0211365368
45.0	45.0	45.0
44.9999999962	44.9788634272	45.0211365651
44.9999999959	44.9788633223	45.0211366696
45.0	45.0	45.0
45.0000000045	44.978862829	45.0211371801
45.0000000048	44.97886233	45.0211376796
45.0	44.9997975041	45.0002024959
44.9999999946	44.9788617535	45.0211382357
44.9999999943	44.9788616423	45.0211383463
45.0	44.9997595458	45.0002404542
45.0000000064	44.9788616841	45.0211383287
45.0000000068	44.9788617037	45.0211383098
45.0	44.999797546	45.000202454
44.9999999924	44.9788622831	45.0211377017
44.999999992	44.9788626001	45.0211373839
45.0	44.9998844897	45.0001155103
45.000000009	44.9788631404	45.0211368776
45.0000000095	44.9788631661	45.021136853
45.0	45.0	45.0
44.9999999893	44.9788632682	45.0211367104
44.9999999887	44.9788631252	45.0211368522
45.0	45.0	45.0
45.0000000127	44.9788633792	45.0211366461
45.0000000134	44.9788634773	45.0211365496
45.0	45.0	45.0
44.999999985	44.9788635392	45.0211364307
44.9999999841	44.978863519	45.0211364492
45.0	45.0	45.0
45.0000000178	44.9788633879	45.0211366478
45.0000000189	44.9788630896	45.0211369482
45.0	44.9998977006	45.0001022994
44.9999999788	44.9788623396	45.0211376181
44.9999999776	44.9788620306	45.0211379246
45.0	44.9997701204	45.0002298796
45.0000000251	44.9788614099	45.0211386404
45.0000000266	44.978861313	45.0211387402
45.0	44.999728918	45.000271082
44.9999999702	44.97886125	45.0211386904
44.9999999685	44.978861196	45.0211387409
45.0	44.9997521346	45.0002478654
45.0000000354	44.978861614	45.0211384567
45.0000000374	44.9788617739	45.021138301
45.0	44.9997903137	45.0002096863
44.9999999581	44.9788620202	45.021137896
44.9999999556	44.978862115	45.0211377962
45.0	44.9998507647	45.0001492353
45.0000000498	44.9788626068	45.0211374928
45.0000000527	44.9788625732	45.0211375322
45.0	44.9998943323	45.0001056677
44.999999941	44.978862513	45.0211373689
44.9999999375	44.9788626334	45.0211372416
45.0	44.9999026744	45.0000973256
45.00000007	44.9788627023	45.0211374378
45.0000000742	44.978862666	45.0211374823
45.0	44.9999097153	45.0000902847
44.9999999169	44.9788625069	45.0211373269
44.999999912	44.9788625637	45.0211372603
45.0	44.9999120021	45.0000879979
45.0000000986	44.9788627981	45.0211373991
45.0000001044	44.9788628049	45.0211374039
45.0	44.9999481667	45.0000518333
44.999999883	44.9788627687	45.0211369973
44.9999998761	44.9788629094	45.0211368429
45.0	45.0	45.0
45.0000001388	44.9788635288	45.0211367488
45.0000001469	44.9788637846	45.0211365093
45.0	45.0	45.0
44.9999998353	44.9788639838	45.0211356868
44.9999998257	44.9788643959	45.0211352554
45.0	45.0	45.0
45.0000001954	44.9788654682	45.0211349225
45.0000002068	44.9788657183	45.0211346954
45.0	45.0	45.0
44.9999997682	44.9788656074	45.021133929
44.9999997546	44.9788655965	45.0211339127
45.0	45.0	45.0
45.000000275	44.978865834	45.021134716
45.0000002912	44.9788656247	45.0211349577
45.0	45.0	45.0
44.9999996737	44.9788648325	45.0211345149
44.9999996546	44.9788647952	45.021134514
45.0	45.0	45.0
45.0000003871	44.9788657402	45.0211350341
45.0000004098	44.9788658818	45.0211349379
45.0	45.0	45.0
44.9999995407	44.9788653348	45.0211337465
44.9999995137	44.9788654704	45.021133557
45.0	45.0	45.0
45.000000545	44.9788664475	45.0211346424
45.0000005769	44.9788663747	45.0211347791
45.0	45.0	45.0
44.9999993534	44.978865118	45.0211335889
44.9999993155	44.978865038	45.0211335931
45.0	45.0	45.0
45.0000007671	44.9788661832	45.021135351
45.0000008121	44.978866133	45.0211354911
45.0	45.0	45.0
44.9999990899	44.9788636817	45.0211344981
44.9999990365	44.9788633614	45.0211347116
45.0	45.0	45.0
45.0000010798	44.9788648263	45.0211373333
45.0000011431	44.9788647541	45.0211375321
45.0	45.0	45.0
44.9999987189	44.9788622237	45.021135214
44.9999986438	44.9788623017	45.0211349858
45.0	45.0	45.0
45.00000152	44.9788652752	45.0211377648
45.0000016091	44.9788654829	45.0211377354
45.0	45.0	45.0
44.9999981966	44.9788618667	45.0211345266
44.9999980909	44.9788615334	45.0211346484
45.0	45.0	45.0
45.0000021396	44.978865023	45.0211392562
45.000002265	44.9788649052	45.0211396249
45.0	44.9998564839	45.0001435161
44.9999974615	44.9788597149	45.0211352081
44.9999973127	44.9788595209	45.0211351044
45.0	44.9998221313	45.0001778687
45.0000030117	44.9788652394	45.0211407841
45.0000031884	44.9788654997	45.021140877
45.0	44.9998689994	45.0001310006
44.9999964267	44.9788589801	45.0211338734
44.9999962172	44.9788589769	45.0211334575
45.0	44.9999273616	45.0000726384
45.0000042395	44.9788671879	45.021141291
45.0000044881	44.9788674505	45.0211415257
45.0	45.0	45.0
44.9999949701	44.9788578649	45.0211320753
44.9999946752	44.9788574222	45.0211319281
45.0	44.9999119903	45.0000880097
45.0000059677	44.9788683489	45.0211435864
45.0000063176	44.9788685781	45.0211440571
45.0	44.9998390544	45.0001609456
44.9999929197	44.9788549918	45.0211308477
44.9999925045	44.9788547384	45.0211302707
45.0	44.9998335029	45.0001664971
45.0000084003	44.9788708599	45.0211459407
45.0000088929	44.9788715012	45.0211462847
45.0	45.0	45.0
44.9999900335	44.9788530998	45.0211269672
44.999989449	44.978852596	45.0211263021
45.0	45.0	45.0
45.0000118247	44.9788749371	45.0211487123
45.0000125181	44.9788755102	45.0211495261
45.0	45.0	45.0
44.9999859706	44.9788483792	45.0211235621
44.9999851479	44.9788472099	45.0211230859
45.0	44.9998396043	45.0001603957
45.0000166451	44.9788784921	45.0211547981
45.0000176212	44.9788795957	45.0211556468
45.0	44.9998561015	45.0001438985
44.9999802514	44.9788424282	45.0211180746
44.9999790933	44.9788413338	45.0211168527
45.0	45.0	45.0
45.0000234308	44.9788855761	45.0211612856
45.0000248049	44.97888677	45.0211628398
45.0	44.9999394671	45.0000605329
44.9999722003	44.9788338425	45.0211105581
44.9999705699	44.9788320968	45.021109043
45.0	44.9999214817	45.0000785183
45.0000329835	44.9788940688	45.0211718981
45.000034918	44.9788957421	45.0211740938
45.0	44.9998475995	45.0001524005
44.9999608658	44.9788209359	45.0211007957
44.9999585704	44.9788182388	45.0210989021
45.0	44.9997980465	45.0002019535
45.0000464325	44.9789051649	45.0211877
45.0000491562	44.9789074	45.0211909125
45.0	44.9997670735	45.0002329265
44.9999449071	44.9788020423	45.0210877719
44.9999416749	44.9787981207	45.0210852291
45.0	44.9997441967	45.0002558033
45.0000653703	44.9789204744	45.0212102661
45.0000692062	44.9789235216	45.0212148909
45.0	44.9997226959	45.000277304
44.9999224322	44.9787749456	45.0210699189
44.9999178793	44.978769399	45.0210663595
45.0	44.9997533221	45.0002466779
45.0000920459	44.9789415166	45.0212425752
45.0000974508	44.9789456728	45.0212492288
45.0	44.9998271992	45.0001728008
44.9998907656	44.9787359516	45.0210455797
44.999884348	44.9787275211	45.0210411748
45.0	44.9998629754	45.0001370246
45.0001296458	44.9789677947	45.0212914969
45.0001372685	44.9789723263	45.0213022107
45.0	44.9997959625	45.0002040374
44.9998461066	44.978673754	45.0210184591
44.9998370484	44.9786604475	45.0210136494
45.0	44.9997542478	45.0002457522
45.000182713	44.9789961927	45.0213692334
45.0001934839	44.9790012492	45.0213857185
45.0	44.999787079	45.0002129209
44.9997830084	44.9785772127	45.0209888041
44.9997701896	44.9785564444	45.0209839347
45.0	44.9998432145	45.0001567855
45.0002578045	44.9790248144	45.0214907947
45.0002730801	44.9790285941	45.0215175662
45.0	44.9998826799	45.0001173201
44.999693533	44.9784216704	45.0209653956
44.9996752975	44.9783871625	45.0209634326
45.0	44.9998890069	45.0001109931
45.000364605	44.9790377555	45.0216914544
45.0003864281	44.9790365578	45.0217362983
45.0	44.9999225078	45.0000774921
44.9995657413	44.9781611697	45.0209703129
44.9995395338	44.9781025288	45.0209765388
45.0	45.0	45.0
45.0005180371	44.979003365	45.0220327091
45.0005496629	44.9789888514	45.0221104744
45.0	44.9999867391	45.0000132608
44.9993806434	44.9777096371	45.0210516497
44.9993422206	44.9776057227	45.0210787185
45.0	44.9998952429	45.0001047571
45.0007428238	44.9788496334	45.0226360141
45.0007899423	44.9788033487	45.0227765359
45.0	44.9998853528	45.0001146471
44.9991051335	44.9768949039	45.021315363
44.9990466038	44.976702701	45.0213905066
45.0	44.9999119126	45.0000880874
45.0010848153	44.9784194377	45.0237501928
45.0011588068	44.9783004469	45.0240171667
45.0	44.9999313176	45.0000686823
44.9986731772	44.9753485789	45.0219977754
44.9985773915	44.9749713964	45.0221833867
45.0	45.0	45.0
45.0016434284	44.9773529616	45.0259338952
45.0017714328	44.9770646252	45.0264782405
44.9999999999	44.9999999999	44.9999999999
44.9979274731	44.9721977751	45.0236571711
44.9977490569	44.9713904402	45.0241076736
45.0000000001	45.0000000001	45.0000000001
45.0026819019	44.9747557942	45.0306080095
45.0029447171	44.9740394186	45.0318500156
44.9999999999	44.9999999999	44.9999999999
44.996397942	44.9650015187	45.0277943653
44.995981745	44.9629927095	45.0289707804
45.0000000001	45.0000000001	45.0000000001
45.005108309	44.9679427241	45.0422738938
45.0058334781	44.9659050751	45.0457618812
44.9999999999	44.9999999999	44.9999999999
44.9921452515	44.9446335929	45.03965691
44.9907073156	44.9379141281	45.043500503
45.0000000001	44.9999784476	45.0000215526
45.0136691354	44.9453124616	45.0820258093
45.0170954051	44.9369866524	45.0972041579
44.9999999999	44.9999744662	45.0000255337
44.9709789511	44.8519247661	45.0900331362
44.9601390668	44.8073975327	45.1128806008
45.0	44.9999772584	45.0000227417
45.0875765247	44.7959419269	45.3792111226
45.1447132971	44.6964499911	45.592976603
