-0.405259069074
-0.865291851988
-0.725294199329
-7.84439180279e-12
1.09036843539
2.19919705905
3.00000000004
3.33022387957
3.25331991045
2.9999999999
2.82064344981
2.83901893994
3.00000000019
3.14217850118
3.1387589309
2.99999999971
2.85902848889
2.85345907226
3.00000000041
3.16910771524
3.18880427579
2.99999999949
2.7373329709
2.66336437894
3.0000000006
3.7848122675
4.86073677741
5.99999999934
7.05712832352
8.03071624956
9.00000000068
10.012276961
11.0328388164
11.9999999993
12.9194980457
13.8879272201
15.0000000006
16.2133355952
17.3060221296
17.9999999995
18.180292828
18.0379013343
18.0000000003
18.469695683
19.5560119349
20.9999999999
22.363749453
23.3480502376
23.9999999999
24.6514012163
25.6351733927
27.0000000004
28.4459741657
29.5326171641
29.9999999994
29.9595733396
29.8174047912
30.0000000008
30.6947517073
31.785860731
32.999999999
34.1188198052
35.0924320935
36.0000000012
36.9364835135
37.9402536755
38.9999999987
40.0848436496
41.1312548862
42.0000000014
42.4892495359
42.4591332617
41.9999999985
41.483855667
41.3924430875
42.0000000016
43.1477668337
44.3191028227
44.9999999984
45.0645303959
44.8753259962
45.0000000016
45.7553808203
46.9435386766
47.9999999986
48.4443902921
48.276396435
48.0000000012
48.2543517703
49.3394052153
50.9999999991
52.6204737688
53.6616783682
54.0000000005
53.9291500777
53.8627102972
53.9999999998
54.2192064763
54.2570047127
54.0
53.6360349416
53.5416090273
54.0000000002
54.9760366274
56.1212557633
56.9999999996
57.3626132092
57.2700900434
57.0000000005
56.8281687693
56.8567657038
56.9999999995
57.1053531491
57.0923058668
57.0000000005
56.9268708643
56.934070111
56.9999999996
57.0546942097
57.0502540789
57.0000000004
56.9569391968
56.9598731755
56.9999999997
57.035266221
57.0332489279
57.0000000002
56.9701257274
56.9715321677
56.9999999998
57.0261243529
57.0251594134
57.0000000001
56.9764100979
56.9770308445
56.9999999999
57.0220250033
57.0216924763
57.0
56.978709964
56.9787843284
57.0
57.021314111
57.0214859528
56.9999999999
56.9779236907
56.9775031148
57.0000000001
57.0235977504
57.0242831837
56.9999999998
56.974058761
56.9730773277
57.0000000002
57.0292180728
57.0305458174
56.9999999997
56.966395808
56.9646439395
57.0000000004
57.0393716578
57.0416688526
56.9999999995
56.9530509897
56.9500128319
57.0000000006
57.0570416802
57.0611553088
56.9999999993
56.9291098458
56.9233010307
57.0000000008
57.0908841411
57.0996701266
56.9999999991
56.8777440446
56.8628720016
57.000000001
57.1788948426
57.2095441985
56.9999999989
56.6879247269
56.5932228154
57.0000000011
57.9271538461
59.0742946975
59.9999999989
60.4053132926
60.3105959782
60.0000000011
59.7919816335
59.822662289
59.999999999
60.1354916482
60.1205714042
60.0000000009
59.9021288696
59.9109815075
59.9999999992
60.0746799639
60.0687838951
60.0000000007
59.9411481759
59.9453724866
59.9999999994
60.0473254974
60.0441496197
60.0000000005
59.9614364271
59.9639029131
59.9999999996
60.031707084
60.0297487063
60.0000000004
59.9737651882
59.9753436776
59.9999999997
60.0218086179
60.0205234586
60.0000000003
59.9818032777
59.9828564008
59.9999999998
60.0152329271
60.0143667296
60.0000000002
59.9872063087
59.987919797
59.9999999999
60.0107845988
60.0101972775
60.0000000001
59.990867984
59.9913500501
59.9999999999
60.0077777333
60.0073842925
60.0000000001
59.9933246084
59.9936426932
59.9999999999
60.0057880164
60.0055347307
60.0000000001
59.9949137304
59.9951105293
60.0
60.004547183
60.0044004629
60.0
59.9958467647
59.9959481578
60.0
60.0038916826
60.003832344
60.0
59.9962459105
59.9962651056
60.0
60.003736026
60.0037563567
60.0
59.9961630897
59.9961025794
60.0
60.0040599884
60.0041626266
60.0
59.9955875519
59.9954394738
60.0
60.0049056759
60.0051039889
59.9999999999
59.9944443288
59.9941893247
60.0000000001
60.0063836484
60.0067037105
59.9999999999
59.9925831272
59.9921873872
60.0000000001
60.0086898048
60.009174565
59.9999999999
59.9897543256
59.9891638298
60.0000000001
60.0121386806
60.0128559249
59.9999999998
59.9855628526
59.9846921982
60.0000000002
60.0172281961
60.0182866187
59.9999999997
59.9793750755
59.9780836054
60.0000000003
60.0247778838
60.0263638957
59.9999999996
59.9701057716
59.9681384204
60.0000000004
60.0362711969
60.0387483928
59.9999999995
59.9556421461
59.9524534815
60.0000000006
60.0548764934
60.0591160746
59.9999999993
59.9309184617
59.925004153
60.0000000008
60.0893742643
60.0982486915
59.9999999991
59.8790033811
59.8640571049
60.000000001
60.1778458928
60.2085576517
59.9999999989
59.6887967083
59.5940422289
60.0000000011
60.9264310693
62.0736163309
62.9999999989
63.4059098691
63.3111548862
63.0000000011
62.7914922752
62.8222050573
62.999999999
63.1358893558
63.1209415043
63.0000000009
62.9018101626
62.9106867673
62.9999999992
63.0749298068
63.0690126492
63.0000000007
62.9409592515
62.9452024436
62.9999999994
63.0474595113
63.044266359
63.0000000005
62.961353062
62.9638357652
62.9999999996
63.0317424513
63.0297683982
63.0000000004
62.973776694
62.9753708154
62.9999999997
63.0217498734
63.0204486281
63.0000000003
62.981911129
62.9829813032
62.9999999998
63.0150725399
63.0141877837
63.0000000002
62.9874243319
62.9881584765
62.9999999998
63.0105020071
63.0098912752
63.0000000001
62.9912241299
62.9917331057
62.9999999999
63.0073367082
63.006912003
63.0000000001
62.9938645371
62.9942192352
62.9999999999
63.0051320144
63.0048356017
63.0000000001
62.9957066681
62.9959544796
62.9999999999
63.0035920908
63.0033848493
63.0
62.9969943907
62.9971677407
63.0
63.0025150139
63.0023699917
63.0
62.9978954263
62.9980167625
63.0
63.0017611608
63.0016596346
63.0
62.9985261895
62.9986111442
63.0
63.0012333597
63.0011622691
63.0
62.9989678528
62.9990273433
63.0
63.0008637662
63.0008139821
63.0
62.9992771425
62.9993188044
63.0
63.0006049374
63.0005700723
63.0
62.9994937452
62.9995229226
63.0
63.0004236707
63.0003992531
63.0
62.9996454412
62.9996658756
63.0
63.000296721
63.0002796201
63.0
62.9997516818
62.999765993
63.0
63.0002078113
63.0001958345
63.0
62.9998260879
62.999836111
63.0
63.0001455427
63.0001371547
63.0
62.9998781989
62.9998852186
63.0
63.0001019323
63.0000960577
63.0
62.9999146954
62.9999196117
63.0
63.0000713894
63.000067275
63.0
62.999940256
62.9999436992
63.0
63.0000499983
63.0000471168
63.0
62.9999581576
62.9999605691
63.0
63.0000350169
63.0000329988
63.0
62.9999706952
62.9999723841
63.0
63.0000245245
63.0000231111
63.0
62.999979476
62.9999806589
63.0
63.000017176
63.0000161862
63.0
62.9999856257
62.9999864541
63.0
63.0000120295
63.0000113363
63.0
62.9999899327
62.9999905129
63.0
63.0000084251
63.0000079396
63.0
62.9999929491
62.9999933554
63.0
63.0000059008
63.0000055608
63.0
62.9999950616
62.9999953461
63.0
63.000004133
63.0000038949
63.0
62.999996541
62.9999967403
63.0
63.000002895
63.0000027283
63.0
62.999997577
62.9999977165
63.0
63.0000020281
63.0000019114
63.0
62.9999983023
62.9999984
63.0
63.0000014213
63.0000013395
63.0
62.99999881
62.9999988783
63.0
63.0000009966
63.0000009394
63.0
62.9999991651
62.9999992129
63.0
63.0000006997
63.0000006598
63.0
62.9999994132
62.9999994466
63.0
63.0000004925
63.0000004647
63.0
62.9999995861
62.9999996093
63.0
63.0000003484
63.0000003291
63.0
62.999999706
62.999999722
63.0
63.000000249
63.0000002358
63.0
62.9999997881
62.999999799
63.0
63.0000001815
63.0000001727
63.0
62.9999998431
62.9999998502
63.0
63.0000001373
63.0000001317
63.0
62.999999878
62.9999998822
63.0
63.0000001106
63.0000001076
63.0
62.9999998972
62.9999998991
63.0
63.0000000982
63.0000000974
63.0
62.9999999033
62.9999999031
63.0
63.0000000983
63.0000000995
63.0
62.9999998969
62.9999998946
63.0
63.0000001111
63.0000001145
63.0
62.9999998774
62.9999998727
63.0
63.0000001381
63.0000001441
63.0
62.9999998421
62.9999998344
63.0
63.0000001827
63.0000001923
63.0
62.9999997866
62.9999997749
63.0
63.0000002508
63.000000265
63.0
62.9999997037
62.9999996866
63.0
63.0000003511
63.0000003718
63.0
62.9999995829
62.9999995581
63.0
63.0000004964
63.0000005262
63.0
62.9999994086
62.9999993729
63.0
63.0000007053
63.000000748
63.0
62.9999991584
62.9999991073
63.0
63.0000010046
63.0000010658
63.0
62.9999988004
62.9999987273
63.0
63.0000014327
63.0000015201
63.0
62.9999982886
62.9999981841
63.0
63.0000020445
63.0000021694
63.0
62.9999975574
62.9999974081
63.0
63.0000029184
63.0000030968
63.0
62.9999965131
62.9999962999
63.0
63.0000041664
63.0000044211
63.0
62.9999950217
62.9999947173
63.0
63.0000059485
63.0000063122
63.0
62.9999928922
62.9999924575
63.0
63.0000084932
63.0000090126
63.0
62.9999898514
62.9999892308
63.0
63.0000121267
63.0000128683
63.0
62.9999855096
62.9999846234
63.0
63.0000173148
63.0000183738
63.0
62.9999793101
62.9999780448
63.0
63.0000247228
63.0000262348
63.0
62.9999704581
62.9999686513
63.0
63.0000353005
63.0000374595
63.0
62.9999578183
62.9999552384
63.0
63.0000504045
63.0000534874
63.0
62.9999397693
62.9999360852
63.0
63.000071973
63.0000763756
63.0
62.9999139943
62.9999087328
63.0
63.0001027763
63.0001090646
63.0
62.9998771798
62.9998696637
63.0
63.0001467786
63.0001557633
63.0
62.9998245801
62.999813838
63.0
63.000209666
63.0002225122
63.0
62.9997493752
62.9997340073
63.0
63.0002996313
63.0003180249
63.0
62.9996417005
62.9996196701
63.0
63.0004285901
63.0004550028
63.0
62.9994870989
62.9994553872
63.0
63.0006141924
63.0006523433
63.0
62.9992638363
62.9992178067
63.0
63.0008835164
63.0009392787
63.0
62.9989376434
62.9988697005
63.0
63.0012808326
63.0013642912
63.0
62.9984498123
62.9983461237
63.0
63.001886555
63.0020174287
63.0
62.997685856
62.9975170325
63.0
63.0028711456
63.0030954898
63.0
62.9963787473
62.9960684419
63.0
63.0046775916
63.0051303464
63.0
62.9937434887
62.9930344055
63.0
63.0088112137
63.0100315594
62.9999999999
62.9865901663
62.9842026491
63.0
63.0230093638
63.0286153144
63.0
62.9520366622
62.9345875933
63.0
63.1414792458
63.2317931467
