-2.8599404995
-1.7200953835
-0.692377102654
2.42721398536e-11
0.271312402402
0.204907935165
-8.79936123965e-11
-0.142113317085
-0.126567152455
1.90539140021e-10
0.110020119769
0.106285095837
-3.2332536648e-10
-0.104734118033
-0.106373479511
4.76120476378e-10
0.114100684006
0.120340001048
-6.38465280645e-10
-0.138777526898
-0.151935070851
7.94443621999e-10
0.190790604562
0.220183059927
-9.27684595808e-10
-0.320477965935
-0.414159839115
1.01226760307e-09
0.932597767279
2.0787815761
2.99999999897
3.40282301871
3.30919716803
3.00000000099
2.79083994778
2.81997598284
2.9999999991
3.14217436602
3.12992963608
3.0000000008
2.88512246668
2.8883413287
2.99999999929
3.11543712662
3.12470216804
3.00000000065
2.82588138649
2.76686020436
2.99999999938
3.64184770938
4.69007106773
6.00000000064
7.31785593644
8.37407833425
8.99999999932
9.2006968562
9.13299105268
9.00000000072
8.93514648524
8.95470099572
8.99999999924
9.0182271588
9.00795648479
9.0000000008
9.0095060232
9.01746805825
8.99999999915
8.96684871643
8.95871168539
9.00000000092
9.05919892118
9.06947516685
8.99999999901
8.90554786219
8.88973335591
9.00000000106
9.15348206787
9.18465559891
8.99999999888
8.71213798881
8.61727969264
9.00000000112
9.90304880391
11.0499817597
11.9999999989
12.4304272151
12.3363136713
12.0000000009
11.7646133663
11.7942282197
11.9999999992
12.1665993041
12.1533179207
12.0000000006
11.8654004022
11.8718580101
11.9999999996
12.1195739189
12.1171459006
12.0000000001
11.8843633685
11.8834517924
12.0000000001
12.1220329287
12.1269089051
11.9999999997
11.8576539856
11.8460880878
12.0000000004
12.1894615383
12.217150984
11.9999999994
11.686049707
11.5941599504
12.0000000006
12.920604017
14.0649069161
14.9999999994
15.4205340654
15.3288503637
15.0000000005
14.7673240732
14.7945912744
14.9999999997
15.1709349782
15.1600288242
15.0000000001
14.8538259387
14.857769799
15.0000000001
15.138920784
15.1392666368
14.9999999996
14.8563260751
14.8522360686
15.0000000007
15.1601483194
15.1687934251
14.999999999
14.8074491368
14.7912619418
15.0000000012
15.2546729956
15.2882397082
14.9999999985
14.6014603941
14.5017418953
15.0000000017
16.031569082
17.1870206779
17.9999999981
18.2706881286
18.1613231378
18.000000002
17.9827815575
18.0440858375
17.9999999979
17.8114231869
17.7016695657
18.000000002
18.8418018386
19.9980523992
20.9999999981
21.4665952863
21.36562087
21.0000000018
20.7477049444
20.7830637316
20.9999999984
21.1667891128
21.1481464918
21.0000000014
20.881333122
20.8933029229
20.9999999988
21.086545986
21.0779129772
21.0000000011
20.937245124
20.9439912707
20.999999999
21.043768941
21.038147707
21.0000000009
20.9723551495
20.9773230266
20.9999999992
21.0131191571
21.0084600418
21.0000000008
21.000785099
21.0054382981
20.9999999992
20.9850151022
20.9800417712
21.0000000008
21.0305405599
21.0362654338
20.9999999991
20.9510420717
20.9438727828
21.0000000009
21.0728271398
21.0827779138
20.999999999
20.8924693643
20.8765876058
21.0000000011
21.1670671265
21.1985998951
20.9999999988
20.6972126484
20.6017343971
21.0000000013
21.9200978221
23.0679199022
23.9999999987
24.4104149111
24.3151044914
24.0000000012
23.7885746443
23.8197644816
23.9999999989
24.1374524674
24.1221036822
24.0000000009
23.9013758187
23.9105800876
23.9999999992
24.0744513413
24.0682755999
24.0000000007
23.942148675
23.9465870888
23.9999999994
24.0457424402
24.0424104089
24.0000000005
23.9634364791
23.966009569
23.9999999996
24.0294300334
24.0274059504
24.0000000003
23.9762050593
23.9778167755
23.9999999997
24.0192953762
24.0180016468
24.0000000002
23.9843231147
23.9853671461
23.9999999998
24.012753203
24.0119076912
24.0000000001
23.9896164792
23.9903028291
23.9999999999
24.0084588733
24.0079008541
24.0000000001
23.9931064754
23.9935606293
23.9999999999
24.0056192326
24.0052493565
24.0000000001
23.995418753
23.995720129
23.9999999999
24.0037354041
24.0034897674
24.0
23.9969540493
23.9971542963
24.0
24.0024838708
24.0023206042
24.0
23.9979744218
23.9981075493
24.0
24.0016518791
24.0015433206
24.0
23.9986528572
23.9987413845
24.0
24.0010986341
24.00102644
24.0
23.9991040263
23.9991629018
24.0
24.0007307002
24.0006826857
24.0
23.9994040849
23.9994432422
24.0
24.0004859934
24.0004540592
24.0
23.9996036518
23.9996296954
24.0
24.000323239
24.0003019994
24.0
23.9997363846
23.9997537063
24.0
24.0002149899
24.0002008633
24.0
23.9998246663
23.9998361872
24.0
24.0001429924
24.0001335966
24.0
23.9998833834
23.9998910461
24.0
24.000095106
24.0000888567
24.0
23.9999224369
23.9999275334
24.0
24.0000632562
24.0000590997
24.0
23.9999484118
23.9999518016
24.0
24.0000420725
24.000039308
24.0
23.999965688
23.9999679426
24.0
24.0000279829
24.0000261442
24.0
23.9999771787
23.9999786782
24.0
24.0000186118
24.0000173888
24.0
23.9999848213
23.9999858186
24.0
24.0000123789
24.0000115655
24.0
23.9999899044
23.9999905678
24.0
24.0000082334
24.0000076924
24.0
23.9999932853
23.9999937265
24.0
24.0000054761
24.0000051163
24.0
23.999995534
23.9999958274
24.0
24.0000036422
24.0000034029
24.0
23.9999970296
23.9999972248
24.0
24.0000024225
24.0000022633
24.0
23.9999980243
23.9999981542
24.0
24.0000016112
24.0000015054
24.0
23.999998686
23.9999987723
24.0
24.0000010716
24.0000010012
24.0
23.999999126
23.9999991834
24.0
24.0000007128
24.0000006659
24.0
23.9999994187
23.9999994569
24.0
24.0000004741
24.0000004429
24.0
23.9999996134
23.9999996388
24.0
24.0000003153
24.0000002946
24.0
23.9999997428
23.9999997597
24.0
24.0000002097
24.0000001959
24.0
23.999999829
23.9999998402
24.0
24.0000001395
24.0000001303
24.0
23.9999998862
23.9999998937
24.0
24.0000000928
24.0000000867
24.0
23.9999999243
23.9999999293
24.0
24.0000000617
24.0000000576
24.0
23.9999999497
23.999999953
24.0
24.000000041
24.0000000383
24.0
23.9999999665
23.9999999687
24.0
24.0000000273
24.0000000255
24.0
23.9999999777
23.9999999792
24.0
24.0000000182
24.000000017
24.0
23.9999999852
23.9999999862
24.0
24.0000000121
24.0000000113
24.0
23.9999999901
23.9999999908
24.0
24.000000008
24.0000000075
24.0
23.9999999934
23.9999999939
24.0
24.0000000053
24.000000005
24.0
23.9999999956
23.9999999959
24.0
24.0000000035
24.0000000033
24.0
23.9999999971
23.9999999973
24.0
24.0000000024
24.0000000022
24.0
23.9999999981
23.9999999982
24.0
24.0000000016
24.0000000015
24.0
23.9999999987
23.9999999988
24.0
24.000000001
24.000000001
24.0
23.9999999991
23.9999999992
24.0
24.0000000007
24.0000000006
24.0
23.9999999994
23.9999999995
24.0
24.0000000005
24.0000000004
24.0
23.9999999996
23.9999999996
24.0
24.0000000003
24.0000000003
24.0
23.9999999997
23.9999999998
24.0
24.0000000002
24.0000000002
24.0
23.9999999998
23.9999999998
24.0
24.0000000001
24.0000000001
24.0
23.9999999999
23.9999999999
24.0
24.0000000001
24.0000000001
24.0
23.9999999999
23.9999999999
24.0
24.0000000001
24.0000000001
24.0
23.9999999999
24.0
24.0
24.0
24.0
24.0
24.0
24.0
24.0
24.0
24.0
24.0
24.0
24.0
24.0
24.0
24.0
24.0
24.0
24.0
24.0
24.0
24.0
24.0
24.0
24.0
24.0
24.0
24.0
24.0
24.0
24.0
24.0
24.0
24.0
24.0
24.0
24.0
24.0
24.0
24.0
24.0
24.0
24.0
24.0
24.0
24.0
24.0
24.0
24.0
24.0
24.0
24.0
24.0
24.0
24.0
24.0
24.0
24.0
24.0
24.0
24.0
24.0
24.0
24.0
24.0
24.0
24.0
24.0
24.0
24.0
24.0
24.0
24.0
24.0
24.0
24.0
24.0
24.0
24.0
24.0
24.0
24.0
24.0
24.0
24.0
24.0
24.0
24.0
24.0
24.0
24.0
24.0
24.0
24.0
24.0
24.0
24.0
24.0
24.0
24.0
24.0
24.0
24.0
24.0
24.0
24.0
24.0
24.0
24.0
24.0
24.0
24.0
24.0
24.0
24.0
24.0
24.0
24.0
24.0
24.0
24.0
24.0
24.0
24.0
24.0
24.0
24.0
24.0
24.0
24.0
24.0
24.0
24.0
24.0
24.0
24.0
24.0
24.0
24.0
24.0
24.0
24.0
24.0
24.0
24.0
24.0
24.0
24.0
24.0
24.0
24.0
24.0
23.9999999999
23.9999999999
24.0
24.0000000001
24.0000000001
24.0
23.9999999999
23.9999999999
24.0
24.0000000001
24.0000000001
24.0
23.9999999999
23.9999999999
24.0
24.0000000002
24.0000000002
24.0
23.9999999998
23.9999999998
24.0
24.0000000002
24.0000000003
24.0
23.9999999997
23.9999999997
24.0
24.0000000004
24.0000000004
24.0
23.9999999995
23.9999999995
24.0
24.0000000005
24.0000000006
24.0
23.9999999993
23.9999999993
24.0
24.0000000008
24.0000000009
24.0
23.999999999
23.9999999989
24.0
24.0000000012
24.0000000013
24.0
23.9999999985
23.9999999984
24.0
24.0000000019
24.000000002
24.0
23.9999999977
23.9999999975
24.0
24.0000000028
24.000000003
24.0
23.9999999966
23.9999999963
24.0
24.0000000042
24.0000000045
24.0
23.9999999948
23.9999999945
24.0
24.0000000064
24.0000000068
24.0
23.9999999922
23.9999999917
24.0
24.0000000095
24.0000000102
24.0
23.9999999883
23.9999999875
24.0
24.0000000144
24.0000000154
24.0
23.9999999824
23.9999999811
24.0
24.0000000216
24.0000000231
24.0
23.9999999735
23.9999999717
24.0
24.0000000325
24.0000000347
24.0
23.9999999602
23.9999999574
24.0
24.0000000488
24.0000000522
24.0
23.9999999401
23.9999999359
24.0
24.0000000734
24.0000000785
24.0
23.99999991
23.9999999037
24.0
24.0000001103
24.0000001181
24.0
23.9999998647
23.9999998552
24.0
24.0000001659
24.0000001776
24.0
23.9999997966
23.9999997823
24.0
24.0000002494
24.000000267
24.0
23.9999996942
23.9999996726
24.0
24.000000375
24.0000004014
24.0
23.9999995402
23.9999995078
24.0
24.0000005638
24.0000006035
24.0
23.9999993086
23.99999926
24.0
24.0000008477
24.0000009073
24.0
23.9999989605
23.9999988874
24.0
24.0000012746
24.0000013642
24.0
23.9999984372
23.9999983273
24.0
24.0000019163
24.0000020511
24.0
23.9999976503
23.999997485
24.0
24.0000028812
24.0000030838
24.0
23.9999964672
23.9999962187
24.0
24.0000043319
24.0000046365
24.0
23.9999946884
23.9999943148
24.0
24.000006513
24.000006971
24.0
23.9999920139
23.9999914523
24.0
24.0000097923
24.000010481
24.0
23.9999879929
23.9999871484
24.0
24.0000147228
24.0000157583
24.0
23.9999819472
23.9999806776
24.0
24.0000221359
24.0000236928
24.0
23.9999728573
23.9999709484
24.0
24.0000332819
24.0000356226
24.0
23.9999591902
23.9999563199
24.0
24.0000500407
24.0000535603
24.0
23.99993864
23.999934324
24.0
24.0000752406
24.0000805334
24.0
23.9999077372
23.9999012463
24.0
24.0001131389
24.0001210999
24.0
23.9998612561
23.999851491
24.0
24.0001701534
24.0001821337
24.0
23.9997913085
23.9997766063
24.0
24.0002559914
24.0002740413
24.0
23.999685927
23.9996637533
24.0
24.0003854456
24.0004127108
24.0
23.9995267538
23.9994931807
24.0
24.0005814323
24.00062286
24.0
23.9992849368
23.9992336552
24.0
24.0008807281
24.0009445074
24.0
23.9989127708
23.9988328892
24.0
24.001346728
24.0014478227
24.0
23.9983232415
23.9981933285
24.0
24.0021039416
24.0022746527
24.0
23.9973288013
23.9970971556
24.0
24.0034526286
24.0037816416
24.0
23.9954134566
23.9949152826
24.0
24.0063561369
24.0071805209
24.0
23.9905871645
23.9890428711
24.0
24.0155101593
24.0189687481
24.0
23.9694118388
23.9591914081
24.0
24.0840166235
24.133949478
