4.02296779948
4.06562130643
4.10811180392
4.15043991494
4.19260626006
4.23461145752
4.27645612318
4.31814087054
4.35966631077
4.40103305269
4.4422417028
4.48329286528
4.524187142
4.56492513254
4.60550743418
4.64593464192
4.68620734847
4.72632614431
4.76629161763
4.80610435438
4.84576493828
4.88527395083
4.92463197127
4.96383957666
5.00289734183
5.04180583945
5.08056563996
5.11917731164
5.1576414206
5.19595853078
5.23412920397
5.2721539998
5.31003347578
5.34776818729
5.38535868756
5.42280552773
5.46010925683
5.49727042179
5.53428956745
5.57116723656
5.60790396981
5.64450030582
5.68095678113
5.71727393027
5.75345228569
5.78949237782
5.82539473508
5.86115988383
5.89678834845
5.93228065131
5.96763731278
6.00285885124
6.0379457831
6.07289862277
6.10771788273
6.14240407348
6.17695770357
6.2113792796
6.24566930625
6.27982828627
6.31385672048
6.34775510777
6.38152394517
6.41516372777
6.44867494878
6.48205809952
6.51531366945
6.54844214613
6.5814440153
6.61431976079
6.64706986462
6.67969480697
6.71219506615
6.74457111867
6.77682343921
6.80895250065
6.84095877404
6.87284272864
6.90460483193
6.93624554957
6.96776534548
6.99916468178
7.03044401883
7.06160381524
7.09264452785
7.12356661177
7.15437052037
7.18505670527
7.21562561639
7.2460777019
7.27641340829
7.30663318032
7.33673746105
7.36672669187
7.39660131247
7.42636176083
7.45600847332
7.48554188457
7.51496242762
7.54427053379
7.5734666328
7.6025511527
7.63152451991
7.66038715924
7.68913949385
7.71778194529
7.7463149335
7.77473887683
7.803054192
7.83126129418
7.85936059691
7.88735251217
7.91523745037
7.94301582034
7.97068802936
7.99825448314
8.02571558585
8.05307174011
8.080323347
8.10747080608
8.13451451536
8.16145487136
8.18829226904
8.2150271019
8.24165976191
8.26819063954
8.29462012377
8.3209486021
8.34717646054
8.37330408365
8.39933185447
8.42526015464
8.45108936428
8.4768198621
8.50245202535
8.52798622983
8.55342284991
8.57876225854
8.60400482722
8.62915092605
8.65420092371
8.67915518747
8.7040140832
8.72877797538
8.75344722706
8.77802219995
8.80250325435
8.82689074919
8.85118504203
8.87538648905
8.8994954451
8.92351226363
8.94743729678
8.97127089533
8.99501340871
9.01866518501
9.04222657102
9.06569791218
9.08907955261
9.11237183512
9.13557510122
9.1586896911
9.18171594366
9.20465419648
9.2275047859
9.25026804692
9.27294431329
9.29553391749
9.3180371907
9.34045446287
9.36278606265
9.38503231748
9.40719355351
9.42927009565
9.4512622676
9.47317039177
9.49499478939
9.51673578042
9.53839368363
9.55996881656
9.58146149552
9.60287203563
9.6242007508
9.64544795375
9.666613956
9.68769906785
9.70870359847
9.7296278558
9.75047214663
9.77123677656
9.79192205004
9.81252827035
9.83305573959
9.85350475875
9.87387562762
9.89416864489
9.91438410807
9.93452231355
9.95458355659
9.97456813133
9.99447633075
10.0143084468
10.0340647701
10.0537455905
10.0733511964
10.0928818753
10.1123379136
10.1317195964
10.1510272081
10.1702610316
10.189421349
10.2085084411
10.2275225878
10.2464640679
10.2653331592
10.2841301382
10.3028552805
10.3215088607
10.3400911523
10.3586024277
10.3770429583
10.3954130145
10.4137128656
10.43194278
10.4501030248
10.4681938664
10.48621557
10.5041683999
10.5220526191
10.5398684901
10.5576162738
10.5752962307
10.5929086198
10.6104536994
10.6279317268
10.6453429582
10.6626876488
10.679966053
10.6971784242
10.7143250145
10.7314060756
10.7484218577
10.7653726104
10.7822585822
10.7990800206
10.8158371723
10.8325302831
10.8491595975
10.8657253595
10.8822278119
10.8986671966
10.9150437548
10.9313577264
10.9476093507
10.963798866
10.9799265096
10.995992518
11.0119971267
11.0279405704
11.0438230829
11.0596448969
11.0754062445
11.0911073567
11.1067484638
11.1223297951
11.1378515791
11.1533140432
11.1687174142
11.1840619179
11.1993477794
11.2145752227
11.2297444711
11.244855747
11.2599092719
11.2749052665
11.2898439508
11.3047255437
11.3195502635
11.3343183274
11.349029952
11.363685353
11.3782847453
11.3928283429
11.407316359
11.4217490061
11.4361264958
11.4504490388
11.4647168452
11.4789301241
11.493089084
11.5071939324
11.5212448761
11.5352421211
11.5491858726
11.5630763352
11.5769137124
11.5906982071
11.6044300215
11.6181093567
11.6317364135
11.6453113916
11.65883449
11.6723059071
11.6857258402
11.6990944862
11.7124120411
11.7256787001
11.7388946578
11.7520601078
11.7651752433
11.7782402565
11.791255339
11.8042206815
11.8171364743
11.8300029066
11.8428201671
11.8555884437
11.8683079236
11.8809787933
11.8936012386
11.9061754445
11.9187015954
11.931179875
11.9436104661
11.9559935512
11.9683293116
11.9806179283
11.9928595814
12.0050544504
12.0172027142
12.0293045507
12.0413601376
12.0533696514
12.0653332683
12.0772511638
12.0891235124
12.1009504883
12.112732265
12.124469015
12.1361609106
12.1478081231
12.1594108233
12.1709691813
12.1824833666
12.193953548
12.2053798936
12.2167625711
12.2281017472
12.2393975882
12.2506502598
12.2618599269
12.2730267538
12.2841509044
12.2952325416
12.306271828
12.3172689255
12.3282239951
12.3391371977
12.3500086931
12.3608386408
12.3716271995
12.3823745275
12.3930807822
12.4037461208
12.4143706994
12.424954674
12.4354981997
12.446001431
12.456464522
12.4668876261
12.4772708961
12.4876144842
12.497918542
12.5081832207
12.5184086708
12.5285950421
12.5387424841
12.5488511454
12.5589211743
12.5689527185
12.578945925
12.5889009403
12.5988179104
12.6086969807
12.618538296
12.6283420007
12.6381082384
12.6478371523
12.6575288852
12.667183579
12.6768013753
12.6863824152
12.6959268391
12.705434787
12.7149063982
12.7243418116
12.7337411656
12.743104598
12.752432246
12.7617242464
12.7709807355
12.7802018489
12.7893877219
12.7985384891
12.8076542847
12.8167352423
12.8257814951
12.8347931758
12.8437704164
12.8527133485
12.8616221034
12.8704968115
12.8793376031
12.8881446077
12.8969179544
12.9056577719
12.9143641884
12.9230373314
12.9316773282
12.9402843054
12.9488583892
12.9573997053
12.9659083789
12.9743845348
12.9828282973
12.9912397902
12.9996191368
13.0079664599
13.0162818819
13.0245655248
13.0328175099
13.0410379584
13.0492269906
13.0573847268
13.0655112864
13.0736067886
13.0816713521
13.0897050952
13.0977081357
13.1056805908
13.1136225774
13.1215342121
13.1294156108
13.1372668891
13.145088162
13.1528795442
13.1606411501
13.1683730933
13.1760754872
13.1837484448
13.1913920786
13.1990065005
13.2065918224
13.2141481553
13.2216756101
13.2291742971
13.2366443263
13.2440858072
13.2514988489
13.25888356
13.266240049
13.2735684235
13.2808687911
13.2881412588
13.2953859332
13.3026029205
13.3097923266
13.3169542568
13.3240888162
13.3311961093
13.3382762405
13.3453293133
13.3523554314
13.3593546977
13.3663272148
13.3732730849
13.3801924099
13.3870852912
13.3939518299
13.4007921267
13.4076062818
13.4143943952
13.4211565664
13.4278928945
13.4346034782
13.4412884161
13.447947806
13.4545817457
13.4611903323
13.4677736629
13.4743318338
13.4808649413
13.4873730811
13.4938563487
13.5003148391
13.5067486469
13.5131578667
13.5195425922
13.5259029172
13.5322389348
13.5385507379
13.5448384192
13.5511020708
13.5573417844
13.5635576517
13.5697497637
13.5759182113
13.5820630848
13.5881844744
13.5942824698
13.6003571604
13.6064086352
13.6124369831
13.6184422924
13.624424651
13.6303841469
13.6363208672
13.6422348991
13.6481263293
13.6539952441
13.6598417296
13.6656658716
13.6714677553
13.6772474659
13.6830050881
13.6887407063
13.6944544047
13.7001462669
13.7058163764
13.7114648165
13.7170916698
13.7226970189
13.7282809459
13.7338435328
13.7393848611
13.744905012
13.7504040665
13.7558821052
13.7613392084
13.7667754561
13.772190928
13.7775857036
13.7829598618
13.7883134816
13.7936466414
13.7989594194
13.8042518934
13.8095241412
13.8147762399
13.8200082666
13.825220298
13.8304124106
13.8355846803
13.8407371832
13.8458699946
13.8509831899
13.8560768441
13.8611510317
13.8662058273
13.8712413049
13.8762575384
13.8812546012
13.8862325667
13.8911915079
13.8961314974
13.9010526077
13.9059549109
13.9108384789
13.9157033833
13.9205496955
13.9253774864
13.9301868269
13.9349777875
13.9397504384
13.9445048496
13.9492410909
13.9539592315
13.9586593408
13.9633414876
13.9680057406
13.9726521682
13.9772808384
13.9818918192
13.9864851782
13.9910609827
13.9956192997
14.0001601962
14.0046837386
14.0091899934
14.0136790266
14.018150904
14.0226056911
14.0270434534
14.0314642557
14.0358681631
14.04025524
14.0446255507
14.0489791593
14.0533161297
14.0576365255
14.0619404099
14.0662278462
14.070498897
14.0747536252
14.078992093
14.0832143626
14.0874204959
14.0916105545
14.0957846
14.0999426934
14.1040848958
14.108211268
14.1123218702
14.116416763
14.1204960063
14.1245596598
14.1286077832
14.1326404359
14.1366576769
14.1406595652
14.1446461595
14.1486175181
14.1525736993
14.1565147611
14.1604407613
14.1643517575
14.1682478069
14.1721289668
14.175995294
14.1798468452
14.1836836769
14.1875058454
14.1913134065
14.1951064163
14.1988849303
14.2026490039
14.2063986923
14.2101340505
14.2138551331
14.2175619949
14.2212546901
14.2249332729
14.2285977972
14.2322483168
14.2358848851
14.2395075555
14.2431163811
14.2467114148
14.2502927093
14.2538603171
14.2574142906
14.2609546817
14.2644815426
14.2679949247
14.2714948798
14.274981459
14.2784547135
14.2819146943
14.2853614519
14.2887950371
14.2922155001
14.295622891
14.2990172599
14.3023986565
14.3057671304
14.3091227309
14.3124655072
14.3157955085
14.3191127834
14.3224173807
14.3257093487
14.3289887358
14.33225559
14.3355099593
14.3387518912
14.3419814334
14.3451986333
14.3484035379
14.3515961943
14.3547766493
14.3579449495
14.3611011414
14.3642452712
14.3673773851
14.3704975289
14.3736057484
14.3767020892
14.3797865967
14.3828593161
14.3859202924
14.3889695705
14.3920071952
14.395033211
14.3980476621
14.401050593
14.4040420474
14.4070220695
14.4099907027
14.4129479906
14.4158939767
14.418828704
14.4217522156
14.4246645545
14.4275657632
14.4304558843
14.4333349602
14.4362030331
14.439060145
14.4419063379
14.4447416535
14.4475661333
14.4503798187
14.4531827511
14.4559749714
14.4587565207
14.4615274397
14.464287769
14.4670375492
14.4697768205
14.472505623
14.4752239969
14.4779319819
14.4806296178
14.4833169441
14.4859940002
14.4886608254
14.4913174587
14.4939639392
14.4966003055
14.4992265964
14.5018428504
14.5044491059
14.5070454009
14.5096317737
14.5122082621
14.5147749038
14.5173317367
14.519878798
14.5224161252
14.5249437555
14.5274617259
14.5299700733
14.5324688345
14.5349580462
14.5374377449
14.5399079668
14.5423687483
14.5448201254
14.547262134
14.5496948099
14.5521181889
14.5545323064
14.5569371979
14.5593328985
14.5617194435
14.5640968677
14.5664652062
14.5688244935
14.5711747643
14.5735160531
14.5758483941
14.5781718216
14.5804863696
14.582792072
14.5850889628
14.5873770754
14.5896564436
14.5919271007
14.59418908
14.5964424146
14.5986871377
14.600923282
14.6031508805
14.6053699657
14.6075805702
14.6097827264
14.6119764666
14.614161823
14.6163388275
14.6185075122
14.6206679088
14.6228200489
14.6249639642
14.6270996861
14.6292272459
14.6313466747
14.6334580037
14.6355612638
14.6376564858
14.6397437005
14.6418229385
14.6438942302
14.645957606
14.6480130962
14.6500607309
14.6521005402
14.6541325538
14.6561568017
14.6581733135
14.6601821188
14.662183247
14.6641767275
14.6661625894
14.668140862
14.6701115741
14.6720747548
14.6740304328
14.6759786367
14.6779193951
14.6798527365
14.6817786893
14.6836972816
14.6856085416
14.6875124973
14.6894091766
14.6912986074
14.6931808173
14.695055834
14.6969236848
14.6987843973
14.7006379987
14.7024845161
14.7043239767
14.7061564074
14.7079818351
14.7098002865
14.7116117883
14.7134163671
14.7152140493
14.7170048612
14.7187888292
14.7205659794
14.7223363378
14.7240999304
14.7258567831
14.7276069216
14.7293503716
14.7310871586
14.732817308
14.7345408454
14.7362577959
14.7379681847
14.7396720369
14.7413693775
14.7430602313
14.7447446231
14.7464225777
14.7480941196
14.7497592734
14.7514180634
14.7530705141
14.7547166495
14.7563564938
14.7579900712
14.7596174055
14.7612385206
14.7628534402
14.7644621881
14.7660647878
14.7676612629
14.7692516366
14.7708359324
14.7724141735
14.7739863831
14.775552584
14.7771127994
14.7786670521
14.780215365
14.7817577606
14.7832942616
14.7848248905
14.7863496698
14.7878686219
14.7893817689
14.7908891331
14.7923907367
14.7938866015
14.7953767495
14.7968612027
14.7983399827
14.7998131112
14.8012806098
14.8027425001
14.8041988034
14.8056495412
14.8070947347
14.8085344051
14.8099685734
14.8113972608
14.8128204882
14.8142382763
14.8156506461
14.8170576183
14.8184592133
14.8198554519
14.8212463545
14.8226319414
14.8240122331
14.8253872496
14.8267570112
14.828121538
14.82948085
14.830834967
14.832183909
14.8335276958
14.834866347
14.8361998822
14.8375283211
14.838851683
14.8401699874
14.8414832537
14.842791501
14.8440947486
14.8453930155
14.8466863208
14.8479746835
14.8492581225
14.8505366565
14.8518103043
14.8530790846
14.854343016
14.855602117
14.856856406
14.8581059016
14.8593506219
14.8605905853
14.8618258099
14.8630563138
14.864282115
14.8655032317
14.8667196815
14.8679314825
14.8691386522
14.8703412086
14.8715391691
14.8727325513
14.8739213728
14.8751056509
14.8762854031
14.8774606466
14.8786313987
14.8797976764
14.880959497
14.8821168775
14.8832698348
14.8844183858
14.8855625473
14.8867023363
14.8878377692
14.8889688629
14.8900956338
14.8912180986
14.8923362736
14.8934501753
14.89455982
14.8956652239
14.8967664033
14.8978633743
14.898956153
14.9000447554
14.9011291974
14.9022094951
14.9032856642
14.9043577204
14.9054256796
14.9064895573
14.9075493692
14.9086051308
14.9096568576
14.9107045649
14.9117482683
14.9127879829
14.913823724
14.9148555068
14.9158833465
14.916907258
14.9179272564
14.9189433567
14.9199555738
14.9209639224
14.9219684174
14.9229690736
14.9239659055
14.9249589278
14.9259481551
14.9269336018
14.9279152824
14.9288932113
14.9298674029
14.9308378714
14.931804631
14.9327676959
14.9337270803
14.9346827982
14.9356348637
14.9365832906
14.9375280928
14.9384692844
14.9394068789
14.9403408903
14.9412713321
14.942198218
14.9431215617
14.9440413766
14.9449576762
14.945870474
14.9467797833
14.9476856175
14.9485879899
14.9494869137
14.950382402
14.9512744681
14.9521631249
14.9530483855
14.9539302629
14.9548087701
14.9556839198
14.956555725
14.9574241983
14.9582893527
14.9591512006
14.9600097548
14.9608650279
14.9617170324
14.9625657807
14.9634112854
14.9642535588
14.9650926132
14.9659284611
14.9667611145
14.9675905858
14.9684168871
14.9692400306
14.9700600282
14.970876892
14.971690634
14.9725012661
14.9733088002
14.9741132481
14.9749146217
14.9757129326
14.9765081926
14.9773004134
14.9780896065
14.9788757836
14.9796589561
14.9804391356
14.9812163334
14.981990561
14.9827618298
14.9835301509
14.9842955358
14.9850579956
14.9858175415
14.9865741846
14.987327936
14.9880788068
14.9888268081
14.9895719506
14.9903142455
14.9910537035
14.9917903355
14.9925241523
14.9932551647
14.9939833833
14.9947088189
14.9954314821
14.9961513835
14.9968685337
14.9975829431
14.9982946222
14.9990035815
14.9997098313
15.0004133821
15.0011142441
15.0018124276
15.0025079429
15.0032008001
15.0038910094
15.0045785809
15.0052635247
15.0059458508
15.0066255693
15.0073026901
15.0079772232
15.0086491784
15.0093185655
15.0099853945
15.010649675
15.0113114168
15.0119706297
15.0126273232
15.013281507
15.0139331907
15.0145823839
15.0152290961
15.0158733367
15.0165151152
15.017154441
15.0177913235
15.018425772
15.0190577958
15.0196874042
15.0203146064
15.0209394116
15.0215618291
15.0221818678
15.0227995369
15.0234148454
15.0240278024
15.0246384169
15.0252466978
15.025852654
15.0264562944
15.0270576279
15.0276566632
15.0282534092
15.0288478746
15.0294400682
15.0300299985
15.0306176743
15.0312031042
15.0317862967
15.0323672604
15.0329460039
15.0335225356
15.0340968639
15.0346689973
15.0352389442
15.0358067129
15.0363723117
15.036935749
15.037497033
15.038056172
15.0386131741
15.0391680474
15.0397208002
15.0402714406
15.0408199765
15.0413664161
15.0419107674
15.0424530383
15.0429932368
15.0435313708
15.0440674483
15.044601477
15.0451334648
15.0456634194
15.0461913488
15.0467172606
15.0472411624
15.0477630621
15.0482829672
15.0488008854
15.0493168243
15.0498307914
15.0503427942
15.0508528404
15.0513609372
15.0518670923
15.052371313
15.0528736067
15.0533739808
15.0538724426
15.0543689994
15.0548636586
15.0553564272
15.0558473127
15.0563363221
15.0568234627
15.0573087416
15.0577921659
15.0582737426
15.058753479
15.0592313819
15.0597074584
15.0601817154
15.06065416
15.0611247991
15.0615936395
15.0620606881
15.0625259518
15.0629894374
15.0634511517
15.0639111014
15.0643692934
15.0648257343
15.0652804308
15.0657333895
15.0661846172
15.0666341205
15.0670819058
15.0675279799
15.0679723491
15.0684150202
15.0688559994
15.0692952934
15.0697329085
15.0701688512
15.0706031278
15.0710357448
15.0714667084
15.071896025
15.0723237009
15.0727497423
15.0731741555
15.0735969467
15.0740181221
15.074437688
15.0748556503
15.0752720153
15.0756867892
15.0760999778
15.0765115874
15.0769216239
15.0773300934
15.0777370018
15.0781423551
15.0785461593
15.0789484203
15.0793491439
15.0797483361
15.0801460027
15.0805421495
15.0809367824
15.0813299071
15.0817215293
15.0821116549
15.0825002896
15.082887439
15.0832731089
15.0836573048
15.0840400324
15.0844212974
15.0848011053
15.0851794616
15.085556372
15.0859318419
15.0863058769
15.0866784825
15.0870496641
15.0874194271
15.087787777
15.0881547191
15.0885202589
15.0888844017
15.0892471529
15.0896085177
15.0899685016
15.0903271096
15.0906843472
15.0910402195
15.0913947317
15.0917478891
15.0920996969
15.0924501601
15.092799284
15.0931470736
15.093493534
15.0938386704
15.0941824878
15.0945249912
15.0948661857
15.0952060762
15.0955446677
15.0958819653
15.0962179738
15.0965526981
15.0968861433
15.0972183141
15.0975492154
15.0978788522
15.0982072291
15.0985343511
15.098860223
15.0991848494
15.0995082352
15.0998303852
15.1001513039
15.1004709962
15.1007894668
15.1011067202
15.1014227612
15.1017375943
15.1020512243
15.1023636557
15.102674893
15.1029849409
15.1032938038
15.1036014864
15.1039079931
15.1042133284
15.1045174968
15.1048205028
15.1051223508
15.1054230451
15.1057225904
15.1060209908
15.1063182509
15.1066143749
15.1069093672
15.1072032321
15.107495974
15.1077875971
15.1080781056
15.108367504
15.1086557963
15.1089429869
15.1092290799
15.1095140796
15.10979799
15.1100808155
15.11036256
15.1106432279
15.110922823
15.1112013497
15.1114788119
15.1117552137
15.1120305592
15.1123048524
15.1125780974
15.112850298
15.1131214584
15.1133915825
15.1136606743
15.1139287377
15.1141957766
15.1144617949
15.1147267966
15.1149907856
15.1152537657
15.1155157407
15.1157767145
15.116036691
15.1162956739
15.1165536671
15.1168106743
15.1170666992
15.1173217458
15.1175758176
15.1178289184
15.1180810519
15.1183322219
15.1185824319
15.1188316858
15.119079987
15.1193273393
15.1195737463
15.1198192116
15.1200637389
15.1203073316
15.1205499933
15.1207917277
15.1210325382
15.1212724284
15.1215114019
15.121749462
15.1219866124
15.1222228564
15.1224581976
15.1226926393
15.1229261851
15.1231588384
15.1233906025
15.1236214809
15.1238514769
15.1240805939
15.1243088354
15.1245362045
15.1247627047
15.1249883393
15.1252131116
15.1254370249
15.1256600824
15.1258822875
15.1261036434
15.1263241533
15.1265438205
15.1267626482
15.1269806396
15.1271977979
15.1274141262
15.1276296279
15.1278443059
15.1280581635
15.1282712038
15.1284834299
15.128694845
15.1289054521
15.1291152543
15.1293242547
15.1295324563
15.1297398623
15.1299464757
15.1301522994
15.1303573365
15.13056159
15.1307650629
15.1309677582
15.1311696789
15.1313708279
15.1315712081
15.1317708226
15.1319696742
15.1321677658
15.1323651004
15.1325616808
15.13275751
15.1329525907
15.1331469259
15.1333405184
15.1335333711
15.1337254867
15.1339168681
15.1341075181
15.1342974396
15.1344866351
15.1346751077
15.1348628599
15.1350498946
15.1352362145
15.1354218224
15.1356067209
15.1357909128
15.1359744007
15.1361571874
15.1363392756
15.1365206679
15.1367013669
15.1368813754
15.1370606959
15.1372393311
15.1374172836
15.137594556
15.137771151
15.137947071
15.1381223188
15.1382968968
15.1384708076
15.1386440537
15.1388166378
15.1389885623
15.1391598298
15.1393304427
15.1395004036
15.1396697149
15.1398383792
15.1400063989
15.1401737765
15.1403405144
15.1405066151
15.140672081
15.1408369145
15.1410011181
15.1411646941
15.141327645
15.1414899732
15.141651681
15.1418127707
15.1419732449
15.1421331057
15.1422923556
15.1424509969
15.142609032
15.142766463
15.1429232924
15.1430795225
15.1432351555
15.1433901937
15.1435446393
15.1436984948
15.1438517622
15.1440044439
15.1441565421
15.144308059
15.1444589969
15.1446093579
15.1447591443
15.1449083583
15.145057002
15.1452050776
15.1453525873
15.1454995333
15.1456459177
15.1457917426
15.1459370103
15.1460817228
15.1462258822
15.1463694907
15.1465125504
15.1466550633
15.1467970316
15.1469384573
15.1470793426
15.1472196894
15.1473594998
15.147498776
15.1476375198
15.1477757335
15.1479134189
15.1480505781
15.1481872131
15.148323326
15.1484589186
15.1485939931
15.1487285514
15.1488625954
15.1489961271
15.1491291485
15.1492616616
15.1493936682
15.1495251703
15.1496561699
15.1497866688
15.149916669
15.1500461724
15.1501751808
15.1503036962
15.1504317205
15.1505592555
15.1506863031
15.1508128651
15.1509389435
15.15106454
15.1511896566
15.1513142949
15.151438457
15.1515621445
15.1516853593
15.1518081033
15.1519303781
15.1520521857
15.1521735277
15.152294406
15.1524148224
15.1525347785
15.1526542762
15.1527733172
15.1528919033
15.1530100362
15.1531277176
15.1532449493
15.1533617329
15.1534780702
15.153593963
15.1537094128
15.1538244214
15.1539389904
15.1540531216
15.1541668167
15.1542800772
15.1543929049
15.1545053014
15.1546172683
15.1547288073
15.1548399201
15.1549506082
15.1550608733
15.155170717
15.1552801409
15.1553891466
15.1554977357
15.1556059099
15.1557136706
15.1558210195
15.1559279581
15.1560344881
15.1561406109
15.1562463282
15.1563516414
15.1564565521
15.156561062
15.1566651724
15.1567688849
15.1568722011
15.1569751224
15.1570776504
15.1571797865
15.1572815323
15.1573828893
15.1574838589
15.1575844427
15.157684642
15.1577844584
15.1578838934
15.1579829483
15.1580816247
15.1581799239
15.1582778475
15.1583753968
15.1584725734
15.1585693785
15.1586658137
15.1587618804
15.1588575799
15.1589529137
15.1590478831
15.1591424896
15.1592367345
15.1593306193
15.1594241453
15.1595173138
15.1596101262
15.159702584
15.1597946884
15.1598864408
15.1599778426
15.160068895
15.1601595995
15.1602499574
15.1603399699
15.1604296384
15.1605189642
15.1606079486
15.160696593
15.1607848986
15.1608728667
15.1609604986
15.1610477957
15.1611347591
15.1612213901
15.1613076901
15.1613936602
15.1614793018
15.1615646162
15.1616496044
15.1617342679
15.1618186078
15.1619026254
15.1619863218
15.1620696985
15.1621527564
15.162235497
15.1623179213
15.1624000307
15.1624818262
15.1625633092
15.1626444807
15.1627253421
15.1628058943
15.1628861388
15.1629660766
15.1630457089
15.1631250368
15.1632040616
15.1632827844
15.1633612063
15.1634393285
15.1635171521
15.1635946784
15.1636719083
15.1637488431
15.1638254839
15.1639018317
15.1639778878
15.1640536533
15.1641291291
15.1642043166
15.1642792167
15.1643538305
15.1644281592
15.1645022038
15.1645759654
15.1646494452
15.1647226441
15.1647955633
15.1648682038
15.1649405667
15.1650126531
15.1650844639
15.1651560003
15.1652272633
15.165298254
15.1653689734
15.1654394225
15.1655096023
15.165579514
15.1656491585
15.1657185368
15.16578765
15.165856499
15.1659250849
15.1659934087
15.1660614714
15.166129274
15.1661968174
15.1662641027
15.1663311309
15.1663979029
15.1664644197
15.1665306824
15.1665966917
15.1666624489
15.1667279547
15.1667932101
15.1668582162
15.1669229738
15.166987484
15.1670517476
15.1671157656
15.167179539
15.1672430686
15.1673063555
15.1673694005
15.1674322045
15.1674947685
15.1675570934
15.1676191802
15.1676810296
15.1677426427
15.1678040203
15.1678651634
15.1679260728
15.1679867494
15.1680471941
15.1681074078
15.1681673914
15.1682271457
15.1682866717
15.1683459702
15.1684050421
15.1684638882
15.1685225094
15.1685809066
15.1686390806
15.1686970323
15.1687547625
15.1688122721
15.1688695619
15.1689266328
15.1689834855
15.169040121
15.16909654
15.1691527434
15.169208732
15.1692645067
15.1693200682
15.1693754173
15.1694305549
15.1694854818
15.1695401988
15.1695947067
15.1696490063
15.1697030983
15.1697569836
15.169810663
15.1698641372
15.1699174071
15.1699704734
15.1700233369
15.1700759983
15.1701284585
15.1701807183
15.1702327783
15.1702846393
15.1703363021
15.1703877675
15.1704390362
15.170490109
15.1705409866
15.1705916697
15.1706421592
15.1706924557
15.17074256
15.1707924728
15.1708421948
15.1708917268
15.1709410695
15.1709902237
15.17103919
15.1710879691
15.1711365619
15.1711849689
15.171233191
15.1712812287
15.1713290829
15.1713767541
15.1714242432
15.1714715508
15.1715186776
15.1715656243
15.1716123916
15.1716589801
15.1717053906
15.1717516238
15.1717976802
15.1718435606
15.1718892657
15.1719347961
15.1719801525
15.1720253356
15.172070346
15.1721151844
15.1721598514
15.1722043477
15.172248674
15.1722928308
15.1723368189
15.1723806389
15.1724242915
15.1724677772
15.1725110967
15.1725542506
15.1725972397
15.1726400644
15.1726827255
15.1727252235
15.1727675591
15.172809733
15.1728517456
15.1728935977
15.1729352899
15.1729768227
15.1730181968
15.1730594127
15.1731004712
15.1731413727
15.1731821179
15.1732227074
15.1732631418
15.1733034217
15.1733435476
15.1733835201
15.17342334
15.1734630076
15.1735025236
15.1735418886
15.1735811032
15.1736201679
15.1736590833
15.1736978499
15.1737364685
15.1737749394
15.1738132633
15.1738514408
15.1738894723
15.1739273585
15.1739650999
15.1740026971
15.1740401506
15.1740774609
15.1741146287
15.1741516544
15.1741885386
15.1742252819
15.1742618847
15.1742983477
15.1743346712
15.174370856
15.1744069025
15.1744428112
15.1744785827
15.1745142175
15.1745497161
15.1745850791
15.1746203069
15.1746554
15.1746903591
15.1747251845
15.1747598768
15.1747944366
15.1748288643
15.1748631604
15.1748973254
15.1749313599
15.1749652643
15.1749990392
15.1750326849
15.1750662021
15.1750995912
15.1751328526
15.175165987
15.1751989947
15.1752318763
15.1752646322
15.1752972629
15.175329769
15.1753621508
15.1753944088
15.1754265436
15.1754585555
15.1754904451
15.1755222129
15.1755538592
15.1755853846
15.1756167895
15.1756480744
15.1756792397
15.1757102859
15.1757412135
15.1757720229
15.1758027145
15.1758332889
15.1758637464
15.1758940874
15.1759243126
15.1759544222
15.1759844168
15.1760142967
15.1760440624
15.1760737144
15.176103253
15.1761326788
15.1761619921
15.1761911934
15.1762202831
15.1762492616
15.1762781293
15.1763068868
15.1763355343
15.1763640724
15.1763925014
15.1764208217
15.1764490338
15.1764771381
15.176505135
15.1765330249
15.1765608082
15.1765884853
15.1766160566
15.1766435226
15.1766708836
15.1766981401
15.1767252923
15.1767523409
15.176779286
15.1768061281
15.1768328677
15.1768595051
15.1768860407
15.1769124749
15.176938808
15.1769650405
15.1769911728
15.1770172052
15.1770431381
15.1770689719
15.177094707
15.1771203437
15.1771458824
15.1771713235
15.1771966674
15.1772219145
15.1772470651
15.1772721195
15.1772970782
15.1773219415
15.1773467098
15.1773713834
15.1773959627
15.1774204481
15.17744484
15.1774691386
15.1774933443
15.1775174576
15.1775414786
15.1775654079
15.1775892457
15.1776129925
15.1776366484
15.177660214
15.1776836895
15.1777070753
15.1777303717
15.1777535791
15.1777766978
15.1777997281
15.1778226705
15.1778455251
15.1778682924
15.1778909727
15.1779135663
15.1779360736
15.1779584948
15.1779808304
15.1780030806
15.1780252458
15.1780473262
15.1780693223
15.1780912343
15.1781130626
15.1781348074
15.1781564692
15.1781780481
15.1781995446
15.178220959
15.1782422915
15.1782635425
15.1782847122
15.1783058011
15.1783268093
15.1783477373
15.1783685853
15.1783893536
15.1784100425
15.1784306524
15.1784511835
15.1784716362
15.1784920107
15.1785123073
15.1785325263
15.1785526681
15.1785727329
15.178592721
15.1786126328
15.1786324684
15.1786522282
15.1786719126
15.1786915216
15.1787110558
15.1787305153
15.1787499004
15.1787692114
15.1787884487
15.1788076124
15.1788267029
15.1788457204
15.1788646652
15.1788835377
15.178902338
15.1789210665
15.1789397234
15.1789583089
15.1789768235
15.1789952673
15.1790136406
15.1790319437
15.1790501769
15.1790683403
15.1790864344
15.1791044593
15.1791224153
15.1791403027
15.1791581217
15.1791758727
15.1791935558
15.1792111713
15.1792287195
15.1792462006
15.1792636149
15.1792809627
15.1792982442
15.1793154596
15.1793326092
15.1793496933
15.1793667121
15.1793836659
15.1794005548
15.1794173793
15.1794341394
15.1794508355
15.1794674677
15.1794840364
15.1795005418
15.1795169841
15.1795333636
15.1795496805
15.179565935
15.1795821274
15.1795982579
15.1796143267
15.1796303342
15.1796462804
15.1796621658
15.1796779904
15.1796937545
15.1797094584
15.1797251023
15.1797406864
15.179756211
15.1797716762
15.1797870823
15.1798024295
15.1798177181
15.1798329482
15.1798481202
15.1798632341
15.1798782903
15.179893289
15.1799082303
15.1799231145
15.1799379419
15.1799527126
15.1799674268
15.1799820848
15.1799966868
15.180011233
15.1800257236
15.1800401588
15.1800545388
15.1800688639
15.1800831342
15.18009735
15.1801115115
15.1801256189
15.1801396723
15.180153672
15.1801676183
15.1801815112
15.180195351
15.180209138
15.1802228722
15.180236554
15.1802501834
15.1802637608
15.1802772863
15.1802907601
15.1803041825
15.1803175535
15.1803308734
15.1803441424
15.1803573607
15.1803705285
15.180383646
15.1803967133
15.1804097307
15.1804226983
15.1804356164
15.1804484851
15.1804613047
15.1804740752
15.1804867969
15.1804994701
15.1805120948
15.1805246712
15.1805371996
15.1805496801
15.1805621129
15.1805744981
15.1805868361
15.1805991269
15.1806113707
15.1806235677
15.1806357182
15.1806478221
15.1806598799
15.1806718915
15.1806838573
15.1806957773
15.1807076517
15.1807194808
15.1807312647
15.1807430035
15.1807546975
15.1807663468
15.1807779515
15.1807895119
15.1808010282
15.1808125004
15.1808239287
15.1808353134
15.1808466546
15.1808579525
15.1808692071
15.1808804188
15.1808915876
15.1809027137
15.1809137973
15.1809248386
15.1809358376
15.1809467946
15.1809577098
15.1809685832
15.1809794151
15.1809902056
15.1810009548
15.1810116629
15.1810223302
15.1810329566
15.1810435425
15.1810540879
15.181064593
15.1810750579
15.1810854829
15.181095868
15.1811062134
15.1811165193
15.1811267858
15.1811370131
15.1811472013
15.1811573505
15.181167461
15.1811775328
15.1811875661
15.1811975611
15.1812075179
15.1812174366
15.1812273174
15.1812371605
15.1812469659
15.1812567339
15.1812664645
15.181276158
15.1812858144
15.1812954339
15.1813050166
15.1813145628
15.1813240724
15.1813335457
15.1813429828
15.1813523838
15.1813617489
15.1813710782
15.1813803718
15.18138963
15.1813988527
15.1814080402
15.1814171926
15.18142631
15.1814353926
15.1814444405
15.1814534537
15.1814624326
15.1814713771
15.1814802874
15.1814891637
15.1814980061
15.1815068146
15.1815155895
15.1815243309
15.1815330389
15.1815417136
15.1815503551
15.1815589636
15.1815675392
15.181576082
15.1815845922
15.1815930699
15.1816015151
15.1816099281
15.1816183089
15.1816266578
15.1816349747
15.1816432598
15.1816515132
15.1816597351
15.1816679256
15.1816760848
15.1816842128
15.1816923097
15.1817003757
15.1817084109
15.1817164154
15.1817243892
15.1817323326
15.1817402457
15.1817481285
15.1817559811
15.1817638038
15.1817715966
