10.8768997282
6.48863186696
3.7977138352
2.99999999994
3.66071598805
4.94034570068
6.00000000024
6.38960191383
6.2159392056
5.9999999994
6.30937925296
7.38688431257
9.0000000011
10.5965676538
11.6556751851
11.9999999983
11.8714580738
11.7405422559
12.0000000023
12.7567992439
13.8434469842
14.9999999971
16.0650242926
17.0377369468
18.0000000034
19.001055874
20.0162647024
20.9999999962
21.956573893
22.9432660883
24.0000000041
25.0858167325
26.1029984147
26.9999999957
27.8519604945
28.8202098362
30.0000000045
31.2836750535
32.3786852266
32.9999999955
33.1009799341
32.9541777631
33.0000000043
33.5648826919
34.6585791709
35.999999996
37.2417299737
38.2130049006
39.0000000036
39.8235411115
40.8348818752
41.9999999968
43.1524321169
44.1507094203
45.0000000028
45.841766993
46.8301800082
47.9999999976
49.2250439112
50.2877047473
51.000000002
51.2942558178
51.2399843633
50.9999999982
50.7683997905
50.7234173491
51.0000000017
51.6686264752
52.7108250834
53.9999999983
55.3108899422
56.3780809299
57.0000000018
57.1494417414
57.0265544157
56.9999999981
57.4362227461
58.4929202677
60.0000000022
61.5226032285
62.5957321789
62.9999999977
62.9012171899
62.750774292
63.0000000025
63.8124050101
64.9647180397
65.9999999976
66.5239692116
66.4437027669
66.0000000023
65.5960326524
65.5596737375
65.9999999979
66.826066355
67.8705785402
69.0000000018
70.1324384309
71.1799732847
71.9999999983
72.4282027152
72.3887733323
72.0000000016
71.577703934
71.5005798097
71.9999999983
73.0044022348
74.1535550217
75.000000002
75.2894223198
75.1418549813
74.9999999975
75.3564541464
76.4281945331
78.0000000033
79.5545214375
80.6057799772
80.9999999959
80.9667269813
80.8917338244
81.000000005
81.206671883
81.2526245407
80.9999999942
80.6237217313
80.5204988635
81.0000000065
82.0164638319
83.1726561434
83.9999999931
84.2849234937
84.1759845608
84.0000000072
83.9665660638
84.0268095786
83.9999999928
83.8312872429
83.7230389419
84.000000007
84.8170180287
85.9713543858
86.9999999934
87.4975816463
87.3990157061
87.000000006
86.7088237091
86.7410165659
86.9999999947
87.2163625456
87.2023034778
87.0000000045
86.8154203547
86.8195526373
86.9999999963
87.1831337348
87.1921837544
87.000000003
86.7582510901
86.6989009273
86.9999999978
87.7108662261
88.7597588546
90.0000000015
91.2467936155
92.302473974
92.9999999992
93.2723528664
93.2036025797
93.0
92.8716282837
92.8997058327
93.0000000008
93.0301391499
92.9666867917
92.9999999984
93.4410801264
94.4836805262
96.0000000024
97.5493387447
98.6283998647
98.9999999969
98.8592618586
98.7048239386
99.0000000037
99.8660240735
101.022279366
101.999999996
102.457753251
102.372559952
102.000000004
101.678836811
101.649518188
101.999999995
102.718671107
103.752066225
105.000000005
106.280211398
107.347395268
107.999999996
108.204828539
108.12416744
108.000000004
107.97838228
108.023110369
107.999999996
107.862304906
107.767247497
108.000000003
108.744310226
109.881928498
110.999999997
111.630753525
111.563082657
111.000000002
110.443107637
110.381741708
110.999999998
112.092109189
113.222247129
114.000000001
114.283820884
114.199666295
113.999999999
113.885427859
113.908757256
114.0
114.062045783
114.052625235
114.0
113.960360042
113.964889471
114.0
114.028555685
114.026183994
114.0
113.977306852
113.978573036
114.0
114.019601832
114.018973551
114.0
113.981836955
113.982053822
114.0
114.017827381
114.01790805
114.0
113.98168066
113.981357975
114.000000001
114.019509625
114.020052433
113.999999999
113.978643663
113.977880478
114.000000001
114.023878229
114.024879536
113.999999999
113.972854637
113.97158029
114.000000002
114.031281955
114.03288498
113.999999998
113.963518476
113.961501926
114.000000002
114.043039514
114.045600372
113.999999998
113.948583073
113.945268491
114.000000003
114.062366795
114.066790484
113.999999997
113.922797081
113.916611522
114.000000004
114.098432875
114.107716863
113.999999996
113.868513001
113.852927102
114.000000004
114.19060534
114.222358838
113.999999995
113.672271325
113.575725404
114.000000005
114.949605261
116.100116008
116.999999995
117.369884858
117.268184487
117.000000005
116.856282418
116.904761503
116.999999996
116.98635011
116.90247923
117.000000004
117.554546149
118.630062559
119.999999997
121.298461752
122.283100916
123.000000002
123.721582858
124.710941117
125.999999998
127.350842838
128.421306313
129.000000001
129.132423335
129.054369919
128.999999999
129.041629347
129.082835269
129.0
128.809617407
128.717984454
129.0
129.78701118
130.9215038
132.000000001
132.597122451
132.532278822
131.999999999
131.468516547
131.404569226
132.000000001
133.074248061
134.206785388
134.999999998
135.294615824
135.208179795
135.000000002
134.881407894
134.906963049
134.999999998
135.059396436
135.04774443
135.000000003
134.969757789
134.976586884
134.999999997
135.012139789
135.007333907
135.000000003
135.001215996
135.005124508
134.999999997
134.987492658
134.983928175
135.000000003
135.023127511
135.026679523
134.999999996
134.966031295
134.962241963
135.000000004
135.04575901
135.050027675
134.999999996
134.940736861
134.935693676
135.000000005
135.075479321
135.081728951
134.999999995
134.904048963
134.895861092
135.000000006
135.123434227
135.13499004
134.999999993
134.836335815
134.818085568
135.000000007
135.231298624
135.266288527
134.999999992
134.621090591
134.520447879
135.000000008
136.014296744
137.170278232
137.999999991
138.286698514
138.177114636
138.000000009
137.967171806
138.028452888
137.999999991
137.82729885
137.717753283
138.000000008
138.825154241
139.981057904
140.999999992
141.484394418
141.383871532
141.000000008
140.728464796
140.763288908
140.999999993
141.187708689
141.169675949
141.000000006
140.858505487
140.869783999
140.999999994
141.111543393
141.103703864
141.000000005
140.909738844
140.915553286
140.999999996
141.074247587
141.069749114
141.000000004
140.93826294
140.941843852
140.999999997
141.051710977
141.048803846
141.000000003
140.956467218
140.958860118
140.999999998
141.036778574
141.034789618
141.000000002
140.968848914
140.970513659
140.999999998
141.026432834
141.025032501
141.000000001
140.977540885
140.978722999
140.999999999
141.019101697
141.018101264
141.000000001
140.983741473
140.98458966
140.999999999
141.013846995
141.013127002
141.000000001
140.988200643
140.988812307
140.999999999
141.010059509
141.009539638
141.000000001
140.991419346
140.991861271
141.0
141.00732355
141.006947928
141.0
140.993744831
140.994063967
141.0
141.005347645
141.005076703
141.0
140.995422568
140.995652325
141.0
141.003924626
141.003730127
141.0
140.996627599
140.996791844
141.0
141.002906556
141.002768344
141.0
140.997484873
140.997600598
141.0
141.002188072
141.002091867
141.0
140.998082991
140.998162141
141.0
141.001694993
141.001630871
141.0
140.998483662
140.998534397
141.0
141.001376472
141.001337824
141.0
140.998728186
140.998755735
141.0
141.001199687
141.001182532
141.0
140.998841755
140.998848956
141.0
141.001146427
141.001148997
141.0
140.998836068
140.998823661
141.0
141.001211209
141.001233771
141.0
140.998710531
140.998677237
141.0
141.001400716
141.001445596
141.0
140.998452199
140.998394583
141.0
141.001734495
141.001806324
141.0
140.998034415
140.997946529
141.0
141.002247005
141.002353206
141.0
140.997414011
140.997286763
141.0
141.002991266
141.003142842
141.0
140.996526705
140.99634688
141.0
141.004044559
141.004257302
141.0
140.995280083
140.995028868
141.0
141.005517044
141.00581334
141.0
140.99354302
140.99319377
141.0
141.007564816
141.007976436
140.999999999
140.991129402
140.990644107
141.000000001
141.010410493
141.010983142
140.999999999
140.987771604
140.987094892
141.000000001
141.01437815
141.015179599
140.999999999
140.983073243
140.982121034
141.000000001
141.019959152
141.021095589
140.999999999
140.976414426
140.975049539
141.000000002
141.027953337
141.029607081
140.999999998
140.966733565
140.964705103
141.000000002
141.039819635
141.04235078
140.999999998
140.951938995
140.948703389
141.000000003
141.058714244
141.062994934
140.999999997
140.926961418
140.921009306
141.000000004
141.093444464
141.102357558
140.999999996
140.874811842
140.859820021
141.000000004
141.18218691
141.21295902
140.999999995
140.684252415
140.589413008
141.000000005
141.931263443
143.078569618
143.999999995
144.400668957
144.305744305
144.000000005
143.797301644
143.828246723
143.999999995
144.129309032
144.114051429
144.000000004
143.909409413
143.918689096
143.999999996
144.066014714
144.059583815
144.000000004
143.951541191
143.956428452
143.999999996
144.034797361
144.030806383
144.000000003
143.97658448
143.980048214
143.999999997
144.013355808
144.010178548
144.000000003
143.996034991
143.999108599
143.999999997
143.994719335
143.991583669
144.000000003
144.014886801
144.018266257
143.999999997
143.974555715
143.970693915
144.000000003
144.037774503
144.042484276
143.999999996
143.946797521
143.94059714
144.000000004
144.074180348
144.083170294
143.999999996
143.894013485
143.879112728
144.000000004
144.162543264
144.193054483
143.999999996
143.704853606
143.610452189
144.000000004
144.909161771
146.05583989
146.999999996
147.424859182
147.330772083
147.000000004
146.77036907
146.800239856
146.999999997
147.159728878
147.145819562
147.000000003
146.874633024
146.882239589
146.999999998
147.106187227
147.101824581
147.000000001
146.904695452
146.907019525
146.999999999
147.089934915
147.0891492
147.0
146.911024306
146.910412592
147.000000001
147.092281502
147.094427108
146.999999999
146.899417805
146.895242677
147.000000002
147.1159427
147.12334787
146.999999998
146.856620202
146.842931354
147.000000003
147.19663553
147.226261066
146.999999997
146.673117943
146.579307262
147.000000004
147.939404131
149.085767409
149.999999996
150.395293085
150.301253279
150.000000004
149.800061248
149.830154357
149.999999996
150.129091073
150.1146764
150.000000003
149.907089313
149.915511503
149.999999997
150.070940714
150.065406343
150.000000003
149.943866222
149.947791327
149.999999998
150.045447452
150.042514568
150.000000002
149.962636813
149.964910232
149.999999998
150.031040793
150.02923173
150.000000002
149.974022654
149.975489669
149.999999999
150.021852066
150.020646042
150.000000001
149.981550833
149.982552189
149.999999999
150.015616759
150.014779312
150.000000001
149.986756296
149.987460359
149.999999999
150.011245983
150.010651778
150.000000001
149.990441662
149.990944572
149.999999999
150.008128958
150.007702419
150.0
149.993084016
149.993446358
150.0
150.005885136
150.005576944
150.0
149.994991957
149.995254361
150.0
150.004261035
150.004037411
150.0
149.996375757
149.996566503
150.0
150.003080908
150.002918048
150.0
149.997383157
149.997522367
150.0
150.002219997
150.002100834
150.0
149.99811989
149.998222081
150.0
150.00158842
150.001500571
150.0
149.998662576
149.99873834
150.0
150.001120676
150.001055053
150.0
149.999067384
149.999124548
150.0
150.000768424
150.000718256
150.0
149.999376104
149.999420563
150.0
150.00049533
150.000455443
150.0
149.999620564
149.999656899
150.0
150.000273249
150.000239535
150.0
149.999825948
149.999857903
150.0
150.000079307
150.000048293
150.0
150.00001341
150.000044275
150.0
149.999893531
149.999862025
150.0
150.000202252
150.000235204
150.0
149.999696793
149.99966155
150.0
150.000411919
150.000450353
150.0
149.999468832
149.999426223
150.0
150.000664004
150.000711879
150.0
149.999186171
149.999131807
150.0
150.000984475
150.001046723
150.0
149.998819685
149.998747961
150.0
150.001406363
150.001489403
150.0
149.998331583
149.998235098
150.0
150.001973201
150.002085608
150.0
149.997671455
149.997540232
150.0
150.002743598
150.002897018
150.0
149.996770931
149.996591346
150.0
150.003797529
150.004007941
150.0
149.995536235
149.9952895
150.0
150.005245219
150.005534771
150.0
149.993837471
149.993497401
150.0
150.00724021
150.007639976
149.999999999
149.991492467
149.991022
150.000000001
150.009999684
150.010554151
149.999999999
149.988240664
149.987585955
150.000000001
150.01383884
150.014613906
149.999999999
149.983696598
149.98277583
150.000000001
150.019235807
150.020334941
149.999999999
149.977256267
149.975935499
150.000000002
150.026971462
150.028573139
149.999999998
149.9678806
149.965913486
150.000000002
150.038478081
150.040937024
149.999999998
149.953509416
149.950358718
150.000000003
150.056874734
150.061055626
149.999999997
149.929117159
149.923282303
150.000000003
150.090917202
150.099692558
149.999999996
149.877775509
149.862945476
150.000000004
150.178710637
150.209292702
149.999999996
149.688330853
149.593714722
150.000000005
150.926477477
152.073521251
152.999999995
153.406286561
153.311670441
153.000000004
152.790705971
152.821288014
152.999999996
153.137055929
153.122225929
153.000000004
152.900305923
152.909081233
152.999999997
153.076719368
153.070884571
153.000000003
152.938942508
152.943123325
152.999999997
153.04964339
153.046492785
153.000000002
152.959060571
152.961519402
152.999999998
153.034089277
153.032122298
153.000000002
152.971423669
152.973025185
152.999999998
153.024068203
153.022747626
153.000000001
152.979660752
152.98075966
152.999999999
153.017229193
153.016308691
153.000000001
152.985380228
152.98615498
152.999999999
153.012420906
153.011766565
153.000000001
152.989437819
152.989991852
152.999999999
153.008987405
153.008517448
153.000000001
152.992349004
152.992748171
153.0
153.006515516
153.00617615
153.0
152.994450085
152.994738811
153.0
153.004728259
153.004482493
153.0
152.99597123
152.996180506
153.0
153.003433084
153.003254833
153.0
152.997074326
152.99722618
153.0
153.002493383
153.002363998
153.0
152.997874957
152.997985209
153.0
153.001811164
153.001717209
153.0
152.998456324
152.998536396
153.0
153.001315711
153.001247468
153.0
152.998878578
152.99893674
153.0
153.00095583
153.000906258
153.0
152.999185305
152.999227556
153.0
153.000694402
153.00065839
153.0
152.999408128
152.999438822
153.0
153.000504482
153.00047832
153.0
152.999570004
152.999592303
153.0
153.000366508
153.000347501
153.0
152.999687606
152.999703806
153.0
153.00026627
153.000252462
153.0
152.999773044
152.999784813
153.0
153.000193447
153.000183415
153.0
152.999835115
152.999843665
153.0
153.000140541
153.000133252
153.0
152.99988021
152.999886422
153.0
153.000102104
153.000096809
153.0
152.999912971
152.999917485
153.0
153.000074179
153.000070332
153.0
152.999936773
152.999940052
153.0
153.000053892
153.000051097
153.0
152.999954065
152.999956447
153.0
153.000039153
153.000037122
153.0
152.999966628
152.999968359
153.0
153.000028445
153.00002697
153.0
152.999975755
152.999977012
153.0
153.000020665
153.000019594
153.0
152.999982386
152.999983299
153.0
153.000015014
153.000014235
153.0
152.999987203
152.999987867
153.0
153.000010907
153.000010342
153.0
152.999990703
152.999991185
153.0
153.000007924
153.000007513
153.0
152.999993246
152.999993596
153.0
153.000005757
153.000005459
153.0
152.999995093
152.999995347
153.0
153.000004183
153.000003966
153.0
152.999996435
152.99999662
153.0
153.000003039
153.000002881
153.0
152.99999741
152.999997544
153.0
153.000002208
153.000002093
153.0
152.999998118
152.999998216
153.0
153.000001604
153.000001521
153.0
152.999998633
152.999998704
153.0
153.000001165
153.000001105
153.0
152.999999007
152.999999058
153.0
153.000000847
153.000000803
153.0
152.999999278
152.999999316
153.0
153.000000615
153.000000583
153.0
152.999999476
152.999999503
153.0
153.000000447
153.000000424
153.0
152.999999619
152.999999639
153.0
153.000000325
153.000000308
153.0
152.999999723
152.999999738
153.0
153.000000236
153.000000223
153.0
152.999999799
152.99999981
153.0
153.000000171
153.000000162
153.0
152.999999854
152.999999862
153.0
153.000000124
153.000000118
153.0
152.999999894
152.9999999
153.0
153.00000009
153.000000085
153.0
152.999999923
152.999999927
153.0
153.000000065
153.000000062
153.0
152.999999944
152.999999947
153.0
153.000000047
153.000000045
153.0
152.99999996
152.999999962
153.0
153.000000034
153.000000032
153.0
152.999999971
152.999999973
153.0
153.000000024
153.000000023
153.0
152.99999998
152.999999981
153.0
153.000000017
153.000000016
153.0
152.999999986
152.999999987
153.0
153.000000011
153.000000011
153.0
152.999999991
152.999999992
153.0
153.000000007
153.000000006
153.0
152.999999995
152.999999995
153.0
153.000000004
153.000000003
153.0
152.999999998
152.999999999
153.0
153.0
153.0
153.0
153.000000001
153.000000002
153.0
152.999999997
152.999999996
153.0
153.000000005
153.000000005
153.0
152.999999994
152.999999993
153.0
153.000000008
153.000000009
153.0
152.999999989
152.999999989
153.0
153.000000013
153.000000014
153.0
152.999999984
152.999999983
153.0
153.000000019
153.00000002
153.0
152.999999977
152.999999976
153.0
153.000000027
153.000000029
153.0
152.999999968
152.999999966
153.0
153.000000038
153.00000004
153.0
152.999999955
152.999999953
153.0
153.000000053
153.000000056
153.0
152.999999938
152.999999935
153.0
153.000000073
153.000000077
153.0
152.999999915
152.99999991
153.0
153.0000001
153.000000106
153.0
152.999999882
152.999999876
153.0
153.000000138
153.000000146
153.0
152.999999838
152.999999829
153.0
153.00000019
153.000000201
153.0
152.999999777
152.999999764
153.0
153.000000262
153.000000277
153.0
152.999999692
152.999999675
153.0
153.000000361
153.000000381
153.0
152.999999576
152.999999553
153.0
153.000000497
153.000000524
153.0
152.999999417
152.999999385
153.0
153.000000684
153.000000722
153.0
152.999999197
152.999999153
153.0
153.000000942
153.000000993
153.0
152.999998895
152.999998835
153.0
153.000001296
153.000001367
153.0
152.999998479
152.999998396
153.0
153.000001784
153.000001882
153.0
152.999997907
152.999997792
153.0
153.000002456
153.00000259
153.0
152.999997119
152.999996961
153.0
153.00000338
153.000003565
153.0
152.999996034
152.999995817
153.0
153.000004653
153.000004907
153.0
152.999994541
152.999994243
153.0
153.000006404
153.000006754
153.0
152.999992487
152.999992076
153.0
153.000008815
153.000009297
153.0
152.999989658
152.999989093
153.0
153.000012133
153.000012797
153.0
152.999985765
152.999984986
153.0
153.000016701
153.000017614
153.0
152.999980406
152.999979335
153.0
153.000022988
153.000024245
153.0
152.99997303
152.999971555
153.0
153.000031641
153.000033372
153.0
152.999962878
152.999960847
153.0
153.000043553
153.000045935
153.0
152.999948903
152.999946108
153.0
153.000059948
153.000063227
153.0
152.999929668
152.999925821
153.0
153.000082515
153.000087028
153.0
152.999903192
152.999897897
153.0
153.000113578
153.00011979
153.0
152.999866748
152.99985946
153.0
153.000156334
153.000164884
153.0
152.999816586
152.999806554
153.0
153.000215185
153.000226955
153.0
152.99974754
152.999733731
153.0
153.000296192
153.000312392
153.0
152.999652501
152.999633494
153.0
153.000407695
153.000429994
153.0
152.999521682
152.99949552
153.0
153.000561175
153.000591869
153.0
152.999341614
152.999305602
153.0
153.00077244
153.000814691
153.0
152.999093746
152.999044174
153.0
153.001063255
153.001121417
153.0
152.998752538
152.998684296
153.0
153.001463597
153.001543668
153.0
152.998282799
152.998188845
153.0
153.002014781
153.002125033
153.0
152.997636013
152.997506629
153.0
153.002773807
153.00292566
153.0
152.996745182
152.996566933
153.0
153.003819476
153.00402875
153.0
152.995517528
152.995271763
153.0
153.005261164
153.005549888
153.0
152.99382388
152.993484515
153.0
153.007251794
153.00765096
152.999999999
152.991482593
152.991012638
153.000000001
153.0100081
153.01056213
152.999999999
152.988233491
152.987579153
153.000000001
153.013844954
153.014619703
152.999999999
152.983691387
152.982770889
153.000000001
153.019240249
153.020339152
152.999999999
152.977252481
152.975931909
153.000000002
153.026974689
153.028576199
152.999999998
152.967877849
152.965910878
153.000000002
153.038480425
153.040939247
152.999999998
152.953507418
152.950356824
153.000000003
153.056876437
153.061057241
152.999999997
152.929115707
152.923280926
153.000000003
153.09091844
153.099693732
152.999999996
152.877774454
152.862944476
153.000000004
153.178711536
153.209293554
152.999999996
152.688330087
152.593713996
153.000000005
153.92647813
155.07352187
155.999999995
156.406286004
156.311669913
156.000000004
155.790706446
155.821288464
155.999999996
156.137055524
156.122225546
156.000000004
155.900306268
155.90908156
155.999999996
156.076719074
156.070884293
156.000000003
155.938942759
155.943123563
155.999999997
156.049643176
156.046492582
156.000000002
155.959060753
155.961519575
155.999999998
156.034089122
156.032122151
156.000000002
155.971423801
155.973025311
155.999999998
156.024068091
156.022747519
156.000000001
155.979660848
155.980759751
155.999999999
156.017229111
156.016308613
156.000000001
155.985380297
155.986155046
155.999999999
156.012420847
156.011766509
156.000000001
155.98943787
155.9899919
155.999999999
156.008987362
156.008517407
156.000000001
155.99234904
155.992748206
156.0
156.006515485
156.00617612
156.0
155.994450112
155.994738836
156.0
156.004728237
156.004482472
156.0
155.99597125
155.996180524
156.0
156.003433067
156.003254818
156.0
155.99707434
155.997226193
156.0
156.002493371
156.002363987
156.0
155.997874967
155.997985219
156.0
156.001811155
156.001717201
156.0
155.998456332
155.998536403
156.0
156.001315704
156.001247462
156.0
155.998878583
155.998936745
156.0
156.000955826
156.000906254
156.0
155.999185309
155.99922756
156.0
156.000694398
156.000658386
156.0
155.999408131
155.999438825
156.0
156.000504479
156.000478318
156.0
155.999570006
155.999592305
156.0
156.000366506
156.000347499
156.0
155.999687608
155.999703808
156.0
156.000266269
156.00025246
156.0
155.999773045
155.999784815
156.0
156.000193446
156.000183414
156.0
155.999835116
155.999843666
156.0
156.00014054
156.000133252
156.0
155.99988021
155.999886422
156.0
156.000102103
156.000096808
156.0
155.999912972
155.999917485
156.0
156.000074179
156.000070332
156.0
155.999936773
155.999940052
156.0
156.000053892
156.000051097
156.0
155.999954065
155.999956447
156.0
156.000039153
156.000037122
156.0
155.999966628
155.999968359
156.0
156.000028445
156.00002697
156.0
155.999975755
155.999977012
156.0
156.000020665
156.000019594
156.0
155.999982386
155.999983299
156.0
156.000015013
156.000014235
156.0
155.999987203
155.999987867
156.0
156.000010907
156.000010342
156.0
155.999990703
155.999991185
156.0
156.000007924
156.000007513
156.0
155.999993246
155.999993596
156.0
156.000005757
156.000005459
156.0
155.999995093
155.999995347
156.0
156.000004183
156.000003966
156.0
155.999996435
155.99999662
156.0
156.000003039
156.000002881
156.0
155.99999741
155.999997544
156.0
156.000002208
156.000002093
156.0
155.999998118
155.999998216
156.0
156.000001604
156.000001521
156.0
155.999998633
155.999998704
156.0
156.000001165
156.000001105
156.0
155.999999007
155.999999058
156.0
156.000000847
156.000000803
156.0
155.999999278
155.999999316
156.0
156.000000615
156.000000583
156.0
155.999999476
155.999999503
156.0
156.000000447
156.000000424
156.0
155.999999619
155.999999639
156.0
156.000000325
156.000000308
156.0
155.999999723
155.999999738
156.0
156.000000236
156.000000224
156.0
155.999999799
155.999999809
156.0
156.000000171
156.000000162
156.0
155.999999854
155.999999862
156.0
156.000000124
156.000000118
156.0
155.999999894
155.999999899
156.0
156.00000009
156.000000086
156.0
155.999999923
155.999999927
156.0
156.000000066
156.000000062
156.0
155.999999944
155.999999947
156.0
156.000000048
156.000000045
156.0
155.999999959
155.999999961
156.0
156.000000035
156.000000033
156.0
155.99999997
155.999999972
156.0
156.000000025
156.000000024
156.0
155.999999979
155.99999998
156.0
156.000000018
156.000000017
156.0
155.999999984
155.999999985
156.0
156.000000013
156.000000013
156.0
155.999999989
155.999999989
156.0
156.00000001
156.000000009
156.0
155.999999992
155.999999992
156.0
156.000000007
156.000000007
156.0
155.999999994
155.999999994
156.0
156.000000005
156.000000005
156.0
155.999999996
155.999999996
156.0
156.000000004
156.000000004
156.0
155.999999997
155.999999997
156.0
156.000000003
156.000000003
156.0
155.999999998
155.999999998
156.0
156.000000002
156.000000002
156.0
155.999999998
155.999999998
156.0
156.000000001
156.000000001
156.0
155.999999999
155.999999999
156.0
156.000000001
156.000000001
156.0
155.999999999
155.999999999
156.0
156.000000001
156.000000001
156.0
155.999999999
155.999999999
156.0
156.000000001
156.000000001
156.0
156.0
156.0
156.0
156.0
156.0
156.0
156.0
156.0
156.0
156.0
156.0
156.0
156.0
156.0
156.0
156.0
156.0
156.0
156.0
156.0
156.0
156.0
156.0
156.0
156.0
156.0
156.0
156.0
156.0
156.0
156.0
156.0
156.0
156.0
156.0
156.0
156.0
156.0
156.0
156.0
156.0
156.0
156.0
156.0
156.0
156.0
156.0
156.0
156.0
156.0
156.0
156.0
156.0
156.0
156.0
156.0
156.0
156.0
156.0
156.0
156.0
156.0
156.0
156.0
156.0
156.0
156.0
156.0
156.0
156.0
156.0
156.0
156.0
156.0
156.0
156.0
156.0
156.0
156.0
156.0
156.0
156.0
156.0
156.0
156.0
156.0
156.0
156.0
156.0
156.0
156.0
156.0
156.0
156.0
156.0
156.0
156.0
156.0
156.0
156.0
156.0
156.0
156.0
156.0
156.0
156.0
156.0
156.0
156.0
156.0
156.0
156.0
156.0
156.0
156.0
156.0
156.0
156.0
156.0
156.0
156.0
156.0
156.0
156.0
156.0
156.0
156.0
156.0
156.0
156.0
156.0
156.0
156.0
156.0
156.0
156.0
156.0
156.0
156.0
156.0
156.0
156.0
156.0
156.0
156.0
156.0
156.0
156.0
156.0
156.0
156.0
156.0
156.0
156.0
156.0
156.0
156.0
156.0
156.0
156.0
156.0
156.0
156.0
156.0
156.0
156.0
156.0
156.0
156.0
156.0
156.0
156.0
156.0
156.0
156.0
156.0
156.0
156.0
156.0
156.0
156.0
156.0
156.0
156.0
156.0
156.0
156.0
156.0
156.0
156.0
156.0
156.0
156.0
156.0
156.0
156.0
156.0
156.0
156.0
156.0
156.0
156.0
156.0
156.0
156.0
156.0
156.0
156.0
156.0
156.0
156.0
156.0
156.0
156.0
156.0
156.0
156.0
156.0
156.0
156.0
156.0
156.0
156.0
156.0
156.0
156.0
156.0
156.0
156.0
156.0
156.0
156.0
156.0
156.0
156.0
156.0
156.0
156.0
156.0
156.0
156.0
156.0
156.0
156.0
156.0
156.0
156.0
156.0
156.0
156.0
156.0
156.0
156.0
156.0
156.0
156.0
156.0
156.0
156.0
156.0
156.0
156.0
156.0
156.0
156.0
156.0
156.0
156.0
156.0
156.0
156.0
156.0
156.0
156.0
156.0
156.0
156.0
156.0
156.0
156.0
156.0
156.0
156.0
156.0
156.0
156.0
156.0
156.0
156.0
156.0
156.0
156.0
156.0
156.0
156.0
156.0
156.0
156.0
156.0
156.0
156.0
156.0
156.0
156.0
156.0
156.0
156.0
156.0
156.0
156.0
156.0
156.0
156.0
156.0
156.0
156.0
156.0
156.0
156.0
156.0
156.0
156.0
156.0
156.0
156.0
156.0
156.0
156.0
156.0
156.0
156.0
156.0
156.0
156.0
156.0
156.0
156.0
156.0
156.0
156.0
156.0
156.0
156.0
156.0
156.0
156.0
156.0
156.0
156.0
156.0
156.0
156.0
156.0
156.0
156.0
156.0
156.0
156.0
156.0
156.0
156.0
156.0
156.0
156.0
156.0
156.0
156.0
156.0
156.0
156.0
156.0
156.0
156.0
156.0
156.0
156.0
156.0
156.0
156.0
156.0
156.0
156.0
156.0
156.0
156.0
156.0
156.0
156.0
156.0
156.0
156.0
156.0
156.0
156.0
156.0
156.0
156.0
156.0
156.0
156.0
156.0
156.0
156.0
156.0
156.0
156.0
156.0
156.0
156.0
156.0
156.0
156.0
156.0
156.0
156.0
156.0
156.0
156.0
156.0
156.0
156.0
156.0
156.0
156.0
156.0
156.0
156.0
156.0
156.0
156.0
156.0
156.0
156.0
156.0
156.0
156.0
156.0
156.0
156.0
156.0
156.0
156.0
156.0
156.0
156.0
156.0
156.0
156.0
156.0
156.0
156.0
156.0
156.0
156.0
156.0
156.0
156.0
156.0
156.0
156.0
156.0
156.0
156.0
156.0
156.0
156.0
156.0
156.0
156.0
156.0
156.0
156.0
156.0
156.0
156.0
156.0
156.0
156.0
156.0
156.0
156.0
156.0
156.0
156.0
156.0
156.0
156.0
156.0
156.0
156.0
156.0
156.0
156.0
156.0
156.0
156.0
156.0
156.0
156.0
156.0
156.0
156.0
156.0
156.0
156.0
156.0
156.0
156.0
156.0
156.0
156.0
156.0
156.0
156.0
156.0
156.0
156.0
156.0
156.0
156.0
156.0
156.0
156.0
156.0
156.0
156.0
156.0
156.0
156.0
156.0
156.0
156.0
156.0
156.0
156.0
156.0
156.0
156.0
156.0
156.0
156.0
156.0
156.0
156.0
156.0
156.0
156.0
156.0
156.0
156.0
156.0
156.0
156.0
156.0
156.0
156.0
156.0
156.0
156.0
156.0
156.0
156.0
156.0
156.0
156.0
156.0
156.0
156.0
156.0
156.0
156.0
156.0
156.0
156.0
156.0
156.0
156.0
156.0
156.0
156.0
156.0
156.0
156.0
156.0
156.0
156.0
156.0
156.0
156.0
156.0
156.0
156.0
156.0
156.0
156.0
156.0
156.0
156.0
156.0
156.0
156.0
156.0
156.0
156.0
156.0
156.0
156.0
156.0
156.0
156.0
156.0
156.0
156.0
156.0
156.0
156.0
156.0
156.0
156.0
156.0
156.0
156.0
156.0
156.0
156.0
156.0
156.0
156.0
156.0
156.0
156.0
156.0
156.0
156.0
156.0
156.0
156.0
156.0
156.0
156.0
156.0
156.0
156.0
156.0
156.0
156.0
156.0
156.0
156.0
156.0
156.0
156.0
156.0
156.0
156.0
156.0
156.0
156.0
156.0
156.0
156.0
156.0
156.0
156.0
156.0
156.0
156.0
156.0
156.0
156.0
156.0
156.0
156.0
156.0
156.0
156.0
156.0
156.0
156.0
156.0
156.0
156.0
156.0
156.0
156.0
156.0
156.0
156.0
156.0
156.0
156.0
156.0
156.0
156.0
156.0
156.0
156.0
156.0
156.0
156.0
156.0
156.0
156.0
156.0
156.0
156.0
156.0
156.0
156.0
156.0
156.0
156.0
156.0
156.0
156.0
156.0
156.0
156.0
156.0
156.0
156.0
156.0
156.0
156.0
156.0
156.0
156.0
156.0
156.0
156.0
156.0
156.0
156.0
156.0
156.0
156.0
156.0
156.0
156.0
156.0
156.0
156.0
156.0
156.0
156.0
156.0
156.0
156.0
156.0
156.0
156.0
156.0
156.0
156.0
156.0
156.0
156.0
156.0
156.0
156.0
156.0
156.0
156.0
156.0
156.0
156.0
156.0
156.0
156.0
156.0
156.0
156.0
156.0
156.0
156.0
156.0
156.0
156.0
156.0
156.0
156.0
156.0
156.0
156.0
156.0
156.0
156.0
156.0
156.0
156.0
156.0
156.0
156.0
156.0
156.0
156.0
156.0
156.0
156.0
156.0
156.0
156.0
156.0
156.0
156.0
156.0
156.0
156.0
156.0
156.0
156.0
156.0
156.0
156.0
156.0
156.0
156.0
156.0
156.0
156.0
156.0
156.0
156.0
156.0
156.0
156.0
156.0
156.0
156.0
156.0
156.0
156.0
156.0
156.0
156.0
156.0
156.0
156.0
156.0
156.0
156.0
156.0
156.0
156.0
156.0
156.0
156.0
156.0
156.0
156.0
156.0
156.0
156.0
156.0
156.0
156.0
156.0
156.0
156.0
156.0
156.0
156.0
156.0
156.0
156.0
156.0
156.0
156.0
156.0
156.0
156.0
156.0
156.0
156.0
156.0
156.0
156.0
156.0
156.0
156.0
156.0
156.0
156.0
156.0
156.0
156.0
156.0
156.0
156.0
156.0
156.0
156.0
156.0
156.0
156.0
156.0
156.0
156.0
156.0
156.0
156.0
156.0
156.0
156.0
156.0
156.0
156.0
156.0
156.0
156.0
156.0
156.0
156.0
156.0
156.0
156.0
156.0
156.0
156.0
156.0
156.0
156.0
156.0
156.0
156.0
156.0
156.0
156.0
156.0
156.0
156.0
156.0
156.0
156.0
156.0
156.0
156.0
156.0
156.0
156.0
156.0
156.0
156.0
156.0
156.0
156.0
156.0
156.0
156.0
156.0
156.0
156.0
156.0
156.0
156.0
156.0
156.0
156.0
156.0
156.0
156.0
156.0
156.0
156.0
156.0
156.0
156.0
156.0
156.0
156.0
156.0
156.0
156.0
156.0
156.0
156.0
156.0
156.0
156.0
156.0
156.0
156.0
156.0
156.0
156.0
156.0
156.0
156.0
156.0
156.0
156.0
156.0
156.0
156.0
156.0
156.0
156.0
156.0
156.0
156.0
156.0
156.0
156.0
156.0
156.0
156.0
156.0
156.0
156.0
156.0
156.0
156.0
156.0
156.0
156.0
156.0
156.0
156.0
156.0
156.0
156.0
156.0
156.0
156.0
156.0
156.0
156.0
156.0
156.0
156.0
156.0
156.0
156.0
156.0
156.0
156.0
156.0
156.0
156.0
156.0
156.0
156.0
156.0
156.0
156.0
156.0
156.0
156.0
156.0
156.0
156.0
156.0
156.0
156.0
156.0
156.0
156.0
156.0
156.0
156.0
156.0
156.0
156.0
156.0
156.0
156.0
156.0
156.0
156.0
156.0
156.0
156.0
156.0
156.0
156.0
156.0
156.0
156.0
156.0
156.0
156.0
156.0
156.0
156.0
156.0
156.0
156.0
156.0
156.0
156.0
156.0
156.0
156.0
156.0
156.0
156.0
156.0
156.0
156.0
156.0
156.0
156.0
156.0
156.0
156.0
156.0
156.0
156.0
156.0
156.0
156.0
156.0
156.0
156.0
156.0
156.0
156.0
156.0
156.0
156.0
156.0
156.0
156.0
156.0
156.0
156.0
156.0
156.0
156.0
156.0
156.0
156.0
156.0
156.0
156.0
156.0
156.0
156.0
156.0
156.0
156.0
156.0
156.0
156.0
156.0
156.0
156.0
156.0
156.0
156.0
156.0
156.0
156.0
156.0
156.0
156.0
156.0
156.0
156.0
156.0
156.0
156.0
156.0
156.0
156.0
156.0
156.0
156.0
156.0
156.0
156.0
156.0
156.0
156.0
156.0
156.0
156.0
156.0
156.0
156.0
156.0
156.0
156.0
156.0
156.0
156.0
156.0
156.0
156.0
156.0
156.0
156.0
156.0
156.0
156.0
156.0
156.0
156.0
156.0
156.0
156.0
156.0
156.0
156.0
156.0
156.0
156.0
156.0
156.0
156.0
156.0
156.0
156.0
156.0
156.0
156.0
156.0
156.0
156.0
156.0
156.0
156.0
156.0
156.0
156.0
156.0
156.0
156.0
156.0
156.0
156.0
156.0
156.0
156.0
156.0
156.0
156.0
156.0
156.0
156.0
156.0
156.0
156.0
156.0
156.0
156.0
156.0
156.0
156.0
156.0
156.0
156.0
156.0
156.0
156.0
156.0
156.0
156.0
156.0
156.0
156.0
156.0
156.0
156.0
156.0
156.0
156.0
156.0
156.0
156.0
156.0
156.0
156.0
156.0
156.0
156.0
156.0
156.0
156.0
156.0
156.0
156.0
156.0
156.0
156.0
156.0
156.0
156.0
156.0
156.0
156.0
156.0
156.0
156.0
156.0
156.0
156.0
156.0
156.0
156.0
156.0
156.0
156.0
156.0
156.0
156.0
156.0
156.0
156.0
156.0
156.0
156.0
156.0
156.0
156.0
156.0
156.0
156.0
156.0
156.0
156.0
156.0
156.0
156.0
156.0
156.0
156.0
156.0
156.0
156.0
156.0
156.0
156.0
156.0
156.0
156.0
156.0
156.0
156.0
156.0
156.0
156.0
156.0
156.0
156.0
156.0
156.0
156.0
156.0
156.0
156.0
156.0
156.0
156.0
156.0
156.0
156.0
156.0
156.0
156.0
156.0
156.0
156.0
156.0
156.0
156.0
156.0
156.0
156.0
156.0
156.0
156.0
156.0
156.0
156.0
156.0
156.0
156.0
156.0
156.0
156.0
156.0
156.0
156.0
156.0
156.0
156.0
156.0
156.0
156.0
156.0
156.0
156.0
156.0
156.0
156.0
156.0
156.0
156.0
156.0
156.0
156.0
156.0
156.0
156.0
156.0
156.0
156.0
156.0
156.0
156.0
156.0
156.0
156.0
156.0
156.0
156.0
156.0
156.0
156.0
156.0
156.0
156.0
156.0
156.0
156.0
156.0
156.0
156.0
156.0
156.0
156.0
156.0
156.0
156.0
156.0
156.0
156.0
156.0
156.0
156.0
156.0
156.0
156.0
156.0
156.0
156.0
156.0
156.0
156.0
156.0
156.0
156.0
156.0
156.0
156.0
156.0
156.0
156.0
156.0
156.0
156.0
156.0
156.0
156.0
156.0
156.0
156.0
156.0
156.0
156.0
156.0
156.0
156.0
156.0
156.0
156.0
156.0
156.0
156.0
156.0
156.0
156.0
156.0
156.0
156.0
156.0
156.0
156.0
156.0
156.0
156.0
156.0
156.0
156.0
156.0
156.0
156.0
156.0
156.0
156.0
156.0
156.0
156.0
156.0
156.0
156.0
156.0
156.0
156.0
156.0
156.0
156.0
156.0
156.0
156.0
156.0
156.0
156.0
156.0
156.0
156.0
156.0
156.0
156.0
156.0
156.0
156.0
156.0
156.0
156.0
156.0
156.0
156.0
156.0
156.0
156.0
156.0
156.0
156.0
156.0
156.0
156.0
156.0
156.0
156.0
156.0
156.0
156.0
156.0
156.0
156.0
156.0
156.0
156.0
156.0
156.0
156.0
156.0
156.0
156.0
156.0
156.0
156.0
156.0
156.0
156.0
156.0
156.0
156.0
156.0
156.0
156.0
156.0
156.0
156.0
156.0
156.0
156.0
156.0
156.0
156.0
156.0
156.0
156.0
156.0
156.0
156.0
156.0
156.0
156.0
156.0
156.0
156.0
156.0
156.0
156.0
156.0
156.0
156.0
156.0
156.0
156.0
156.0
156.0
156.0
156.0
156.0
156.0
156.0
156.0
156.0
156.0
156.0
156.0
156.0
156.0
156.0
156.0
156.0
156.0
156.0
156.0
156.0
156.0
156.0
156.0
156.0
156.0
156.0
156.0
156.0
156.0
156.0
156.0
156.0
156.0
156.0
156.0
156.0
156.0
156.0
156.0
156.0
156.0
156.0
156.0
156.0
156.0
156.0
156.0
156.0
156.0
156.0
156.0
156.0
156.0
156.0
156.0
156.0
156.0
156.0
156.0
156.0
156.0
156.0
156.0
156.0
156.0
156.0
156.0
156.0
156.0
156.0
156.0
156.0
156.0
156.0
156.0
156.0
156.0
156.0
156.0
156.0
156.0
156.0
156.0
156.0
156.0
156.0
156.0
156.0
156.0
156.0
156.0
156.0
156.0
156.0
156.0
156.0
156.0
156.0
156.0
156.0
156.0
156.0
156.0
156.0
156.0
156.0
156.0
156.0
156.0
156.0
156.0
156.0
156.0
156.0
156.0
156.0
156.0
156.0
156.0
156.0
156.0
156.0
156.0
156.0
156.0
156.0
156.0
156.0
156.0
156.0
156.0
156.0
156.0
156.0
156.0
156.0
156.0
156.0
156.0
156.0
156.0
156.0
156.0
156.0
156.0
156.0
156.0
156.0
156.0
156.0
156.0
156.0
156.0
156.0
156.0
156.0
156.0
156.0
156.0
156.0
156.0
156.0
156.0
156.0
156.0
156.0
156.0
156.0
156.0
156.0
156.0
156.0
156.0
156.0
156.0
156.0
156.0
156.0
156.0
156.0
156.0
156.0
156.0
156.0
156.0
156.0
156.0
156.0
156.0
156.0
156.0
156.0
156.0
156.0
156.0
156.0
156.0
156.0
156.0
156.0
156.0
156.0
156.0
156.0
156.0
156.0
156.0
156.0
156.0
156.0
156.0
156.0
156.0
156.0
156.0
156.0
156.0
156.0
156.0
156.0
156.0
156.0
156.0
156.0
156.0
156.0
156.0
156.0
156.0
156.0
156.0
156.0
156.0
156.0
156.0
156.0
156.0
156.0
156.0
156.0
156.0
156.0
156.0
156.0
156.0
156.0
156.0
156.0
156.0
156.0
156.0
156.0
156.0
156.0
156.0
156.0
156.0
156.0
156.0
156.0
156.0
156.0
156.0
156.0
156.0
156.0
156.0
156.0
156.0
156.0
156.0
156.0
156.0
156.0
156.0
156.0
156.0
156.0
156.0
156.0
156.0
156.0
156.0
156.0
156.0
156.0
156.0
156.0
156.0
156.0
156.0
156.0
156.0
156.0
156.0
156.0
156.0
156.0
156.0
156.0
156.0
156.0
156.0
156.0
156.0
156.0
156.0
156.0
156.0
156.0
156.0
156.0
156.0
156.0
156.0
156.0
156.0
156.0
156.0
156.0
156.0
156.0
156.0
156.0
156.0
156.0
156.0
156.0
156.0
156.0
156.0
156.0
156.0
156.0
156.0
156.0
156.0
156.0
156.0
156.0
156.0
156.0
156.0
156.0
156.0
156.0
156.0
156.0
156.0
156.0
156.0
156.0
156.0
156.0
156.0
156.0
156.0
156.0
156.0
156.0
156.0
156.0
156.0
156.0
156.0
156.0
156.0
156.0
156.0
156.0
156.0
156.0
156.0
156.0
156.0
156.0
156.0
156.0
156.0
156.0
156.0
156.0
156.0
156.0
156.0
156.0
156.0
156.0
156.0
156.0
156.0
156.0
156.0
156.0
156.0
156.0
156.0
156.0
156.0
156.0
156.0
156.0
156.0
156.0
156.0
156.0
156.0
156.0
156.0
156.0
156.0
156.0
156.0
156.0
156.0
156.0
156.0
156.0
156.0
156.0
156.0
156.0
156.0
156.0
156.0
156.0
156.0
156.0
156.0
156.0
156.0
156.0
156.0
156.0
156.0
156.0
156.0
156.0
156.0
156.0
156.0
156.0
156.0
156.0
156.0
156.0
156.0
156.0
156.0
156.0
156.0
156.0
156.0
156.0
156.0
156.0
156.0
156.0
156.0
156.0
156.0
156.0
156.0
156.0
156.0
156.0
156.0
156.0
156.0
156.0
156.0
156.0
156.0
156.0
156.0
156.0
156.0
156.0
156.0
156.0
156.0
156.0
156.0
156.0
156.0
156.0
156.0
156.0
156.0
156.0
156.0
156.0
156.0
156.0
156.0
156.0
156.0
156.0
156.0
156.0
156.0
156.0
156.0
156.0
156.0
156.0
156.0
156.0
156.0
156.0
156.0
156.0
156.0
156.0
156.0
156.0
156.0
156.0
156.0
156.0
156.0
156.0
156.0
156.0
156.0
156.0
156.0
156.0
156.0
156.0
156.0
156.0
156.0
156.0
156.0
156.0
156.0
156.0
156.0
156.0
156.0
156.0
156.0
156.0
156.0
156.0
156.0
156.0
156.0
156.0
156.0
156.0
156.0
156.0
156.0
156.0
156.0
156.0
156.0
156.0
156.0
156.0
156.0
156.0
156.0
156.0
156.0
156.0
156.0
156.0
156.0
156.0
156.0
156.0
156.0
156.0
156.0
156.0
156.0
156.0
156.0
156.0
156.0
156.0
156.0
156.0
156.0
156.0
156.0
156.0
156.0
156.0
156.0
156.0
156.0
156.0
156.0
156.0
156.0
156.0
156.0
156.0
156.0
156.0
156.0
156.0
156.0
156.0
156.0
156.0
156.0
156.0
156.0
156.0
156.0
156.0
156.0
156.0
156.0
156.0
156.0
156.0
156.0
156.0
156.0
156.0
156.0
156.0
156.0
156.0
156.0
156.0
156.0
156.0
156.0
156.0
156.0
156.0
156.0
156.0
156.0
156.0
156.0
156.0
156.0
156.0
156.0
156.0
156.0
156.0
156.0
156.0
156.0
156.0
156.0
156.0
156.0
156.0
156.0
156.0
156.0
156.0
156.0
156.0
156.0
156.0
156.0
156.0
156.0
156.0
156.0
156.0
156.0
156.0
156.0
156.0
156.0
156.0
156.0
156.0
156.0
156.0
156.0
156.0
156.0
156.0
156.0
156.0
156.0
156.0
156.0
156.0
156.0
156.0
156.0
156.0
156.0
156.0
156.0
156.0
156.0
156.0
156.0
156.0
156.0
156.0
156.0
156.0
156.0
156.0
156.0
156.0
156.0
156.0
156.0
156.0
156.0
156.0
156.0
156.0
156.0
156.0
156.0
156.0
156.0
156.0
156.0
156.0
156.0
156.0
156.0
156.0
156.0
156.0
156.0
156.0
156.0
156.0
156.0
156.0
156.0
156.0
156.0
156.0
156.0
156.0
156.0
156.0
156.0
156.0
156.0
156.0
156.0
156.0
156.0
156.0
156.0
156.0
156.0
156.0
156.0
156.0
156.0
156.0
156.0
156.0
156.0
156.0
156.0
156.0
156.0
156.0
156.0
156.0
156.0
156.0
156.0
156.0
156.0
156.0
156.0
156.0
156.0
156.0
156.0
156.0
156.0
156.0
156.0
156.0
156.0
156.0
156.0
156.0
156.0
156.0
156.0
156.0
156.0
156.0
156.0
156.0
156.0
156.0
156.0
156.0
156.0
156.0
156.0
156.0
156.0
156.0
156.0
156.0
156.0
156.0
156.0
156.0
156.0
156.0
156.0
156.0
156.0
156.0
156.0
156.0
156.0
156.0
156.0
156.0
156.0
156.0
156.0
156.0
156.0
156.0
156.0
156.0
156.0
156.0
156.0
156.0
156.0
156.0
156.0
156.0
156.0
156.0
156.0
156.0
156.0
156.0
156.0
156.0
156.0
156.0
156.0
156.0
156.0
156.0
156.0
156.0
156.0
156.0
156.0
156.0
156.0
156.0
156.0
156.0
156.0
156.0
156.0
156.0
156.0
156.0
156.0
156.0
156.0
156.0
156.0
156.0
156.0
156.0
156.0
156.0
156.0
156.0
156.0
156.0
156.0
156.0
156.0
156.0
156.0
156.0
156.0
156.0
156.0
156.0
156.0
156.0
156.0
156.0
156.0
156.0
156.0
156.0
156.0
156.0
156.0
156.0
156.0
156.0
156.0
156.0
156.0
156.0
156.0
156.0
156.0
156.0
156.0
156.0
156.0
156.0
156.0
156.0
156.0
156.0
156.0
156.0
156.0
156.0
156.0
156.0
156.0
156.0
156.0
156.0
156.0
156.0
156.0
156.0
156.0
156.0
156.0
156.0
156.0
156.0
156.0
156.0
156.0
156.0
156.0
156.0
156.0
156.0
156.0
156.0
156.0
156.0
156.0
156.0
156.0
156.0
156.0
156.0
156.0
156.0
156.0
156.0
156.0
156.0
156.0
156.0
156.0
156.0
156.0
156.0
156.0
156.0
156.0
156.0
156.0
156.0
156.0
156.0
156.0
156.0
156.0
156.0
156.0
156.0
156.0
156.0
156.0
156.0
156.0
156.0
156.0
156.0
156.0
156.0
156.0
156.0
156.0
156.0
156.0
156.0
156.0
156.0
156.0
156.0
156.0
156.0
156.0
156.0
156.0
156.0
156.0
156.0
156.0
156.0
156.0
156.0
156.0
156.0
156.0
156.0
156.0
156.0
156.0
156.0
156.0
156.0
156.0
156.0
156.0
156.0
156.0
156.0
156.0
156.0
156.0
156.0
156.0
156.0
156.0
156.0
156.0
156.0
156.0
156.0
156.0
156.0
156.0
156.0
156.0
156.0
156.0
156.0
156.0
156.0
156.0
156.0
156.0
156.0
156.0
156.0
156.0
156.0
156.0
156.0
156.0
156.0
156.0
156.0
156.0
156.0
156.0
156.0
156.0
156.0
156.0
156.0
156.0
156.0
156.0
156.0
156.0
156.0
156.0
156.0
156.0
156.0
156.0
156.0
156.0
156.0
156.0
156.0
156.0
156.0
156.0
156.0
156.0
156.0
156.0
156.0
156.0
156.0
156.0
156.0
156.0
156.0
156.0
156.0
156.0
156.0
156.0
156.0
156.0
156.0
156.0
156.0
156.0
156.0
156.0
156.0
156.0
156.0
156.0
156.0
156.0
156.0
156.0
156.0
156.0
156.0
156.0
156.0
156.0
156.0
156.0
156.0
156.0
156.0
156.0
156.0
156.0
156.0
156.0
156.0
156.0
156.0
156.0
156.0
156.0
156.0
156.0
156.0
156.0
156.0
156.0
156.0
156.0
156.0
156.0
156.0
156.0
156.0
156.0
156.0
156.0
156.0
156.0
156.0
156.0
156.0
156.0
156.0
156.0
156.0
156.0
156.0
156.0
156.0
156.0
156.0
156.0
156.0
156.0
156.0
156.0
156.0
156.0
156.0
156.0
156.0
156.0
156.0
156.0
156.0
156.0
156.0
156.0
156.0
156.0
156.0
156.0
156.0
156.0
156.0
156.0
156.0
156.0
156.0
156.0
156.0
156.0
156.0
156.0
156.0
156.0
156.0
156.0
156.0
156.0
156.0
156.0
156.0
156.0
156.0
156.0
156.0
156.0
156.0
156.0
156.0
156.0
156.0
156.0
156.0
156.0
156.0
156.0
156.0
156.0
156.0
156.0
156.0
156.0
156.0
156.0
156.0
156.0
156.0
156.0
156.0
156.0
156.0
156.0
156.0
156.0
156.0
156.0
156.0
156.0
156.0
156.0
156.0
156.0
156.0
156.0
156.0
156.0
156.0
156.0
156.0
156.0
156.0
156.0
156.0
156.0
156.0
156.0
156.0
156.0
156.0
156.0
156.0
156.0
156.0
156.0
156.0
156.0
156.0
156.0
156.0
156.0
156.0
156.0
156.0
156.0
156.0
156.0
156.0
156.0
156.0
156.0
156.0
156.0
156.0
156.0
156.0
156.0
156.0
156.0
156.0
156.0
156.0
156.0
156.0
156.0
156.0
156.0
156.0
156.0
156.0
156.0
156.0
156.0
156.0
156.0
156.0
156.0
156.0
156.0
156.0
156.0
156.0
156.0
156.0
156.0
156.0
156.0
156.0
156.0
156.0
156.0
156.0
156.0
156.0
156.0
156.0
156.0
156.0
156.0
156.0
156.0
156.0
156.0
156.0
156.0
156.0
156.0
156.0
156.0
156.0
156.0
156.0
156.0
156.0
156.0
156.0
156.0
156.0
156.0
156.0
156.0
156.0
156.0
156.0
156.0
156.0
156.0
156.0
156.0
156.0
156.0
156.0
156.0
156.0
156.0
156.0
156.0
156.0
156.0
156.0
156.0
156.0
156.0
156.0
156.0
156.0
156.0
156.0
156.0
156.0
156.0
156.0
156.0
156.0
156.0
156.0
156.0
156.0
156.0
156.0
156.0
156.0
156.0
156.0
156.0
156.0
156.0
156.0
156.0
156.0
156.0
156.0
156.0
156.0
156.0
156.0
156.0
156.0
156.0
156.0
156.0
156.0
156.0
156.0
156.0
156.0
156.0
156.0
156.0
156.0
156.0
156.0
156.0
156.0
156.0
156.0
156.0
156.0
156.0
156.0
156.0
156.0
156.0
156.0
156.0
156.0
156.0
156.0
156.0
156.0
156.0
156.0
156.0
156.0
156.0
156.0
156.0
156.0
156.0
156.0
156.0
156.0
156.0
156.0
156.0
156.0
156.0
156.0
156.0
156.0
156.0
156.0
156.0
156.0
156.0
156.0
156.0
156.0
156.0
156.0
156.0
156.0
156.0
156.0
156.0
156.0
156.0
156.0
156.0
156.0
156.0
156.0
156.0
156.0
156.0
156.0
156.0
156.0
156.0
156.0
156.0
156.0
156.0
156.0
156.0
156.0
156.0
156.0
156.0
156.0
156.0
156.0
156.0
156.0
156.0
156.0
156.0
156.0
156.0
156.0
156.0
156.0
156.0
156.0
156.0
156.0
156.0
156.0
156.0
156.0
156.0
156.0
156.0
156.0
156.0
156.0
156.0
156.0
156.0
156.0
156.0
156.0
156.0
156.0
156.0
156.0
156.0
156.0
156.0
156.0
156.0
156.0
156.0
156.0
156.0
156.0
156.0
156.0
156.0
156.0
156.0
156.0
156.0
156.0
156.0
156.0
156.0
156.0
156.0
156.0
156.0
156.0
156.0
156.0
156.0
156.0
156.0
156.0
156.0
156.0
156.0
156.0
156.0
156.0
156.0
156.0
156.0
156.0
156.0
156.0
156.0
156.0
156.0
156.0
156.0
156.0
156.0
156.0
156.0
156.0
156.0
156.0
156.0
156.0
156.0
156.0
156.0
156.0
156.0
156.0
156.0
156.0
156.0
156.0
156.0
156.0
156.0
156.0
156.0
156.0
156.0
156.0
156.0
156.0
156.0
156.0
156.0
156.0
156.0
156.0
156.0
156.0
156.0
156.0
156.0
156.0
156.0
156.0
156.0
156.0
156.0
156.0
156.0
156.0
156.0
156.0
156.0
156.0
156.0
156.0
156.0
156.0
156.0
156.0
156.0
156.0
156.0
156.0
156.0
156.0
156.0
156.0
156.0
156.0
156.0
156.0
156.0
156.0
156.0
156.0
156.0
156.0
156.0
156.0
156.0
156.0
156.0
156.0
156.0
156.0
156.0
156.0
156.0
156.0
156.0
156.0
156.0
156.0
156.0
156.0
156.0
156.0
156.0
156.0
156.0
156.0
156.0
156.0
156.0
156.0
156.0
156.0
156.0
156.0
156.0
156.0
156.0
156.0
156.0
156.0
156.0
156.0
156.0
156.0
156.0
156.0
156.0
156.0
156.0
156.0
156.0
155.999999999
155.999999999
156.0
156.000000001
156.000000001
156.0
155.999999999
155.999999999
156.0
156.000000001
156.000000001
156.0
155.999999999
155.999999999
156.0
156.000000001
156.000000001
156.0
155.999999999
155.999999999
156.0
156.000000002
156.000000002
156.0
155.999999998
155.999999998
156.0
156.000000002
156.000000002
156.0
155.999999997
155.999999997
156.0
156.000000003
156.000000003
156.0
155.999999996
155.999999996
156.0
156.000000004
156.000000004
156.0
155.999999995
155.999999995
156.0
156.000000006
156.000000006
156.0
155.999999993
155.999999993
156.0
156.000000008
156.000000008
156.0
155.999999991
155.99999999
156.0
156.000000011
156.000000011
156.0
155.999999987
155.999999987
156.0
156.000000015
156.000000016
156.0
155.999999983
155.999999982
156.0
156.00000002
156.000000021
156.0
155.999999976
155.999999975
156.0
156.000000028
156.00000003
156.0
155.999999967
155.999999965
156.0
156.000000039
156.000000041
156.0
155.999999955
155.999999952
156.0
156.000000053
156.000000056
156.0
155.999999938
155.999999934
156.0
156.000000073
156.000000077
156.0
155.999999914
155.99999991
156.0
156.000000101
156.000000106
156.0
155.999999882
155.999999876
156.0
156.000000138
156.000000146
156.0
155.999999838
155.999999829
156.0
156.000000191
156.000000201
156.0
155.999999776
155.999999764
156.0
156.000000262
156.000000277
156.0
155.999999692
155.999999675
156.0
156.000000361
156.000000381
156.0
155.999999576
155.999999553
156.0
156.000000497
156.000000524
156.0
155.999999417
155.999999385
156.0
156.000000684
156.000000722
156.0
155.999999197
155.999999153
156.0
156.000000942
156.000000993
156.0
155.999998895
155.999998835
156.0
156.000001296
156.000001367
156.0
155.999998479
155.999998396
156.0
156.000001784
156.000001882
156.0
155.999997907
155.999997792
156.0
156.000002456
156.00000259
156.0
155.999997119
155.999996961
156.0
156.00000338
156.000003565
156.0
155.999996034
155.999995817
156.0
156.000004653
156.000004907
156.0
155.999994541
155.999994243
156.0
156.000006404
156.000006754
156.0
155.999992487
155.999992076
156.0
156.000008815
156.000009297
156.0
155.999989658
155.999989093
156.0
156.000012133
156.000012797
156.0
155.999985765
155.999984986
156.0
156.000016701
156.000017614
156.0
155.999980406
155.999979335
156.0
156.000022988
156.000024245
156.0
155.99997303
155.999971555
156.0
156.000031641
156.000033372
156.0
155.999962878
155.999960847
156.0
156.000043553
156.000045935
156.0
155.999948903
155.999946108
156.0
156.000059948
156.000063227
156.0
155.999929668
155.999925821
156.0
156.000082515
156.000087028
156.0
155.999903192
155.999897897
156.0
156.000113578
156.00011979
156.0
155.999866748
155.99985946
156.0
156.000156334
156.000164884
156.0
155.999816586
155.999806554
156.0
156.000215185
156.000226955
156.0
155.99974754
155.999733731
156.0
156.000296192
156.000312392
156.0
155.999652501
155.999633494
156.0
156.000407695
156.000429994
156.0
155.999521682
155.99949552
156.0
156.000561175
156.000591869
156.0
155.999341614
155.999305602
156.0
156.00077244
156.000814691
156.0
155.999093746
155.999044174
156.0
156.001063255
156.001121417
156.0
155.998752538
155.998684296
156.0
156.001463597
156.001543668
156.0
155.998282799
155.998188845
156.0
156.002014781
156.002125033
156.0
155.997636013
155.997506629
156.0
156.002773807
156.00292566
156.0
155.996745182
155.996566933
156.0
156.003819476
156.00402875
156.0
155.995517528
155.995271763
156.0
156.005261164
156.005549888
156.0
155.99382388
155.993484515
156.0
156.007251794
156.00765096
155.999999999
155.991482593
155.991012638
156.000000001
156.0100081
156.01056213
155.999999999
155.988233491
155.987579153
156.000000001
156.013844954
156.014619703
155.999999999
155.983691387
155.982770889
156.000000001
156.019240249
156.020339152
155.999999999
155.977252481
155.975931909
156.000000002
156.026974689
156.028576199
155.999999998
155.967877849
155.965910878
156.000000002
156.038480425
156.040939247
155.999999998
155.953507418
155.950356824
156.000000003
156.056876437
156.061057241
155.999999997
155.929115707
155.923280926
156.000000003
156.09091844
156.099693732
155.999999996
155.877774454
155.862944476
156.000000004
156.178711536
156.209293554
155.999999996
155.688330087
155.593713996
156.000000005
156.92647813
158.07352187
158.999999995
159.406286004
159.311669913
159.000000004
158.790706446
158.821288464
158.999999996
159.137055524
159.122225546
159.000000004
158.900306268
158.90908156
158.999999997
159.076719074
159.070884293
159.000000003
158.938942759
158.943123563
158.999999997
159.049643176
159.046492582
159.000000002
158.959060753
158.961519575
158.999999998
159.034089122
159.032122151
159.000000002
158.971423801
158.973025311
158.999999998
159.024068091
159.022747519
159.000000001
158.979660848
158.980759751
158.999999999
159.017229111
159.016308613
159.000000001
158.985380297
158.986155046
158.999999999
159.012420847
159.011766509
159.000000001
158.98943787
158.9899919
158.999999999
159.008987362
159.008517407
159.000000001
158.99234904
158.992748206
159.0
159.006515485
159.00617612
159.0
158.994450112
158.994738836
159.0
159.004728237
159.004482472
159.0
158.99597125
158.996180524
159.0
159.003433067
159.003254818
159.0
158.99707434
158.997226193
159.0
159.002493371
159.002363987
159.0
158.997874967
158.997985219
159.0
159.001811155
159.001717201
159.0
158.998456332
158.998536403
159.0
159.001315704
159.001247462
159.0
158.998878583
158.998936745
159.0
159.000955826
159.000906254
159.0
158.999185309
158.99922756
159.0
159.000694398
159.000658386
159.0
158.999408131
158.999438825
159.0
159.000504479
159.000478318
159.0
158.999570006
158.999592305
159.0
159.000366506
159.000347499
159.0
158.999687608
158.999703808
159.0
159.000266269
159.00025246
159.0
158.999773045
158.999784815
159.0
159.000193446
159.000183414
159.0
158.999835116
158.999843666
159.0
159.00014054
159.000133252
159.0
158.99988021
158.999886422
159.0
159.000102103
159.000096808
159.0
158.999912972
158.999917485
159.0
159.000074179
159.000070332
159.0
158.999936773
158.999940052
159.0
159.000053892
159.000051097
159.0
158.999954065
158.999956447
159.0
159.000039153
159.000037122
159.0
158.999966628
158.999968359
159.0
159.000028445
159.00002697
159.0
158.999975755
158.999977012
159.0
159.000020665
159.000019594
159.0
158.999982386
158.999983299
159.0
159.000015013
159.000014235
159.0
158.999987203
158.999987867
159.0
159.000010907
159.000010342
159.0
158.999990703
158.999991185
159.0
159.000007924
159.000007513
159.0
158.999993246
158.999993596
159.0
159.000005757
159.000005459
159.0
158.999995093
158.999995347
159.0
159.000004183
159.000003966
159.0
158.999996435
158.99999662
159.0
159.000003039
159.000002881
159.0
158.99999741
158.999997544
159.0
159.000002208
159.000002093
159.0
158.999998118
158.999998216
159.0
159.000001604
159.000001521
159.0
158.999998633
158.999998704
159.0
159.000001165
159.000001105
159.0
158.999999007
158.999999058
159.0
159.000000847
159.000000803
159.0
158.999999278
158.999999316
159.0
159.000000615
159.000000583
159.0
158.999999476
158.999999503
159.0
159.000000447
159.000000424
159.0
158.999999619
158.999999639
159.0
159.000000325
159.000000308
159.0
158.999999723
158.999999738
159.0
159.000000236
159.000000224
159.0
158.999999799
158.999999809
159.0
159.000000171
159.000000162
159.0
158.999999854
158.999999862
159.0
159.000000124
159.000000118
159.0
158.999999894
158.999999899
159.0
159.00000009
159.000000086
159.0
158.999999923
158.999999927
159.0
159.000000066
159.000000062
159.0
158.999999944
158.999999947
159.0
159.000000048
159.000000045
159.0
158.999999959
158.999999961
159.0
159.000000035
159.000000033
159.0
158.99999997
158.999999972
159.0
159.000000025
159.000000024
159.0
158.999999979
158.99999998
159.0
159.000000018
159.000000017
159.0
158.999999984
158.999999985
159.0
159.000000013
159.000000013
159.0
158.999999989
158.999999989
159.0
159.00000001
159.000000009
159.0
158.999999992
158.999999992
159.0
159.000000007
159.000000007
159.0
158.999999994
158.999999994
159.0
159.000000005
159.000000005
159.0
158.999999996
158.999999996
159.0
159.000000004
159.000000004
159.0
158.999999997
158.999999997
159.0
159.000000003
159.000000003
159.0
158.999999998
158.999999998
159.0
159.000000002
159.000000002
159.0
158.999999998
158.999999998
159.0
159.000000001
159.000000001
159.0
158.999999999
158.999999999
159.0
159.000000001
159.000000001
159.0
158.999999999
158.999999999
159.0
159.000000001
159.000000001
159.0
158.999999999
158.999999999
159.0
159.000000001
159.000000001
159.0
159.0
159.0
159.0
159.0
159.0
159.0
159.0
159.0
159.0
159.0
159.0
159.0
159.0
159.0
159.0
159.0
159.0
159.0
159.0
159.0
159.0
159.0
159.0
159.0
159.0
159.0
159.0
159.0
159.0
159.0
159.0
159.0
159.0
159.0
159.0
159.0
159.0
159.0
159.0
159.0
159.0
159.0
159.0
159.0
159.0
159.0
159.0
159.0
159.0
159.0
159.0
159.0
159.0
159.0
159.0
159.0
159.0
159.0
159.0
159.0
159.0
159.0
159.0
159.0
159.0
159.0
159.0
159.0
159.0
159.0
159.0
159.0
159.0
159.0
159.0
159.0
159.0
159.0
159.0
159.0
159.0
159.0
159.0
159.0
159.0
159.0
159.0
159.0
159.0
159.0
159.0
159.0
159.0
159.0
159.0
159.0
159.0
159.0
159.0
159.0
159.0
159.0
159.0
159.0
159.0
159.0
159.0
159.0
159.000000001
159.000000001
159.0
158.999999999
158.999999999
159.0
159.000000001
159.000000001
159.0
158.999999999
158.999999999
159.0
159.000000001
159.000000001
159.0
158.999999999
158.999999999
159.0
159.000000001
159.000000001
159.0
158.999999998
158.999999998
159.0
159.000000002
159.000000002
159.0
158.999999998
158.999999998
159.0
159.000000003
159.000000003
159.0
158.999999997
158.999999997
159.0
159.000000003
159.000000004
159.0
158.999999996
158.999999996
159.0
159.000000005
159.000000005
159.0
158.999999994
158.999999994
159.0
159.000000007
159.000000007
159.0
158.999999992
158.999999992
159.0
159.000000009
159.00000001
159.0
158.999999989
158.999999989
159.0
159.000000013
159.000000013
159.0
158.999999985
158.999999984
159.0
159.000000017
159.000000018
159.0
158.99999998
158.999999979
159.0
159.000000024
159.000000025
159.0
158.999999972
158.999999971
159.0
159.000000033
159.000000034
159.0
158.999999962
158.99999996
159.0
159.000000045
159.000000047
159.0
158.999999947
158.999999944
159.0
159.000000062
159.000000065
159.0
158.999999927
158.999999923
159.0
159.000000085
159.00000009
159.0
158.9999999
158.999999895
159.0
159.000000117
159.000000124
159.0
158.999999862
158.999999855
159.0
159.000000161
159.00000017
159.0
158.999999811
158.9999998
159.0
159.000000222
159.000000234
159.0
158.999999739
158.999999725
159.0
159.000000306
159.000000323
159.0
158.999999641
158.999999622
159.0
159.000000421
159.000000444
159.0
158.999999506
158.999999479
159.0
159.000000579
159.000000611
159.0
158.99999932
158.999999283
159.0
159.000000798
159.000000841
159.0
158.999999064
158.999999013
159.0
159.000001098
159.000001158
159.0
158.999998712
158.999998642
159.0
159.000001511
159.000001594
159.0
158.999998227
158.99999813
159.0
159.00000208
159.000002194
159.0
158.99999756
158.999997426
159.0
159.000002863
159.00000302
159.0
158.999996641
158.999996457
159.0
159.000003941
159.000004156
159.0
158.999995377
158.999995124
159.0
159.000005424
159.000005721
159.0
158.999993636
158.999993288
159.0
159.000007466
159.000007874
159.0
158.999991241
158.999990762
159.0
159.000010277
159.000010839
159.0
158.999987943
158.999987284
159.0
159.000014145
159.000014919
159.0
158.999983405
158.999982497
159.0
159.00001947
159.000020535
159.0
158.999977157
158.999975908
159.0
159.0000268
159.000028266
159.0
158.999968558
158.999966838
159.0
159.000036889
159.000038907
159.0
158.999956721
158.999954353
159.0
159.000050777
159.000053554
159.0
158.999940426
158.999937168
159.0
159.000069895
159.000073718
159.0
158.999917995
158.999913509
159.0
159.000096214
159.000101478
159.0
158.999887112
158.999880935
159.0
159.000132454
159.000139703
159.0
158.999844584
158.999836076
159.0
159.000182368
159.000192355
159.0
158.999785994
158.999774268
159.0
159.000251155
159.000264926
159.0
158.999705212
158.999689033
159.0
159.000346057
159.000365074
159.0
158.999593665
158.999571297
159.0
159.000477258
159.000503595
159.0
158.999439201
158.999408151
159.0
159.000659349
159.000696023
159.0
158.999224158
158.999180734
159.0
159.00091393
159.000965524
159.0
158.998921757
158.998860171
159.0
159.001274782
159.001348763
159.0
158.998488466
158.998398831
159.0
159.001799462
159.001909325
159.0
158.99784585
158.997709099
159.0
159.00259862
159.002772356
159.0
158.996831653
158.996604917
159.0
159.003920607
159.00422704
159.0
158.99504714
158.994613895
159.0
159.006441375
159.007090422
159.0
158.99127064
158.990223049
159.0
159.012549838
159.014413651
159.0
158.980330801
158.976550071
159.0
159.035105161
159.044341594
159.0
158.923041475
158.892994277
159.0
159.241483981
159.404869876
