-5.00737560863	-3.14160157398	-6.87314964329
-2.76214948525	-1.03481729714	-4.48922611874
-0.673084007548	0.925572569051	-2.27126529785
1.27068215689	2.74974055327	-0.207713278515
3.0792549098	4.44715232427	1.71217948802
4.76203726418	6.0266158086	3.49841419424
6.32777823184	7.49632689518	5.16029577496
7.78461831067	8.86391196406	6.7064813791
9.14013180818	10.13646746	8.14502546681
10.4013662214	11.320596716	9.48342176721
11.5748788776	12.4224442185	10.728642315
12.666771027	13.4477274911	11.8871737695
13.6827195638	14.401766763	12.9650512054
14.628006541	15.289512576	13.9678895506
15.5075466327	16.1155714728	14.9009128361
16.3259126863	16.8842299007	15.7689814092
17.0873594969	17.599476454	16.576617252
17.7958459288	18.2650225711	17.3280275378
18.4550554984	18.884321793	18.0271265471
19.0684155248	19.4605876841	18.6775560582
19.6391149493	19.9968105076	19.2827043181
20.1701209151	20.4957727414	19.8457236923
20.6641941935	20.9600635175	20.3695470871
21.1239035379	21.3920920561	20.856903227
21.5516390392	21.7941001679	21.3103308697
21.9496245516	22.1681738864	21.732192031
22.3199292554	22.5162542926	22.1246842893
22.6644784146	22.8401475875	22.489852233
22.9850633866	23.1415344641	22.8295981115
23.2833509357	23.4219788291	23.1456917445
23.5608918992	23.6829359178	23.4397797412
23.8191292496	23.9257598451	23.7133940782
24.0594055979	24.1517106325	23.9679600796
24.282970173	24.3619607463	24.2048038424
24.4909853172	24.5576011813	24.4251591436
24.6845325292	24.7396471224	24.6301738682
24.8646180871	24.9090432119	24.8209159882
25.0321782799	25.0666684519	24.998379126
25.1880842755	25.2133407651	25.1634877306
25.3331466502	25.3498212389	25.3171018934
25.4681196027	25.4768180752	25.4600218282
25.5937048757	25.5949902647	25.5929920399
25.7105554039	25.7049510069	25.7167052031
25.8192787088	25.8072708918	25.8318057699
25.9204400576	25.9024808607	25.9388933275
26.0145654016	25.9910749614	26.0385257211
26.1021441114	26.0735129114	26.1312219605
26.1836315202	26.1502224843	26.217464923
26.2594512921	26.2216017284	26.2977038694
26.3299976244	26.2880210331	26.3723567841
26.3956372968	26.3498250504	26.4418125524
26.456711579	26.4073344834	26.5064329864
26.5135380042	26.4608477505	26.5665547098
26.5664120207	26.5106425337	26.6224909115
26.6156085276	26.55697722	26.6745329768
26.6613833042	26.6000922415	26.7229520057
26.7039743397	26.6402113236	26.7680002247
26.7436030707	26.6775426454	26.8099123011
26.7804755322	26.7122799205	26.8489065651
26.8147834291	26.7446034018	26.8851861474
26.8467051328	26.7746808168	26.9189400374
26.8764066085	26.8026682384	26.9503440672
26.9040422782	26.8287108941	26.9795618281
26.9297558234	26.8529439202	27.0067455228
26.9536809324	26.8754930626	27.0320367576
26.975941995	26.8964753297	27.0555672808
26.9966547494	26.9159995991	27.0774596688
27.0159268841	26.9341671828	27.0978279643
27.0338585974	26.9510723532	27.1167782708
27.0505431188	26.9668028316	27.134409305
27.0660671934	26.9814402441	27.1508129114
27.0805115328	26.9950605447	27.1660745404
27.0939512351	27.0077344096	27.1802736935
27.1064561752	27.0195276039	27.1934843376
27.1180913679	27.0305013229	27.2057752902
27.1289173062	27.0407125095	27.2172105779
27.1389902756	27.05021415	27.2278497699
27.1483626467	27.0590555487	27.2377482884
27.1570831479	27.0672825839	27.2469576971
27.1651971181	27.0749379459	27.2555259702
27.1727467431	27.0820613588	27.2634977418
27.1797712742	27.0886897861	27.270914539
27.186307233	27.0948576229	27.2778149975
27.1923886008	27.1005968744	27.2842350637
27.1980469956	27.1059373217	27.2902081811
27.2033118359	27.1109066767	27.2957654653
27.2082104944	27.1155307254	27.3009358655
27.21276844	27.1198334621	27.3057463155
27.21700937	27.123837214	27.3102218742
27.2209553335	27.1275627567	27.3143858559
27.2246268462	27.131029422	27.3182599517
27.2280429967	27.1342551987	27.3218643429
27.2312215461	27.1372568254	27.3252178054
27.2341790201	27.1400498777	27.3283378084
27.2369307949	27.1426488487	27.3312406048
27.2394911775	27.1450672247	27.3339413158
27.2418734795	27.1473175547	27.3364540102
27.244090087	27.1494115156	27.3387917771
27.2461525243	27.1513599732	27.3409667947
27.2480715144	27.1531730381	27.342990393
27.2498570343	27.1548601183	27.3448731136
27.2515183671	27.1564299681	27.346624764
27.2530641504	27.1578907335	27.3482544689
27.254502421	27.1592499945	27.3497707179
27.2558406565	27.1605148044	27.3511814095
27.2570858147	27.1616917262	27.3524938923
27.2582443692	27.1627868672	27.3537150034
27.2593223436	27.1638059099	27.3548511038
27.2603253424	27.1647541422	27.3559081118
27.2612585803	27.1656364846	27.3568915336
27.2621269094	27.1664575155	27.3578064921
27.2629348442	27.1672214954	27.3586577535
27.2636865853	27.1679323885	27.3594497522
27.264386041	27.1685938836	27.360186614
27.265036848	27.1692094134	27.3608721773
27.2656423899	27.1697821717	27.3615100135
27.2662058149	27.1703151307	27.3621034451
