3.13375842707	-2.21603357435	8.48355042849
3.1383601075	0.133653274295	6.1430669407
3.0660984935	1.92614513748	4.20605184951
2.99999999998	2.99998091814	3.00001908182
2.98701377195	2.5839238482	3.39010369569
3.00800320069	2.7177675591	3.29823884229
3.00000000007	2.99998095562	3.00001904451
2.9290209816	2.74600195686	3.11204000634
2.86633966247	2.71116943616	3.02150988879
2.99999999985	2.99998118133	3.00001881838
3.54527385993	3.42381780081	3.66672991905
4.59299700329	4.48212124625	4.70387276033
6.00000000026	5.99998140273	6.00001859779
7.41985585209	7.32330705046	7.51640465372
8.48073904197	8.38911767897	8.57236040497
8.99999999961	8.99998178158	9.00001821764
9.07901217637	8.99447104009	9.16355331265
8.99997317623	8.91799024409	9.08195610837
9.00000000049	8.99998208086	9.00001792012
9.10311330279	9.02493086724	9.18129573834
9.14995322074	9.07318283821	9.22672360328
8.99999999942	8.99998185482	9.00001814402
8.72729819472	8.65266644138	8.80192994807
8.62590938791	8.55208521044	8.69973356539
9.00000000061	8.99998110099	9.00001890023
9.90418213817	9.83159500635	9.97676926999
11.0549936561	10.9828781087	11.1271092035
11.9999999994	11.9999806237	12.0000193751
12.4187507619	12.3473623947	12.4901391291
12.3216356596	12.2505260326	12.3927452866
12.0000000005	11.9999806764	12.0000193247
11.7849809014	11.7143026796	11.8556591232
11.8173795861	11.7468671976	11.8878919745
11.9999999995	11.9999809612	12.0000190378
12.1378166478	12.0675612941	12.2080720015
12.1216237085	12.0514672033	12.1917802137
12.0000000004	11.9999809389	12.0000190618
11.9032676887	11.8332642081	11.9732711694
11.9130558584	11.8431110362	11.9830006806
11.9999999997	11.9999806313	12.000019368
12.0710206843	12.001166068	12.1408753007
12.0644638118	11.9946433606	12.1342842629
12.0000000002	11.9999805944	12.000019406
11.9465519682	11.8767829429	12.0163209936
11.9512085759	11.8814582953	12.0209588565
11.9999999998	11.9999807786	12.000019221
12.0408217345	11.9710977231	12.110545746
12.0374020162	11.967686285	12.1071177475
12.0000000001	11.9999809802	12.0000190201
11.9685118793	11.898804197	12.0382195616
11.9710700136	11.9013623314	12.0407776958
11.9999999999	11.9999809881	12.0000190116
12.0244833397	11.9547676085	12.0941990709
12.0225533349	11.9528293234	12.0922773464
12.0000000001	11.9999806739	12.0000193262
11.9808055447	11.911055264	12.0505558254
11.9822628215	11.9124937961	12.0520318469
11.9999999999	11.9999803374	12.0000196625
12.0152073697	11.9453869185	12.0850278209
12.0141147887	11.9442601723	12.0839694051
12.0	11.9999804558	12.0000195443
11.9877680681	11.9178232458	12.0577128904
11.9885726065	11.9185691258	12.0585760873
12.0	11.9999806463	12.0000193536
12.010062179	11.9399056737	12.0802186843
12.009491588	11.9392362341	12.0797469418
12.0	11.999980493	12.0000195071
11.9914457119	11.9209333234	12.0619581004
11.9918187315	11.9211405097	12.0624969534
12.0	11.9999804949	12.000019505
12.0076149766	11.9365053497	12.0787246036
12.0074188439	11.9360304767	12.0788072111
12.0	11.9999807734	12.0000192266
11.9928017916	11.9206862443	12.064917339
11.9928250794	11.9202379476	12.0654122111
12.0	11.9999811828	12.0000188171
12.0073122233	11.9334880458	12.0811364008
12.0074802242	11.9328484707	12.0821119776
12.0	11.9999814681	12.0000185319
11.9919542339	11.9151838513	12.0687246166
11.9915373737	11.913354938	12.0697198094
12.0	11.999981415	12.000018585
12.0096401814	11.9276572491	12.0916231137
12.0104480059	11.9259068695	12.0949891423
12.0	11.9999812097	12.0000187902
11.9873076571	11.895686294	12.0789290202
11.9857458902	11.8891970884	12.0822946919
12.0	11.9999810279	12.0000189722
12.018807429	11.9079316719	12.1296831861
12.0221990136	11.9007429544	12.1436550727
12.0	11.999980927	12.000019073
11.9667577671	11.8115875408	12.1219279934
11.957360175	11.7743411503	12.1403791998
12.0	11.9999809467	12.0000190533
12.0806663648	11.7904307232	12.3709020064
12.1228789965	11.7197890728	12.5259689203
