-0.291234142207
0.0132199807268
0.316104725684
0.617428182381
0.917198398832
1.21542338157
1.51211109585
1.80726946587
2.10090637498
2.39302966591
2.68364714094
2.97276656214
3.26039565156
3.54654209147
3.83121352452
4.11441755397
4.39616174387
4.67645361931
4.95530066657
5.23271033334
5.50869002894
5.78324712447
6.05638895304
6.32812280998
6.59845595298
6.86739560236
7.13494894119
7.40112311552
7.66592523457
7.92936237091
8.19144156066
8.45216980365
8.71155406365
8.96960126853
9.22631831045
9.48171204601
9.73578929653
9.9885568481
10.2400214519
10.4901898242
10.7390686468
10.9866645669
11.2329841976
11.4780341178
11.7218208724
11.9643509728
12.2056308967
12.4456670884
12.6844659589
12.9220338864
13.1583772161
13.3935022603
13.627415299
13.8601225799
14.0916303181
14.3219446971
14.5510718683
14.7790179513
15.0057890345
15.2313911746
15.4558303972
15.6791126969
15.9012440371
16.1222303509
16.3420775404
16.5607914777
16.7783780043
16.9948429317
17.2101920414
17.4244310851
17.637565785
17.8496018337
18.0605448944
18.2704006011
18.4791745589
18.6868723438
18.8934995033
19.0990615562
19.3035639927
19.5070122749
19.7094118368
19.9107680841
20.1110863948
20.3103721193
20.5086305802
20.7058670728
20.9020868651
21.0972951978
21.2914972849
21.4846983131
21.6769034428
21.8681178074
22.0583465141
22.2475946437
22.4358672508
22.6231693639
22.8095059858
22.9948820931
23.1793026372
23.3627725437
23.5452967129
23.7268800197
23.9075273141
24.087243421
24.2660331403
24.4439012474
24.6208524929
24.796891603
24.9720232795
25.1462522
25.3195830179
25.4920203626
25.6635688399
25.8342330316
26.004017496
26.1729267677
26.3409653581
26.5081377555
26.6744484248
26.8399018079
27.0045023239
27.1682543692
27.3311623173
27.4932305194
27.6544633041
27.8148649777
27.9744398245
28.1331921065
28.2911260637
28.4482459145
28.6045558552
28.7600600609
28.9147626848
29.0686678588
29.2217796937
29.3741022788
29.5256396825
29.6763959522
29.8263751145
29.9755811751
30.1240181191
30.2716899111
30.4186004954
30.5647537956
30.7101537155
30.8548041384
30.9987089278
31.1418719273
31.2842969605
31.4259878316
31.5669483248
31.7071822052
31.8466932181
31.9854850899
32.1235615273
32.2609262184
32.397582832
32.533535018
32.6687864075
32.803340613
32.9372012283
33.0703718286
33.2028559708
33.3346571934
33.4657790166
33.5962249426
33.7259984553
33.8551030211
33.983542088
34.1113190865
34.2384374294
34.364900512
34.4907117119
34.6158743893
34.7403918873
34.8642675315
34.9875046305
35.1101064759
35.2320763423
35.3534174872
35.4741331516
35.5942265597
35.7137009191
35.8325594207
35.9508052391
36.0684415326
36.185471443
36.3018980962
36.4177246018
36.5329540533
36.6475895284
36.7616340889
36.8750907807
36.9879626343
37.1002526643
37.2119638697
37.3230992344
37.4336617266
37.5436542992
37.6530798902
37.7619414221
37.8702418024
37.9779839239
38.0851706641
38.1918048859
38.2978894373
38.4034271518
38.5084208482
38.6128733307
38.7167873891
38.8201657989
38.9230113212
39.0253267029
39.1271146767
39.2283779612
39.3291192611
39.4293412671
39.529046656
39.6282380908
39.7269182208
39.8250896817
39.9227550954
40.0199170706
40.1165782022
40.2127410721
40.3084082487
40.403582287
40.4982657291
40.5924611039
40.6861709272
40.779397702
40.8721439181
40.9644120528
41.0562045704
41.1475239226
41.2383725485
41.3287528744
41.4186673145
41.5081182701
41.5971081304
41.6856392723
41.7737140603
41.8613348468
41.948503972
42.0352237641
42.1214965394
42.207324602
42.2927102444
42.3776557471
42.4621633788
42.5462353968
42.6298740465
42.7130815617
42.7958601649
42.8782120669
42.9601394674
43.0416445544
43.122729505
43.2033964847
43.2836476482
43.3634851388
43.4429110889
43.5219276199
43.6005368422
43.6787408554
43.7565417483
43.8339415988
43.9109424741
43.9875464309
44.0637555153
44.1395717626
44.2149971978
44.2900338354
44.3646836797
44.4389487243
44.512830953
44.5863323388
44.6594548451
44.7322004248
44.8045710209
44.8765685663
44.9481949839
45.0194521869
45.0903420785
45.160866552
45.2310274911
45.3008267697
45.370266252
45.4393477928
45.508073237
45.5764444203
45.6444631688
45.7121312992
45.7794506189
45.8464229258
45.9130500087
45.9793336472
46.0452756116
46.1108776632
46.1761415541
46.2410690274
46.3056618173
46.369921649
46.4338502388
46.4974492941
46.5607205136
46.6236655873
46.6862861963
46.7485840131
46.8105607017
46.8722179173
46.9335573068
46.9945805085
47.0552891522
47.1156848594
47.1757692432
47.2355439084
47.2950104515
47.3541704608
47.4130255163
47.4715771901
47.529827046
47.5877766398
47.6454275192
47.7027812241
47.7598392863
47.8166032297
47.8730745704
47.9292548168
47.9851454694
48.0407480208
48.0960639563
48.1510947532
48.2058418814
48.2603068031
48.3144909729
48.3683958381
48.4220228385
48.4753734062
48.5284489664
48.5812509365
48.6337807269
48.6860397405
48.7380293731
48.7897510134
48.8412060427
48.8923958354
48.9433217586
48.9939851726
49.0443874306
49.0945298786
49.144413856
49.1940406951
49.2434117213
49.2925282534
49.3413916032
49.3900030757
49.4383639693
49.4864755757
49.5343391799
49.5819560603
49.6293274886
49.6764547302
49.7233390437
49.7699816813
49.8163838888
49.8625469056
49.9084719647
49.9541602926
49.9996131096
50.0448316298
50.0898170608
50.1345706042
50.1790934553
50.2233868032
50.267451831
50.3112897155
50.3549016278
50.3982887325
50.4414521886
50.4843931488
50.52711276
50.5696121633
50.6118924938
50.6539548807
50.6958004475
50.7374303118
50.7788455854
50.8200473747
50.8610367799
50.901814896
50.942382812
50.9827416114
51.0228923723
51.0628361669
51.1025740621
51.1421071193
51.1814363944
51.2205629379
51.2594877946
51.2982120043
51.3367366013
51.3750626145
51.4131910676
51.4511229789
51.4888593615
51.5264012233
51.5637495671
51.6009053904
51.6378696855
51.6746434398
51.7112276354
51.7476232495
51.783831254
51.8198526162
51.8556882981
51.8913392569
51.9268064446
51.9620908087
51.9971932915
52.0321148306
52.0668563586
52.1014188036
52.1358030886
52.1700101319
52.2040408473
52.2378961437
52.2715769252
52.3050840915
52.3384185374
52.3715811534
52.4045728252
52.4373944338
52.4700468561
52.502530964
52.5348476251
52.5669977028
52.5989820555
52.6308015376
52.662456999
52.693949285
52.725279237
52.7564476916
52.7874554813
52.8183034343
52.8489923745
52.8795231216
52.909896491
52.940113294
52.9701743376
53.0000804247
53.0298323541
53.0594309204
53.0888769142
53.1181711219
53.147314326
53.1763073048
53.2051508327
53.23384568
53.2623926133
53.2907923949
53.3190457834
53.3471535333
53.3751163955
53.4029351168
53.4306104401
53.4581431047
53.4855338459
53.5127833953
53.5398924807
53.5668618261
53.593692152
53.6203841748
53.6469386075
53.6733561594
53.699637536
53.7257834393
53.7517945675
53.7776716155
53.8034152744
53.8290262317
53.8545051716
53.8798527744
53.9050697173
53.9301566737
53.9551143136
53.9799433038
54.0046443073
54.0292179838
54.0536649897
54.077985978
54.1021815983
54.1262524967
54.1501993162
54.1740226963
54.1977232735
54.2213016806
54.2447585474
54.2680945006
54.2913101632
54.3144061554
54.3373830941
54.360241593
54.3829822625
54.40560571
54.4281125399
54.4505033532
54.4727787479
54.4949393191
54.5169856585
54.5389183551
54.5607379947
54.5824451599
54.6040404306
54.6255243836
54.6468975927
54.6681606287
54.6893140595
54.7103584502
54.7312943628
54.7521223564
54.7728429875
54.7934568093
54.8139643725
54.8343662249
54.8546629112
54.8748549736
54.8949429515
54.9149273813
54.9348087969
54.9545877291
54.9742647064
54.9938402542
55.0133148954
55.0326891501
55.0519635358
55.0711385674
55.0902147568
55.1091926138
55.128072645
55.1468553548
55.1655412449
55.1841308143
55.2026245596
55.2210229746
55.2393265509
55.2575357771
55.2756511398
55.2936731228
55.3116022073
55.3294388723
55.3471835941
55.3648368468
55.3823991017
55.399870828
55.4172524923
55.4345445589
55.4517474896
55.4688617439
55.4858877788
55.5028260492
55.5196770074
55.5364411036
55.5531187854
55.5697104983
55.5862166854
55.6026377876
55.6189742436
55.6352264895
55.6513949596
55.6674800856
55.6834822972
55.6994020217
55.7152396844
55.7309957083
55.7466705142
55.7622645207
55.7777781443
55.7932117995
55.8085658984
55.823840851
55.8390370655
55.8541549476
55.8691949012
55.8841573279
55.8990426274
55.9138511972
55.9285834329
55.9432397279
55.9578204738
55.9723260598
55.9867568735
56.0011133003
56.0153957237
56.029604525
56.0437400838
56.0578027777
56.0717929823
56.0857110711
56.099557416
56.1133323868
56.1270363513
56.1406696757
56.154232724
56.1677258584
56.1811494395
56.1945038256
56.2077893735
56.2210064381
56.2341553723
56.2472365273
56.2602502525
56.2731968955
56.2860768021
56.2988903163
56.3116377803
56.3243195347
56.336935918
56.3494872673
56.3619739179
56.3743962031
56.3867544549
56.3990490033
56.4112801766
56.4234483015
56.4355537031
56.4475967046
56.4595776278
56.4714967925
56.4833545173
56.4951511186
56.5068869117
56.51856221
56.5301773254
56.5417325679
56.5532282464
56.5646646677
56.5760421375
56.5873609594
56.598621436
56.6098238678
56.6209685542
56.6320557927
56.6430858796
56.6540591093
56.6649757751
56.6758361684
56.6866405794
56.6973892965
56.708082607
56.7187207963
56.7293041487
56.7398329468
56.7503074719
56.7607280036
56.7710948202
56.7814081988
56.7916684148
56.8018757421
56.8120304534
56.82213282
56.8321831116
56.8421815967
56.8521285423
56.8620242142
56.8718688765
56.8816627923
56.8914062232
56.9010994293
56.9107426696
56.9203362016
56.9298802815
56.9393751644
56.9488211037
56.9582183517
56.9675671595
56.9768677768
56.9861204519
56.995325432
57.0044829629
57.0135932893
57.0226566544
57.0316733003
57.0406434679
57.0495673967
57.0584453251
57.0672774902
57.0760641279
57.0848054729
57.0935017586
57.1021532173
57.1107600801
57.1193225769
57.1278409364
57.136315386
57.1447461522
57.1531334601
57.1614775337
57.1697785958
57.1780368683
57.1862525716
57.1944259252
57.2025571473
57.2106464553
57.2186940651
57.2267001916
57.2346650488
57.2425888492
57.2504718047
57.2583141256
57.2661160216
57.2738777009
57.2815993708
57.2892812377
57.2969235066
57.3045263817
57.312090066
57.3196147617
57.3271006695
57.3345479896
57.3419569207
57.3493276609
57.3566604069
57.3639553545
57.3712126987
57.3784326333
57.3856153511
57.3927610439
57.3998699027
57.4069421172
57.4139778763
57.4209773681
57.4279407794
57.4348682962
57.4417601035
57.4486163854
57.4554373251
57.4622231047
57.4689739055
57.4756899077
57.4823712908
57.4890182331
57.4956309123
57.5022095049
57.5087541867
57.5152651324
57.521742516
57.5281865104
57.5345972878
57.5409750193
57.5473198754
57.5536320256
57.5599116383
57.5661588813
57.5723739214
57.5785569248
57.5847080564
57.5908274806
57.5969153609
57.6029718598
57.6089971391
57.6149913597
57.6209546818
57.6268872646
57.6327892665
57.6386608452
57.6445021575
57.6503133595
57.6560946062
57.6618460523
57.6675678512
57.6732601558
57.6789231181
57.6845568894
57.6901616201
57.69573746
57.7012845579
57.706803062
57.7122931198
57.7177548778
57.723188482
57.7285940774
57.7339718084
57.7393218187
57.7446442512
57.7499392479
57.7552069504
57.7604474994
57.7656610347
57.7708476957
57.7760076208
57.781140948
57.7862478142
57.791328356
57.7963827089
57.801411008
57.8064133876
57.8113899813
57.8163409221
57.821266342
57.8261663728
57.8310411453
57.8358907896
57.8407154354
57.8455152114
57.8502902458
57.8550406663
57.8597665997
57.8644681721
57.8691455092
57.873798736
57.8784279766
57.8830333547
57.8876149934
57.892173015
57.8967075412
57.9012186932
57.9057065914
57.9101713557
57.9146131054
57.9190319591
57.9234280348
57.9278014499
57.9321523212
57.936480765
57.9407868969
57.9450708318
57.9493326842
57.9535725679
57.9577905962
57.9619868817
57.9661615364
57.970314672
57.9744463993
57.9785568286
57.9826460699
57.9867142322
57.9907614242
57.994787754
57.9987933293
58.0027782568
58.0067426432
58.0106865942
58.0146102153
58.0185136111
58.022396886
58.0262601437
58.0301034873
58.0339270196
58.0377308425
58.0415150579
58.0452797666
58.0490250692
58.0527510659
58.0564578561
58.0601455387
58.0638142124
58.067463975
58.0710949242
58.0747071567
58.0783007692
58.0818758576
58.0854325174
58.0889708436
58.0924909307
58.0959928727
58.0994767631
58.1029426951
58.1063907611
58.1098210532
58.1132336632
58.116628682
58.1200062005
58.1233663088
58.1267090966
58.1300346533
58.1333430676
58.136634428
58.1399088223
58.143166338
58.1464070621
58.1496310811
58.1528384812
58.156029348
58.1592037668
58.1623618223
58.1655035989
58.1686291805
58.1717386506
58.1748320922
58.177909588
58.1809712201
58.1840170703
58.18704722
58.1900617501
58.1930607411
58.1960442732
58.1990124259
58.2019652787
58.2049029103
58.2078253991
58.2107328234
58.2136252607
58.2165027882
58.2193654829
58.2222134212
58.2250466791
58.2278653324
58.2306694563
58.2334591256
58.236234415
58.2389953986
58.24174215
58.2444747426
58.2471932495
58.2498977432
58.252588296
58.2552649798
58.2579278659
58.2605770256
58.2632125297
58.2658344484
58.2684428518
58.2710378096
58.2736193911
58.2761876653
58.2787427007
58.2812845656
58.2838133279
58.2863290551
58.2888318145
58.2913216727
58.2937986965
58.2962629518
58.2987145046
58.3011534203
58.3035797641
58.3059936007
58.3083949947
58.3107840101
58.3131607108
58.3155251603
58.3178774216
58.3202175577
58.322545631
58.3248617038
58.3271658378
58.3294580947
58.3317385356
58.3340072214
58.3362642128
58.33850957
58.340743353
58.3429656214
58.3451764347
58.3473758518
58.3495639315
58.3517407323
58.3539063123
58.3560607293
58.3582040408
58.3603363042
58.3624575763
58.3645679139
58.3666673732
58.3687560104
58.3708338813
58.3729010413
58.3749575456
58.3770034492
58.3790388068
58.3810636726
58.3830781008
58.3850821452
58.3870758593
58.3890592963
58.3910325092
58.3929955508
58.3949484734
58.3968913293
58.3988241702
58.4007470479
58.4026600137
58.4045631186
58.4064564136
58.4083399492
58.4102137756
58.412077943
58.4139325011
58.4157774994
58.4176129873
58.4194390138
58.4212556276
58.4230628772
58.424860811
58.4266494769
58.4284289227
58.4301991959
58.4319603439
58.4337124137
58.435455452
58.4371895054
58.4389146202
58.4406308426
58.4423382182
58.4440367929
58.4457266118
58.4474077202
58.4490801629
58.4507439847
58.4523992299
58.4540459427
58.4556841672
58.4573139471
58.458935326
58.460548347
58.4621530534
58.463749488
58.4653376934
58.466917712
58.468489586
58.4700533575
58.4716090681
58.4731567595
58.474696473
58.4762282496
58.4777521304
58.479268156
58.4807763668
58.4822768033
58.4837695054
58.485254513
58.4867318659
58.4882016034
58.4896637648
58.4911183891
58.4925655153
58.4940051819
58.4954374274
58.4968622901
58.498279808
58.499690019
58.5010929607
58.5024886707
58.5038771861
58.5052585442
58.5066327817
58.5079999354
58.5093600418
58.5107131372
58.5120592577
58.5133984394
58.514730718
58.516056129
58.5173747079
58.5186864899
58.51999151
58.5212898031
58.5225814039
58.5238663468
58.5251446661
58.5264163961
58.5276815706
58.5289402236
58.5301923885
58.5314380988
58.5326773879
58.5339102887
58.5351368343
58.5363570574
58.5375709905
58.5387786662
58.5399801166
58.5411753739
58.5423644699
58.5435474365
58.5447243052
58.5458951075
58.5470598746
58.5482186377
58.5493714276
58.5505182752
58.5516592112
58.5527942659
58.5539234697
58.5550468528
58.5561644452
58.5572762766
58.5583823769
58.5594827756
58.560577502
58.5616665853
58.5627500548
58.5638279392
58.5649002675
58.5659670682
58.5670283698
58.5680842007
58.5691345891
58.570179563
58.5712191504
58.5722533789
58.5732822763
58.5743058701
58.5753241874
58.5763372557
58.5773451018
58.5783477528
58.5793452353
58.5803375762
58.5813248017
58.5823069384
58.5832840125
58.58425605
58.5852230769
58.586185119
58.5871422021
58.5880943517
58.5890415932
58.589983952
58.5909214531
58.5918541217
58.5927819826
58.5937050607
58.5946233805
58.5955369666
58.5964458435
58.5973500354
58.5982495663
58.5991444605
58.6000347417
58.6009204338
58.6018015603
58.6026781449
58.6035502109
58.6044177817
58.6052808804
58.60613953
58.6069937536
58.6078435738
58.6086890135
58.6095300951
58.6103668412
58.6111992741
58.6120274161
58.6128512892
58.6136709154
58.6144863167
58.6152975149
58.6161045315
58.6169073882
58.6177061063
58.6185007073
58.6192912124
58.6200776426
58.6208600189
58.6216383624
58.6224126937
58.6231830335
58.6239494024
58.6247118209
58.6254703093
58.626224888
58.626975577
58.6277223964
58.6284653661
58.6292045061
58.629939836
58.6306713754
58.631399144
58.6321231611
58.6328434461
58.6335600182
58.6342728966
58.6349821003
58.6356876483
58.6363895593
58.6370878522
58.6377825456
58.638473658
58.639161208
58.6398452138
58.6405256937
58.6412026659
58.6418761486
58.6425461596
58.6432127169
58.6438758382
58.6445355414
58.645191844
58.6458447635
58.6464943174
58.647140523
58.6477833976
58.6484229584
58.6490592224
58.6496922066
58.650321928
58.6509484033
58.6515716493
58.6521916827
58.6528085199
58.6534221775
58.6540326719
58.6546400194
58.6552442361
58.6558453383
58.6564433419
58.657038263
58.6576301175
58.6582189211
58.6588046896
58.6593874386
58.6599671837
58.6605439403
58.661117724
58.6616885499
58.6622564334
58.6628213896
58.6633834336
58.6639425805
58.664498845
58.6650522422
58.6656027868
58.6661504935
58.6666953768
58.6672374515
58.6677767319
58.6683132325
58.6688469676
58.6693779514
58.6699061981
58.6704317218
58.6709545367
58.6714746565
58.6719920953
58.6725068668
58.6730189848
58.673528463
58.674035315
58.6745395543
58.6750411943
58.6755402486
58.6760367304
58.6765306529
58.6770220294
58.677510873
58.6779971967
58.6784810136
58.6789623365
58.6794411783
58.6799175519
58.6803914698
58.6808629448
58.6813319896
58.6817986165
58.6822628381
58.6827246667
58.6831841148
58.6836411945
58.6840959181
58.6845482977
58.6849983454
58.6854460733
58.6858914932
58.6863346171
58.6867754568
58.6872140242
58.6876503308
58.6880843884
58.6885162085
58.6889458028
58.6893731825
58.6897983593
58.6902213444
58.6906421491
58.6910607847
58.6914772623
58.6918915931
58.6923037882
58.6927138585
58.6931218149
58.6935276685
58.69393143
58.6943331103
58.69473272
58.6951302698
58.6955257703
58.6959192322
58.6963106658
58.6967000817
58.6970874903
58.6974729019
58.6978563269
58.6982377753
58.6986172575
58.6989947836
58.6993703636
58.6997440076
58.7001157256
58.7004855275
58.7008534232
58.7012194224
58.701583535
58.7019457707
58.7023061392
58.7026646501
58.703021313
58.7033761374
58.7037291327
58.7040803085
58.704429674
58.7047772387
58.7051230117
58.7054670024
58.7058092199
58.7061496734
58.7064883719
58.7068253245
58.7071605403
58.707494028
58.7078257968
58.7081558553
58.7084842125
58.7088108772
58.7091358579
58.7094591635
58.7097808025
58.7101007835
58.7104191151
58.7107358058
58.7110508641
58.7113642983
58.7116761169
58.7119863281
58.7122949403
58.7126019616
58.7129074004
58.7132112646
58.7135135626
58.7138143023
58.7141134917
58.7144111389
58.7147072519
58.7150018384
58.7152949064
58.7155864638
58.7158765182
58.7161650775
58.7164521493
58.7167377414
58.7170218613
58.7173045167
58.717585715
58.7178654639
58.7181437707
58.7184206429
58.718696088
58.7189701131
58.7192427258
58.7195139332
58.7197837426
58.7200521612
58.7203191962
58.7205848547
58.7208491438
58.7211120706
58.721373642
58.7216338651
58.7218927469
58.7221502942
58.7224065138
58.7226614128
58.7229149978
58.7231672756
58.7234182531
58.7236679368
58.7239163334
58.7241634497
58.7244092921
58.7246538673
58.7248971817
58.7251392419
58.7253800544
58.7256196256
58.7258579618
58.7260950695
58.7263309549
58.7265656244
58.7267990843
58.7270313407
58.7272624
58.7274922681
58.7277209514
58.7279484559
58.7281747876
58.7283999527
58.7286239571
58.7288468068
58.7290685078
58.729289066
58.7295084873
58.7297267775
58.7299439424
58.730159988
58.7303749199
58.7305887439
58.7308014657
58.7310130909
58.7312236253
58.7314330745
58.7316414439
58.7318487393
58.7320549662
58.73226013
58.7324642362
58.7326672904
58.7328692978
58.7330702639
58.7332701942
58.7334690938
58.7336669682
58.7338638225
58.7340596622
58.7342544923
58.7344483182
58.7346411449
58.7348329777
58.7350238216
58.7352136817
58.7354025632
58.7355904711
58.7357774103
58.7359633859
58.7361484029
58.7363324662
58.7365155806
58.7366977512
58.7368789827
58.73705928
58.7372386479
58.7374170913
58.7375946148
58.7377712232
58.7379469213
58.7381217136
58.738295605
58.7384686
58.7386407033
58.7388119194
58.738982253
58.7391517085
58.7393202906
58.7394880036
58.7396548521
58.7398208406
58.7399859734
58.740150255
58.7403136898
58.7404762822
58.7406380364
58.7407989568
58.7409590477
58.7411183134
58.7412767581
58.7414343861
58.7415912016
58.7417472087
58.7419024116
58.7420568145
58.7422104215
58.7423632367
58.7425152642
58.742666508
58.7428169722
58.7429666608
58.7431155778
58.7432637272
58.7434111129
58.7435577389
58.743703609
58.7438487272
58.7439930974
58.7441367234
58.7442796091
58.7444217582
58.7445631745
58.7447038619
58.7448438241
58.7449830649
58.7451215878
58.7452593968
58.7453964953
58.7455328872
58.745668576
58.7458035653
58.7459378589
58.7460714601
58.7462043727
58.7463366002
58.7464681461
58.7465990139
58.7467292071
58.7468587292
58.7469875836
58.7471157739
58.7472433033
58.7473701754
58.7474963935
58.7476219609
58.7477468811
58.7478711574
58.747994793
58.7481177914
58.7482401557
58.7483618893
58.7484829953
58.7486034771
58.7487233379
58.7488425807
58.748961209
58.7490792257
58.7491966341
58.7493134373
58.7494296384
58.7495452405
58.7496602467
58.7497746601
58.7498884837
58.7500017206
58.7501143738
58.7502264462
58.750337941
58.7504488611
58.7505592094
58.7506689888
58.7507782024
58.7508868531
58.7509949436
58.751102477
58.7512094561
58.7513158837
58.7514217628
58.751527096
58.7516318863
58.7517361364
58.7518398491
58.7519430273
58.7520456735
58.7521477907
58.7522493815
58.7523504486
58.7524509947
58.7525510226
58.7526505348
58.752749534
58.752848023
58.7529460043
58.7530434805
58.7531404542
58.7532369281
58.7533329046
58.7534283865
58.7535233761
58.7536178761
58.753711889
58.7538054173
58.7538984634
58.75399103
58.7540831193
58.754174734
58.7542658765
58.7543565491
58.7544467543
58.7545364945
58.7546257722
58.7547145897
58.7548029493
58.7548908534
58.7549783045
58.7550653047
58.7551518565
58.7552379621
58.7553236239
58.7554088441
58.7554936251
58.755577969
58.7556618781
58.7557453547
58.755828401
58.7559110193
58.7559932116
58.7560749803
58.7561563275
58.7562372554
58.756317766
58.7563978617
58.7564775446
58.7565568166
58.7566356801
58.756714137
58.7567921895
58.7568698397
58.7569470896
58.7570239413
58.7571003968
58.7571764583
58.7572521276
58.7573274069
58.7574022982
58.7574768034
58.7575509246
58.7576246637
58.7576980227
58.7577710035
58.7578436081
58.7579158385
58.7579876966
58.7580591842
58.7581303034
58.7582010559
58.7582714438
58.7583414688
58.7584111328
58.7584804378
58.7585493855
58.7586179778
58.7586862165
58.7587541035
58.7588216405
58.7588888294
58.758955672
58.75902217
58.7590883252
58.7591541394
58.7592196144
58.7592847518
58.7593495535
58.7594140212
58.7594781565
58.7595419612
58.7596054371
58.7596685857
58.7597314088
58.7597939081
58.7598560853
58.7599179419
58.7599794796
58.7600407002
58.7601016052
58.7601621962
58.7602224749
58.7602824429
58.7603421017
58.7604014531
58.7604604985
58.7605192395
58.7605776777
58.7606358147
58.7606936521
58.7607511913
58.7608084338
58.7608653814
58.7609220353
58.7609783973
58.7610344687
58.761090251
58.7611457459
58.7612009546
58.7612558788
58.7613105199
58.7613648793
58.7614189585
58.7614727589
58.761526282
58.7615795292
58.761632502
58.7616852016
58.7617376297
58.7617897874
58.7618416763
58.7618932978
58.7619446531
58.7619957437
58.762046571
58.7620971363
58.7621474409
58.7621974862
58.7622472735
58.7622968042
58.7623460796
58.762395101
58.7624438696
58.7624923869
58.7625406541
58.7625886725
58.7626364434
58.762683968
58.7627312477
58.7627782836
58.7628250771
58.7628716294
58.7629179417
58.7629640153
58.7630098514
58.7630554512
58.7631008159
58.7631459468
58.7631908451
58.763235512
58.7632799486
58.7633241561
58.7633681357
58.7634118887
58.7634554161
58.7634987192
58.763541799
58.7635846568
58.7636272936
58.7636697107
58.7637119091
58.76375389
58.7637956545
58.7638372037
58.7638785387
58.7639196607
58.7639605707
58.7640012698
58.7640417591
58.7640820398
58.7641221127
58.7641619791
58.76420164
58.7642410965
58.7642803496
58.7643194003
58.7643582498
58.764396899
58.7644353489
58.7644736007
58.7645116553
58.7645495137
58.764587177
58.7646246461
58.7646619221
58.7646990059
58.7647358986
58.7647726011
58.7648091144
58.7648454395
58.7648815774
58.764917529
58.7649532952
58.7649888771
58.7650242756
58.7650594916
58.7650945261
58.76512938
58.7651640542
58.7651985497
58.7652328673
58.7652670081
58.7653009729
58.7653347626
58.7653683781
58.7654018204
58.7654350902
58.7654681886
58.7655011164
58.7655338744
58.7655664635
58.7655988847
58.7656311388
58.7656632266
58.765695149
58.7657269068
58.7657585009
58.7657899322
58.7658212014
58.7658523095
58.7658832572
58.7659140454
58.7659446749
58.7659751465
58.766005461
58.7660356193
58.7660656221
58.7660954702
58.7661251645
58.7661547058
58.7661840947
58.7662133322
58.7662424189
58.7662713557
58.7663001434
58.7663287826
58.7663572742
58.766385619
58.7664138177
58.7664418709
58.7664697796
58.7664975445
58.7665251662
58.7665526455
58.7665799832
58.7666071799
58.7666342365
58.7666611536
58.7666879319
58.7667145722
58.7667410752
58.7667674416
58.7667936721
58.7668197673
58.766845728
58.766871555
58.7668972487
58.7669228101
58.7669482397
58.7669735382
58.7669987062
58.7670237446
58.7670486539
58.7670734348
58.7670980879
58.767122614
58.7671470136
58.7671712875
58.7671954362
58.7672194605
58.7672433609
58.7672671382
58.7672907928
58.7673143256
58.767337737
58.7673610277
58.7673841984
58.7674072497
58.7674301821
58.7674529963
58.7674756929
58.7674982725
58.7675207357
58.7675430832
58.7675653154
58.7675874331
58.7676094367
58.7676313269
58.7676531043
58.7676747694
58.7676963228
58.7677177651
58.7677390969
58.7677603188
58.7677814312
58.7678024348
58.7678233302
58.7678441178
58.7678647983
58.7678853722
58.76790584
58.7679262024
58.7679464597
58.7679666127
58.7679866617
58.7680066074
58.7680264503
58.768046191
58.7680658298
58.7680853674
58.7681048043
58.7681241411
58.7681433781
58.768162516
58.7681815552
58.7682004963
58.7682193398
58.7682380861
58.7682567358
58.7682752893
58.7682937473
58.76831211
58.7683303781
58.7683485521
58.7683666324
58.7683846194
58.7684025138
58.7684203159
58.7684380262
58.7684556453
58.7684731735
58.7684906114
58.7685079594
58.7685252179
58.7685423875
58.7685594686
58.7685764617
58.7685933671
58.7686101855
58.7686269171
58.7686435624
58.768660122
58.7686765962
58.7686929855
58.7687092903
58.7687255111
58.7687416482
58.7687577022
58.7687736734
58.7687895623
58.7688053693
58.7688210948
58.7688367392
58.768852303
58.7688677866
58.7688831903
58.7688985147
58.76891376
58.7689289268
58.7689440154
58.7689590262
58.7689739596
58.7689888161
58.769003596
58.7690182997
58.7690329276
58.7690474801
58.7690619576
58.7690763604
58.769090689
58.7691049438
58.7691191251
58.7691332332
58.7691472687
58.7691612318
58.7691751229
58.7691889424
58.7692026907
58.7692163681
58.769229975
58.7692435118
58.7692569788
58.7692703764
58.7692837049
58.7692969647
58.7693101562
58.7693232796
58.7693363354
58.7693493239
58.7693622455
58.7693751005
58.7693878891
58.7694006119
58.7694132691
58.769425861
58.7694383881
58.7694508505
58.7694632487
58.7694755831
58.7694878538
58.7695000613
58.7695122058
58.7695242878
58.7695363074
58.7695482651
58.7695601612
58.769571996
58.7695837697
58.7695954828
58.7696071355
58.7696187281
58.7696302609
58.7696417343
58.7696531486
58.769664504
58.7696758009
58.7696870396
58.7696982203
58.7697093434
58.7697204092
58.7697314179
58.7697423698
58.7697532654
58.7697641047
58.7697748882
58.7697856161
58.7697962887
58.7698069063
58.7698174691
58.7698279775
58.7698384317
58.7698488321
58.7698591788
58.7698694722
58.7698797126
58.7698899001
58.7699000351
58.7699101179
58.7699201488
58.7699301279
58.7699400555
58.769949932
58.7699597576
58.7699695326
58.7699792571
58.7699889316
58.7699985561
58.7700081311
58.7700176567
58.7700271331
58.7700365608
58.7700459398
58.7700552705
58.7700645531
58.7700737879
58.770082975
58.7700921148
58.7701012075
58.7701102533
58.7701192525
58.7701282052
58.7701371119
58.7701459726
58.7701547877
58.7701635573
58.7701722817
58.7701809611
58.7701895958
58.770198186
58.7702067319
58.7702152338
58.7702236918
58.7702321062
58.7702404773
58.7702488052
58.7702570902
58.7702653325
58.7702735323
58.7702816898
58.7702898052
58.7702978789
58.7703059109
58.7703139015
58.7703218509
58.7703297594
58.7703376271
58.7703454542
58.770353241
58.7703609876
58.7703686943
58.7703763613
58.7703839888
58.7703915769
58.770399126
58.7704066361
58.7704141075
58.7704215404
58.7704289349
58.7704362914
58.7704436099
58.7704508908
58.770458134
58.77046534
58.7704725088
58.7704796406
58.7704867357
58.7704937942
58.7705008164
58.7705078023
58.7705147522
58.7705216663
58.7705285448
58.7705353878
58.7705421955
58.7705489681
58.7705557059
58.7705624088
58.7705690773
58.7705757113
58.7705823112
58.7705888771
58.7705954091
58.7706019074
58.7706083722
58.7706148037
58.7706212021
58.7706275675
58.7706339
58.7706402
58.7706464674
58.7706527025
58.7706589055
58.7706650766
58.7706712158
58.7706773234
58.7706833994
58.7706894442
58.7706954578
58.7707014404
58.7707073922
58.7707133133
58.7707192038
58.770725064
58.770730894
58.770736694
58.770742464
58.7707482043
58.7707539151
58.7707595963
58.7707652483
58.7707708712
58.770776465
58.7707820301
58.7707875664
58.7707930742
58.7707985537
58.7708040048
58.7708094279
58.770814823
58.7708201904
58.77082553
58.7708308421
58.7708361269
58.7708413844
58.7708466148
58.7708518182
58.7708569948
58.7708621447
58.7708672681
58.7708723651
58.7708774358
58.7708824803
58.7708874989
58.7708924916
58.7708974585
58.7709023999
58.7709073158
58.7709122063
58.7709170716
58.7709219119
58.7709267272
58.7709315177
58.7709362834
58.7709410247
58.7709457414
58.7709504339
58.7709551022
58.7709597464
58.7709643667
58.7709689631
58.7709735359
58.7709780851
58.7709826108
58.7709871132
58.7709915924
58.7709960485
58.7710004817
58.771004892
58.7710092795
58.7710136445
58.7710179869
58.771022307
58.7710266048
58.7710308804
58.771035134
58.7710393657
58.7710435755
58.7710477637
58.7710519303
58.7710560753
58.7710601991
58.7710643015
58.7710683828
58.7710724431
58.7710764825
58.771080501
58.7710844988
58.771088476
58.7710924327
58.771096369
58.7711002851
58.7711041809
58.7711080567
58.7711119124
58.7711157483
58.7711195644
58.7711233609
58.7711271378
58.7711308952
58.7711346332
58.771138352
58.7711420516
58.7711457322
58.7711493937
58.7711530364
58.7711566603
58.7711602656
58.7711638522
58.7711674204
58.7711709702
58.7711745016
58.7711780149
58.7711815101
58.7711849872
58.7711884464
58.7711918878
58.7711953114
58.7711987174
58.7712021059
58.7712054769
58.7712088305
58.7712121668
58.7712154859
58.7712187879
58.7712220729
58.7712253409
58.7712285921
58.7712318266
58.7712350443
58.7712382455
58.7712414302
58.7712445985
58.7712477504
58.7712508861
58.7712540056
58.7712571091
58.7712601965
58.7712632681
58.7712663238
58.7712693637
58.771272388
58.7712753967
58.7712783899
58.7712813676
58.77128433
58.7712872772
58.7712902091
58.7712931259
58.7712960277
58.7712989145
58.7713017865
58.7713046437
58.7713074861
58.7713103138
58.771313127
58.7713159257
58.77131871
58.7713214799
58.7713242355
58.771326977
58.7713297043
58.7713324175
58.7713351168
58.7713378021
58.7713404736
58.7713431313
58.7713457754
58.7713484057
58.7713510226
58.7713536259
58.7713562159
58.7713587924
58.7713613557
58.7713639058
58.7713664428
58.7713689666
58.7713714775
58.7713739754
58.7713764604
58.7713789327
58.7713813921
58.7713838389
58.7713862731
58.7713886948
58.7713911039
58.7713935007
58.7713958851
58.7713982572
58.771400617
58.7714029647
58.7714053003
58.7714076239
58.7714099355
58.7714122352
58.771414523
58.771416799
58.7714190633
58.7714213159
58.7714235569
58.7714257864
58.7714280043
58.7714302109
58.771432406
58.7714345899
58.7714367624
58.7714389238
58.7714410741
58.7714432132
58.7714453414
58.7714474585
58.7714495648
58.7714516602
58.7714537448
58.7714558186
58.7714578818
58.7714599343
58.7714619762
58.7714640076
58.7714660286
58.7714680391
58.7714700393
58.7714720291
58.7714740087
58.7714759781
58.7714779373
58.7714798865
58.7714818256
58.7714837547
58.7714856738
58.7714875831
58.7714894825
58.7714913721
58.771493252
58.7714951222
58.7714969828
58.7714988337
58.7715006751
58.7715025071
58.7715043296
58.7715061427
58.7715079464
58.7715097409
58.7715115261
58.7715133021
58.7715150689
58.7715168266
58.7715185753
58.771520315
58.7715220457
58.7715237674
58.7715254803
58.7715271844
58.7715288797
58.7715305662
58.7715322441
58.7715339133
58.7715355739
58.7715372259
58.7715388694
58.7715405045
58.7715421311
58.7715437494
58.7715453593
58.7715469609
58.7715485542
58.7715501393
58.7715517163
58.7715532851
58.7715548459
58.7715563985
58.7715579432
58.77155948
58.7715610088
58.7715625297
58.7715640428
58.7715655481
58.7715670456
58.7715685354
58.7715700176
58.771571492
58.7715729589
58.7715744183
58.7715758701
58.7715773144
58.7715787513
58.7715801807
58.7715816028
58.7715830176
58.7715844251
58.7715858253
58.7715872183
58.7715886042
58.7715899828
58.7715913544
58.7715927189
58.7715940764
58.7715954269
58.7715967704
58.771598107
58.7715994367
58.7716007595
58.7716020755
58.7716033848
58.7716046873
58.771605983
58.7716072721
58.7716085546
58.7716098304
58.7716110997
58.7716123624
58.7716136186
58.7716148684
58.7716161117
58.7716173486
58.7716185791
58.7716198032
58.7716210211
58.7716222327
58.771623438
58.7716246371
58.7716258301
58.7716270169
58.7716281975
58.7716293721
58.7716305407
58.7716317032
58.7716328597
58.7716340103
58.7716351549
58.7716362936
58.7716374265
58.7716385535
58.7716396747
58.7716407901
58.7716418998
58.7716430037
58.771644102
58.7716451946
58.7716462816
58.771647363
58.7716484388
58.771649509
58.7716505737
58.771651633
58.7716526868
58.7716537351
58.7716547781
58.7716558156
58.7716568479
58.7716578748
58.7716588964
58.7716599127
58.7716609238
58.7716619297
58.7716629304
58.771663926
58.7716649164
58.7716659017
58.771666882
58.7716678571
58.7716688273
58.7716697924
58.7716707526
58.7716717079
58.7716726582
58.7716736036
58.7716745441
58.7716754798
58.7716764106
58.7716773367
58.771678258
58.7716791745
58.7716800864
58.7716809935
58.7716818959
58.7716827937
58.7716836869
58.7716845754
58.7716854594
58.7716863388
58.7716872137
58.7716880841
58.77168895
58.7716898114
58.7716906684
58.7716915209
58.7716923691
58.7716932129
58.7716940524
58.7716948875
58.7716957183
58.7716965449
58.7716973671
58.7716981852
58.771698999
58.7716998086
58.7717006141
58.7717014154
58.7717022125
58.7717030056
58.7717037946
58.7717045795
58.7717053603
58.7717061372
58.77170691
58.7717076789
58.7717084437
58.7717092047
58.7717099617
58.7717107148
58.7717114641
58.7717122094
58.771712951
58.7717136887
58.7717144226
58.7717151527
58.7717158791
58.7717166017
58.7717173206
58.7717180357
58.7717187472
58.7717194551
58.7717201592
58.7717208598
58.7717215567
58.7717222501
58.7717229399
58.7717236261
58.7717243088
58.7717249879
58.7717256636
58.7717263358
58.7717270045
58.7717276697
58.7717283316
58.77172899
58.771729645
58.7717302967
58.771730945
58.7717315899
58.7717322316
58.7717328699
58.7717335049
58.7717341367
58.7717347652
58.7717353904
58.7717360125
58.7717366313
58.771737247
58.7717378594
58.7717384687
58.7717390749
58.7717396779
58.7717402779
58.7717408747
58.7717414685
58.7717420592
58.7717426469
58.7717432315
58.7717438131
58.7717443917
58.7717449674
58.7717455401
58.7717461098
58.7717466766
58.7717472404
58.7717478014
58.7717483594
58.7717489146
58.771749467
58.7717500164
58.7717505631
58.7717511069
58.7717516479
58.7717521862
58.7717527216
58.7717532543
58.7717537843
58.7717543115
58.771754836
58.7717553578
58.7717558769
58.7717563934
58.7717569071
58.7717574183
58.7717579268
58.7717584326
58.7717589359
58.7717594366
58.7717599346
58.7717604302
58.7717609231
58.7717614135
58.7717619014
58.7717623868
58.7717628697
58.7717633501
58.771763828
58.7717643035
58.7717647765
58.771765247
58.7717657152
58.7717661809
58.7717666442
58.7717671051
58.7717675637
58.7717680199
58.7717684737
58.7717689252
58.7717693744
58.7717698213
58.7717702658
58.7717707081
58.7717711481
58.7717715858
58.7717720213
58.7717724545
58.7717728855
58.7717733142
58.7717737408
58.7717741651
58.7717745873
58.7717750073
58.7717754251
58.7717758408
58.7717762543
58.7717766657
58.771777075
58.7717774821
58.7717778872
58.7717782902
58.7717786911
58.7717790899
58.7717794867
58.7717798814
58.7717802741
58.7717806648
58.7717810535
58.7717814401
58.7717818248
58.7717822075
58.7717825882
58.7717829669
58.7717833437
58.7717837186
58.7717840915
58.7717844625
58.7717848316
58.7717851988
58.7717855641
58.7717859275
58.771786289
58.7717866487
58.7717870065
58.7717873625
58.7717877166
58.7717880689
58.7717884194
58.7717887681
58.771789115
58.7717894601
58.7717898034
58.771790145
58.7717904848
58.7717908228
58.7717911591
58.7717914937
58.7717918265
58.7717921576
58.7717924871
58.7717928148
58.7717931408
58.7717934652
58.7717937878
58.7717941089
58.7717944282
58.7717947459
58.771795062
58.7717953765
58.7717956893
58.7717960005
58.7717963101
58.7717966181
58.7717969246
58.7717972294
58.7717975327
58.7717978344
58.7717981345
58.7717984332
58.7717987302
58.7717990258
58.7717993198
58.7717996123
58.7717999033
58.7718001928
58.7718004808
58.7718007673
58.7718010523
58.7718013359
58.771801618
58.7718018986
58.7718021779
58.7718024556
58.771802732
58.7718030069
58.7718032804
58.7718035524
58.7718038231
58.7718040924
58.7718043603
58.7718046268
58.771804892
58.7718051558
58.7718054182
58.7718056792
58.771805939
58.7718061973
58.7718064544
58.7718067101
58.7718069645
58.7718072176
58.7718074694
58.7718077199
58.7718079691
58.771808217
58.7718084636
58.771808709
58.7718089531
58.771809196
58.7718094375
58.7718096779
58.771809917
58.7718101549
58.7718103915
58.7718106269
58.7718108612
58.7718110942
58.771811326
58.7718115566
58.771811786
58.7718120142
58.7718122413
58.7718124672
58.7718126919
58.7718129155
58.7718131379
58.7718133592
58.7718135793
58.7718137983
58.7718140162
58.7718142329
58.7718144486
58.7718146631
58.7718148765
58.7718150888
58.7718153
58.7718155101
58.7718157192
58.7718159271
58.771816134
58.7718163399
58.7718165446
58.7718167483
58.771816951
58.7718171526
58.7718173532
58.7718175527
58.7718177513
58.7718179487
58.7718181452
58.7718183407
58.7718185351
58.7718187286
58.771818921
58.7718191125
58.771819303
58.7718194925
58.771819681
58.7718198685
58.7718200551
58.7718202407
58.7718204254
58.7718206091
58.7718207918
58.7718209737
58.7718211545
58.7718213345
58.7718215135
58.7718216916
58.7718218688
58.7718220451
58.7718222204
58.7718223949
58.7718225684
58.7718227411
58.7718229128
58.7718230837
58.7718232537
58.7718234229
58.7718235911
58.7718237585
58.771823925
58.7718240907
58.7718242555
58.7718244195
58.7718245826
58.7718247449
58.7718249063
58.7718250669
58.7718252267
58.7718253857
58.7718255438
58.7718257011
58.7718258576
58.7718260133
58.7718261682
58.7718263223
58.7718264756
58.7718266282
58.7718267799
58.7718269309
58.771827081
58.7718272304
58.7718273791
58.7718275269
58.771827674
58.7718278204
58.7718279659
58.7718281108
58.7718282549
58.7718283982
58.7718285408
58.7718286827
58.7718288238
58.7718289643
58.7718291039
58.7718292429
58.7718293812
58.7718295187
58.7718296555
58.7718297917
58.7718299271
58.7718300618
58.7718301959
58.7718303292
58.7718304619
58.7718305938
58.7718307251
58.7718308557
58.7718309857
58.771831115
58.7718312436
58.7718313715
58.7718314988
58.7718316254
58.7718317514
58.7718318767
58.7718320014
58.7718321254
58.7718322488
58.7718323716
58.7718324937
58.7718326152
58.7718327361
58.7718328563
58.7718329759
58.771833095
58.7718332134
58.7718333311
58.7718334483
58.7718335649
58.7718336809
58.7718337963
58.771833911
58.7718340252
58.7718341388
58.7718342519
58.7718343643
58.7718344761
58.7718345874
58.7718346981
58.7718348083
58.7718349178
58.7718350268
58.7718351353
58.7718352432
58.7718353505
58.7718354572
58.7718355635
58.7718356691
58.7718357743
58.7718358789
58.7718359829
58.7718360864
58.7718361894
58.7718362918
58.7718363938
58.7718364952
58.771836596
58.7718366964
58.7718367962
58.7718368955
58.7718369943
58.7718370926
58.7718371904
58.7718372877
58.7718373845
58.7718374808
58.7718375766
58.7718376719
58.7718377667
58.771837861
58.7718379548
58.7718380482
58.771838141
58.7718382334
58.7718383253
58.7718384168
58.7718385077
58.7718385982
58.7718386883
58.7718387778
58.7718388669
58.7718389556
58.7718390438
58.7718391315
58.7718392188
58.7718393056
58.771839392
58.7718394779
58.7718395634
58.7718396485
58.7718397331
58.7718398173
58.771839901
58.7718399844
58.7718400672
58.7718401497
58.7718402317
58.7718403133
58.7718403945
58.7718404753
58.7718405557
58.7718406356
58.7718407151
58.7718407942
58.771840873
58.7718409513
58.7718410292
58.7718411067
58.7718411838
58.7718412605
58.7718413368
58.7718414127
58.7718414882
58.7718415633
58.7718416381
58.7718417125
58.7718417864
58.77184186
58.7718419332
58.7718420061
58.7718420785
58.7718421506
58.7718422224
58.7718422937
58.7718423647
58.7718424353
58.7718425056
58.7718425754
58.771842645
58.7718427141
58.771842783
58.7718428514
58.7718429195
58.7718429873
58.7718430547
58.7718431217
58.7718431885
58.7718432548
58.7718433209
58.7718433865
58.7718434519
58.7718435169
58.7718435816
58.7718436459
58.7718437099
58.7718437736
58.771843837
58.7718439
58.7718439627
58.7718440251
58.7718440871
58.7718441489
58.7718442103
58.7718442714
58.7718443322
58.7718443926
58.7718444528
58.7718445127
58.7718445722
58.7718446314
58.7718446904
58.771844749
58.7718448073
58.7718448653
58.7718449231
58.7718449805
58.7718450376
58.7718450945
58.771845151
58.7718452073
58.7718452632
58.7718453189
58.7718453743
58.7718454294
58.7718454842
58.7718455387
58.771845593
58.771845647
58.7718457007
58.7718457541
58.7718458072
58.7718458601
58.7718459127
58.771845965
58.7718460171
58.7718460689
58.7718461204
58.7718461716
58.7718462226
58.7718462734
58.7718463238
58.771846374
58.771846424
58.7718464737
58.7718465231
58.7718465723
58.7718466212
58.7718466699
58.7718467183
58.7718467665
58.7718468144
58.7718468621
58.7718469095
58.7718469567
58.7718470037
58.7718470504
58.7718470968
58.7718471431
58.771847189
58.7718472348
58.7718472803
58.7718473256
58.7718473706
58.7718474154
58.77184746
58.7718475044
58.7718475485
58.7718475924
58.771847636
58.7718476795
58.7718477227
58.7718477657
58.7718478085
58.771847851
58.7718478934
58.7718479355
58.7718479774
58.7718480191
58.7718480605
58.7718481018
58.7718481428
58.7718481837
58.7718482243
58.7718482647
58.7718483049
58.7718483449
58.7718483847
58.7718484243
58.7718484636
58.7718485028
58.7718485418
58.7718485806
58.7718486191
58.7718486575
58.7718486957
58.7718487337
58.7718487715
58.7718488091
58.7718488464
58.7718488837
58.7718489207
58.7718489575
58.7718489941
58.7718490306
58.7718490668
58.7718491029
58.7718491388
58.7718491745
58.77184921
58.7718492453
58.7718492805
58.7718493154
58.7718493502
58.7718493848
58.7718494192
58.7718494535
58.7718494876
58.7718495215
58.7718495552
58.7718495887
58.7718496221
58.7718496553
58.7718496884
58.7718497212
58.7718497539
58.7718497864
58.7718498188
58.771849851
58.771849883
58.7718499149
58.7718499466
58.7718499781
58.7718500095
58.7718500407
58.7718500717
58.7718501026
58.7718501333
58.7718501639
58.7718501943
58.7718502246
58.7718502547
58.7718502846
58.7718503144
58.7718503441
58.7718503735
58.7718504029
58.7718504321
58.7718504611
58.77185049
58.7718505187
58.7718505473
58.7718505757
58.771850604
58.7718506322
58.7718506602
58.771850688
58.7718507157
58.7718507433
58.7718507707
58.771850798
58.7718508251
58.7718508521
58.771850879
58.7718509057
58.7718509323
58.7718509588
58.7718509851
58.7718510113
58.7718510373
58.7718510632
58.771851089
58.7718511146
58.7718511402
58.7718511655
58.7718511908
58.7718512159
58.7718512409
58.7718512658
58.7718512905
58.7718513151
58.7718513396
58.7718513639
58.7718513882
58.7718514123
58.7718514362
58.7718514601
58.7718514838
58.7718515074
58.7718515309
58.7718515543
58.7718515775
58.7718516007
58.7718516237
58.7718516465
58.7718516693
58.771851692
58.7718517145
58.7718517369
58.7718517592
58.7718517814
58.7718518035
58.7718518255
58.7718518473
58.771851869
58.7718518907
58.7718519122
58.7718519336
58.7718519549
58.771851976
58.7718519971
58.7718520181
58.7718520389
58.7718520597
58.7718520803
58.7718521009
58.7718521213
58.7718521416
58.7718521618
58.7718521819
58.771852202
58.7718522219
58.7718522417
58.7718522614
58.771852281
58.7718523005
58.7718523199
58.7718523392
58.7718523584
58.7718523775
58.7718523965
58.7718524154
58.7718524342
58.7718524529
58.7718524715
58.77185249
58.7718525084
58.7718525268
58.771852545
58.7718525631
58.7718525812
58.7718525991
58.771852617
58.7718526348
58.7718526524
58.77185267
58.7718526875
58.7718527049
58.7718527222
58.7718527395
58.7718527566
58.7718527736
58.7718527906
58.7718528075
58.7718528243
58.771852841
58.7718528576
58.7718528741
58.7718528905
58.7718529069
58.7718529232
58.7718529394
58.7718529555
58.7718529715
58.7718529874
58.7718530033
58.7718530191
58.7718530348
58.7718530504
58.7718530659
58.7718530814
58.7718530967
58.771853112
58.7718531273
58.7718531424
58.7718531574
58.7718531724
58.7718531873
58.7718532022
58.7718532169
58.7718532316
58.7718532462
58.7718532607
58.7718532752
58.7718532895
58.7718533038
58.7718533181
58.7718533322
58.7718533463
58.7718533603
58.7718533742
58.7718533881
58.7718534019
58.7718534156
58.7718534293
58.7718534429
58.7718534564
58.7718534698
58.7718534832
58.7718534965
58.7718535097
58.7718535229
58.771853536
58.771853549
58.771853562
58.7718535749
58.7718535877
58.7718536005
58.7718536132
58.7718536258
58.7718536384
58.7718536509
58.7718536633
58.7718536757
58.771853688
58.7718537002
58.7718537124
58.7718537245
58.7718537366
58.7718537486
58.7718537605
58.7718537724
58.7718537842
58.771853796
58.7718538077
58.7718538193
58.7718538309
58.7718538424
58.7718538538
58.7718538652
58.7718538765
58.7718538878
58.771853899
58.7718539102
58.7718539213
58.7718539323
58.7718539433
58.7718539543
58.7718539651
58.771853976
58.7718539867
58.7718539974
58.7718540081
58.7718540187
58.7718540292
58.7718540397
58.7718540501
58.7718540605
58.7718540708
58.7718540811
58.7718540913
58.7718541015
58.7718541116
58.7718541217
58.7718541317
58.7718541417
58.7718541516
58.7718541614
58.7718541712
58.771854181
58.7718541907
58.7718542003
58.7718542099
58.7718542195
58.771854229
58.7718542385
58.7718542479
58.7718542572
58.7718542666
58.7718542758
58.771854285
58.7718542942
58.7718543033
58.7718543124
58.7718543214
58.7718543304
58.7718543393
58.7718543482
58.7718543571
58.7718543659
58.7718543746
58.7718543833
58.771854392
58.7718544006
58.7718544092
58.7718544177
58.7718544262
58.7718544346
58.771854443
58.7718544514
58.7718544597
58.771854468
58.7718544762
58.7718544844
58.7718544925
58.7718545006
58.7718545087
58.7718545167
58.7718545247
58.7718545326
58.7718545405
58.7718545484
58.7718545562
58.7718545639
58.7718545717
58.7718545794
58.771854587
58.7718545946
58.7718546022
58.7718546097
58.7718546172
58.7718546247
58.7718546321
58.7718546395
58.7718546468
58.7718546541
58.7718546614
58.7718546686
58.7718546758
58.771854683
58.7718546901
58.7718546972
58.7718547042
58.7718547112
58.7718547182
58.7718547251
58.771854732
58.7718547389
58.7718547457
58.7718547525
58.7718547593
58.771854766
58.7718547727
58.7718547794
58.771854786
58.7718547926
58.7718547991
58.7718548056
58.7718548121
58.7718548186
58.771854825
58.7718548314
58.7718548377
58.7718548441
58.7718548503
58.7718548566
58.7718548628
58.771854869
58.7718548752
58.7718548813
58.7718548874
58.7718548935
58.7718548995
58.7718549055
58.7718549115
58.7718549174
58.7718549233
58.7718549292
58.771854935
58.7718549409
58.7718549467
58.7718549524
58.7718549581
58.7718549638
58.7718549695
58.7718549752
58.7718549808
58.7718549863
58.7718549919
58.7718549974
58.7718550029
58.7718550084
58.7718550138
58.7718550192
58.7718550246
58.77185503
58.7718550353
58.7718550406
58.7718550459
58.7718550511
58.7718550564
58.7718550616
58.7718550667
58.7718550719
58.771855077
58.7718550821
58.7718550871
58.7718550922
58.7718550972
58.7718551022
58.7718551071
58.771855112
58.7718551169
58.7718551218
58.7718551267
58.7718551315
58.7718551363
58.7718551411
58.7718551459
58.7718551506
58.7718551553
58.77185516
58.7718551646
58.7718551693
58.7718551739
58.7718551785
58.771855183
58.7718551876
58.7718551921
58.7718551966
58.7718552011
58.7718552055
58.7718552099
58.7718552143
58.7718552187
58.7718552231
58.7718552274
58.7718552317
58.771855236
58.7718552403
58.7718552445
58.7718552487
58.7718552529
58.7718552571
58.7718552613
58.7718552654
58.7718552695
58.7718552736
58.7718552777
58.7718552818
58.7718552858
58.7718552898
58.7718552938
58.7718552978
58.7718553017
58.7718553056
58.7718553095
58.7718553134
58.7718553173
58.7718553211
58.771855325
58.7718553288
58.7718553326
58.7718553363
58.7718553401
58.7718553438
58.7718553475
58.7718553512
58.7718553549
58.7718553586
58.7718553622
58.7718553658
58.7718553694
58.771855373
58.7718553765
58.7718553801
58.7718553836
58.7718553871
58.7718553906
58.7718553941
58.7718553975
58.771855401
58.7718554044
58.7718554078
58.7718554112
58.7718554145
58.7718554179
58.7718554212
58.7718554245
58.7718554278
58.7718554311
58.7718554344
58.7718554376
58.7718554408
58.771855444
58.7718554472
58.7718554504
58.7718554536
58.7718554567
58.7718554599
58.771855463
58.7718554661
58.7718554691
58.7718554722
58.7718554753
58.7718554783
58.7718554813
58.7718554843
58.7718554873
58.7718554903
58.7718554932
58.7718554962
58.7718554991
58.771855502
58.7718555049
58.7718555078
58.7718555107
58.7718555135
58.7718555163
58.7718555192
58.771855522
58.7718555248
58.7718555275
58.7718555303
58.7718555331
58.7718555358
58.7718555385
58.7718555412
58.7718555439
58.7718555466
58.7718555493
58.7718555519
58.7718555546
58.7718555572
58.7718555598
58.7718555624
58.771855565
58.7718555675
58.7718555701
58.7718555727
58.7718555752
58.7718555777
58.7718555802
58.7718555827
58.7718555852
58.7718555876
58.7718555901
58.7718555925
58.771855595
58.7718555974
58.7718555998
58.7718556022
58.7718556046
58.7718556069
58.7718556093
58.7718556116
58.771855614
58.7718556163
58.7718556186
58.7718556209
58.7718556232
58.7718556254
58.7718556277
58.77185563
58.7718556322
58.7718556344
58.7718556366
58.7718556388
58.771855641
58.7718556432
58.7718556454
58.7718556475
58.7718556497
58.7718556518
58.7718556539
58.771855656
58.7718556581
58.7718556602
58.7718556623
58.7718556644
58.7718556664
58.7718556685
58.7718556705
58.7718556726
58.7718556746
58.7718556766
58.7718556786
58.7718556806
58.7718556825
58.7718556845
58.7718556865
58.7718556884
58.7718556903
58.7718556923
58.7718556942
58.7718556961
58.771855698
58.7718556999
58.7718557017
58.7718557036
58.7718557055
58.7718557073
58.7718557092
58.771855711
58.7718557128
58.7718557146
58.7718557164
58.7718557182
58.77185572
58.7718557218
58.7718557235
58.7718557253
58.771855727
58.7718557288
58.7718557305
58.7718557322
58.7718557339
58.7718557356
58.7718557373
58.771855739
58.7718557407
58.7718557423
58.771855744
58.7718557456
58.7718557473
58.7718557489
58.7718557505
58.7718557521
58.7718557538
58.7718557554
58.7718557569
58.7718557585
58.7718557601
58.7718557617
58.7718557632
58.7718557648
58.7718557663
58.7718557678
58.7718557694
58.7718557709
58.7718557724
58.7718557739
58.7718557754
58.7718557769
58.7718557784
58.7718557798
58.7718557813
58.7718557828
58.7718557842
58.7718557856
58.7718557871
58.7718557885
58.7718557899
58.7718557913
58.7718557927
58.7718557941
58.7718557955
58.7718557969
58.7718557983
58.7718557997
58.771855801
58.7718558024
58.7718558037
58.7718558051
58.7718558064
58.7718558077
58.771855809
58.7718558104
58.7718558117
58.771855813
58.7718558143
58.7718558155
58.7718558168
58.7718558181
58.7718558194
58.7718558206
58.7718558219
58.7718558231
58.7718558244
58.7718558256
58.7718558268
58.7718558281
58.7718558293
58.7718558305
58.7718558317
58.7718558329
58.7718558341
58.7718558353
58.7718558364
58.7718558376
58.7718558388
58.7718558399
58.7718558411
58.7718558422
58.7718558434
58.7718558445
58.7718558456
58.7718558468
58.7718558479
58.771855849
58.7718558501
58.7718558512
58.7718558523
58.7718558534
58.7718558545
58.7718558556
58.7718558566
58.7718558577
58.7718558588
58.7718558598
58.7718558609
58.7718558619
58.771855863
58.771855864
58.771855865
58.7718558661
58.7718558671
58.7718558681
58.7718558691
58.7718558701
58.7718558711
58.7718558721
58.7718558731
58.7718558741
58.771855875
58.771855876
58.771855877
58.7718558779
58.7718558789
58.7718558799
58.7718558808
58.7718558817
58.7718558827
58.7718558836
58.7718558846
58.7718558855
58.7718558864
58.7718558873
58.7718558882
58.7718558891
58.77185589
58.7718558909
58.7718558918
58.7718558927
58.7718558936
58.7718558945
58.7718558953
58.7718558962
58.7718558971
58.7718558979
58.7718558988
58.7718558996
58.7718559005
58.7718559013
58.7718559022
58.771855903
58.7718559038
58.7718559046
58.7718559055
58.7718559063
58.7718559071
58.7718559079
58.7718559087
58.7718559095
58.7718559103
58.7718559111
58.7718559119
58.7718559127
58.7718559134
58.7718559142
58.771855915
58.7718559158
58.7718559165
58.7718559173
58.771855918
58.7718559188
58.7718559195
58.7718559203
58.771855921
58.7718559218
58.7718559225
58.7718559232
58.7718559239
58.7718559247
58.7718559254
58.7718559261
58.7718559268
58.7718559275
58.7718559282
58.7718559289
58.7718559296
58.7718559303
58.771855931
58.7718559317
58.7718559324
58.771855933
58.7718559337
58.7718559344
58.771855935
58.7718559357
58.7718559364
58.771855937
58.7718559377
58.7718559383
58.771855939
58.7718559396
58.7718559403
58.7718559409
58.7718559415
58.7718559422
58.7718559428
58.7718559434
58.771855944
58.7718559447
58.7718559453
58.7718559459
58.7718559465
58.7718559471
58.7718559477
58.7718559483
58.7718559489
58.7718559495
58.7718559501
58.7718559507
58.7718559512
58.7718559518
58.7718559524
58.771855953
58.7718559535
58.7718559541
58.7718559547
58.7718559552
58.7718559558
58.7718559564
58.7718559569
58.7718559575
58.771855958
58.7718559586
58.7718559591
58.7718559596
58.7718559602
58.7718559607
58.7718559612
58.7718559618
58.7718559623
58.7718559628
58.7718559633
58.7718559639
58.7718559644
58.7718559649
58.7718559654
58.7718559659
58.7718559664
58.7718559669
58.7718559674
58.7718559679
58.7718559684
58.7718559689
58.7718559694
58.7718559699
58.7718559704
58.7718559708
58.7718559713
58.7718559718
58.7718559723
58.7718559727
58.7718559732
58.7718559737
58.7718559741
58.7718559746
58.7718559751
58.7718559755
58.771855976
58.7718559764
58.7718559769
58.7718559773
58.7718559778
58.7718559782
58.7718559787
58.7718559791
58.7718559795
58.77185598
58.7718559804
58.7718559808
58.7718559813
58.7718559817
58.7718559821
58.7718559825
58.771855983
58.7718559834
58.7718559838
58.7718559842
58.7718559846
58.771855985
58.7718559854
58.7718559858
58.7718559862
58.7718559866
58.771855987
58.7718559874
58.7718559878
58.7718559882
58.7718559886
58.771855989
58.7718559894
58.7718559898
58.7718559901
58.7718559905
58.7718559909
58.7718559913
58.7718559917
58.771855992
58.7718559924
58.7718559928
58.7718559931
58.7718559935
58.7718559939
58.7718559942
58.7718559946
58.7718559949
58.7718559953
58.7718559956
58.771855996
58.7718559963
58.7718559967
58.771855997
58.7718559974
58.7718559977
58.7718559981
58.7718559984
58.7718559987
58.7718559991
58.7718559994
58.7718559997
58.7718560001
58.7718560004
58.7718560007
58.7718560011
58.7718560014
58.7718560017
58.771856002
58.7718560023
58.7718560027
58.771856003
58.7718560033
58.7718560036
58.7718560039
58.7718560042
58.7718560045
58.7718560048
58.7718560051
58.7718560054
58.7718560057
58.771856006
58.7718560063
58.7718560066
58.7718560069
58.7718560072
58.7718560075
58.7718560078
58.7718560081
58.7718560084
58.7718560087
58.771856009
58.7718560092
58.7718560095
58.7718560098
58.7718560101
58.7718560104
58.7718560106
58.7718560109
58.7718560112
58.7718560114
58.7718560117
58.771856012
58.7718560123
58.7718560125
58.7718560128
58.771856013
58.7718560133
58.7718560136
58.7718560138
58.7718560141
58.7718560143
58.7718560146
58.7718560149
58.7718560151
58.7718560154
58.7718560156
58.7718560159
58.7718560161
58.7718560163
58.7718560166
58.7718560168
58.7718560171
58.7718560173
58.7718560176
58.7718560178
58.771856018
58.7718560183
58.7718560185
58.7718560187
58.771856019
58.7718560192
58.7718560194
58.7718560197
58.7718560199
58.7718560201
58.7718560203
58.7718560206
58.7718560208
58.771856021
58.7718560212
58.7718560215
58.7718560217
58.7718560219
58.7718560221
58.7718560223
58.7718560225
58.7718560227
58.771856023
58.7718560232
58.7718560234
58.7718560236
58.7718560238
58.771856024
58.7718560242
58.7718560244
58.7718560246
58.7718560248
58.771856025
58.7718560252
58.7718560254
58.7718560256
58.7718560258
58.771856026
58.7718560262
58.7718560264
58.7718560266
58.7718560268
58.771856027
58.7718560272
58.7718560274
58.7718560275
58.7718560277
58.7718560279
58.7718560281
58.7718560283
58.7718560285
58.7718560287
58.7718560288
58.771856029
58.7718560292
58.7718560294
58.7718560296
58.7718560297
58.7718560299
58.7718560301
58.7718560303
58.7718560304
58.7718560306
58.7718560308
58.7718560309
58.7718560311
58.7718560313
58.7718560314
58.7718560316
58.7718560318
58.7718560319
58.7718560321
58.7718560323
58.7718560324
58.7718560326
58.7718560328
58.7718560329
58.7718560331
58.7718560332
58.7718560334
58.7718560336
58.7718560337
58.7718560339
58.771856034
58.7718560342
58.7718560343
58.7718560345
58.7718560346
58.7718560348
58.7718560349
58.7718560351
58.7718560352
58.7718560354
58.7718560355
58.7718560357
58.7718560358
58.771856036
58.7718560361
58.7718560362
58.7718560364
58.7718560365
58.7718560367
58.7718560368
58.7718560369
58.7718560371
58.7718560372
58.7718560374
58.7718560375
58.7718560376
58.7718560378
58.7718560379
58.771856038
58.7718560382
58.7718560383
58.7718560384
58.7718560386
58.7718560387
58.7718560388
58.771856039
58.7718560391
58.7718560392
58.7718560393
58.7718560395
58.7718560396
58.7718560397
58.7718560398
58.77185604
58.7718560401
58.7718560402
58.7718560403
58.7718560405
58.7718560406
58.7718560407
58.7718560408
58.7718560409
58.7718560411
58.7718560412
58.7718560413
58.7718560414
58.7718560415
58.7718560416
58.7718560417
58.7718560419
58.771856042
58.7718560421
58.7718560422
58.7718560423
58.7718560424
58.7718560425
58.7718560426
58.7718560428
58.7718560429
58.771856043
58.7718560431
58.7718560432
58.7718560433
58.7718560434
58.7718560435
58.7718560436
58.7718560437
58.7718560438
58.7718560439
58.771856044
58.7718560441
58.7718560442
58.7718560443
58.7718560444
58.7718560445
58.7718560446
58.7718560447
58.7718560448
58.7718560449
58.771856045
58.7718560451
58.7718560452
58.7718560453
58.7718560454
58.7718560455
58.7718560456
58.7718560457
58.7718560458
58.7718560459
58.771856046
58.7718560461
58.7718560462
58.7718560462
58.7718560463
58.7718560464
58.7718560465
58.7718560466
58.7718560467
58.7718560468
58.7718560469
58.771856047
58.771856047
58.7718560471
58.7718560472
58.7718560473
58.7718560474
58.7718560475
58.7718560476
58.7718560476
58.7718560477
58.7718560478
58.7718560479
58.771856048
58.7718560481
58.7718560481
58.7718560482
58.7718560483
58.7718560484
58.7718560485
58.7718560485
58.7718560486
58.7718560487
58.7718560488
58.7718560489
58.7718560489
58.771856049
58.7718560491
58.7718560492
58.7718560492
58.7718560493
58.7718560494
58.7718560495
58.7718560495
58.7718560496
58.7718560497
58.7718560498
58.7718560498
58.7718560499
58.77185605
58.77185605
58.7718560501
58.7718560502
58.7718560503
58.7718560503
58.7718560504
58.7718560505
58.7718560505
58.7718560506
58.7718560507
58.7718560507
58.7718560508
58.7718560509
58.7718560509
58.771856051
58.7718560511
58.7718560511
58.7718560512
58.7718560513
58.7718560513
58.7718560514
58.7718560515
58.7718560515
58.7718560516
58.7718560517
58.7718560517
58.7718560518
58.7718560518
58.7718560519
58.771856052
58.771856052
58.7718560521
58.7718560521
58.7718560522
58.7718560523
58.7718560523
58.7718560524
58.7718560524
58.7718560525
58.7718560526
58.7718560526
58.7718560527
58.7718560527
58.7718560528
58.7718560529
58.7718560529
58.771856053
58.771856053
58.7718560531
58.7718560531
58.7718560532
58.7718560532
58.7718560533
58.7718560534
58.7718560534
58.7718560535
58.7718560535
58.7718560536
58.7718560536
58.7718560537
58.7718560537
58.7718560538
58.7718560538
58.7718560539
58.7718560539
58.771856054
58.771856054
58.7718560541
58.7718560541
58.7718560542
58.7718560542
58.7718560543
58.7718560543
58.7718560544
58.7718560544
58.7718560545
58.7718560545
58.7718560546
58.7718560546
58.7718560547
58.7718560547
58.7718560548
58.7718560548
58.7718560549
58.7718560549
58.771856055
58.771856055
58.771856055
58.7718560551
58.7718560551
58.7718560552
58.7718560552
58.7718560553
58.7718560553
58.7718560554
58.7718560554
58.7718560554
58.7718560555
58.7718560555
58.7718560556
58.7718560556
58.7718560557
58.7718560557
58.7718560557
58.7718560558
58.7718560558
58.7718560559
58.7718560559
58.771856056
58.771856056
58.771856056
58.7718560561
58.7718560561
58.7718560562
58.7718560562
58.7718560562
58.7718560563
58.7718560563
58.7718560563
58.7718560564
58.7718560564
58.7718560565
58.7718560565
58.7718560565
58.7718560566
58.7718560566
58.7718560567
58.7718560567
58.7718560567
58.7718560568
58.7718560568
58.7718560568
58.7718560569
58.7718560569
58.7718560569
58.771856057
58.771856057
58.7718560571
58.7718560571
58.7718560571
58.7718560572
58.7718560572
58.7718560572
58.7718560573
58.7718560573
58.7718560573
58.7718560574
58.7718560574
58.7718560574
58.7718560575
58.7718560575
58.7718560575
58.7718560576
58.7718560576
58.7718560576
58.7718560577
58.7718560577
58.7718560577
58.7718560578
58.7718560578
58.7718560578
58.7718560578
58.7718560579
58.7718560579
58.7718560579
58.771856058
58.771856058
58.771856058
58.7718560581
58.7718560581
58.7718560581
58.7718560581
58.7718560582
58.7718560582
58.7718560582
58.7718560583
58.7718560583
58.7718560583
58.7718560584
58.7718560584
58.7718560584
58.7718560584
58.7718560585
58.7718560585
58.7718560585
58.7718560585
58.7718560586
58.7718560586
58.7718560586
58.7718560587
58.7718560587
58.7718560587
58.7718560587
58.7718560588
58.7718560588
58.7718560588
58.7718560588
58.7718560589
58.7718560589
58.7718560589
58.7718560589
58.771856059
58.771856059
58.771856059
58.771856059
58.7718560591
58.7718560591
58.7718560591
58.7718560591
58.7718560592
58.7718560592
58.7718560592
58.7718560592
58.7718560593
58.7718560593
58.7718560593
58.7718560593
58.7718560594
58.7718560594
58.7718560594
58.7718560594
58.7718560594
58.7718560595
58.7718560595
58.7718560595
58.7718560595
58.7718560596
58.7718560596
58.7718560596
58.7718560596
58.7718560596
58.7718560597
58.7718560597
58.7718560597
58.7718560597
58.7718560598
58.7718560598
58.7718560598
58.7718560598
58.7718560598
58.7718560599
58.7718560599
58.7718560599
58.7718560599
58.7718560599
58.77185606
58.77185606
58.77185606
58.77185606
58.77185606
58.7718560601
58.7718560601
58.7718560601
58.7718560601
58.7718560601
58.7718560602
58.7718560602
58.7718560602
58.7718560602
58.7718560602
58.7718560603
58.7718560603
58.7718560603
58.7718560603
58.7718560603
58.7718560603
58.7718560604
58.7718560604
58.7718560604
58.7718560604
58.7718560604
58.7718560605
58.7718560605
58.7718560605
58.7718560605
58.7718560605
58.7718560605
58.7718560606
58.7718560606
58.7718560606
58.7718560606
58.7718560606
58.7718560606
58.7718560607
58.7718560607
58.7718560607
58.7718560607
58.7718560607
58.7718560607
58.7718560608
58.7718560608
58.7718560608
58.7718560608
58.7718560608
58.7718560608
58.7718560608
58.7718560609
58.7718560609
58.7718560609
58.7718560609
58.7718560609
58.7718560609
58.771856061
58.771856061
58.771856061
58.771856061
58.771856061
58.771856061
58.771856061
58.7718560611
58.7718560611
58.7718560611
58.7718560611
58.7718560611
58.7718560611
58.7718560611
58.7718560612
58.7718560612
58.7718560612
58.7718560612
58.7718560612
58.7718560612
58.7718560612
58.7718560613
58.7718560613
58.7718560613
58.7718560613
58.7718560613
58.7718560613
58.7718560613
58.7718560613
58.7718560614
58.7718560614
58.7718560614
58.7718560614
58.7718560614
58.7718560614
58.7718560614
58.7718560614
58.7718560615
58.7718560615
58.7718560615
58.7718560615
58.7718560615
58.7718560615
58.7718560615
58.7718560615
58.7718560616
58.7718560616
58.7718560616
58.7718560616
58.7718560616
58.7718560616
58.7718560616
58.7718560616
58.7718560617
58.7718560617
58.7718560617
58.7718560617
58.7718560617
58.7718560617
58.7718560617
58.7718560617
58.7718560617
58.7718560618
58.7718560618
58.7718560618
58.7718560618
58.7718560618
58.7718560618
58.7718560618
58.7718560618
58.7718560618
58.7718560618
58.7718560619
58.7718560619
58.7718560619
58.7718560619
58.7718560619
58.7718560619
58.7718560619
58.7718560619
58.7718560619
58.7718560619
58.771856062
58.771856062
58.771856062
58.771856062
58.771856062
58.771856062
58.771856062
58.771856062
58.771856062
58.771856062
58.7718560621
58.7718560621
58.7718560621
58.7718560621
58.7718560621
58.7718560621
58.7718560621
58.7718560621
58.7718560621
58.7718560621
58.7718560621
58.7718560622
58.7718560622
58.7718560622
58.7718560622
58.7718560622
58.7718560622
58.7718560622
58.7718560622
58.7718560622
58.7718560622
58.7718560622
58.7718560622
58.7718560623
58.7718560623
58.7718560623
58.7718560623
58.7718560623
58.7718560623
58.7718560623
58.7718560623
58.7718560623
58.7718560623
58.7718560623
58.7718560623
58.7718560624
58.7718560624
58.7718560624
58.7718560624
58.7718560624
58.7718560624
58.7718560624
58.7718560624
58.7718560624
58.7718560624
58.7718560624
58.7718560624
58.7718560624
58.7718560624
58.7718560625
58.7718560625
58.7718560625
58.7718560625
58.7718560625
58.7718560625
58.7718560625
58.7718560625
58.7718560625
58.7718560625
58.7718560625
58.7718560625
58.7718560625
58.7718560625
58.7718560626
58.7718560626
58.7718560626
58.7718560626
58.7718560626
58.7718560626
58.7718560626
58.7718560626
58.7718560626
58.7718560626
58.7718560626
58.7718560626
58.7718560626
58.7718560626
58.7718560626
58.7718560627
58.7718560627
58.7718560627
58.7718560627
58.7718560627
58.7718560627
58.7718560627
58.7718560627
58.7718560627
58.7718560627
58.7718560627
58.7718560627
58.7718560627
58.7718560627
58.7718560627
58.7718560627
58.7718560627
58.7718560628
58.7718560628
58.7718560628
58.7718560628
58.7718560628
58.7718560628
58.7718560628
58.7718560628
58.7718560628
58.7718560628
58.7718560628
58.7718560628
58.7718560628
58.7718560628
58.7718560628
58.7718560628
58.7718560628
58.7718560628
58.7718560629
58.7718560629
58.7718560629
58.7718560629
58.7718560629
58.7718560629
58.7718560629
58.7718560629
58.7718560629
58.7718560629
58.7718560629
58.7718560629
58.7718560629
58.7718560629
58.7718560629
58.7718560629
58.7718560629
58.7718560629
58.7718560629
58.7718560629
58.7718560629
58.771856063
58.771856063
58.771856063
58.771856063
58.771856063
58.771856063
58.771856063
58.771856063
58.771856063
58.771856063
58.771856063
58.771856063
58.771856063
58.771856063
58.771856063
58.771856063
58.771856063
58.771856063
58.771856063
58.771856063
58.771856063
58.771856063
58.7718560631
58.7718560631
58.7718560631
58.7718560631
58.7718560631
58.7718560631
58.7718560631
58.7718560631
58.7718560631
58.7718560631
58.7718560631
58.7718560631
58.7718560631
58.7718560631
58.7718560631
58.7718560631
58.7718560631
58.7718560631
58.7718560631
58.7718560631
58.7718560631
58.7718560631
58.7718560631
58.7718560631
58.7718560631
58.7718560631
58.7718560632
58.7718560632
58.7718560632
58.7718560632
58.7718560632
58.7718560632
58.7718560632
58.7718560632
58.7718560632
58.7718560632
58.7718560632
58.7718560632
58.7718560632
58.7718560632
58.7718560632
58.7718560632
58.7718560632
58.7718560632
58.7718560632
58.7718560632
58.7718560632
58.7718560632
58.7718560632
58.7718560632
58.7718560632
58.7718560632
58.7718560632
58.7718560632
58.7718560632
58.7718560633
58.7718560633
58.7718560633
58.7718560633
58.7718560633
58.7718560633
58.7718560633
58.7718560633
58.7718560633
58.7718560633
58.7718560633
58.7718560633
58.7718560633
58.7718560633
58.7718560633
58.7718560633
58.7718560633
58.7718560633
58.7718560633
58.7718560633
58.7718560633
58.7718560633
58.7718560633
58.7718560633
58.7718560633
58.7718560633
58.7718560633
58.7718560633
58.7718560633
58.7718560633
58.7718560633
58.7718560633
58.7718560633
58.7718560633
58.7718560633
58.7718560634
58.7718560634
58.7718560634
58.7718560634
58.7718560634
58.7718560634
58.7718560634
58.7718560634
58.7718560634
58.7718560634
58.7718560634
58.7718560634
58.7718560634
58.7718560634
58.7718560634
58.7718560634
58.7718560634
58.7718560634
58.7718560634
58.7718560634
58.7718560634
58.7718560634
58.7718560634
58.7718560634
58.7718560634
58.7718560634
58.7718560634
58.7718560634
58.7718560634
58.7718560634
58.7718560634
58.7718560634
58.7718560634
58.7718560634
58.7718560634
58.7718560634
58.7718560634
58.7718560634
58.7718560634
58.7718560634
58.7718560634
58.7718560634
58.7718560634
58.7718560635
58.7718560635
58.7718560635
58.7718560635
58.7718560635
58.7718560635
58.7718560635
58.7718560635
58.7718560635
58.7718560635
58.7718560635
58.7718560635
58.7718560635
58.7718560635
58.7718560635
58.7718560635
58.7718560635
58.7718560635
58.7718560635
58.7718560635
58.7718560635
58.7718560635
58.7718560635
58.7718560635
58.7718560635
58.7718560635
58.7718560635
58.7718560635
58.7718560635
58.7718560635
58.7718560635
58.7718560635
58.7718560635
58.7718560635
58.7718560635
58.7718560635
58.7718560635
58.7718560635
58.7718560635
58.7718560635
58.7718560635
58.7718560635
58.7718560635
58.7718560635
58.7718560635
58.7718560635
58.7718560635
58.7718560635
58.7718560635
58.7718560635
58.7718560635
58.7718560635
58.7718560635
58.7718560635
58.7718560636
58.7718560636
58.7718560636
58.7718560636
58.7718560636
58.7718560636
58.7718560636
58.7718560636
58.7718560636
58.7718560636
58.7718560636
58.7718560636
58.7718560636
58.7718560636
58.7718560636
58.7718560636
58.7718560636
58.7718560636
58.7718560636
58.7718560636
58.7718560636
58.7718560636
58.7718560636
58.7718560636
58.7718560636
58.7718560636
58.7718560636
58.7718560636
58.7718560636
58.7718560636
58.7718560636
58.7718560636
58.7718560636
58.7718560636
58.7718560636
58.7718560636
58.7718560636
58.7718560636
58.7718560636
58.7718560636
58.7718560636
58.7718560636
58.7718560636
58.7718560636
58.7718560636
58.7718560636
58.7718560636
58.7718560636
58.7718560636
58.7718560636
58.7718560636
58.7718560636
58.7718560636
58.7718560636
58.7718560636
58.7718560636
58.7718560636
58.7718560636
58.7718560636
58.7718560636
58.7718560636
58.7718560636
58.7718560636
58.7718560636
58.7718560636
58.7718560636
58.7718560636
58.7718560636
58.7718560636
58.7718560636
58.7718560636
58.7718560636
58.7718560636
58.7718560636
58.7718560636
58.7718560636
58.7718560636
58.7718560637
58.7718560637
58.7718560637
58.7718560637
58.7718560637
58.7718560637
58.7718560637
58.7718560637
58.7718560637
58.7718560637
58.7718560637
58.7718560637
58.7718560637
58.7718560637
58.7718560637
58.7718560637
58.7718560637
58.7718560637
58.7718560637
58.7718560637
58.7718560637
58.7718560637
58.7718560637
58.7718560637
58.7718560637
58.7718560637
58.7718560637
58.7718560637
58.7718560637
58.7718560637
58.7718560637
58.7718560637
58.7718560637
58.7718560637
58.7718560637
58.7718560637
58.7718560637
58.7718560637
58.7718560637
58.7718560637
58.7718560637
58.7718560637
58.7718560637
58.7718560637
58.7718560637
58.7718560637
58.7718560637
58.7718560637
58.7718560637
58.7718560637
58.7718560637
58.7718560637
58.7718560637
58.7718560637
58.7718560637
58.7718560637
58.7718560637
58.7718560637
58.7718560637
58.7718560637
58.7718560637
58.7718560637
58.7718560637
58.7718560637
58.7718560637
58.7718560637
58.7718560637
58.7718560637
58.7718560637
58.7718560637
58.7718560637
58.7718560637
58.7718560637
58.7718560637
58.7718560637
58.7718560637
58.7718560637
58.7718560637
58.7718560637
58.7718560637
58.7718560637
58.7718560637
58.7718560637
58.7718560637
58.7718560637
58.7718560637
58.7718560637
58.7718560637
58.7718560637
58.7718560637
58.7718560637
58.7718560637
58.7718560637
58.7718560637
58.7718560637
58.7718560637
58.7718560637
58.7718560637
58.7718560637
58.7718560637
58.7718560637
58.7718560637
58.7718560637
58.7718560637
58.7718560637
58.7718560637
58.7718560637
58.7718560637
58.7718560637
58.7718560637
58.7718560637
58.7718560637
58.7718560637
58.7718560637
58.7718560637
58.7718560637
58.7718560637
58.7718560637
58.7718560637
58.7718560637
58.7718560637
58.7718560637
58.7718560637
58.7718560637
58.7718560637
58.7718560637
58.7718560637
58.7718560637
58.7718560638
58.7718560638
58.7718560638
58.7718560638
58.7718560638
58.7718560638
58.7718560638
58.7718560638
58.7718560638
58.7718560638
58.7718560638
58.7718560638
58.7718560638
58.7718560638
58.7718560638
58.7718560638
58.7718560638
58.7718560638
58.7718560638
58.7718560638
58.7718560638
58.7718560638
58.7718560638
58.7718560638
58.7718560638
58.7718560638
58.7718560638
58.7718560638
58.7718560638
58.7718560638
58.7718560638
58.7718560638
58.7718560638
58.7718560638
58.7718560638
58.7718560638
58.7718560638
58.7718560638
58.7718560638
58.7718560638
58.7718560638
58.7718560638
58.7718560638
58.7718560638
58.7718560638
58.7718560638
58.7718560638
58.7718560638
58.7718560638
58.7718560638
58.7718560638
58.7718560638
58.7718560638
58.7718560638
58.7718560638
58.7718560638
58.7718560638
58.7718560638
58.7718560638
58.7718560638
58.7718560638
58.7718560638
58.7718560638
58.7718560638
58.7718560638
58.7718560638
58.7718560638
58.7718560638
58.7718560638
58.7718560638
58.7718560638
58.7718560638
58.7718560638
58.7718560638
58.7718560638
58.7718560638
58.7718560638
58.7718560638
58.7718560638
58.7718560638
58.7718560638
58.7718560638
58.7718560638
58.7718560638
58.7718560638
58.7718560638
58.7718560638
58.7718560638
58.7718560638
58.7718560638
58.7718560638
58.7718560638
58.7718560638
58.7718560638
58.7718560638
58.7718560638
58.7718560638
58.7718560638
58.7718560638
58.7718560638
58.7718560638
58.7718560638
58.7718560638
58.7718560638
58.7718560638
58.7718560638
58.7718560638
58.7718560638
58.7718560638
58.7718560638
58.7718560638
58.7718560638
58.7718560638
58.7718560638
58.7718560638
58.7718560638
58.7718560638
58.7718560638
58.7718560638
58.7718560638
58.7718560638
58.7718560638
58.7718560638
58.7718560638
58.7718560638
58.7718560638
58.7718560638
58.7718560638
58.7718560638
58.7718560638
58.7718560638
58.7718560638
58.7718560638
58.7718560638
58.7718560638
58.7718560638
58.7718560638
58.7718560638
58.7718560638
58.7718560638
58.7718560638
58.7718560638
58.7718560638
58.7718560638
58.7718560638
58.7718560638
58.7718560638
58.7718560638
58.7718560638
58.7718560638
58.7718560638
58.7718560638
58.7718560638
58.7718560638
58.7718560638
58.7718560638
58.7718560638
58.7718560638
58.7718560638
58.7718560638
58.7718560638
58.7718560638
58.7718560638
58.7718560638
58.7718560638
58.7718560638
58.7718560638
58.7718560638
58.7718560638
58.7718560638
58.7718560638
58.7718560638
58.7718560638
58.7718560638
58.7718560638
58.7718560638
58.7718560638
58.7718560638
58.7718560638
58.7718560638
58.7718560638
58.7718560638
58.7718560638
58.7718560638
58.7718560638
58.7718560638
58.7718560638
58.7718560638
58.7718560638
58.7718560638
58.7718560638
58.7718560638
58.7718560638
58.7718560638
58.7718560638
58.7718560638
58.7718560638
58.7718560638
58.7718560638
58.7718560638
58.7718560638
58.7718560638
58.7718560638
58.7718560638
58.7718560638
58.7718560638
58.7718560638
58.7718560638
58.7718560638
58.7718560638
58.7718560638
58.7718560638
58.7718560638
58.7718560638
58.7718560638
58.7718560638
58.7718560638
58.7718560638
58.7718560638
58.7718560638
58.7718560638
58.7718560638
58.7718560638
58.7718560638
58.7718560638
58.7718560638
58.7718560638
58.7718560638
58.7718560638
58.7718560638
58.7718560638
58.7718560638
58.7718560638
58.7718560638
58.7718560638
58.7718560638
58.7718560638
58.7718560638
58.7718560638
58.7718560638
58.7718560638
58.7718560638
58.7718560638
58.7718560638
58.7718560638
58.7718560638
58.7718560638
58.7718560638
58.7718560638
58.7718560638
58.7718560638
58.7718560638
58.7718560638
58.7718560638
58.7718560638
58.7718560638
58.7718560638
58.7718560638
58.7718560638
58.7718560638
58.7718560638
58.7718560638
58.7718560638
