-1.66265208032
-1.42520531148
-1.19980503093
-0.985840079035
-0.782730302392
-0.589924980757
-0.406901333816
-0.23316310369
-0.0682392093639
0.0883175306235
0.236931610685
0.378005989178
0.511923181
0.639046294759
0.759720017317
0.874271548392
0.983011487737
1.08623467732
1.18422100075
1.27723614221
1.36553230679
1.44934890435
1.52891319869
1.60444092371
1.67613686842
1.74419543216
1.80880115173
1.87012920175
1.92834586962
1.98360900643
2.03606845493
2.08586645583
2.13313803349
2.17801136202
2.22060811282
2.26104378447
2.29942801594
2.3358648838
2.37045318449
2.40328670215
2.43445446294
2.46404097642
2.49212646469
2.51878707988
2.5440951107
2.56811917839
2.5909244228
2.61257267901
2.63312264499
2.65263004078
2.67114775953
2.68872601095
2.70541245743
2.7212523433
2.73628861748
2.75056204994
2.76411134226
2.77697323255
2.78918259507
2.80077253478
2.81177447714
2.82221825326
2.83213218082
2.84154314087
2.85047665066
2.85895693289
2.86700698133
2.87464862324
2.88190257846
2.88878851567
2.8953251057
2.90153007211
2.90742023931
2.91301157814
2.91831924919
2.92335764391
2.92814042359
2.93268055647
2.93699035285
2.94108149849
2.94496508629
2.94865164637
2.95215117463
2.95547315982
2.95862660932
2.96162007353
2.96446166903
2.96715910066
2.96971968234
2.97215035693
2.97445771507
2.97664801303
2.97872718966
2.98070088254
2.98257444322
2.98435295174
2.98604123043
2.98764385696
2.98916517675
2.99060931477
2.99198018673
2.99328150965
2.994516812
2.99568944323
2.99680258285
2.99785924909
2.99886230703
2.99981447641
3.00071833897
3.00157634548
3.00239082238
3.00316397808
3.00389790894
3.00459460497
3.00525595523
3.00588375292
3.00647970028
3.00704541319
3.00758242555
3.00809219343
3.00857609903
3.00903545445
3.00947150519
3.00988543359
3.01027836198
3.01065135576
3.01100542629
3.01134153361
3.01166058906
3.01196345772
3.01225096083
3.01252387791
3.01278294898
3.01302887648
3.01326232724
3.01348393424
3.01369429836
3.01389398999
3.01408355057
3.0142634941
3.01443430847
3.01459645685
3.01475037888
3.01489649193
3.01503519215
3.01516685564
3.01529183939
3.01541048228
3.01552310602
3.01563001596
3.015731502
3.01582783931
3.01591928909
3.01600609931
3.01608850535
3.01616673065
3.01624098731
3.01631147668
3.01637838988
3.01644190835
3.0165022043
3.01655944124
3.01661377435
3.01666535095
3.0167143109
3.01676078694
3.01680490509
3.01684678498
3.01688654015
3.01692427841
3.01696010208
3.01699410829
3.01702638925
3.01705703249
3.01708612109
3.01711373392
3.01713994587
3.01716482799
3.01718844775
3.0172108692
3.01723215314
3.01725235727
3.01727153637
3.01728974246
3.01730702488
3.01732343051
3.01733900383
3.01735378705
3.01736782028
3.01738114155
3.01739378698
3.01740579087
3.01741718576
3.01742800255
3.01743827057
3.01744801766
3.01745727024
3.01746605341
3.01747439097
3.01748230555
3.01748981859
3.01749695046
3.01750372052
3.0175101471
3.01751624765
3.01752203869
3.01752753593
3.01753275428
3.01753770788
3.01754241017
3.0175468739
3.01755111116
3.01755513346
3.01755895169
3.01756257621
3.01756601684
3.01756928292
3.0175723833
3.01757532639
3.01757812016
3.0175807722
3.01758328969
3.01758567946
3.01758794798
3.01759010142
3.01759214561
3.01759408608
3.01759592811
3.01759767669
3.01759933656
3.01760091221
3.01760240793
3.01760382777
3.01760517557
3.01760645499
3.0176076695
3.0176088224
3.01760991681
3.01761095569
3.01761194187
3.01761287801
3.01761376667
3.01761461023
3.017615411
3.01761617115
3.01761689273
3.0176175777
3.01761822792
3.01761884515
3.01761943107
3.01761998726
3.01762051524
3.01762101642
3.01762149219
3.01762194381
3.01762237252
3.01762277949
3.0176231658
3.01762353252
3.01762388063
3.01762421108
3.01762452477
3.01762482254
3.0176251052
3.01762537353
3.01762562824
3.01762587003
3.01762609955
3.01762631743
3.01762652425
3.01762672058
3.01762690695
3.01762708387
3.01762725181
3.01762741123
3.01762756256
3.01762770621
3.01762784258
3.01762797203
3.01762809491
3.01762821155
3.01762832228
3.01762842739
3.01762852717
3.01762862189
3.0176287118
3.01762879715
3.01762887817
3.01762895507
3.01762902808
3.01762909738
3.01762916317
3.01762922562
3.0176292849
3.01762934118
3.01762939459
3.0176294453
3.01762949344
3.01762953913
3.01762958251
3.01762962368
3.01762966277
3.01762969987
3.01762973509
3.01762976853
3.01762980027
3.01762983039
3.01762985899
3.01762988614
3.01762991191
3.01762993637
3.0176299596
3.01762998164
3.01763000257
3.01763002243
3.01763004129
3.01763005919
3.01763007618
3.01763009231
3.01763010762
3.01763012215
3.01763013595
3.01763014905
3.01763016148
3.01763017328
3.01763018449
3.01763019512
3.01763020522
3.0176302148
3.0176302239
3.01763023253
3.01763024073
3.01763024851
3.0176302559
3.01763026291
3.01763026956
3.01763027588
3.01763028188
3.01763028757
3.01763029298
3.01763029811
3.01763030298
3.0176303076
3.01763031199
3.01763031616
3.01763032011
3.01763032387
3.01763032743
3.01763033081
3.01763033402
3.01763033707
3.01763033996
3.01763034271
3.01763034532
3.01763034779
3.01763035014
3.01763035237
3.01763035449
3.0176303565
3.01763035841
3.01763036022
3.01763036194
3.01763036357
3.01763036512
3.01763036659
3.01763036799
3.01763036931
3.01763037057
3.01763037176
3.0176303729
3.01763037397
3.01763037499
3.01763037596
3.01763037688
3.01763037776
3.01763037859
3.01763037937
3.01763038012
3.01763038083
3.01763038151
3.01763038214
3.01763038275
3.01763038333
3.01763038387
3.01763038439
3.01763038489
3.01763038535
3.0176303858
3.01763038622
3.01763038662
3.017630387
3.01763038736
3.0176303877
3.01763038803
3.01763038834
3.01763038863
3.01763038891
3.01763038917
3.01763038942
3.01763038966
3.01763038988
3.0176303901
3.0176303903
3.01763039049
3.01763039068
3.01763039085
3.01763039102
3.01763039117
3.01763039132
3.01763039146
3.0176303916
3.01763039172
3.01763039185
3.01763039196
3.01763039207
3.01763039217
3.01763039227
3.01763039236
3.01763039245
3.01763039254
3.01763039262
3.01763039269
3.01763039276
3.01763039283
3.0176303929
3.01763039296
3.01763039302
3.01763039307
3.01763039312
3.01763039317
3.01763039322
3.01763039327
3.01763039331
3.01763039335
3.01763039339
3.01763039342
3.01763039346
3.01763039349
3.01763039352
3.01763039355
3.01763039358
3.01763039361
3.01763039363
3.01763039366
3.01763039368
3.0176303937
3.01763039372
3.01763039374
3.01763039376
3.01763039378
3.01763039379
3.01763039381
3.01763039382
3.01763039384
3.01763039385
3.01763039386
3.01763039388
3.01763039389
3.0176303939
3.01763039391
3.01763039392
3.01763039393
3.01763039394
3.01763039395
3.01763039396
3.01763039396
3.01763039397
3.01763039398
3.01763039398
3.01763039399
3.017630394
3.017630394
3.01763039401
3.01763039401
3.01763039402
3.01763039402
3.01763039403
3.01763039403
3.01763039403
3.01763039404
3.01763039404
3.01763039404
3.01763039405
3.01763039405
3.01763039405
3.01763039406
3.01763039406
3.01763039406
3.01763039406
3.01763039406
3.01763039407
3.01763039407
3.01763039407
3.01763039407
3.01763039407
3.01763039408
3.01763039408
3.01763039408
3.01763039408
3.01763039408
3.01763039408
3.01763039408
3.01763039408
3.01763039409
3.01763039409
3.01763039409
3.01763039409
3.01763039409
3.01763039409
3.01763039409
3.01763039409
3.01763039409
3.01763039409
3.01763039409
3.01763039409
3.0176303941
3.0176303941
3.0176303941
3.0176303941
3.0176303941
3.0176303941
3.0176303941
3.0176303941
3.0176303941
3.0176303941
3.0176303941
3.0176303941
3.0176303941
3.0176303941
3.0176303941
3.0176303941
3.0176303941
3.0176303941
3.0176303941
3.0176303941
3.0176303941
3.0176303941
3.0176303941
3.0176303941
3.0176303941
3.0176303941
3.0176303941
3.0176303941
3.0176303941
3.0176303941
3.0176303941
3.0176303941
3.0176303941
3.0176303941
3.0176303941
3.0176303941
3.0176303941
3.0176303941
3.0176303941
3.0176303941
3.0176303941
3.0176303941
3.0176303941
3.0176303941
3.0176303941
3.0176303941
3.0176303941
3.0176303941
3.0176303941
3.01763039411
3.01763039411
3.01763039411
3.01763039411
3.01763039411
3.01763039411
3.01763039411
3.01763039411
3.01763039411
3.01763039411
3.01763039411
3.01763039411
3.01763039411
3.01763039411
3.01763039411
3.01763039411
3.01763039411
3.01763039411
3.01763039411
3.01763039411
3.01763039411
3.01763039411
3.01763039411
3.01763039411
3.01763039411
3.01763039411
3.01763039411
3.01763039411
3.01763039411
3.01763039411
3.01763039411
3.01763039411
3.01763039411
3.01763039411
3.01763039411
3.01763039411
3.01763039411
3.01763039411
3.01763039411
3.01763039411
3.01763039411
3.01763039411
3.01763039411
3.01763039411
3.01763039411
3.01763039411
3.01763039411
3.01763039411
3.01763039411
3.01763039411
3.01763039411
3.01763039411
3.01763039411
3.01763039411
3.01763039411
3.01763039411
3.01763039411
3.01763039411
3.01763039411
3.01763039411
3.01763039411
3.01763039411
3.01763039411
