-0.859450796705
-0.328173281856
0.174623877772
0.650467437239
1.10080230638
1.52699593731
1.93034247673
2.31206669561
2.67332770826
3.015222492
3.33878921815
3.64501040447
3.93481589857
4.20908570147
4.46865263967
4.71430489413
4.94678839351
5.16680907928
5.37503504927
5.57209858639
5.75859807859
5.93509983582
6.1021398097
6.26022522093
6.40983609947
6.55142674217
6.68542709225
6.81224404483
6.93226268249
7.04584744457
7.15334323377
7.25507646353
7.35135604913
7.44247434571
7.52870803607
7.61031897078
7.68755496331
7.76065054252
7.82982766479
7.89529638804
7.95725550954
8.01589316959
8.07138742277
8.12390677865
8.17361071346
8.22065015432
8.26516793759
8.30729924251
8.34717200177
8.3849072899
8.42061969097
8.4544176465
8.48640378475
8.51667523237
8.5453239093
8.5724368079
8.59809625709
8.6223801724
8.64536229248
8.66711240306
8.68769654885
8.70717723408
8.7256136123
8.74306166599
8.75957437656
8.77520188523
8.7899916453
8.80398856621
8.81723514992
8.82977161999
8.8416360437
8.85286444764
8.86349092712
8.87354774968
8.8830654531
8.8920729381
8.90059755611
8.90866519234
8.91630034434
8.92352619642
8.93036469005
8.93683659048
8.94296154978
8.94875816652
8.95424404226
8.959435835
8.96434930972
8.96899938631
8.97340018483
8.97756506841
8.98150668381
8.98523699983
8.98876734367
8.9921084353
8.99527042001
8.99826289924
9.00109495973
9.00377520109
9.00631176194
9.0087123446
9.0109842385
9.01313434229
9.01516918481
9.01709494491
9.01891747021
9.02064229483
9.02227465626
9.02381951119
9.02528155062
9.02666521405
9.02797470302
9.02921399381
9.03038684957
9.03149683169
9.03254731066
9.03354147629
9.03448234737
9.0353727809
9.03621548068
9.0370130056
9.03776777736
9.03848208785
9.03915810607
9.03979788477
9.04040336667
9.04097639031
9.04151869571
9.04203192957
9.04251765034
9.04297733294
9.04341237319
9.04382409211
9.04421373989
9.04458249969
9.04493149128
9.04526177437
9.04557435188
9.04587017295
9.04615013585
9.04641509069
9.04666584202
9.04690315124
9.04712773896
9.04734028713
9.04754144117
9.04773181189
9.04791197734
9.04808248461
9.04824385144
9.04839656784
9.04854109752
9.04867787935
9.04880732868
9.04892983858
9.04904578105
9.04915550816
9.04925935309
9.04935763118
9.04945064085
9.04953866451
9.04962196947
9.04970080867
9.04977542151
9.04984603457
9.04991286224
9.04997610747
9.05003596228
9.05009260845
9.05014621796
9.05019695362
9.05024496947
9.05029041132
9.05033341716
9.05037411756
9.05041263613
9.05044908983
9.05048358934
9.05051623942
9.05054713922
9.05057638257
9.05060405826
9.05063025032
9.05065503831
9.05067849747
9.05070069906
9.05072171048
9.05074159553
9.05076041459
9.05077822482
9.05079508029
9.05081103218
9.05082612894
9.0508404164
9.05085393795
9.05086673464
9.05087884534
9.05089030681
9.05090115387
9.05091141944
9.05092113471
9.05093032916
9.05093903073
9.05094726583
9.05095505946
9.0509624353
9.05096941575
9.05097602199
9.05098227408
9.05098819102
9.05099379077
9.05099909033
9.05100410579
9.05100885239
9.05101334454
9.05101759588
9.05102161931
9.05102542706
9.05102903068
9.05103244112
9.05103566874
9.05103872334
9.05104161418
9.05104435006
9.05104693927
9.05104938969
9.05105170874
9.05105390347
9.05105598055
9.05105794629
9.05105980664
9.05106156727
9.05106323351
9.05106481044
9.05106630282
9.05106771521
9.05106905188
9.05107031689
9.05107151409
9.05107264712
9.0510737194
9.0510747342
9.0510756946
9.05107660352
