0.0594059405941
0.118229470006
0.17648189719
0.234174204883
0.291317062025
0.34792083561
0.403995601966
0.459551157521
0.514597029081
0.569142483626
0.62319653768
0.676767966252
0.729865311384
0.791268820156
0.852138385374
0.91248321296
0.972312272789
1.03163430669
1.0904578361
1.14879116943
1.2066424091
1.26401945828
1.32093002739
1.37738164029
1.43338164029
1.48893719585
1.54405530608
1.59874280608
1.65300637197
1.70685252582
1.76028764032
1.81331794335
1.8659495223
1.92565101484
1.9849102741
2.04373380351
2.10212796409
2.16009897859
2.21765293542
2.27479579256
2.33153338122
2.38787140939
2.44381546533
2.49937102089
2.5614399864
2.62308382202
2.68430831182
2.74511912263
2.80552180719
2.86552180719
2.9251244562
2.98433498251
3.04315851192
3.10160007037
3.15966458649
3.21735689419
3.27468173495
3.33164376027
3.38824753385
3.44449753385
3.50039815497
3.55595371053
3.61116843445
3.67214404421
3.73275010481
3.79299106867
3.85287130819
3.91239511771
3.97748387511
4.04218975746
4.10651724284
4.17047073122
4.23405454625
4.29727293705
4.36013007991
4.42263007991
4.48477697256
4.54657472537
4.60802723934
4.66913835045
4.73543669299
4.80137075892
4.86694452942
4.93216192072
4.99702678559
5.06154291462
5.12571403761
5.18954382485
5.25303588834
5.31619378308
5.37902100821
5.44152100821
5.50369717401
5.56555284411
5.62709130565
5.68831579545
5.74922950103
5.80983556164
5.87013706917
5.93013706917
5.98983856171
6.04954005425
6.10924154679
6.16894303932
6.22864453186
6.2883460244
6.34804751694
6.40774900947
6.46745050201
6.52715199455
6.58685348708
6.64655497962
6.70625647216
6.7659579647
6.82565945723
6.88038582539
6.93511219355
6.98983856171
7.04456492987
7.09929129803
7.15401766619
7.20874403435
7.26347040251
7.31819677067
7.37292313883
7.42764950699
7.48237587514
7.54207736768
7.60177886022
7.66148035276
7.72118184529
7.77590821345
7.83063458161
7.88536094977
7.94008731793
7.99481368609
8.04954005425
8.10426642241
8.15899279057
8.21371915873
8.26844552689
8.32317189504
8.3778982632
8.43262463136
8.48735099952
8.54207736768
8.59182861146
8.64157985524
8.6963062234
8.75103259156
8.80575895972
8.86048532788
8.91023657166
8.95998781544
9.00973905922
9.05949030301
9.10924154679
9.15899279057
9.20874403435
9.25849527813
9.31322164629
9.36794801445
9.42267438261
9.47740075077
9.53212711893
9.58685348708
9.64157985524
9.6963062234
9.75103259156
9.80575895972
9.86048532788
9.91521169604
9.9699380642
10.0246644324
10.0793908005
10.1291420443
10.1788932881
10.2286445319
10.2783957756
10.3281470194
10.3778982632
10.427649507
10.4774007508
10.5221768702
10.571928114
10.6216793577
10.6714306015
10.7211818453
10.7709330891
10.8256594572
10.8803858254
10.9351121936
10.9898385617
11.0445649299
11.099291298
11.1540176662
11.2087440343
11.2634704025
11.3181967707
11.3729231388
11.427649507
11.4823758751
11.5371022433
11.5918286115
11.6465549796
11.7012813478
11.7560077159
11.8157092085
11.875410701
11.9351121936
11.9948136861
12.0545151786
12.1142166712
12.1739181637
12.2286445319
12.2833709
12.3380972682
12.3928236363
12.4475500045
12.5022763727
12.5570027408
12.611729109
12.6664554771
12.7211818453
12.7759082135
12.835609706
12.8953111985
12.9550126911
13.0147141836
13.0744156761
13.1341171687
13.1938186612
13.2535201538
13.3132216463
13.3679480144
13.4226743826
13.4774007508
13.5321271189
13.5868534871
13.6415798552
13.6963062234
13.7510325916
13.8057589597
13.8604853279
13.915211696
13.9649629398
14.0147141836
14.0644654274
14.1142166712
14.1639679149
14.2137191587
14.2634704025
14.3132216463
14.3629728901
14.4127241339
14.4624753776
14.5122266214
14.5619778652
14.611729109
14.6614803528
14.7112315965
14.7609828403
14.8107340841
14.8604853279
14.9052614473
14.9500375667
14.9948136861
15.0395898055
15.0843659249
15.1241669199
15.1639679149
15.20376891
15.243569905
15.2833709
15.323171895
15.3629728901
15.4027738851
15.4425748801
15.4873509995
15.5321271189
15.5769032383
15.6167042334
15.6565052284
15.6963062234
15.7361072184
15.7759082135
15.8157092085
15.8555102035
15.8953111985
15.9351121936
15.9749131886
16.0147141836
16.0545151786
16.0943161737
16.1341171687
16.1739181637
16.2137191587
16.2535201538
16.2933211488
16.3331221438
16.3729231388
16.4127241339
16.4525251289
16.4923261239
16.5321271189
16.571928114
16.611729109
16.651530104
16.691331099
16.731132094
16.7709330891
16.8107340841
16.8505350791
16.8903360741
16.9301370692
16.9699380642
17.0097390592
17.0495400542
17.0893410493
17.1341171687
17.1788932881
17.2236694075
17.2684455269
17.3132216463
17.3579977657
17.4027738851
17.4475500045
17.4923261239
17.5321271189
17.571928114
17.611729109
17.651530104
17.691331099
17.731132094
17.7709330891
17.8107340841
17.8505350791
17.8903360741
17.9301370692
17.9699380642
18.0097390592
18.0495400542
18.0893410493
18.1291420443
18.1689430393
18.2087440343
18.2485450294
18.2883460244
18.3281470194
18.3629728901
18.3977987607
18.4326246314
18.467450502
18.5022763727
18.5371022433
18.571928114
18.6067539846
18.6415798552
18.6764057259
18.7112315965
18.7460574672
18.7759082135
18.8057589597
18.835609706
18.8654604523
18.8953111985
18.9251619448
18.9550126911
18.9848634373
19.0147141836
19.0445649299
19.0744156761
19.1042664224
19.1341171687
19.1639679149
19.1938186612
19.2236694075
19.2535201538
19.2833709
19.3132216463
19.3430723926
19.3729231388
19.4027738851
19.4326246314
19.4624753776
19.4873509995
19.5172017458
19.5470524921
19.5769032383
19.6067539846
19.6316296065
19.6565052284
19.6813808503
19.7062564722
19.731132094
19.7560077159
19.7808833378
19.8057589597
19.8306345816
19.8555102035
19.8803858254
19.9052614473
19.9301370692
19.9550126911
19.979888313
20.0047639348
20.0296395567
20.0545151786
20.0744156761
20.0943161737
20.1142166712
20.1341171687
20.1540176662
20.1739181637
20.1938186612
20.2137191587
20.2336196562
20.2535201538
20.2734206513
20.2933211488
20.3132216463
20.3331221438
20.3530226413
20.3729231388
20.3928236363
20.4127241339
20.427649507
20.4425748801
20.4575002533
20.4724256264
20.4873509995
20.5022763727
20.5172017458
20.5321271189
20.5470524921
20.5619778652
20.5769032383
20.5918286115
20.6067539846
20.6216793577
20.6366047309
20.651530104
20.6664554771
20.6813808503
20.6963062234
20.7112315965
20.7261569697
20.7410823428
20.7560077159
20.7709330891
20.7858584622
20.8007838353
20.8157092085
20.8306345816
20.8455599547
20.8604853279
20.875410701
20.8903360741
20.9052614473
20.9201868204
20.9351121936
20.9500375667
20.9649629398
20.979888313
20.9948136861
21.0097390592
21.0246644324
21.0395898055
21.0545151786
21.0694405518
21.0843659249
21.099291298
21.1142166712
21.1291420443
21.1440674174
21.1589927906
21.1739181637
21.1888435368
21.20376891
21.2137191587
21.2236694075
21.2336196562
21.243569905
21.2535201538
21.2634704025
21.2734206513
21.2833709
21.2933211488
21.3032713975
21.3181967707
21.3331221438
21.3480475169
21.3629728901
21.3778982632
21.3928236363
21.4077490095
21.4226743826
21.4375997557
21.4525251289
21.467450502
21.4823758751
21.4973012483
21.5122266214
21.5271519945
21.5420773677
21.5570027408
21.571928114
21.5868534871
21.6017788602
21.6167042334
21.6316296065
21.6465549796
21.6614803528
21.6764057259
21.691331099
21.7062564722
21.7211818453
21.7361072184
21.7510325916
21.7659579647
21.7759082135
21.7858584622
21.795808711
21.8057589597
21.8157092085
21.8256594572
21.835609706
21.8455599547
21.8555102035
21.8654604523
21.875410701
21.8853609498
21.8953111985
21.9052614473
21.915211696
21.9251619448
21.9351121936
21.9450624423
21.9550126911
21.9649629398
21.9749131886
21.9848634373
21.9948136861
22.0047639348
22.0147141836
22.0246644324
22.0346146811
22.0445649299
22.0545151786
22.0644654274
22.0744156761
22.0843659249
22.0943161737
22.1042664224
22.1142166712
22.1241669199
22.1341171687
22.1440674174
22.1540176662
22.1639679149
22.1739181637
22.1838684125
22.1938186612
22.20376891
22.2137191587
22.2236694075
22.2336196562
22.243569905
22.2535201538
22.2634704025
22.2734206513
22.2833709
22.2933211488
22.3032713975
22.3132216463
22.323171895
22.3331221438
22.3430723926
22.3530226413
22.3629728901
22.3729231388
22.3828733876
22.3928236363
22.4027738851
22.4127241339
22.4226743826
22.4326246314
22.4375997557
22.4425748801
22.4475500045
22.4525251289
22.4575002533
22.4624753776
22.467450502
22.4724256264
22.4774007508
22.4873509995
22.4973012483
22.507251497
22.5172017458
22.5271519945
22.5371022433
22.5470524921
22.5570027408
22.5669529896
22.5769032383
22.5868534871
22.5968037358
22.6067539846
22.6167042334
22.6266544821
22.6366047309
22.6465549796
22.6565052284
22.6664554771
22.6764057259
22.6863559746
22.6963062234
22.7062564722
22.7162067209
22.7261569697
22.7361072184
22.7460574672
22.7560077159
22.7659579647
22.7759082135
22.7858584622
22.795808711
22.8057589597
22.8157092085
22.8256594572
22.835609706
22.8455599547
22.8555102035
22.8654604523
22.875410701
22.8853609498
22.8953111985
22.9052614473
22.915211696
22.9251619448
22.9351121936
22.9450624423
22.9550126911
22.9649629398
22.9749131886
22.9848634373
22.9948136861
23.0047639348
23.0147141836
23.0246644324
23.0346146811
23.0445649299
23.0545151786
23.0644654274
23.0744156761
23.0843659249
23.0943161737
23.1042664224
23.1142166712
23.1241669199
23.1341171687
23.1440674174
23.1540176662
23.1639679149
23.1739181637
23.1838684125
23.1938186612
23.20376891
23.2137191587
23.2236694075
23.2336196562
23.243569905
23.2535201538
23.2634704025
23.2734206513
23.2833709
23.2933211488
23.3032713975
23.3132216463
23.323171895
23.3331221438
23.3430723926
23.3530226413
23.3629728901
23.3729231388
23.3828733876
23.3928236363
23.4027738851
23.4127241339
23.4176992582
23.4226743826
23.427649507
23.4326246314
23.4375997557
23.4425748801
23.4475500045
23.4525251289
23.4575002533
23.4624753776
23.467450502
23.4724256264
23.4823758751
23.4923261239
23.5022763727
23.5122266214
23.5221768702
23.5321271189
23.5420773677
23.5520276164
23.5619778652
23.571928114
23.5818783627
23.5918286115
23.6017788602
23.611729109
23.6216793577
23.6316296065
23.6415798552
23.651530104
23.6614803528
23.6714306015
23.6813808503
23.691331099
23.7012813478
23.7112315965
23.7211818453
23.731132094
23.7410823428
23.7510325916
23.7609828403
23.7709330891
23.7808833378
23.7908335866
23.8007838353
23.8107340841
23.8206843329
23.8306345816
23.8405848304
23.8505350791
23.8604853279
23.8704355766
23.8803858254
23.8903360741
23.9002863229
23.9102365717
23.9201868204
23.9301370692
23.9400873179
23.9500375667
23.9599878154
23.9699380642
23.979888313
23.9898385617
23.9997888105
24.0097390592
24.019689308
24.0296395567
24.0395898055
24.0495400542
24.059490303
24.0694405518
24.0793908005
24.0893410493
24.099291298
24.1092415468
24.1191917955
24.1291420443
24.1390922931
24.1490425418
24.1589927906
24.1689430393
24.1788932881
24.1888435368
24.1987937856
24.2087440343
24.2186942831
24.2286445319
24.2385947806
24.2485450294
24.2584952781
24.2684455269
24.2783957756
24.2883460244
24.3032713975
24.3181967707
24.3331221438
24.3480475169
24.3629728901
24.3778982632
24.3928236363
24.4077490095
24.4226743826
24.4375997557
24.4525251289
24.467450502
24.4823758751
24.4923261239
24.5022763727
24.5122266214
24.5221768702
24.5321271189
24.5420773677
24.5520276164
24.5619778652
24.571928114
24.5818783627
24.5918286115
24.6017788602
24.611729109
24.6216793577
24.6316296065
24.6415798552
24.651530104
24.6614803528
24.6714306015
24.6813808503
24.691331099
24.7012813478
24.7112315965
24.7211818453
24.731132094
24.7410823428
24.7510325916
24.7609828403
24.7709330891
24.7808833378
24.7908335866
24.8007838353
24.8107340841
24.8206843329
24.8306345816
24.8405848304
24.8505350791
24.8604853279
24.8704355766
24.8803858254
24.8903360741
24.9002863229
24.9102365717
24.9201868204
24.9301370692
24.9400873179
24.9500375667
24.9599878154
24.9699380642
24.979888313
24.9898385617
24.9997888105
25.0097390592
25.019689308
25.0296395567
25.0395898055
25.0495400542
25.059490303
25.0694405518
25.0793908005
25.0893410493
25.099291298
25.1092415468
25.1191917955
25.1291420443
25.1390922931
25.1490425418
25.1589927906
25.1689430393
25.1788932881
25.1888435368
25.1987937856
25.2087440343
25.2187440343
25.2287942856
25.2388952957
25.24904758
25.2592516616
25.2695080719
25.2798173502
25.2901800445
25.3005967112
25.3110679154
25.3215942312
25.3321762417
25.3428145396
25.3535097268
25.3642624149
25.3750732258
25.385942791
25.3968717527
25.4078607637
25.4189104875
25.4300215986
25.4411947829
25.452430738
25.463730173
25.4750938094
25.4865223808
25.4980166337
25.5095773273
25.5212052343
25.5329011407
25.5446658466
25.5565001661
25.5684049281
25.574392952
25.5804170484
25.5864776545
25.5925752154
25.5987101848
25.6048830243
25.6110942044
25.6173442044
25.6236335126
25.6299626265
25.6363320532
25.6427423096
25.6491939225
25.655687429
25.6622233768
25.6688023241
25.6754248407
25.6820915073
25.6888029167
25.6955596735
25.7023623946
25.7092117097
25.7161082614
25.7230527058
25.7300457128
25.7370879663
25.7441801649
25.7513230221
25.7585172667
25.7657636435
25.7730629136
25.7804158547
25.7878232621
25.7952859487
25.8028047457
25.8103805033
25.8180140911
25.8257063987
25.8334583367
25.8412708367
25.8491448525
25.8570813604
25.8650813604
25.8731458765
25.8812759578
25.8894726792
25.897737142
25.9060704753
25.9144738366
25.9229484129
25.9314954215
25.9401161111
25.9488117633
25.9575836931
25.9664332506
25.9753618221
25.9843708311
25.9934617402
26.0026360521
26.0118953114
26.0212411057
26.030675068
26.0401988775
26.0498142622
26.059523
26.0693269216
26.0792279117
