0.39603960396
0.788196466705
1.17654598127
1.56116136588
1.94211374684
2.32890619967
2.71208376976
3.10097265865
3.48629375957
3.86811194138
4.25549932877
4.6394279002
5.01995887365
5.40592378593
5.78853248158
6.16784282641
6.54391120248
6.91679255841
7.29494381892
7.66994381892
8.05010910817
8.43535500981
8.81746883095
9.19650108902
9.58050108902
9.96145346997
10.3394062259
10.7144062259
11.0942511871
11.4788665717
11.860545961
12.2469095974
12.637887041
13.0259467425
13.4111319277
13.7934848689
14.1730469127
14.5498585069
14.9239592263
15.2953877977
15.664182124
16.0303793071
16.3940156707
16.7551267818
17.1137474715
17.469911855
17.8236533516
18.175004703
18.5239979916
18.8706646582
19.2150355192
19.5571407823
19.8970100634
20.234672401
20.570156272
20.9034896053
21.2346997964
21.5638137205
21.8971470538
22.2283970538
22.5575896004
22.8847500942
23.2099034684
23.5330742001
23.8542863214
24.1735634298
24.4909286993
24.8064048897
25.1259315169
25.4435785758
25.7593680495
26.0733215378
26.3854602661
26.6958050937
27.010090808
27.322590808
27.6333252713
27.9423140353
28.2495766052
28.5551321607
28.858999564
29.1611973662
29.4617438143
29.7606568578
30.0579541551
30.3536530798
30.6477707269
30.9403239184
31.2313292094
31.5208028936
31.8087610088
32.0952193421
32.3853747825
32.6740345763
32.9663422687
33.2571585952
33.5464986967
33.8343774846
34.1208096454
34.4058096454
34.6893917349
34.9729738245
35.256555914
35.5401380036
35.8187449688
36.1023270583
36.3859091479
36.6694912374
36.953073327
37.2316802922
37.5102872573
37.7888942225
38.0675011877
38.3461081529
38.624715118
38.9033220832
39.176953924
39.4505857648
39.7242176056
39.992874322
40.256555914
40.5152623817
40.768993725
41.0227250683
41.2764564116
41.5252126305
41.768993725
42.0077996951
42.2466056653
42.4854116354
42.7242176056
42.9630235757
43.1968544215
43.4306852673
43.6645161131
43.8933718344
44.1172524315
44.3411330285
44.5650136255
44.7839190981
45.0028245708
45.216754919
45.4306852673
45.6446156155
45.8585459638
46.0675011877
46.2714812872
46.4754613867
46.6744663618
46.8734713369
47.0724763121
47.2714812872
47.4655111379
47.6595409887
47.8535708394
48.0476006902
48.2416305409
48.440635516
48.6396404912
48.8386454663
49.032675317
49.2217300434
49.4058096454
49.5898892474
49.768993725
49.9431230782
50.1172524315
50.2913817847
50.4655111379
50.6396404912
50.8137698444
50.9829240733
51.1520783021
51.3162574066
51.4804365111
51.6396404912
51.7938693469
51.9431230782
52.0923768096
52.2416305409
52.3908842723
52.5351628792
52.6744663618
52.8137698444
52.953073327
53.0923768096
53.2316802922
53.3709837747
53.505312133
53.6396404912
53.768993725
53.8983469588
54.0277001927
54.1570534265
54.2864066603
54.4157598941
54.545113128
54.6744663618
54.7988444713
54.9232225807
55.0476006902
55.1670036752
55.2864066603
55.4058096454
55.5252126305
55.6446156155
55.7590434762
55.8734713369
55.9829240733
56.0923768096
56.2068046703
56.3162574066
56.4257101429
56.5351628792
56.6396404912
56.7490932275
56.8585459638
56.9679987001
57.0774514364
57.1819290484
57.2864066603
57.3859091479
57.4804365111
57.5749638742
57.6694912374
57.7590434762
57.848595715
57.9381479538
58.0277001927
58.1122773071
58.1918792971
58.2714812872
58.3461081529
58.4157598941
58.4854116354
58.5550633767
58.624715118
58.6943668593
58.7640186006
58.8336703419
58.9033220832
58.9729738245
59.0426255658
59.1122773071
59.1819290484
59.2515807897
59.321232531
59.3908842723
59.4655111379
59.5401380036
59.6147648693
59.6893917349
59.7640186006
59.8386454663
59.913272332
59.9878991976
60.0625260633
60.137152929
60.2117797946
60.2814315359
60.3510832772
60.4257101429
60.5003370086
60.5749638742
60.6545658643
60.7341678543
60.8137698444
60.8933718344
60.9729738245
61.0476006902
61.1222275558
61.1968544215
61.2714812872
61.3461081529
61.4207350185
61.4903867598
61.5600385011
61.6296902424
61.6993419837
61.768993725
61.8386454663
61.9082972076
61.9779489489
62.0476006902
62.1172524315
62.1869041728
62.256555914
62.3262076553
62.3958593966
62.4655111379
62.5351628792
62.6048146205
62.6744663618
62.7391429787
62.8038195956
62.8635210882
62.9232225807
62.9829240733
63.0426255658
63.1023270583
63.1620285509
63.2217300434
63.2814315359
63.3411330285
63.400834521
63.4605360136
63.5152623817
63.5650136255
63.6097897449
63.6545658643
63.6993419837
63.7441181031
63.7888942225
63.8336703419
63.8784464613
63.9232225807
63.9679987001
64.0127748195
64.0625260633
64.1122773071
64.1620285509
64.2117797946
64.2615310384
64.3112822822
64.361033526
64.4107847698
64.4605360136
64.5102872573
64.5600385011
64.6097897449
64.6595409887
64.7092922325
64.7590434762
64.80879472
64.8585459638
64.9082972076
64.9580484514
65.0077996951
65.0575509389
65.1073021827
65.1620285509
65.216754919
65.2714812872
65.3262076553
65.3809340235
65.4306852673
65.4804365111
65.5301877548
65.5799389986
65.6346653668
65.6893917349
65.7490932275
65.80879472
65.8684962126
65.9281977051
65.9878991976
66.0476006902
66.1073021827
66.1620285509
66.216754919
66.2714812872
66.3262076553
66.3809340235
66.4356603917
66.4903867598
66.545113128
66.5998394961
66.6495907399
66.6993419837
66.7490932275
66.7988444713
66.848595715
66.8983469588
66.9480982026
66.9978494464
67.0476006902
67.0973519339
67.1471031777
67.1968544215
67.2466056653
67.2963569091
67.3461081529
67.3958593966
67.4456106404
67.4903867598
67.5401380036
67.5898892474
67.6396404912
67.6893917349
67.7391429787
67.7888942225
67.8386454663
67.8883967101
67.9381479538
67.9878991976
68.0376504414
68.0874016852
68.137152929
68.1869041728
68.2366554165
68.2864066603
68.3361579041
68.3859091479
68.4356603917
68.4854116354
68.5351628792
68.584914123
68.6346653668
68.6844166106
68.7341678543
68.7839190981
68.8286952175
68.8734713369
68.9232225807
68.9729738245
69.0227250683
69.0675011877
69.1122773071
69.1570534265
69.2018295459
69.2466056653
69.2913817847
69.3361579041
69.3809340235
69.4257101429
69.4704862623
69.5152623817
69.5600385011
69.6048146205
69.6495907399
69.6943668593
69.7391429787
69.7839190981
69.8286952175
69.8734713369
69.9182474563
69.9630235757
70.0077996951
70.0525758145
70.0973519339
70.1421280534
70.1869041728
70.2316802922
70.2764564116
70.321232531
70.3660086504
70.4107847698
70.4555608892
70.5003370086
70.5401380036
70.5799389986
70.6197399936
70.6595409887
70.6993419837
70.7391429787
70.7789439737
70.8187449688
70.8585459638
70.8983469588
70.9381479538
70.9779489489
71.0177499439
71.0525758145
71.0874016852
71.1222275558
71.1520783021
71.1819290484
71.2117797946
71.2416305409
71.2714812872
71.3013320335
71.3311827797
71.361033526
71.3908842723
71.4207350185
71.4505857648
71.4804365111
71.5102872573
71.5401380036
71.5699887499
71.5998394961
71.6296902424
71.6595409887
71.6893917349
71.7192424812
71.7490932275
71.7789439737
71.80879472
71.8386454663
71.8684962126
71.8983469588
71.9281977051
71.9580484514
71.9878991976
72.0177499439
72.0476006902
72.0774514364
72.1073021827
72.137152929
72.1670036752
72.1968544215
72.2267051678
72.256555914
72.2864066603
72.3162574066
72.3461081529
72.3759588991
72.4058096454
72.4356603917
72.4655111379
72.4953618842
72.5252126305
72.5550633767
72.584914123
72.6147648693
72.6446156155
72.6744663618
72.7043171081
72.7341678543
72.7590434762
72.7839190981
72.80879472
72.8336703419
72.8585459638
72.8834215857
72.9082972076
72.9331728295
72.9580484514
72.9829240733
73.0077996951
73.032675317
73.0575509389
73.0824265608
73.1073021827
73.1321778046
73.1570534265
73.1819290484
73.2068046703
73.2316802922
73.256555914
73.2814315359
73.3013320335
73.321232531
73.3411330285
73.361033526
73.3809340235
73.400834521
73.4207350185
73.440635516
73.4655111379
73.4854116354
73.505312133
73.5202375061
73.5351628792
73.5500882524
73.5650136255
73.5799389986
73.5948643718
73.6097897449
73.624715118
73.6396404912
73.6545658643
73.6694912374
73.6844166106
73.6993419837
73.7142673568
73.72919273
73.7441181031
73.7590434762
73.7739688494
73.7888942225
73.8038195956
73.8187449688
73.8386454663
73.8585459638
73.8784464613
73.8983469588
73.9182474563
73.9381479538
73.9580484514
73.9779489489
73.9978494464
74.0177499439
74.0376504414
74.0575509389
74.0774514364
74.0923768096
74.1073021827
74.1222275558
74.137152929
74.1520783021
74.1670036752
74.1819290484
74.1968544215
74.2117797946
74.2267051678
74.2416305409
74.256555914
74.2714812872
74.2864066603
74.3013320335
74.3162574066
74.3311827797
74.3461081529
74.361033526
74.3759588991
74.3908842723
74.4058096454
74.4207350185
74.4356603917
74.4505857648
74.4655111379
74.4804365111
74.4953618842
74.505312133
74.5152623817
74.5252126305
74.5351628792
74.545113128
74.5550633767
74.5650136255
74.5749638742
74.584914123
74.5948643718
74.6048146205
74.6147648693
74.624715118
74.6346653668
74.6446156155
74.6545658643
74.6645161131
74.6744663618
74.6844166106
74.6943668593
74.7043171081
74.7142673568
74.7242176056
74.7341678543
74.7441181031
74.7540683519
74.7640186006
74.7739688494
74.7839190981
74.7938693469
74.8038195956
74.8137698444
74.8237200932
74.8336703419
74.8436205907
74.8535708394
74.8635210882
74.8734713369
74.8834215857
74.8933718344
74.9033220832
74.913272332
74.9232225807
74.9331728295
74.9431230782
74.953073327
74.9630235757
74.9729738245
74.9829240733
74.992874322
75.0028245708
75.0127748195
75.0227250683
75.032675317
75.0426255658
75.0525758145
75.0625260633
75.0724763121
75.0824265608
75.0923768096
75.1023270583
75.1122773071
75.1222275558
75.1321778046
75.1421280534
75.1520783021
75.1620285509
75.1719787996
75.1819290484
75.1918792971
75.2018295459
75.2117797946
75.2217300434
75.2316802922
75.2416305409
75.2515807897
75.2615310384
75.2715310384
75.2815812897
75.2916822998
75.301834584
75.3120386657
75.3222950759
75.3326043543
75.3429670486
75.3533837153
75.3638549194
75.3743812352
75.3849632458
75.3956015437
75.4062967309
75.417049419
75.4278602298
75.4387297951
75.4496587568
75.4606477678
75.4716974915
75.4828086027
75.493981787
75.5052177421
75.5165171771
75.5278808135
75.5393093849
75.5508036378
75.5623643314
75.5739922384
75.5856881448
75.5974528507
75.6092871702
75.6211919321
75.63316798
75.6452161728
75.6573373849
75.6695325069
75.6818024455
75.6941481245
75.7065704848
75.7190704848
75.7316491011
75.744307329
75.7570461825
75.7698666953
75.7827699211
75.7957569341
75.8088288295
75.8219867243
75.8352317574
75.8485650907
75.8619879095
75.875501423
75.8891068652
75.9028054953
75.9165985988
75.9304874877
75.9444735017
75.9585580087
75.9656502073
75.9727930644
75.979987309
75.9872336858
75.9945329559
76.0018858971
76.0092933045
76.0167559911
76.0242747881
76.0318505456
76.0394841334
76.0471764411
76.0549283791
76.0627408791
76.0706148948
76.0785514028
76.0865514028
76.0946159189
76.1027460002
76.1109427215
76.1192071843
76.1275405177
76.135943879
76.1444184553
76.1444184553
76.1444184553
76.1444184553
76.1444184553
76.1444184553
76.1444184553
76.1444184553
76.1444184553
76.1444184553
76.1444184553
76.1444184553
76.1444184553
76.1444184553
76.1444184553
76.1444184553
76.1444184553
76.1444184553
