0.277227722772
0.551737526694
0.823582186888
1.09281295612
1.36900343231
1.65202230023
1.93239613201
2.21017390979
2.48540326759
2.75813054031
3.02840081058
3.29625795344
3.5617446791
3.82490257384
4.08577213906
4.34439282871
4.60935009367
4.88053653435
5.14944409737
5.41611076404
5.68057357396
5.94286865592
6.20303125755
6.46109577368
6.71709577368
6.97106402765
7.22303253159
7.47303253159
7.72109454709
7.96724839324
8.2115232024
8.45394744483
8.70206774558
8.95579908886
9.20765094071
9.45765094071
9.7058261232
9.95220293479
10.2040014959
10.4540014959
10.7022284463
10.9557495731
11.2074978248
11.4574978248
11.7057736869
11.9591983444
12.2108990247
12.4608990247
12.7092211723
12.955887839
13.2009209516
13.4509209516
13.6992869647
13.9460402114
14.1912015017
14.4347912453
14.6768294619
14.917335791
15.1563295017
15.3938295017
15.6298543464
15.8644222476
16.1036860513
16.3414909294
16.5778545657
16.8127943248
17.0463272589
17.278470116
17.5092393468
17.7386511115
17.966721287
18.1992794265
18.4304932993
18.6603783568
18.8889497854
19.1162225126
19.3422112132
19.5669303143
19.7903940015
20.0126162237
20.2336106988
20.4533909186
20.6719701536
20.8893614579
21.1055776742
21.3206314376
21.5345351809
21.7473011384
21.95894135
22.1694676658
22.3788917496
22.5872250829
22.7944789689
23.0006645359
23.205792741
23.4098743737
23.612920059
23.814940261
24.0159452861
24.2159452861
24.4149502612
24.6139552364
24.8129602115
25.0069900622
25.201019913
25.3950497637
25.5841044901
25.7731592165
25.9622139428
26.1512686692
26.34529852
26.5393283707
26.7333582214
26.9273880722
27.1164427986
27.3054975249
27.4945522513
27.6836069777
27.872661704
28.056741306
28.2358457836
28.4199253856
28.6040049876
28.7880845896
28.9721641916
29.1562437936
29.3403233956
29.5194278732
29.6985323508
29.872661704
30.0418159329
30.2059950374
30.3701741418
30.5343532463
30.6935572264
30.8527612065
31.0119651866
31.1711691667
31.3303731468
31.4895771269
31.648781107
31.8079850871
31.9671890672
32.1214179229
32.2756467787
32.4298756344
32.5841044901
32.7333582214
32.8826119528
33.0318656841
33.1761442911
33.3253980224
33.4746517538
33.6239054851
33.7731592165
33.9174378234
34.0617164304
34.201019913
34.3403233956
34.4796268782
34.6189303607
34.753258719
34.8826119528
35.0119651866
35.1363432961
35.2557462811
35.3751492662
35.4945522513
35.608980112
35.7234079727
35.8378358334
35.9522636941
36.0716666792
36.1910696642
36.3104726493
36.4298756344
36.5492786195
36.6736567289
36.793059714
36.9124626991
37.0318656841
37.1512686692
37.2706716543
37.3900746394
37.5094776244
37.6288806095
37.7482835946
37.8627114553
37.9721641916
38.0816169279
38.1910696642
38.3005224005
38.4099751369
38.5194278732
38.6288806095
38.7383333458
38.8477860821
38.9522636941
39.056741306
39.161218918
39.2656965299
39.3751492662
39.4846020025
39.5940547389
39.7035074752
39.8129602115
39.9174378234
40.0219154354
40.1263930473
40.2308706593
40.3353482712
40.4398258831
40.5443034951
40.648781107
40.753258719
40.8577363309
40.9671890672
41.0716666792
41.1711691667
41.2706716543
41.3701741418
41.4696766294
41.5741542413
41.6786318533
41.7831094652
41.8875870772
41.9920646891
42.096542301
42.201019913
42.3054975249
42.4099751369
42.5144527488
42.6239054851
42.7283830971
42.8278855846
42.9273880722
43.0268905598
43.1263930473
43.2258955349
43.3204228981
43.4199253856
43.5194278732
43.6139552364
43.7084825996
43.8030099627
43.8975373259
43.9870895647
44.0766418035
44.1661940423
44.2557462811
44.3502736443
44.4448010075
44.5343532463
44.6239054851
44.7134577239
44.8030099627
44.8925622015
44.9821144403
45.0716666792
45.161218918
45.2507711568
45.3403233956
45.4298756344
45.5144527488
45.5990298632
45.6836069777
45.7681840921
45.8527612065
45.9373383209
46.0219154354
46.1064925498
46.1910696642
46.2706716543
46.3502736443
46.4298756344
46.5094776244
46.5890796145
46.6686816045
46.7482835946
46.8278855846
46.9074875747
46.9870895647
47.0666915548
47.1462935448
47.2258955349
47.3054975249
47.385099515
47.464701505
47.5443034951
47.6239054851
47.7035074752
47.7831094652
47.8627114553
47.9423134453
48.0219154354
48.1015174254
48.1811194155
48.2607214055
48.3403233956
48.4199253856
48.4995273757
48.5791293657
48.6587313558
48.7433084702
48.8278855846
48.9124626991
48.9970398135
49.0816169279
49.161218918
49.240820908
49.3204228981
49.3950497637
49.4696766294
49.5443034951
49.6189303607
49.6985323508
49.7781343408
49.8577363309
49.9423134453
50.0268905598
50.1114676742
50.1960447886
50.2756467787
50.3552487687
50.4298756344
50.5045025001
50.5791293657
50.6537562314
50.7283830971
50.8030099627
50.8826119528
50.9622139428
51.0467910573
51.1363432961
51.2258955349
51.3154477737
51.4050000125
51.4945522513
51.5841044901
51.6786318533
51.7781343408
51.8776368284
51.977139316
52.0716666792
52.1661940423
52.2607214055
52.3552487687
52.4497761319
52.5443034951
52.6388308583
52.7333582214
52.8278855846
52.9174378234
53.0069900622
53.1015174254
53.1960447886
53.2905721518
53.385099515
53.4796268782
53.5741542413
53.6686816045
53.7632089677
53.8577363309
53.9522636941
54.0467910573
54.1462935448
54.2507711568
54.3552487687
54.4597263806
54.5642039926
54.6686816045
54.7731592165
54.8776368284
54.9821144403
55.0865920523
55.1910696642
55.2955472762
55.4000248881
55.4995273757
55.5990298632
55.6985323508
55.7980348384
55.8975373259
55.9970398135
56.096542301
56.1960447886
56.2955472762
56.3900746394
56.4846020025
56.5791293657
56.6736567289
56.7681840921
56.8627114553
56.9572388185
57.0517661816
57.1462935448
57.240820908
57.3353482712
57.4298756344
57.5244029976
57.6189303607
57.7134577239
57.8030099627
57.8925622015
57.9821144403
58.0716666792
58.1562437936
58.240820908
58.3253980224
58.4099751369
58.4945522513
58.5791293657
58.6637064801
58.753258719
58.8428109578
58.9323631966
59.0219154354
59.1064925498
59.1910696642
59.2756467787
59.3602238931
59.4448010075
59.5293781219
59.608980112
59.688582102
59.7681840921
59.8477860821
59.9323631966
60.016940311
60.1015174254
60.1860945399
60.2706716543
60.3552487687
60.4348507588
60.5144527488
60.5940547389
60.6736567289
60.753258719
60.832860709
60.9124626991
60.9920646891
61.0666915548
61.1413184204
61.2159452861
61.2905721518
61.3651990175
61.4398258831
61.5144527488
61.5890796145
61.6637064801
61.7383333458
61.8079850871
61.8776368284
61.9472885697
62.016940311
62.0865920523
62.1562437936
62.2258955349
62.2955472762
62.3651990175
62.4348507588
62.5045025001
62.5741542413
62.6438059826
62.7134577239
62.7831094652
62.8527612065
62.9224129478
62.9920646891
63.0666915548
63.1413184204
63.2159452861
63.2905721518
63.3651990175
63.4398258831
63.5144527488
63.5890796145
63.6637064801
63.7383333458
63.8129602115
63.8875870772
63.9622139428
64.0368408085
64.1114676742
64.1860945399
64.2607214055
64.3353482712
64.4099751369
64.4895771269
64.569179117
64.6537562314
64.7383333458
64.8229104602
64.9074875747
64.9920646891
65.0766418035
65.161218918
65.2507711568
65.3403233956
65.4298756344
65.5194278732
65.608980112
65.6985323508
65.7880845896
65.872661704
65.9572388185
66.0418159329
66.1263930473
66.2109701617
66.3005224005
66.3900746394
66.4796268782
66.569179117
66.6587313558
66.7482835946
66.8378358334
66.9224129478
67.0069900622
67.0915671767
67.1711691667
67.2507711568
67.3303731468
67.4099751369
67.4895771269
67.569179117
67.648781107
67.7283830971
67.8079850871
67.8875870772
67.9671890672
68.0467910573
68.1214179229
68.1960447886
68.2656965299
68.3353482712
68.4050000125
68.4746517538
68.5443034951
68.6139552364
68.6836069777
68.7482835946
68.8079850871
68.8676865797
68.9273880722
68.9870895647
69.0467910573
69.1064925498
69.1661940423
69.2258955349
69.2905721518
69.3552487687
69.4199253856
69.4846020025
69.5492786195
69.6139552364
69.6736567289
69.7333582214
69.793059714
69.8527612065
69.9124626991
69.9721641916
70.0318656841
70.096542301
70.161218918
70.2258955349
70.2905721518
70.3502736443
70.4050000125
70.4597263806
70.5144527488
70.569179117
70.6288806095
70.688582102
70.7482835946
70.8030099627
70.8577363309
70.9124626991
70.9671890672
71.0268905598
71.0865920523
71.1462935448
71.2059950374
71.2656965299
71.3253980224
71.385099515
71.4448010075
71.5045025001
71.5642039926
71.6239054851
71.6836069777
71.7433084702
71.8030099627
71.8627114553
71.9224129478
71.9821144403
72.0418159329
72.1015174254
72.161218918
72.2209204105
72.280621903
72.3403233956
72.4000248881
72.4597263806
72.5194278732
72.5791293657
72.6388308583
72.6985323508
72.7582338433
72.8179353359
72.8776368284
72.9373383209
72.9970398135
73.056741306
73.1164427986
73.1711691667
73.2258955349
73.280621903
73.3353482712
73.3900746394
73.4448010075
73.5045025001
73.5642039926
73.6239054851
73.6836069777
73.7433084702
73.8030099627
73.8627114553
73.9224129478
73.977139316
74.0318656841
74.0865920523
74.1413184204
74.1960447886
74.2507711568
74.3054975249
74.3651990175
74.42490051
74.4846020025
74.5443034951
74.6040049876
74.6637064801
74.7234079727
74.7831094652
74.8428109578
74.9025124503
74.9622139428
75.0219154354
75.0816169279
75.1413184204
75.201019913
75.2607214055
75.3204228981
75.3801243906
75.4448010075
75.5094776244
75.5741542413
75.6388308583
75.7035074752
75.7681840921
75.832860709
75.8975373259
75.9622139428
76.0268905598
76.0915671767
76.1562437936
76.2209204105
76.2855970274
76.3502736443
76.4149502612
76.4796268782
76.5393283707
76.5990298632
76.6587313558
76.7184328483
76.7781343408
76.8378358334
76.8975373259
76.9572388185
77.016940311
77.0766418035
77.1363432961
77.1960447886
77.2557462811
77.3154477737
77.3751492662
77.4348507588
77.4945522513
77.5542537438
77.6139552364
77.6686816045
77.7234079727
77.7731592165
77.8229104602
77.872661704
77.9224129478
77.9721641916
78.0268905598
78.0816169279
78.1313681717
78.1811194155
78.2308706593
78.280621903
78.3303731468
78.3801243906
78.4298756344
78.4796268782
78.5293781219
78.5791293657
78.6288806095
78.6836069777
78.7333582214
78.7831094652
78.832860709
78.8826119528
78.9323631966
78.9821144403
79.0318656841
79.0816169279
79.1313681717
79.1811194155
79.2308706593
79.280621903
79.3303731468
79.3801243906
79.4298756344
79.4796268782
79.5293781219
79.5791293657
79.6288806095
79.6786318533
79.7283830971
79.7781343408
79.8278855846
79.8776368284
79.9273880722
79.9721641916
80.016940311
80.0617164304
80.1064925498
80.1512686692
80.201019913
80.2507711568
80.3005224005
80.3502736443
80.4000248881
80.4497761319
80.4995273757
80.5492786195
80.5990298632
80.648781107
80.6935572264
80.7383333458
80.7831094652
80.8278855846
80.872661704
80.9174378234
80.9622139428
81.0069900622
81.0517661816
81.096542301
81.1413184204
81.1860945399
81.2308706593
81.2706716543
81.3104726493
81.3552487687
81.4000248881
81.4448010075
81.4895771269
81.5343532463
81.5791293657
81.6239054851
81.6637064801
81.7035074752
81.7433084702
81.7831094652
81.8229104602
81.8627114553
81.9025124503
81.9373383209
81.9721641916
82.0069900622
82.0418159329
82.0766418035
82.1114676742
82.1462935448
82.1811194155
82.2159452861
82.2507711568
82.2855970274
82.3204228981
82.3552487687
82.3900746394
82.42490051
82.4597263806
82.4945522513
82.5293781219
82.5642039926
82.5990298632
82.6338557339
82.6686816045
82.7035074752
82.7383333458
82.7731592165
82.8079850871
82.8428109578
82.8826119528
82.9224129478
82.9622139428
83.0020149379
83.0418159329
83.0816169279
83.1214179229
83.161218918
83.201019913
83.240820908
83.280621903
83.3204228981
83.3602238931
83.4000248881
83.4398258831
83.4746517538
83.5094776244
83.5443034951
83.5791293657
83.6139552364
83.648781107
83.6836069777
83.7184328483
83.753258719
83.7880845896
83.8229104602
83.8577363309
83.8925622015
83.9273880722
83.9622139428
83.9920646891
84.0219154354
84.0517661816
84.0816169279
84.1114676742
84.1413184204
84.1711691667
84.201019913
84.2308706593
84.2607214055
84.2905721518
84.3204228981
84.3502736443
84.3801243906
84.4099751369
84.4398258831
84.4696766294
84.4995273757
84.5244029976
84.5492786195
84.5741542413
84.5990298632
84.6239054851
84.648781107
84.6736567289
84.6985323508
84.7234079727
84.7482835946
84.7731592165
84.7980348384
84.8229104602
84.8477860821
84.872661704
84.8975373259
84.9224129478
84.9472885697
84.9721641916
84.9970398135
85.0219154354
85.0467910573
85.0716666792
85.096542301
85.1214179229
85.1462935448
85.1711691667
85.1960447886
85.2209204105
85.2457960324
85.2706716543
85.2955472762
85.3204228981
85.34529852
85.3701741418
85.3950497637
85.4199253856
85.4448010075
85.4696766294
85.4945522513
85.5194278732
85.5443034951
85.569179117
85.5890796145
85.608980112
85.6288806095
85.648781107
85.6686816045
85.688582102
85.7084825996
85.7283830971
85.7482835946
85.7681840921
85.7880845896
85.8079850871
85.8278855846
85.8428109578
85.8577363309
85.872661704
85.8875870772
85.9025124503
85.9174378234
85.9323631966
85.9472885697
85.9622139428
85.977139316
85.9920646891
86.0069900622
86.0219154354
86.0368408085
86.0517661816
86.0666915548
86.0816169279
86.096542301
86.1114676742
86.1263930473
86.1413184204
86.1562437936
86.1711691667
86.1860945399
86.201019913
86.2159452861
86.2308706593
86.2457960324
86.2607214055
86.2756467787
86.2905721518
86.3005224005
86.3104726493
86.3204228981
86.3303731468
86.34529852
86.3602238931
86.3751492662
86.3900746394
86.4050000125
86.4199253856
86.4348507588
86.4497761319
86.464701505
86.4796268782
86.4945522513
86.5094776244
86.5244029976
86.5393283707
86.5542537438
86.569179117
86.5841044901
86.5990298632
86.6139552364
86.6288806095
86.6438059826
86.6537562314
86.6637064801
86.6736567289
86.6836069777
86.6935572264
86.7035074752
86.7134577239
86.7234079727
86.7333582214
86.7433084702
86.753258719
86.7632089677
86.7731592165
86.7831094652
86.793059714
86.8030099627
86.8129602115
86.8229104602
86.832860709
86.8428109578
86.8527612065
86.8627114553
86.872661704
86.8826119528
86.8925622015
86.9025124503
86.9124626991
86.9224129478
86.9323631966
86.9423134453
86.9522636941
86.9622139428
86.9721641916
86.9821144403
86.9920646891
87.0020149379
87.0119651866
87.0219154354
87.0318656841
87.0418159329
87.0517661816
87.056741306
87.0617164304
87.0666915548
87.0716666792
87.0766418035
87.0816169279
87.0865920523
87.0915671767
87.096542301
87.1015174254
87.1064925498
87.1114676742
87.1164427986
87.1214179229
87.1263930473
87.1313681717
87.1363432961
87.1413184204
87.1462935448
87.1512686692
87.1562437936
87.161218918
87.1661940423
87.1711691667
87.1761442911
87.1811194155
87.1860945399
87.1910696642
87.1960447886
87.201019913
87.2059950374
87.2109701617
87.2159452861
87.2209204105
87.2258955349
87.2308706593
87.2358457836
87.240820908
87.2457960324
87.2507711568
87.2557462811
87.2607214055
87.2656965299
87.2706716543
87.2756467787
87.280621903
87.2855970274
87.2905721518
87.2955472762
87.3005224005
87.3054975249
87.3104726493
87.3154477737
87.3204228981
87.3253980224
87.3303731468
87.3353482712
87.3403233956
87.3502736443
87.3602238931
87.3701741418
87.3801243906
87.3900746394
87.4000248881
87.4099751369
87.4199253856
87.4298756344
87.4398258831
87.4497761319
87.4597263806
87.4696766294
87.4796268782
87.4895771269
87.4995273757
87.5094776244
87.5194278732
87.5293781219
87.5393283707
87.5492786195
87.5592288682
87.569179117
87.5791293657
87.5890796145
87.5990298632
87.608980112
87.6189303607
87.6288806095
87.6388308583
87.6537562314
87.6686816045
87.6836069777
87.6985323508
87.7134577239
87.7283830971
87.7433084702
87.7582338433
87.7731592165
87.7880845896
87.8030099627
87.8179353359
87.832860709
87.8477860821
87.8627114553
87.8776368284
87.8925622015
87.9074875747
87.9224129478
87.9373383209
87.9522636941
87.9671890672
87.9821144403
87.9970398135
88.0119651866
88.0268905598
88.0418159329
88.056741306
88.0716666792
88.0865920523
88.1015174254
88.1164427986
88.1313681717
88.1462935448
88.161218918
88.1761442911
88.1910696642
88.2059950374
88.2209204105
88.2358457836
88.2507711568
88.2656965299
88.280621903
88.2955472762
88.3104726493
88.3253980224
88.3403233956
88.3552487687
88.3701741418
88.385099515
88.4000248881
88.4099751369
88.4199253856
88.4298756344
88.4398258831
88.4497761319
88.4597263806
88.4696766294
88.4796268782
88.4895771269
88.4995273757
88.5094776244
88.5194278732
88.5293781219
88.5393283707
88.5492786195
88.5592288682
88.569179117
88.5791293657
88.5890796145
88.5990298632
88.608980112
88.6189303607
88.6288806095
88.6388308583
88.648781107
88.6587313558
88.6686816045
88.6786318533
88.688582102
88.6985323508
88.7084825996
88.7184328483
88.7283830971
88.7383333458
88.7482835946
88.7582338433
88.7681840921
88.7781343408
88.7880845896
88.7980348384
88.8079850871
88.8179353359
88.8278855846
88.8378358334
88.8477860821
88.8577363309
88.8676865797
88.8776368284
88.8875870772
88.8975373259
88.9074875747
88.9174378234
88.9273880722
88.9373383209
88.9472885697
88.9572388185
88.9671890672
88.977139316
88.9870895647
88.9970398135
89.0069900622
89.016940311
89.0268905598
89.0368408085
89.0467910573
89.056741306
89.0666915548
89.0766418035
89.0865920523
89.096542301
89.1064925498
89.1164427986
89.1263930473
89.1363432961
89.1462935448
89.1562437936
89.1661940423
89.1761442911
89.1860945398
89.1960447886
89.2059950374
89.2159452861
89.2258955349
89.2358457836
89.2457960324
89.2557462811
89.2656965299
89.2756467787
89.2855970274
89.2955472762
89.3054975249
89.3154477737
89.3253980224
89.3353482712
89.3452985199
89.3552487687
89.3651990175
89.3751492662
89.385099515
89.3950497637
89.4050000125
89.4149502612
89.42490051
89.4348507588
89.4448010075
89.4547512563
89.464701505
89.4746517538
89.4846020025
89.4945522513
89.5045025
89.5144527488
89.5244029976
89.5343532463
89.5443034951
89.5542537438
89.5642039926
89.5741542413
89.5841044901
89.5940547389
89.5990298632
89.6040049876
89.608980112
89.6139552364
89.6189303607
89.6239054851
89.6288806095
89.6338557339
89.6388308583
89.6438059826
89.648781107
89.6537562314
89.6587313558
89.6637064801
89.6686816045
89.6736567289
89.6786318533
89.6836069777
89.688582102
89.6935572264
89.6985323508
89.7035074752
89.7084825996
89.7134577239
89.7184328483
89.7234079727
89.7283830971
89.7333582214
89.7383333458
89.7433084702
89.7433084702
89.7433084702
89.7482835946
89.753258719
89.7582338433
89.7632089677
89.7681840921
89.7731592165
89.7781343408
89.7831094652
89.7880845896
89.793059714
89.7980348384
89.8030099627
89.8079850871
89.8129602115
89.8179353359
89.8229104602
89.8278855846
89.832860709
89.8378358334
89.8428109578
89.8477860821
89.8527612065
89.8577363309
89.8627114553
89.8676865797
89.872661704
89.8776368284
89.8826119528
89.8875870772
89.8925622015
89.8975373259
89.9025124503
89.9074875747
89.9124626991
89.9174378234
89.9224129478
89.9273880722
89.9323631966
89.9373383209
89.9423134453
89.9472885697
89.9522636941
89.9572388185
89.9622139428
89.9671890672
89.9721641916
89.977139316
89.9821144403
89.9870895647
89.9920646891
89.9970398135
90.0020149379
90.0069900622
90.0119651866
90.016940311
90.0219154354
90.0268905597
90.0318656841
90.0368408085
90.0418159329
90.0467910573
90.0517661816
90.056741306
90.0617164304
90.0666915548
90.0716666792
90.0766418035
90.0816169279
90.0865920523
90.0915671767
90.096542301
90.1015174254
90.1064925498
90.1114676742
90.1164427986
90.1214179229
90.1263930473
90.1313681717
90.1363432961
90.1413184204
90.1462935448
90.1512686692
90.1562437936
90.161218918
90.1661940423
90.1711691667
90.1761442911
90.1811194155
90.1860945398
90.1910696642
90.1960447886
90.201019913
90.2059950374
90.2109701617
90.2159452861
90.2209204105
90.2258955349
90.2308706593
90.2358457836
90.240820908
90.2457960324
90.2507711568
90.2557462811
90.2607214055
90.2656965299
90.2706716543
90.2756467787
90.280621903
90.2855970274
90.2905721518
90.2955472762
90.3005224005
90.3054975249
90.3104726493
90.3154477737
90.3204228981
90.3253980224
90.3303731468
90.3353482712
90.3403233956
90.3452985199
90.3502736443
90.3552487687
90.3602238931
90.3651990175
90.3701741418
90.3751492662
90.3801243906
90.385099515
90.3900746394
90.3950497637
90.4000248881
90.4050000125
90.4099751369
90.4149502612
90.4199253856
90.42490051
90.4298756344
90.4348507588
90.4398258831
90.4448010075
90.4497761319
90.4547512563
90.4597263806
90.464701505
90.4696766294
90.4746517538
90.4796268782
90.4846020025
90.4895771269
90.4945522513
90.4995273757
90.5045025
90.5094776244
90.5144527488
90.5194278732
90.5244029976
90.5293781219
90.5343532463
90.5393283707
90.5443034951
90.5492786195
90.5542537438
90.5592288682
90.5642039926
90.569179117
90.5741542413
90.5791293657
90.5841044901
90.5890796145
90.5940547389
90.5990298632
90.6040049876
90.608980112
90.6139552364
90.6189303607
90.6239054851
90.6288806095
90.6338557339
90.6388308583
90.6438059826
90.648781107
90.6537562314
90.6587313558
90.6637064801
90.6686816045
90.6736567289
90.6786318533
90.6836069777
90.688582102
90.6935572264
90.6985323508
90.7035074752
90.7084825996
90.7134577239
90.7184328483
90.7234079727
90.7283830971
90.7333582214
90.7383333458
90.7433084702
90.7433084702
90.7433084702
90.7433084702
90.7433084702
90.7433084702
90.7433084702
90.7433084702
90.7433084702
90.7433084702
90.7433084702
90.7433084702
90.7433084702
90.7433084702
90.7433084702
90.7433084702
90.7433084702
90.7433084702
90.7433084702
90.7433084702
90.7433084702
90.7433084702
90.7433084702
90.7433084702
90.7433084702
90.7433084702
90.7433084702
90.7433084702
90.7433084702
90.7433084702
90.7433084702
90.7433084702
90.7433084702
90.7433084702
90.7433084702
90.7433084702
90.7433084702
90.7433084702
90.7433084702
90.7433084702
90.7433084702
90.7433084702
90.7433084702
90.7433084702
90.7433084702
90.7433084702
90.7433084702
90.7433084702
90.7433084702
90.7433084702
90.7433084702
90.7433084702
90.7433084702
90.7433084702
90.7433084702
90.7433084702
90.7433084702
90.7433084702
90.7433084702
90.7433084702
90.7433084702
90.7433084702
90.7433084702
90.7433084702
90.7433084702
90.7433084702
90.7433084702
90.7433084702
90.7433084702
90.7433084702
90.7433084702
90.7433084702
90.7433084702
90.7433084702
90.7433084702
90.7433084702
90.7433084702
90.7433084702
90.7433084702
90.7433084702
90.7433084702
90.7433084702
90.7433084702
90.7433084702
90.7433084702
90.7433084702
90.7433084702
90.7433084702
90.7433084702
90.7433084702
90.7433084702
90.7433084702
90.7433084702
90.7433084702
90.7433084702
90.7433084702
90.7433084702
90.7433084702
90.7433084702
90.7433084702
90.7433084702
90.7433084702
90.7433084702
90.7433084702
90.7433084702
90.7433084702
90.7433084702
90.7433084702
90.7433084702
90.7433084702
90.7433084702
90.7433084702
90.7433084702
90.7433084702
90.7433084702
90.7433084702
90.7433084702
