0.0990099009901
0.206853038245
0.31364915475
0.419418385519
0.524180290281
0.627953875187
0.730757613504
0.832609465356
0.933526896549
1.03352689655
1.13262599565
1.23084028136
1.32818541411
1.433448572
1.54649205026
1.65856101578
1.77821913544
1.89686320323
2.01451026206
2.13117692872
2.24687940806
2.36983022773
2.49178144725
2.61274918918
2.73274918918
2.85973331617
2.98571756813
3.11071756813
3.24250051387
3.37326974464
3.50304073701
3.63182861579
3.75964816467
3.88651383631
4.01243976223
4.13743976223
4.26152735348
4.38471575927
4.50701791755
4.62844648897
4.74901386486
4.86873217472
4.9876132936
5.10566884916
5.22291022847
5.33934858463
5.45499484313
5.569859708
5.68395366773
5.79728700106
5.90986978252
6.02171188778
6.13935894661
6.25624206349
6.37237109575
6.48775571113
6.60240539266
6.7163294433
6.82953699047
6.94203699047
7.0538382327
7.16494934381
7.27537879167
7.3912324502
7.50638396535
7.62084179668
7.73461425177
7.84770948986
7.96605268513
8.08369974395
8.20065880828
8.32275183154
8.44413911477
8.57057589638
8.6962901821
8.8212901821
8.94558396741
9.06917947303
9.19208450096
9.31430672318
9.43585368451
9.55673280539
9.67695138462
9.79651660201
9.91543552093
10.0337150908
10.1567097432
10.2790501688
10.4060342957
10.5323500852
10.6632401376
10.7934484709
10.9229821497
11.051848129
11.1800532573
11.3076042777
11.434507831
11.5607704572
11.6863985979
11.8113985979
11.9357767074
12.0601548168
12.1845329263
12.3089110357
12.4332891452
12.5576672546
12.6820453641
12.8064234735
12.9258264586
13.0402543193
13.15468218
13.2691100407
13.378562777
13.4880155133
13.5974682497
13.706920986
13.8163737223
13.9258264586
14.0352791949
14.1447319313
14.2541846676
14.3636374039
14.4730901402
14.5825428765
14.6969707372
14.8113985979
14.9258264586
15.0402543193
15.15468218
15.2740851651
15.3934881502
15.5128911352
15.6322941203
15.7516971054
15.8711000905
15.9905030755
16.1099060606
16.2243339213
16.338761782
16.4531896427
16.5676175034
16.6820453641
16.7964732248
16.9109010855
17.0253289462
17.1397568069
17.2541846676
17.3686125283
17.483040389
17.5974682497
17.7118961104
17.8263239711
17.9407518318
18.0551796925
18.1646324288
18.2740851651
18.3885130258
18.5029408865
18.6173687472
18.7317966079
18.8462244686
18.9606523293
19.07508019
19.1895080507
19.3039359114
19.4183637721
19.5327916328
19.6472194934
19.7616473541
19.8760752148
19.9905030755
20.1049309362
20.2143836726
20.3238364089
20.4332891452
20.5427418815
20.6472194934
20.7516971054
20.851199593
20.9507020805
21.0502045681
21.1497070556
21.2492095432
21.3536871551
21.4581647671
21.562642379
21.667119991
21.7765727273
21.8860254636
21.9954781999
22.1049309362
22.2143836726
22.3238364089
22.4332891452
22.5477170059
22.6621448666
22.7765727273
22.8860254636
22.9954781999
23.1049309362
23.2143836726
23.3288115332
23.4382642696
23.5477170059
23.6571697422
23.7666224785
23.8760752148
23.9855279512
24.0949806875
24.2044334238
24.3138861601
24.4233388964
24.5327916328
24.6422443691
24.746721981
24.8462244686
24.9457269561
25.0402543193
25.1347816825
25.2293090457
25.3238364089
25.4183637721
25.5079160109
25.5974682497
25.6870204885
25.7765727273
25.8611498417
25.9457269561
26.0303040706
26.1099060606
26.1895080507
26.2691100407
26.3487120308
26.4332891452
26.5178662596
26.602443374
26.6870204885
26.7765727273
26.8711000905
26.9656274536
27.0601548168
27.15468218
27.2492095432
27.3437369064
27.4382642696
27.5327916328
27.6273189959
27.7218463591
27.8163737223
27.9109010855
28.0054284487
28.0999558119
28.194483175
28.2840354138
28.3735876527
28.4681150158
28.562642379
28.6571697422
28.7516971054
28.8462244686
28.9407518318
29.0352791949
29.1298065581
29.2243339213
29.3138861601
29.4034383989
29.4929906377
29.5825428765
29.6720951153
29.7616473541
29.851199593
29.9407518318
30.0253289462
30.1099060606
30.1895080507
30.2691100407
30.3487120308
30.4283140208
30.5079160109
30.5875180009
30.667119991
30.746721981
30.8263239711
30.9059259611
30.9855279512
31.0651299412
31.1447319313
31.2193587969
31.2939856626
31.3636374039
31.4332891452
31.4979657621
31.562642379
31.6322941203
31.7019458616
31.7765727273
31.851199593
31.9258264586
32.0004533243
32.07508019
32.1497070556
32.2243339213
32.298960787
32.3735876527
32.4482145183
32.522841384
32.5974682497
32.6720951153
32.746721981
32.8213488467
32.8959757124
32.9656274536
33.0352791949
33.1049309362
33.1745826775
33.2442344188
33.3138861601
33.3835379014
33.4531896427
33.522841384
33.5924931253
33.6621448666
33.7317966079
33.8014483492
33.8711000905
33.9357767074
34.0004533243
34.0651299412
34.1298065581
34.194483175
34.2541846676
34.3138861601
34.3735876527
34.4332891452
34.4979657621
34.562642379
34.6273189959
34.6919956129
34.7566722298
34.8213488467
34.8860254636
34.9507020805
35.0153786974
35.0800553143
35.1447319313
35.2094085482
35.2740851651
35.338761782
35.4034383989
35.4681150158
35.5327916328
35.5974682497
35.6621448666
35.7268214835
35.7914981004
35.8561747173
35.9208513342
35.9805528268
36.0402543193
36.0999558119
36.1596573044
36.2193587969
36.2790602895
36.338761782
36.3984632745
36.4581647671
36.5178662596
36.5775677522
36.6372692447
36.6969707372
36.7566722298
36.8163737223
36.8760752148
36.9357767074
36.9954781999
37.0551796925
37.114881185
37.1745826775
37.2342841701
37.2939856626
37.3536871551
37.4133886477
37.4730901402
37.5327916328
37.5875180009
37.6422443691
37.6969707372
37.7516971054
37.8014483492
37.851199593
37.9009508367
37.9507020805
38.0054284487
38.0601548168
38.114881185
38.1646324288
38.2143836726
38.2641349163
38.3138861601
38.3636374039
38.4133886477
38.4631398915
38.5079160109
38.5526921303
38.5974682497
38.6422443691
38.6870204885
38.7317966079
38.7765727273
38.8213488467
38.8661249661
38.9109010855
38.9556772049
39.0004533243
39.0452294437
39.0900055631
39.1347816825
39.1795578019
39.2243339213
39.2691100407
39.3138861601
39.3586622795
39.4034383989
39.4482145183
39.4929906377
39.5377667571
39.5825428765
39.6273189959
39.6720951153
39.7168712347
39.7616473541
39.8064234735
39.851199593
39.8959757124
39.9357767074
39.9755777024
40.0153786974
40.0551796925
40.0900055631
40.1198563094
40.1497070556
40.1795578019
40.2143836726
40.2492095432
40.2840354138
40.3188612845
40.3536871551
40.3885130258
40.4233388964
40.4581647671
40.4929906377
40.5278165084
40.562642379
40.5974682497
40.6322941203
40.667119991
40.6969707372
40.7268214835
40.7566722298
40.786522976
40.8163737223
40.8462244686
40.8760752148
40.9059259611
40.9357767074
40.9656274536
40.9954781999
41.0253289462
41.0551796925
41.0850304387
41.1099060606
41.1347816825
41.1596573044
41.1845329263
41.2094085482
41.2342841701
41.259159792
41.2840354138
41.3089110357
41.3337866576
41.3636374039
41.3934881502
41.4233388964
41.4531896427
41.483040389
41.5128911352
41.5427418815
41.5725926278
41.602443374
41.6322941203
41.6621448666
41.6919956129
41.7218463591
41.7516971054
41.7765727273
41.8014483492
41.8263239711
41.851199593
41.8760752148
41.9009508367
41.9258264586
41.9507020805
41.9755777024
42.0004533243
42.0253289462
42.0502045681
42.07508019
42.0999558119
42.1248314337
42.1497070556
42.1745826775
42.1994582994
42.2243339213
42.2492095432
42.2740851651
42.298960787
42.3238364089
42.3536871551
42.3835379014
42.4133886477
42.4432393939
42.4730901402
42.5029408865
42.5327916328
42.562642379
42.5974682497
42.6322941203
42.667119991
42.7019458616
42.7367717323
42.7715976029
42.8064234735
42.8412493442
42.8760752148
42.9109010855
42.9407518318
42.970602578
43.0004533243
43.0303040706
43.0601548168
43.0900055631
43.1198563094
43.1497070556
43.1795578019
43.2094085482
43.2392592944
43.2691100407
43.298960787
43.3288115332
43.3586622795
43.3885130258
43.4183637721
43.4482145183
43.4780652646
43.5079160109
43.5377667571
43.5676175034
43.5974682497
43.6273189959
43.6571697422
43.6870204885
43.7168712347
43.746721981
43.7765727273
43.8064234735
43.8362742198
43.8661249661
43.8959757124
43.9258264586
43.9556772049
43.9855279512
44.0153786974
44.0452294437
44.07508019
44.1049309362
44.1347816825
44.1646324288
44.194483175
44.2243339213
44.2541846676
44.2840354138
44.3138861601
44.3437369064
44.3735876527
44.4034383989
44.4382642696
44.4730901402
44.5079160109
44.5427418815
44.5775677522
44.6123936228
44.6521946178
44.6919956129
44.7268214835
44.7616473541
44.7964732248
44.8312990954
44.8661249661
44.9009508367
44.9357767074
44.970602578
45.0054284487
45.0402543193
45.07508019
45.1099060606
45.1447319313
45.1795578019
45.2143836726
45.2492095432
45.2840354138
45.3188612845
45.3536871551
45.3885130258
45.4233388964
45.4581647671
45.4929906377
45.5278165084
45.562642379
45.5974682497
45.6322941203
45.667119991
45.706920986
45.746721981
45.786522976
45.8263239711
45.8661249661
45.9059259611
45.9457269561
45.9855279512
46.0253289462
46.0651299412
46.1049309362
46.1447319313
46.1845329263
46.2243339213
46.2641349163
46.3039359114
46.3437369064
46.3835379014
46.4233388964
46.4631398915
46.5029408865
46.5427418815
46.5775677522
46.6123936228
46.6472194934
46.6820453641
46.7168712347
46.7516971054
46.786522976
46.8213488467
46.8561747173
46.891000588
46.9258264586
46.9606523293
46.9954781999
47.0303040706
47.0651299412
47.0999558119
47.1347816825
47.1696075531
47.2044334238
47.2392592944
47.2740851651
47.3089110357
47.3437369064
47.378562777
47.4133886477
47.4482145183
47.483040389
47.5178662596
47.5526921303
47.5875180009
47.6223438716
47.6571697422
47.6919956129
47.7268214835
47.7616473541
47.7964732248
47.8312990954
47.8661249661
47.8959757124
47.9258264586
47.9556772049
47.9855279512
48.0153786974
48.0452294437
48.07508019
48.1049309362
48.1347816825
48.1696075531
48.2094085482
48.2492095432
48.2890105382
48.3288115332
48.3686125283
48.4084135233
48.4432393939
48.4780652646
48.5128911352
48.5477170059
48.5825428765
48.6173687472
48.6521946178
48.6870204885
48.7218463591
48.7566722298
48.7914981004
48.8263239711
48.8611498417
48.8959757124
48.930801583
48.9656274536
49.0004533243
49.0352791949
49.0701050656
49.1049309362
49.1397568069
49.1696075531
49.1994582994
49.2293090457
49.259159792
49.2890105382
49.3188612845
49.3487120308
49.378562777
49.4034383989
49.4283140208
49.4531896427
49.4780652646
49.5029408865
49.5278165084
49.5526921303
49.5775677522
49.602443374
49.6273189959
49.6521946178
49.6770702397
49.7019458616
49.7268214835
49.7566722298
49.786522976
49.8213488467
49.8561747173
49.891000588
49.9258264586
49.9606523293
49.9954781999
50.0303040706
50.0651299412
50.0999558119
50.1347816825
50.1696075531
50.2044334238
50.2392592944
50.2740851651
50.3089110357
50.3437369064
50.378562777
50.4133886477
50.4482145183
50.483040389
50.5178662596
50.5526921303
50.5875180009
50.6223438716
50.6571697422
50.6919956129
50.7268214835
50.7616473541
50.8014483492
50.8412493442
50.8810503392
50.9258264586
50.970602578
51.0153786974
51.0601548168
51.1099060606
51.1596573044
51.2094085482
51.259159792
51.3089110357
51.3586622795
51.4084135233
51.4581647671
51.5079160109
51.5526921303
51.5974682497
51.6422443691
51.6919956129
51.7417468566
51.7914981004
51.8362742198
51.8810503392
51.9258264586
51.970602578
52.0153786974
52.0601548168
52.1049309362
52.1497070556
52.194483175
52.2392592944
52.2840354138
52.3288115332
52.3735876527
52.4183637721
52.4631398915
52.5079160109
52.5526921303
52.5974682497
52.6422443691
52.6870204885
52.7317966079
52.7765727273
52.8213488467
52.8661249661
52.9109010855
52.9556772049
53.0004533243
53.0452294437
53.0900055631
53.1397568069
53.1845329263
53.2293090457
53.2740851651
53.3188612845
53.3636374039
53.4084135233
53.4531896427
53.4979657621
53.5427418815
53.5875180009
53.6322941203
53.6770702397
53.7268214835
53.7815478517
53.8362742198
53.891000588
53.9457269561
54.0004533243
54.0551796925
54.1099060606
54.1646324288
54.2193587969
54.2740851651
54.3288115332
54.3835379014
54.4382642696
54.4929906377
54.5477170059
54.602443374
54.6571697422
54.7118961104
54.7666224785
54.8213488467
54.8760752148
54.930801583
54.9855279512
55.0402543193
55.0949806875
55.1497070556
55.2044334238
55.259159792
55.3138861601
55.3686125283
55.4233388964
55.4780652646
55.5327916328
55.5875180009
55.6422443691
55.6969707372
55.7516971054
55.8064234735
55.8611498417
55.9158762099
55.970602578
56.0253289462
56.0800553143
56.1347816825
56.1895080507
56.2442344188
56.298960787
56.3536871551
56.4084135233
56.4631398915
56.5178662596
56.5725926278
56.6322941203
56.6919956129
56.7516971054
56.8113985979
56.8661249661
56.9158762099
56.9656274536
57.0153786974
57.0651299412
57.114881185
57.1646324288
57.2143836726
57.2641349163
57.3138861601
57.3636374039
57.4133886477
57.4681150158
57.522841384
57.5775677522
57.6322941203
57.6919956129
57.7566722298
57.8213488467
57.8860254636
57.9507020805
58.0153786974
58.0800553143
58.1447319313
58.2094085482
58.2740851651
58.338761782
58.4034383989
58.4681150158
58.5327916328
58.5974682497
58.6621448666
58.7268214835
58.7914981004
58.8561747173
58.9208513342
58.9855279512
59.0502045681
59.114881185
59.1795578019
59.2442344188
59.3089110357
59.3735876527
59.4382642696
59.5029408865
59.5676175034
59.6322941203
59.6969707372
59.7616473541
59.8263239711
59.8860254636
59.9457269561
60.0004533243
60.0601548168
60.1198563094
60.1795578019
60.2392592944
60.298960787
60.3586622795
60.4183637721
60.4780652646
60.5377667571
60.5974682497
60.6571697422
60.7168712347
60.7765727273
60.8362742198
60.8959757124
60.9556772049
61.0153786974
61.07508019
61.1347816825
61.194483175
61.2541846676
61.3138861601
61.3735876527
61.4332891452
61.4929906377
61.5526921303
61.6123936228
61.667119991
61.7218463591
61.7765727273
61.8263239711
61.8760752148
61.9258264586
61.9805528268
62.0303040706
62.0800553143
62.1298065581
62.1795578019
62.2293090457
62.2790602895
62.3288115332
62.378562777
62.4283140208
62.4780652646
62.5278165084
62.5775677522
62.6223438716
62.667119991
62.7118961104
62.7566722298
62.8014483492
62.8462244686
62.891000588
62.9357767074
62.9805528268
63.0253289462
63.0701050656
63.114881185
63.1596573044
63.2044334238
63.2492095432
63.2939856626
63.338761782
63.3835379014
63.4283140208
63.4730901402
63.5178662596
63.562642379
63.6074184984
63.6521946178
63.6969707372
63.7417468566
63.786522976
63.8312990954
63.8760752148
63.9208513342
63.9656274536
64.010403573
64.0502045681
64.0949806875
64.1397568069
64.1845329263
64.2293090457
64.2740851651
64.3188612845
64.3636374039
64.4084135233
64.4581647671
64.5079160109
64.5576672546
64.6074184984
64.6521946178
64.6919956129
64.7317966079
64.7715976029
64.8113985979
64.851199593
64.891000588
64.930801583
64.970602578
65.010403573
65.0502045681
65.0900055631
65.1298065581
65.1696075531
65.2094085482
65.2492095432
65.2890105382
65.3288115332
65.3686125283
65.4084135233
65.4482145183
65.4880155133
65.5278165084
65.5676175034
65.6074184984
65.6472194934
65.6919956129
65.7367717323
65.7815478517
65.8263239711
65.8711000905
65.9158762099
65.9606523293
66.0054284487
66.0502045681
66.0949806875
66.1397568069
66.1845329263
66.2293090457
66.2740851651
66.3188612845
66.3636374039
66.4084135233
66.4531896427
66.4979657621
66.5427418815
66.5875180009
66.6322941203
66.6770702397
66.7218463591
66.7666224785
66.8113985979
66.8561747173
66.8959757124
66.9357767074
66.9755777024
67.0153786974
67.0551796925
67.0949806875
67.1347816825
67.1745826775
67.2143836726
67.2541846676
67.2939856626
67.3337866576
67.3735876527
67.4133886477
67.4531896427
67.4929906377
67.5278165084
67.562642379
67.5974682497
67.6322941203
67.6621448666
67.6870204885
67.7118961104
67.7367717323
67.7616473541
67.786522976
67.8113985979
67.8362742198
67.8611498417
67.891000588
67.9208513342
67.9507020805
67.9805528268
68.010403573
68.0402543193
68.0701050656
68.0999558119
68.1298065581
68.1596573044
68.1895080507
68.2193587969
68.2541846676
68.2890105382
68.3238364089
68.3586622795
68.3934881502
68.4283140208
68.4631398915
68.4979657621
68.5327916328
68.5676175034
68.602443374
68.6372692447
68.6720951153
68.706920986
68.7417468566
68.7765727273
68.8064234735
68.8362742198
68.8661249661
68.8959757124
68.9258264586
68.9556772049
68.9855279512
69.0153786974
69.0452294437
69.07508019
69.1049309362
69.1347816825
69.1646324288
69.194483175
69.2243339213
69.2541846676
69.2840354138
69.3138861601
69.3437369064
69.3735876527
69.4034383989
69.4332891452
69.4631398915
69.4929906377
69.522841384
69.5526921303
69.5825428765
69.6173687472
69.6521946178
69.6870204885
69.7218463591
69.7566722298
69.7914981004
69.8213488467
69.851199593
69.8810503392
69.9109010855
69.9407518318
69.970602578
70.0004533243
70.0303040706
70.0601548168
70.0900055631
70.1198563094
70.1497070556
70.1845329263
70.2193587969
70.2541846676
70.2890105382
70.3238364089
70.3586622795
70.3934881502
70.4283140208
70.4631398915
70.4979657621
70.5327916328
70.5676175034
70.602443374
70.6372692447
70.6720951153
70.706920986
70.7417468566
70.7765727273
70.8113985979
70.8462244686
70.8810503392
70.9158762099
70.9507020805
70.9855279512
71.0203538218
71.0551796925
71.0900055631
71.1248314337
71.1596573044
71.194483175
71.2293090457
71.2641349163
71.298960787
71.3337866576
71.3636374039
71.3934881502
71.4233388964
71.4531896427
71.483040389
71.5128911352
71.5427418815
71.5725926278
71.5974682497
71.6223438716
71.6472194934
71.6720951153
71.6969707372
71.7218463591
71.746721981
71.7715976029
71.8014483492
71.8312990954
71.8611498417
71.891000588
71.9208513342
71.9556772049
71.9905030755
72.0253289462
72.0601548168
72.0949806875
72.1298065581
72.1646324288
72.1994582994
72.2342841701
72.2691100407
72.3039359114
72.338761782
72.3735876527
72.4084135233
72.4432393939
72.4780652646
72.5128911352
72.5427418815
72.5725926278
72.602443374
72.6322941203
72.6621448666
72.6919956129
72.7218463591
72.7516971054
72.7815478517
72.8113985979
72.8412493442
72.8711000905
72.9009508367
72.930801583
72.9606523293
72.9905030755
73.0203538218
73.0502045681
73.0800553143
73.1099060606
73.1397568069
73.1696075531
73.1994582994
73.2293090457
73.259159792
73.2890105382
73.3188612845
73.3487120308
73.378562777
73.4084135233
73.4382642696
73.4681150158
73.4979657621
73.5278165084
73.5576672546
73.5875180009
73.6173687472
73.6472194934
73.6820453641
73.7168712347
73.7516971054
73.786522976
73.8213488467
73.8561747173
73.891000588
73.9258264586
73.9606523293
73.9954781999
74.0303040706
74.0651299412
74.0999558119
74.1347816825
74.1696075531
74.2044334238
74.2392592944
74.2740851651
74.3039359114
74.3337866576
74.3636374039
74.3934881502
74.4233388964
74.4531896427
74.483040389
74.5128911352
74.5427418815
74.5725926278
74.602443374
74.6322941203
74.6571697422
74.6820453641
74.706920986
74.7317966079
74.7566722298
74.7815478517
74.8064234735
74.8312990954
74.8561747173
74.8810503392
74.9059259611
74.930801583
74.9556772049
74.9805528268
75.0054284487
75.0303040706
75.0551796925
75.0800553143
75.1049309362
75.1298065581
75.15468218
75.1795578019
75.2094085482
75.2392592944
75.2691100407
75.298960787
75.3288115332
75.3586622795
75.3885130258
75.4183637721
75.4482145183
75.4780652646
75.5079160109
75.5377667571
75.5676175034
75.5974682497
75.6273189959
75.6571697422
75.6870204885
75.7168712347
75.746721981
75.7765727273
75.8064234735
75.8312990954
75.8561747173
75.8810503392
75.9059259611
75.930801583
75.9556772049
75.9805528268
76.0054284487
76.0303040706
76.0551796925
76.0800553143
76.1049309362
76.1298065581
76.15468218
76.1795578019
76.2044334238
76.2293090457
76.2541846676
76.2740851651
76.2939856626
76.3138861601
76.3337866576
76.3536871551
76.3735876527
76.3934881502
76.4133886477
76.4332891452
76.4531896427
76.4730901402
76.4929906377
76.5128911352
76.5327916328
76.5526921303
76.5725926278
76.5924931253
76.6123936228
76.6322941203
76.6521946178
76.6720951153
76.6919956129
76.7118961104
76.7317966079
76.7516971054
76.7715976029
76.7914981004
76.8113985979
76.8312990954
76.8511995929
76.8711000905
76.891000588
76.9109010855
76.930801583
76.9507020805
76.970602578
76.9905030755
77.010403573
77.0303040706
77.0502045681
77.0701050656
77.0900055631
77.1099060606
77.1298065581
77.1497070556
77.1696075531
77.1895080507
77.2094085482
77.2293090457
77.2492095432
77.2641349163
77.2790602895
77.2939856626
77.3089110357
77.3238364089
77.3337866576
77.3437369064
77.3536871551
77.3636374039
77.3735876527
77.3835379014
77.3934881502
77.4034383989
77.4133886477
77.4283140208
77.4432393939
77.4581647671
77.4730901402
77.4880155133
77.5029408865
77.5178662596
77.5327916328
77.5477170059
77.562642379
77.5775677522
77.5924931253
77.6074184984
77.6223438716
77.6372692447
77.6521946178
77.667119991
77.6820453641
77.6969707372
77.7118961104
77.7268214835
77.7417468566
77.7566722298
77.7715976029
77.786522976
77.8014483492
77.8163737223
77.8312990954
77.8462244686
77.8611498417
77.8760752148
77.891000588
77.9059259611
77.9208513342
77.9357767074
77.9507020805
77.9656274536
77.9805528268
77.9954781999
78.010403573
78.0253289462
78.0402543193
78.0551796925
78.0701050656
78.0850304387
78.0999558119
78.1099060606
78.1198563094
78.1298065581
78.1397568069
78.1497070556
78.1596573044
78.1696075531
78.1795578019
78.1895080507
78.1994582994
78.2094085482
78.2193587969
78.2293090457
78.2392592944
78.2541846676
78.2691100407
78.2840354138
78.298960787
78.3138861601
78.3288115332
78.3437369064
78.3586622795
78.3735876527
78.3885130258
78.4084135233
78.4283140208
78.4482145183
78.4681150158
78.4880155133
78.5079160109
78.5278165084
78.5477170059
78.5676175034
78.5875180009
78.6074184984
78.6273189959
78.6472194934
78.667119991
78.6870204885
78.7118961104
78.7367717323
78.7616473541
78.786522976
78.8113985979
78.8362742198
78.8611498417
78.8860254636
78.9109010855
78.9357767074
78.9606523293
78.9855279512
79.010403573
79.0303040706
79.0502045681
79.0701050656
79.0900055631
79.1099060606
79.1298065581
79.1497070556
79.1696075531
79.1895080507
79.2094085482
79.2293090457
79.2492095432
79.2691100407
79.2890105382
79.3089110357
79.3288115332
79.3487120308
79.3686125283
79.3885130258
79.4084135233
79.4283140208
79.4482145183
79.4681150158
79.4880155133
79.5079160109
79.5278165084
79.5477170059
79.5676175034
79.5875180009
79.6074184984
79.6273189959
79.6472194934
79.667119991
79.6870204885
79.706920986
79.7268214835
79.746721981
79.7666224785
79.786522976
79.8064234735
79.8263239711
79.8462244686
79.8661249661
79.8860254636
79.9059259611
79.9258264586
79.9457269561
79.9656274536
79.9855279512
80.0054284487
80.0253289462
80.0452294437
80.0651299412
80.0850304387
80.1049309362
80.1248314337
80.1447319313
80.1646324288
80.1845329263
80.2044334238
80.2243339213
80.2442344188
80.2641349163
80.2840354138
80.3039359114
80.3238364089
80.3437369064
80.3686125283
80.3934881502
80.4183637721
80.4432393939
80.4681150158
80.4929906377
80.5178662596
80.5427418815
80.5676175034
80.5924931253
80.6173687472
80.6422443691
80.667119991
80.6919956129
80.7168712347
80.7417468566
80.7666224785
80.7914981004
80.8163737223
80.8412493442
80.8661249661
80.891000588
80.9158762099
80.9407518318
80.9656274536
80.9905030755
81.0153786974
81.0402543193
81.0651299412
81.0900055631
81.114881185
81.1397568069
81.1646324288
81.1895080507
81.2143836726
81.2392592944
81.2641349163
81.2890105382
81.3138861601
81.338761782
81.3636374039
81.3885130258
81.4133886477
81.4382642696
81.4631398915
81.4880155133
81.5128911352
81.5377667571
81.562642379
81.5875180009
81.6123936228
81.6372692447
81.6621448666
81.6870204885
81.7118961104
81.7367717323
81.7616473541
81.786522976
81.8113985979
81.8362742198
81.8611498417
81.8860254636
81.9109010855
81.9357767074
81.9606523293
81.9855279512
82.010403573
82.0352791949
82.0601548168
82.0850304387
82.1099060606
82.1347816825
82.1596573044
82.1845329263
82.2094085482
82.2342841701
82.259159792
82.2840354138
82.3089110357
82.3337866576
82.3586622795
82.3835379014
82.4084135233
82.4332891452
82.4581647671
82.483040389
82.5079160109
82.5327916328
82.5576672546
82.5825428765
82.6074184984
82.6322941203
82.6571697422
82.6820453641
82.706920986
82.7317966079
82.7516971054
82.7715976029
82.7914981004
82.8113985979
82.8312990954
82.8511995929
82.8711000905
82.891000588
82.9109010855
82.930801583
82.9457269561
82.9606523293
82.9755777024
82.9905030755
83.0054284487
83.0253289462
83.0452294437
83.0651299412
83.0850304387
83.1049309362
83.1248314337
83.1447319313
83.1646324288
83.1845329263
83.2044334238
83.2193587969
83.2342841701
83.2492095432
83.2641349163
83.2790602895
83.2939856626
83.3089110357
83.3238364089
83.338761782
83.3536871551
83.3686125283
83.3835379014
83.3984632745
83.4133886477
83.4283140208
83.4432393939
83.4581647671
83.4730901402
83.4880155133
83.5029408865
83.5178662596
83.5327916328
83.5526921303
83.5725926278
83.5924931253
83.6123936228
83.6322941203
83.6521946178
83.6720951153
83.6919956128
83.7118961104
83.7317966079
83.7516971054
83.7715976029
83.7914981004
83.8113985979
83.8312990954
83.8511995929
83.8711000905
83.891000588
83.9109010855
83.930801583
83.9507020805
83.970602578
83.9905030755
84.010403573
84.0303040706
84.0502045681
84.0701050656
84.0900055631
84.1099060606
84.1298065581
84.1497070556
84.1696075531
84.1895080507
84.2094085482
84.2293090457
84.2492095432
84.2691100407
84.2890105382
84.3089110357
84.3288115332
84.3487120308
84.3686125283
84.3885130258
84.4084135233
84.4283140208
84.4482145183
84.4681150158
84.4880155133
84.5079160109
84.5278165084
84.5477170059
84.5725926278
84.5974682497
84.6223438716
84.6472194934
84.6720951153
84.6969707372
84.7218463591
84.7417468566
84.7616473541
84.7815478517
84.8014483492
84.8213488467
84.8412493442
84.8611498417
84.8810503392
84.9009508367
84.9208513342
84.9407518318
84.9606523293
84.9805528268
85.0004533243
85.0203538218
85.0402543193
85.0601548168
85.0800553143
85.0999558119
85.1198563094
85.1397568069
85.1596573044
85.1795578019
85.1994582994
85.2193587969
85.2392592944
85.259159792
85.2790602895
85.298960787
85.3188612845
85.338761782
85.3586622795
85.378562777
85.3984632745
85.4183637721
85.4382642696
85.4531896427
85.4681150158
85.483040389
85.4979657621
85.5128911352
85.5278165084
85.5427418815
85.5576672546
85.5725926278
85.5875180009
85.602443374
85.6173687472
85.6322941203
85.6472194934
85.6621448666
85.6770702397
85.6919956129
85.706920986
85.7218463591
85.7367717323
85.7516971054
85.7666224785
85.7815478517
85.8014483492
85.8213488467
85.8412493442
85.8611498417
85.8810503392
85.9009508367
85.9208513342
85.9407518318
85.9606523293
85.9805528268
86.0004533243
86.0203538218
86.0402543193
86.0601548168
86.0800553143
86.0999558119
86.1198563094
86.1397568069
86.1596573044
86.1795578019
86.1994582994
86.2193587969
86.2392592944
86.259159792
86.2790602895
86.298960787
86.3188612845
86.338761782
86.3586622795
86.378562777
86.3984632745
86.4183637721
86.4382642696
86.4581647671
86.4780652646
86.4979657621
86.5178662596
86.5377667571
86.5576672546
86.5775677522
86.5974682497
86.6173687472
86.6372692447
86.6571697422
86.6770702397
86.6969707372
86.7168712347
86.7367717323
86.7566722298
86.7765727273
86.7964732248
86.8163737223
86.8312990954
86.8462244686
86.8611498417
86.8760752148
86.891000588
86.9059259611
86.9208513342
86.9357767074
86.9507020805
86.9656274536
86.9805528268
86.9954781999
87.010403573
87.0253289462
87.0402543193
87.0551796925
87.0701050656
87.0850304387
87.0999558119
87.114881185
87.1298065581
87.1447319313
87.1596573044
87.1745826775
87.1895080507
87.2044334238
87.2193587969
87.2342841701
87.2492095432
87.2641349163
87.2790602895
87.2939856626
87.3039359114
87.3138861601
87.3238364089
87.3337866576
87.3437369064
87.3536871551
87.3636374039
87.3735876527
87.3835379014
87.3934881502
87.4034383989
87.4133886477
87.4233388964
87.4332891452
87.4432393939
87.4531896427
87.4631398915
87.4730901402
87.483040389
87.4979657621
87.5128911352
87.5278165084
87.5427418815
87.5576672546
87.5725926278
87.5875180009
87.602443374
87.6173687472
87.6322941203
87.6472194934
87.6621448666
87.6770702397
87.6919956129
87.706920986
87.7218463591
87.7367717323
87.7516971054
87.7666224785
87.7815478517
87.7964732248
87.8113985979
87.8263239711
87.8412493442
87.8561747173
87.8711000905
87.8860254636
87.9009508367
87.9158762099
87.930801583
87.9457269561
87.9606523293
87.970602578
87.9805528268
87.9905030755
88.0004533243
88.010403573
88.0203538218
88.0303040706
88.0402543193
88.0502045681
88.0601548168
88.07508019
88.0900055631
88.1049309362
88.1198563094
88.1347816825
88.1497070556
88.1646324288
88.1795578019
88.194483175
88.2094085482
88.2243339213
88.2392592944
88.2541846676
88.2691100407
88.2840354138
88.298960787
88.3138861601
88.3288115332
88.3437369064
88.3586622795
88.3735876527
88.3885130258
88.4034383989
88.4183637721
88.4332891452
88.4482145183
88.4631398915
88.4780652646
88.4929906377
88.5079160109
88.522841384
88.5377667571
88.5526921303
88.5676175034
88.5825428765
88.5974682497
88.6123936228
88.6273189959
88.6422443691
88.6571697422
88.6720951153
88.6870204885
88.7019458616
88.7168712347
88.7317966079
88.746721981
88.7616473541
88.7765727273
88.7914981004
88.8064234735
88.8213488467
88.8362742198
88.8511995929
88.8661249661
88.8810503392
88.8959757124
88.9059259611
88.9158762099
88.9258264586
88.9357767074
88.9457269561
88.9556772049
88.9656274536
88.9755777024
88.9855279512
88.9954781999
89.0054284487
89.0153786974
89.0253289462
89.0352791949
89.0452294437
89.0551796925
89.0651299412
89.07508019
89.0850304387
89.0949806875
89.1049309362
89.114881185
89.1248314337
89.1347816825
89.1447319313
89.15468218
89.1646324288
89.1745826775
89.1845329263
89.194483175
89.2044334238
89.2143836726
89.2243339213
89.2342841701
89.2442344188
89.2541846676
89.2641349163
89.2740851651
89.2840354138
89.2939856626
89.3039359114
89.3138861601
89.3238364089
89.3337866576
89.3437369064
89.3536871551
89.3636374039
89.3735876527
89.3835379014
89.3934881502
89.4034383989
89.4133886477
89.4233388964
89.4332891452
89.4432393939
89.4531896427
89.4631398915
89.4730901402
89.483040389
89.4929906377
89.5029408865
89.5128911352
89.522841384
89.5327916328
89.5427418815
89.5526921303
89.562642379
89.5725926278
89.5825428765
89.5924931253
89.602443374
89.6123936228
89.6223438716
89.6322941203
89.6422443691
89.6521946178
89.6621448666
89.6720951153
89.6820453641
89.6919956128
89.7019458616
89.7168712347
89.7317966079
89.746721981
89.7616473541
89.7765727273
89.7914981004
89.8064234735
89.8213488467
89.8362742198
89.8511995929
89.8661249661
89.8810503392
89.8959757124
89.9109010855
89.9258264586
89.9407518318
89.9556772049
89.970602578
89.9855279512
90.0004533243
90.0153786974
90.0303040706
90.0402543193
90.0502045681
90.0601548168
90.0701050656
90.0800553143
90.0900055631
90.0999558119
90.1099060606
90.1198563094
90.1298065581
90.1397568069
90.15468218
90.1696075531
90.1845329263
90.1994582994
90.2143836726
90.2293090457
90.2442344188
90.259159792
90.2740851651
90.2890105382
90.3039359114
90.3188612845
90.3337866576
90.3487120308
90.3636374039
90.378562777
90.3934881502
90.4084135233
90.4233388964
90.4382642696
90.4531896427
90.4681150158
90.483040389
90.4979657621
90.5128911352
90.5278165084
90.5427418815
90.5576672546
90.5725926278
90.5875180009
90.602443374
90.6123936228
90.6223438716
90.6322941203
90.6422443691
90.6521946178
90.6621448666
90.6720951153
90.6820453641
90.6919956128
90.7019458616
90.7118961104
90.7218463591
90.7317966079
90.7417468566
90.7516971054
90.7616473541
90.7715976029
90.7815478517
90.7914981004
90.8014483492
90.8113985979
90.8213488467
90.8312990954
90.8412493442
90.8511995929
90.8611498417
90.8711000905
90.8810503392
90.891000588
90.9009508367
90.9109010855
90.9208513342
90.930801583
90.9407518318
90.9507020805
90.9606523293
90.970602578
90.9805528268
90.9905030755
91.0004533243
91.010403573
91.0203538218
91.0303040706
91.0402543193
91.0502045681
91.0601548168
91.0701050656
91.0800553143
91.0900055631
91.1049309362
91.1198563094
91.1347816825
91.1497070556
91.1646324288
91.1795578019
91.194483175
91.2094085482
91.2243339213
91.2392592944
91.2541846676
91.2691100407
91.2840354138
91.298960787
91.3138861601
91.3288115332
91.3437369064
91.3586622795
91.3735876527
91.3885130258
91.4034383989
91.4183637721
91.4332891452
91.4482145183
91.4631398915
91.4780652646
91.4929906377
91.5079160109
91.522841384
91.5377667571
91.5526921303
91.5676175034
91.5825428765
91.5974682497
91.6123936228
91.6273189959
91.6422443691
91.6571697422
91.6720951153
91.6870204885
91.7019458616
91.7168712347
91.7317966079
91.746721981
91.7616473541
91.7765727273
91.7914981004
91.8064234735
91.8213488467
91.8362742198
91.8511995929
91.8661249661
91.8810503392
91.8959757124
91.9109010855
91.9258264586
91.9407518318
91.9556772049
91.970602578
91.9855279512
92.0004533243
92.0153786974
92.0303040706
92.0452294437
92.0601548168
92.07508019
92.0900055631
92.1049309362
92.1198563094
92.1347816825
92.1497070556
92.1646324288
92.1795578019
92.194483175
92.2094085482
92.2243339213
92.2392592944
92.2541846676
92.2691100407
92.2840354138
92.298960787
92.3138861601
92.3288115332
92.3437369064
92.3586622795
92.3735876527
92.3885130258
92.4034383989
92.4133886477
92.4233388964
92.4332891452
92.4432393939
92.4531896427
92.4631398915
92.4730901402
92.483040389
92.4929906377
92.5029408865
92.5128911352
92.522841384
92.5327916328
92.5427418815
92.5526921303
92.562642379
92.5725926278
92.5825428765
92.5924931253
92.602443374
92.6123936228
92.6223438716
92.6322941203
92.6422443691
92.6521946178
92.6621448666
92.6720951153
92.6820453641
92.6919956128
92.7019458616
92.7118961104
92.7218463591
92.7317966079
92.7367717323
92.7417468566
92.746721981
92.7516971054
92.7566722298
92.7616473541
92.7666224785
92.7715976029
92.7765727273
92.7815478517
92.786522976
92.7914981004
92.8014483492
92.8113985979
92.8213488467
92.8312990954
92.8412493442
92.8511995929
92.8611498417
92.8711000905
92.8810503392
92.891000588
92.9009508367
92.9109010855
92.9208513342
92.930801583
92.9407518318
92.9507020805
92.9606523293
92.970602578
92.9805528268
92.9905030755
93.0004533243
93.010403573
93.0203538218
93.0303040706
93.0402543193
93.0502045681
93.0601548168
93.0701050656
93.0800553143
93.0900055631
93.0999558119
93.1099060606
93.1198563094
93.1298065581
93.1397568069
93.1497070556
93.1596573044
93.1696075531
93.1795578019
93.1895080507
93.1994582994
93.2094085482
93.2193587969
93.2293090457
93.2392592944
93.2492095432
93.259159792
93.2691100407
93.2790602895
93.2890105382
93.298960787
93.3089110357
93.3188612845
93.3288115332
93.338761782
93.3487120308
93.3586622795
93.3686125283
93.378562777
93.3885130258
93.3984632745
93.4084135233
93.4183637721
93.4283140208
93.4382642696
93.4482145183
93.4581647671
93.4681150158
93.4730901402
93.4780652646
93.483040389
93.4880155133
93.4929906377
93.5029408865
93.5128911352
93.522841384
93.5327916327
93.5427418815
93.5526921303
93.562642379
93.5725926278
93.5825428765
93.5924931253
93.602443374
93.6123936228
93.6223438716
93.6322941203
93.6422443691
93.6521946178
93.6621448666
93.6720951153
93.6820453641
93.6919956128
93.7019458616
93.7118961104
93.7218463591
93.7317966079
93.7417468566
93.7516971054
93.7616473541
93.7715976029
93.7815478517
93.7914981004
93.8014483492
93.8113985979
93.8213488467
93.8312990954
93.8412493442
93.8511995929
93.8611498417
93.8711000905
93.8810503392
93.891000588
93.9009508367
93.9109010855
93.9208513342
93.930801583
93.9407518318
93.9507020805
93.9606523293
93.970602578
93.9805528268
93.9905030755
94.0004533243
94.010403573
94.0203538218
94.0303040706
94.0402543193
94.0502045681
94.0601548168
94.0701050656
94.0800553143
94.0900055631
94.0999558119
94.1099060606
94.1198563094
94.1298065581
94.1397568069
94.1497070556
94.1596573044
94.1696075531
94.1795578019
94.1895080507
94.1994582994
94.2094085482
94.2193587969
94.2293090457
94.2392592944
94.2492095432
94.259159792
94.2691100407
94.2790602895
94.2890105382
94.298960787
94.3089110357
94.3188612845
94.3288115332
94.338761782
94.3487120308
94.3586622795
94.3686125283
94.378562777
94.3885130258
94.3984632745
94.4084135233
94.4183637721
94.4283140208
94.4382642696
94.4482145183
94.4581647671
94.4681150158
94.4780652646
94.4880155133
94.4979657621
94.5079160109
94.5178662596
94.5278165084
94.5377667571
94.5477170059
94.5576672546
94.5676175034
94.5775677522
94.5875180009
94.5974682497
94.6074184984
94.6173687472
94.6273189959
94.6372692447
94.6472194934
94.6571697422
94.667119991
94.6770702397
94.6870204885
94.6969707372
94.706920986
94.7168712347
94.7268214835
94.7367717323
94.746721981
94.7616473541
94.7765727273
94.786522976
94.7964732248
94.8064234735
94.8163737223
94.8263239711
94.8362742198
94.8462244686
94.8561747173
94.8661249661
94.8760752148
94.8860254636
94.8959757124
94.9059259611
94.9158762099
94.9258264586
94.9357767074
94.9457269561
94.9556772049
94.9656274536
94.9755777024
94.9855279512
94.9954781999
95.0054284487
95.0153786974
95.0253289462
95.0352791949
95.0452294437
95.0551796925
95.0651299412
95.07508019
95.0850304387
95.0949806875
95.1099060606
95.1248314337
95.1397568069
95.15468218
95.1696075531
95.1845329263
95.1994582994
95.2143836725
95.2293090457
95.2442344188
95.259159792
95.2740851651
95.2890105382
95.3039359114
95.3188612845
95.3337866576
95.3487120308
95.3636374039
95.378562777
95.3934881502
95.4084135233
95.4233388964
95.4382642696
95.4531896427
95.4681150158
95.483040389
95.4979657621
95.5128911352
95.5278165084
95.5427418815
95.5576672546
95.5725926278
95.5875180009
95.602443374
95.6173687472
95.6322941203
95.6472194934
95.6621448666
95.6770702397
95.6919956128
95.706920986
95.7168712347
95.7268214835
95.7367717323
95.746721981
95.7566722298
95.7666224785
95.7765727273
95.786522976
95.7964732248
95.8064234735
95.8163737223
95.8263239711
95.8362742198
95.8462244686
95.8561747173
95.8661249661
95.8760752148
95.8860254636
95.8959757124
95.9059259611
95.9158762099
95.9258264586
95.9357767074
95.9457269561
95.9556772049
95.9656274536
95.9755777024
95.9855279512
95.9954781999
96.0054284487
96.0153786974
96.0253289462
96.0352791949
96.0452294437
96.0551796924
96.0651299412
96.07508019
96.0850304387
96.0949806875
96.1049309362
96.114881185
96.1248314337
96.1347816825
96.1447319313
96.15468218
96.1646324288
96.1745826775
96.1845329263
96.194483175
96.2044334238
96.2143836725
96.2243339213
96.2342841701
96.2442344188
96.2541846676
96.2641349163
96.2740851651
96.2840354138
96.2939856626
96.3039359114
96.3138861601
96.3238364089
96.3337866576
96.3437369064
96.3536871551
96.3636374039
96.3735876526
96.3835379014
96.3934881502
96.4034383989
96.4133886477
96.4233388964
96.4332891452
96.4432393939
96.4531896427
96.4631398915
96.4730901402
96.483040389
96.4929906377
96.5029408865
96.5128911352
96.522841384
96.5327916327
96.5427418815
96.5526921303
96.562642379
96.5725926278
96.5825428765
96.5924931253
96.602443374
96.6123936228
96.6223438716
96.6322941203
96.6422443691
96.6521946178
96.6621448666
96.6720951153
96.6820453641
96.6919956128
96.706920986
96.7218463591
96.7367717323
96.7516971054
96.7666224785
96.7815478517
96.7964732248
96.8113985979
96.8263239711
96.8412493442
96.8561747173
96.8711000905
96.8860254636
96.9009508367
96.9158762099
96.930801583
96.9457269561
96.9606523293
96.9755777024
96.9905030755
97.0054284487
97.0203538218
97.0352791949
97.0502045681
97.0651299412
97.0800553143
97.0949806875
97.1049309362
97.114881185
97.1248314337
97.1347816825
97.1447319313
97.15468218
97.1646324288
97.1745826775
97.1845329263
97.194483175
97.2044334238
97.2143836725
97.2243339213
97.2342841701
97.2442344188
97.2541846676
97.2641349163
97.2740851651
97.2840354138
97.2939856626
97.3039359114
97.3138861601
97.3238364089
97.3337866576
97.3437369064
97.3536871551
97.3636374039
97.3735876526
97.3835379014
97.3934881502
97.4034383989
97.4133886477
97.4233388964
97.4332891452
97.4382642696
97.4432393939
97.4482145183
97.4531896427
97.4581647671
97.4631398915
97.4681150158
97.4730901402
97.4780652646
97.4880155133
97.4979657621
97.5079160109
97.5178662596
97.5278165084
97.5377667571
97.5477170059
97.5576672546
97.5676175034
97.5775677522
97.5875180009
97.5974682497
97.6074184984
97.6173687472
97.6273189959
97.6372692447
97.6472194934
97.6571697422
97.667119991
97.6770702397
97.6870204885
97.6969707372
97.706920986
97.7168712347
97.7268214835
97.7367717323
97.746721981
97.7566722298
97.7666224785
97.7765727273
97.786522976
97.7964732248
97.8064234735
97.8163737223
97.8263239711
97.8362742198
97.8462244686
97.8561747173
97.8661249661
97.8760752148
97.8860254636
97.8959757123
97.9059259611
97.9158762099
97.9258264586
97.9357767074
97.9457269561
97.9556772049
97.9656274536
97.9755777024
97.9855279512
97.9954781999
98.0054284487
98.0153786974
98.0253289462
98.0352791949
98.0452294437
98.0551796924
98.0651299412
98.07508019
98.0850304387
98.0949806875
98.1049309362
98.114881185
98.1248314337
98.1347816825
98.1447319313
98.15468218
98.1646324288
98.1745826775
98.1845329263
98.194483175
98.2044334238
98.2143836725
98.2243339213
98.2342841701
98.2442344188
98.2541846676
98.2641349163
98.2740851651
98.2840354138
98.2939856626
98.3039359114
98.3138861601
98.3238364089
98.3337866576
98.3437369064
98.3536871551
98.3636374039
98.3735876526
98.3835379014
98.3934881502
98.4034383989
98.4133886477
98.4233388964
98.4332891452
98.4432393939
98.4531896427
98.4631398915
98.4730901402
98.483040389
98.4929906377
98.5029408865
98.5128911352
98.522841384
98.5327916327
98.5427418815
98.5526921303
98.562642379
98.5725926278
98.5825428765
98.5924931253
98.602443374
98.6123936228
98.6223438716
98.6322941203
98.6422443691
98.6521946178
98.6621448666
98.6720951153
98.6820453641
98.6919956128
98.7019458616
98.7118961104
98.7218463591
98.7317966079
98.7417468566
98.7516971054
98.7616473541
98.7715976029
98.7815478517
98.786522976
98.7914981004
98.7964732248
98.8014483492
98.8064234735
98.8113985979
98.8163737223
98.8213488467
98.8263239711
98.8312990954
98.8412493442
98.8511995929
98.8611498417
98.8711000905
98.8810503392
98.891000588
98.9009508367
98.9109010855
98.9208513342
98.930801583
98.9407518318
98.9507020805
98.9606523293
98.970602578
98.9805528268
98.9905030755
99.0004533243
99.010403573
99.0203538218
99.0303040706
99.0402543193
99.0502045681
99.0601548168
99.0701050656
99.0800553143
99.0900055631
99.0999558119
99.1099060606
99.1198563094
99.1298065581
99.1397568069
99.1497070556
99.1596573044
99.1696075531
99.1795578019
99.1895080507
99.1994582994
99.2094085482
99.2193587969
99.2293090457
99.2392592944
99.2492095432
99.259159792
99.2691100407
99.2790602895
99.2890105382
99.298960787
99.3089110357
99.3188612845
99.3288115332
99.338761782
99.3487120308
99.3586622795
99.3686125283
99.378562777
99.3885130258
99.3984632745
99.4084135233
99.4183637721
99.4283140208
99.4332891452
99.4382642696
99.4432393939
99.4482145183
99.4531896427
99.4581647671
99.4631398915
99.4681150158
99.4730901402
99.4780652646
99.483040389
99.4880155133
99.4929906377
99.4979657621
99.5029408865
99.5079160109
99.5128911352
99.5178662596
99.522841384
99.5278165084
99.5327916327
99.5377667571
99.5427418815
99.5477170059
99.5526921303
99.5576672546
99.562642379
99.5676175034
99.5725926278
99.5775677521
99.5825428765
99.5875180009
99.5924931253
99.5974682497
99.602443374
99.6074184984
99.6123936228
99.6173687472
99.6223438716
99.6273189959
99.6322941203
99.6372692447
99.6422443691
99.6472194934
99.6521946178
99.6571697422
99.6621448666
99.667119991
99.6720951153
99.6770702397
99.6820453641
99.6870204885
99.6919956128
99.6969707372
99.7019458616
99.706920986
99.7118961104
99.7168712347
99.7218463591
99.7268214835
99.7317966079
99.7367717322
99.7417468566
99.746721981
99.7516971054
99.7616473541
99.7715976029
99.7815478517
99.7914981004
99.8014483492
99.8113985979
99.8213488467
99.8312990954
99.8412493442
99.8511995929
99.8611498417
99.8711000905
99.8810503392
99.891000588
99.9009508367
99.9109010855
99.9208513342
99.930801583
99.9407518318
99.9507020805
99.9606523293
99.970602578
99.9805528268
99.9905030755
100.000453324
100.010403573
100.020353822
100.030304071
100.040254319
100.050204568
100.060154817
100.070105066
100.080055314
100.090005563
100.099955812
100.109906061
100.119856309
100.129806558
100.139756807
100.149707056
100.159657304
100.169607553
100.179557802
100.189508051
100.199458299
100.209408548
100.219358797
100.229309046
100.239259294
100.249209543
100.259159792
100.269110041
100.279060289
100.289010538
100.298960787
100.308911036
100.318861284
100.328811533
100.338761782
100.348712031
100.35866228
100.368612528
100.378562777
100.388513026
100.398463275
100.408413523
100.418363772
100.428314021
100.43826427
100.448214518
100.458164767
100.468115016
100.478065265
100.488015513
100.497965762
100.507916011
100.512891135
100.51786626
100.522841384
100.527816508
100.532791633
100.537766757
100.542741882
100.547717006
100.55269213
100.557667255
100.562642379
100.567617503
100.572592628
100.577567752
100.582542877
100.587518001
100.592493125
100.59746825
100.602443374
100.607418498
100.612393623
100.617368747
100.622343872
100.627318996
100.63229412
100.637269245
100.642244369
100.647219493
100.652194618
100.657169742
100.662144867
100.667119991
100.672095115
100.67707024
100.682045364
100.687020488
100.691995613
100.696970737
100.701945862
100.706920986
100.71189611
100.716871235
100.721846359
100.726821483
100.731796608
100.736771732
100.741746857
100.746721981
100.751697105
100.75667223
100.761647354
100.766622479
100.771597603
100.776572727
100.781547852
100.786522976
100.7914981
100.796473225
100.801448349
100.806423474
100.811398598
100.816373722
100.821348847
100.826323971
100.831299095
100.83627422
100.841249344
100.846224469
100.851199593
100.856174717
100.861149842
100.866124966
100.87110009
100.876075215
100.881050339
100.886025464
100.891000588
100.895975712
100.900950837
100.905925961
100.910901085
100.91587621
100.920851334
100.925826459
100.930801583
100.935776707
100.940751832
100.945726956
100.950702081
100.955677205
100.960652329
100.965627454
100.970602578
100.975577702
100.980552827
100.985527951
100.990503076
100.9954782
101.000453324
101.005428449
101.010403573
101.015378697
101.020353822
101.025328946
101.030304071
101.035279195
101.040254319
101.045229444
101.050204568
101.055179692
101.060154817
101.065129941
101.070105066
101.07508019
101.080055314
101.085030439
101.090005563
101.094980687
101.099955812
101.104930936
101.109906061
101.114881185
101.119856309
101.124831434
101.129806558
101.129806558
101.129806558
101.129806558
101.129806558
101.129806558
101.129806558
101.129806558
101.129806558
101.129806558
101.129806558
101.129806558
101.129806558
101.129806558
101.129806558
101.129806558
101.129806558
101.129806558
101.129806558
101.129806558
101.129806558
101.129806558
101.129806558
101.129806558
101.129806558
101.129806558
101.129806558
101.129806558
101.129806558
101.129806558
101.129806558
101.129806558
101.129806558
101.129806558
101.129806558
101.129806558
101.129806558
101.129806558
101.129806558
101.129806558
101.129806558
101.129806558
101.129806558
101.129806558
101.129806558
101.129806558
101.129806558
101.129806558
101.129806558
101.129806558
101.129806558
101.129806558
101.129806558
101.129806558
101.129806558
101.129806558
101.129806558
101.129806558
101.129806558
101.129806558
101.129806558
101.129806558
101.129806558
101.129806558
101.129806558
101.129806558
101.129806558
101.129806558
101.129806558
101.129806558
101.129806558
101.129806558
101.129806558
101.129806558
101.129806558
101.129806558
101.129806558
101.129806558
101.129806558
101.129806558
101.134781682
101.139756807
101.144731931
101.149707056
101.15468218
101.159657304
101.164632429
101.169607553
101.174582678
101.179557802
101.184532926
101.189508051
101.194483175
101.199458299
101.204433424
101.209408548
101.214383673
101.219358797
101.224333921
101.229309046
101.23428417
101.239259294
101.244234419
101.249209543
101.254184668
101.259159792
101.264134916
101.269110041
101.274085165
101.279060289
101.284035414
101.289010538
101.293985663
101.298960787
101.303935911
101.308911036
101.31388616
101.318861284
101.323836409
101.328811533
101.333786658
101.338761782
101.343736906
101.348712031
101.353687155
101.35866228
101.363637404
101.368612528
101.373587653
101.378562777
101.383537901
101.388513026
101.39348815
101.398463275
101.403438399
101.408413523
101.413388648
101.418363772
101.423338896
101.428314021
101.433289145
101.43826427
101.443239394
101.448214518
101.453189643
101.458164767
101.463139891
101.468115016
101.47309014
101.478065265
101.483040389
101.488015513
101.492990638
101.497965762
101.502940886
101.507916011
101.512891135
101.51786626
101.522841384
101.527816508
101.532791633
101.537766757
101.542741882
101.547717006
101.55269213
101.557667255
101.562642379
101.567617503
101.572592628
101.577567752
101.582542877
101.587518001
101.592493125
101.59746825
101.602443374
101.607418498
101.612393623
101.617368747
101.622343872
101.627318996
101.63229412
101.637269245
101.642244369
101.647219493
101.652194618
101.657169742
101.662144867
101.667119991
101.672095115
101.67707024
101.682045364
101.687020488
101.691995613
101.696970737
101.701945862
101.706920986
101.71189611
101.716871235
101.721846359
101.726821483
101.731796608
101.736771732
101.741746857
101.746721981
101.751697105
101.75667223
101.761647354
101.766622479
101.771597603
101.776572727
101.781547852
101.786522976
101.7914981
101.796473225
101.801448349
101.806423474
101.811398598
101.816373722
101.821348847
101.826323971
101.831299095
101.83627422
101.841249344
101.846224469
101.851199593
101.856174717
101.861149842
101.866124966
101.87110009
101.876075215
101.881050339
101.886025464
101.891000588
101.895975712
101.900950837
101.905925961
101.910901085
101.91587621
101.920851334
101.925826459
101.930801583
101.935776707
101.940751832
101.945726956
101.950702081
101.955677205
101.960652329
101.965627454
101.970602578
101.975577702
101.980552827
101.985527951
101.990503076
101.9954782
102.000453324
102.005428449
102.010403573
102.015378697
102.020353822
102.025328946
102.030304071
102.035279195
102.040254319
102.045229444
102.050204568
102.055179692
102.060154817
102.065129941
102.070105066
102.07508019
102.080055314
102.085030439
102.090005563
102.094980687
102.099955812
102.104930936
102.109906061
102.114881185
102.119856309
102.124831434
102.129806558
102.129806558
102.129806558
102.129806558
102.129806558
102.129806558
102.129806558
102.129806558
102.129806558
102.129806558
102.129806558
102.129806558
102.129806558
102.129806558
102.129806558
102.129806558
102.129806558
102.129806558
102.129806558
102.129806558
102.129806558
102.129806558
102.129806558
102.129806558
102.129806558
102.129806558
102.129806558
102.129806558
102.129806558
102.129806558
102.129806558
102.129806558
102.129806558
102.129806558
102.129806558
102.129806558
102.129806558
102.129806558
102.129806558
102.129806558
102.129806558
102.129806558
102.129806558
102.129806558
102.129806558
102.129806558
102.129806558
102.129806558
102.129806558
102.129806558
102.129806558
102.129806558
102.129806558
102.129806558
102.129806558
102.129806558
102.129806558
102.129806558
102.129806558
102.129806558
102.129806558
102.129806558
102.129806558
102.129806558
102.129806558
102.129806558
102.129806558
102.129806558
102.129806558
102.129806558
102.129806558
102.129806558
102.129806558
102.129806558
102.129806558
102.129806558
102.129806558
102.129806558
102.129806558
102.129806558
102.129806558
102.129806558
102.129806558
102.129806558
102.129806558
102.129806558
102.129806558
102.129806558
102.129806558
102.129806558
102.129806558
102.129806558
102.129806558
102.129806558
102.129806558
102.129806558
102.129806558
102.129806558
102.129806558
102.129806558
102.129806558
102.129806558
102.129806558
102.129806558
102.129806558
102.129806558
102.129806558
102.129806558
102.129806558
102.129806558
102.129806558
102.129806558
102.129806558
102.129806558
102.129806558
102.129806558
102.129806558
102.129806558
102.129806558
102.129806558
102.129806558
102.129806558
102.129806558
102.129806558
102.129806558
102.129806558
102.129806558
102.129806558
102.129806558
102.129806558
102.129806558
102.129806558
102.129806558
102.129806558
102.129806558
102.129806558
102.129806558
102.129806558
102.129806558
102.129806558
102.129806558
102.129806558
102.129806558
102.129806558
102.129806558
102.129806558
102.129806558
102.129806558
102.129806558
102.129806558
102.129806558
102.129806558
102.129806558
102.129806558
102.129806558
102.129806558
102.129806558
102.129806558
102.129806558
102.129806558
102.129806558
102.129806558
102.129806558
102.129806558
102.129806558
102.129806558
102.129806558
102.129806558
102.129806558
102.129806558
102.129806558
102.129806558
102.129806558
102.129806558
102.129806558
102.129806558
102.129806558
102.129806558
102.129806558
102.129806558
102.129806558
102.129806558
102.129806558
102.129806558
102.129806558
102.129806558
102.129806558
102.129806558
102.129806558
102.129806558
102.129806558
102.129806558
102.129806558
102.129806558
102.129806558
102.129806558
102.129806558
102.129806558
102.129806558
102.129806558
102.129806558
102.129806558
102.129806558
102.129806558
102.129806558
102.129806558
102.129806558
102.129806558
102.129806558
102.129806558
102.129806558
102.129806558
102.129806558
102.129806558
102.129806558
102.129806558
102.129806558
102.129806558
102.129806558
102.129806558
102.129806558
102.129806558
102.129806558
102.129806558
102.129806558
102.129806558
102.129806558
102.129806558
102.129806558
102.129806558
102.129806558
102.129806558
102.129806558
102.129806558
102.129806558
102.129806558
102.129806558
102.129806558
102.129806558
102.129806558
102.129806558
102.129806558
102.129806558
102.129806558
102.129806558
102.129806558
102.129806558
102.129806558
102.129806558
102.129806558
102.129806558
102.129806558
102.129806558
102.129806558
102.129806558
102.129806558
102.129806558
102.129806558
102.129806558
102.129806558
102.129806558
102.129806558
102.129806558
102.129806558
102.129806558
102.129806558
102.129806558
102.129806558
102.129806558
102.129806558
102.129806558
102.129806558
102.129806558
102.129806558
102.129806558
102.129806558
102.129806558
102.129806558
102.129806558
102.129806558
102.129806558
102.129806558
102.129806558
102.129806558
102.129806558
102.129806558
102.129806558
102.129806558
102.129806558
102.129806558
102.129806558
102.129806558
102.129806558
102.129806558
102.129806558
102.129806558
102.129806558
102.129806558
102.129806558
102.129806558
102.129806558
102.129806558
102.129806558
102.129806558
102.129806558
102.129806558
102.129806558
102.129806558
102.129806558
102.129806558
102.129806558
102.129806558
102.129806558
102.129806558
102.129806558
102.129806558
102.129806558
102.129806558
102.129806558
102.129806558
102.129806558
102.129806558
102.129806558
102.129806558
102.129806558
102.129806558
102.129806558
102.129806558
102.129806558
102.129806558
102.129806558
102.129806558
102.129806558
102.129806558
102.129806558
102.129806558
102.129806558
102.129806558
102.129806558
102.129806558
102.129806558
102.129806558
102.129806558
102.129806558
102.129806558
102.129806558
102.129806558
102.129806558
102.129806558
102.129806558
102.129806558
102.129806558
102.129806558
102.129806558
102.129806558
102.129806558
102.129806558
102.129806558
102.129806558
102.129806558
102.129806558
102.129806558
102.129806558
102.129806558
102.129806558
102.129806558
102.129806558
102.129806558
102.129806558
102.129806558
102.129806558
102.129806558
102.129806558
102.129806558
102.129806558
102.129806558
102.129806558
102.129806558
102.129806558
102.129806558
102.129806558
102.129806558
102.129806558
102.129806558
102.129806558
102.129806558
102.129806558
102.129806558
102.129806558
102.129806558
102.129806558
102.129806558
102.129806558
102.129806558
102.129806558
102.129806558
102.129806558
102.129806558
102.129806558
102.129806558
102.129806558
102.129806558
102.129806558
102.129806558
102.129806558
102.129806558
102.129806558
102.129806558
102.129806558
102.129806558
102.129806558
102.129806558
102.129806558
102.129806558
102.129806558
102.129806558
102.129806558
102.129806558
102.129806558
102.129806558
102.129806558
102.129806558
102.129806558
102.129806558
102.129806558
102.129806558
102.129806558
102.129806558
102.129806558
102.129806558
102.129806558
102.129806558
102.129806558
102.129806558
102.129806558
102.129806558
102.129806558
102.129806558
102.129806558
102.129806558
102.129806558
102.129806558
102.129806558
102.129806558
102.129806558
102.129806558
102.129806558
102.129806558
102.129806558
102.129806558
102.129806558
102.129806558
102.129806558
102.129806558
102.129806558
102.129806558
102.129806558
102.129806558
102.129806558
102.129806558
102.129806558
102.129806558
102.129806558
102.129806558
102.129806558
102.129806558
102.129806558
102.129806558
102.129806558
102.129806558
102.129806558
102.129806558
102.129806558
102.129806558
102.129806558
102.129806558
102.129806558
102.129806558
102.129806558
102.129806558
102.129806558
102.129806558
102.129806558
102.129806558
102.129806558
102.129806558
102.129806558
102.129806558
102.129806558
102.129806558
102.129806558
102.129806558
102.129806558
102.129806558
102.129806558
102.129806558
102.129806558
102.129806558
102.129806558
102.129806558
102.129806558
102.129806558
102.129806558
102.129806558
102.129806558
102.129806558
102.129806558
102.129806558
102.129806558
102.129806558
102.129806558
102.129806558
102.129806558
102.129806558
102.129806558
102.129806558
102.129806558
102.129806558
102.129806558
102.129806558
102.129806558
102.129806558
102.129806558
102.129806558
102.129806558
102.129806558
102.129806558
102.129806558
102.129806558
102.129806558
102.129806558
102.129806558
102.129806558
102.129806558
102.129806558
102.129806558
102.129806558
102.129806558
102.129806558
102.129806558
102.129806558
102.129806558
102.129806558
102.129806558
102.129806558
102.129806558
102.129806558
102.129806558
102.129806558
102.129806558
102.129806558
102.129806558
102.129806558
102.129806558
102.129806558
102.129806558
102.129806558
102.129806558
102.129806558
102.129806558
102.129806558
102.129806558
102.129806558
102.129806558
102.129806558
102.129806558
102.129806558
102.129806558
102.129806558
102.129806558
102.129806558
102.129806558
102.129806558
102.129806558
102.129806558
102.129806558
102.129806558
102.129806558
102.129806558
102.129806558
102.129806558
102.129806558
102.129806558
102.129806558
102.129806558
102.129806558
102.129806558
102.129806558
102.129806558
102.129806558
102.129806558
102.129806558
102.129806558
102.129806558
102.129806558
102.129806558
102.129806558
102.129806558
102.129806558
102.129806558
102.129806558
102.129806558
102.129806558
102.129806558
102.129806558
102.129806558
102.129806558
102.129806558
102.129806558
102.129806558
102.129806558
102.129806558
102.129806558
102.129806558
102.129806558
102.129806558
102.129806558
102.129806558
102.129806558
102.129806558
102.129806558
102.129806558
102.129806558
102.129806558
102.129806558
102.129806558
102.129806558
102.129806558
102.129806558
102.129806558
102.129806558
102.129806558
102.129806558
102.129806558
102.129806558
102.129806558
102.129806558
102.129806558
102.129806558
102.129806558
102.129806558
102.129806558
102.129806558
102.129806558
102.129806558
102.129806558
102.129806558
102.129806558
102.129806558
102.129806558
102.129806558
102.129806558
102.129806558
102.129806558
102.129806558
102.129806558
102.129806558
102.129806558
102.129806558
102.129806558
102.129806558
102.129806558
102.129806558
102.129806558
102.129806558
102.129806558
102.129806558
102.129806558
102.129806558
102.129806558
102.129806558
102.129806558
102.129806558
102.129806558
102.129806558
102.129806558
102.129806558
102.129806558
102.129806558
102.129806558
102.129806558
102.129806558
102.129806558
102.129806558
102.129806558
102.129806558
102.129806558
102.129806558
102.129806558
102.129806558
102.129806558
102.129806558
102.129806558
102.129806558
102.129806558
102.129806558
102.129806558
102.129806558
102.129806558
102.129806558
102.129806558
102.129806558
102.129806558
102.129806558
102.129806558
102.129806558
102.129806558
102.129806558
102.129806558
102.129806558
102.129806558
102.129806558
102.129806558
102.129806558
102.129806558
102.129806558
102.129806558
102.129806558
102.129806558
102.129806558
102.129806558
102.129806558
102.129806558
102.129806558
102.129806558
102.129806558
102.129806558
102.129806558
102.129806558
102.129806558
102.129806558
102.129806558
102.129806558
102.129806558
102.129806558
102.129806558
102.129806558
102.129806558
102.129806558
102.129806558
102.129806558
102.129806558
102.129806558
102.129806558
102.129806558
102.129806558
102.129806558
102.129806558
102.129806558
102.129806558
102.129806558
102.129806558
102.129806558
102.129806558
102.129806558
102.129806558
102.129806558
102.129806558
102.129806558
102.129806558
102.129806558
102.129806558
102.129806558
102.129806558
102.129806558
102.129806558
102.129806558
102.129806558
102.129806558
102.129806558
102.129806558
102.129806558
102.129806558
102.129806558
102.129806558
102.129806558
102.129806558
102.129806558
102.129806558
102.129806558
102.129806558
102.129806558
102.129806558
102.129806558
102.129806558
102.129806558
102.129806558
102.129806558
102.129806558
102.129806558
102.129806558
102.129806558
102.129806558
102.129806558
102.129806558
102.129806558
102.129806558
102.129806558
102.129806558
102.129806558
102.129806558
102.129806558
102.129806558
102.129806558
102.129806558
102.129806558
102.129806558
102.129806558
102.129806558
102.129806558
102.129806558
102.129806558
102.129806558
102.129806558
102.129806558
102.129806558
102.129806558
102.129806558
102.129806558
102.129806558
102.129806558
102.129806558
102.129806558
102.129806558
102.129806558
102.129806558
102.129806558
102.129806558
102.129806558
102.129806558
102.129806558
102.129806558
102.129806558
102.129806558
102.129806558
102.129806558
102.129806558
102.129806558
102.129806558
102.129806558
102.129806558
102.129806558
102.129806558
102.129806558
102.129806558
102.129806558
102.129806558
102.129806558
102.129806558
102.129806558
102.129806558
102.129806558
102.129806558
102.129806558
102.129806558
102.129806558
102.129806558
102.129806558
102.129806558
102.129806558
102.129806558
102.129806558
102.129806558
102.129806558
102.129806558
102.129806558
102.129806558
102.129806558
102.129806558
102.129806558
102.129806558
102.129806558
102.129806558
102.129806558
102.129806558
102.129806558
102.129806558
102.129806558
102.129806558
102.129806558
102.129806558
102.129806558
102.129806558
102.129806558
102.129806558
102.129806558
102.129806558
102.129806558
102.134781682
102.139756807
102.144731931
102.149707056
102.15468218
102.159657304
102.164632429
102.169607553
102.174582678
102.179557802
102.184532926
102.189508051
102.194483175
102.199458299
102.204433424
102.209408548
102.214383673
102.219358797
102.224333921
102.229309046
102.23428417
102.239259294
102.244234419
102.249209543
102.254184668
102.259159792
102.264134916
102.269110041
102.274085165
102.279060289
102.284035414
102.289010538
102.293985663
102.298960787
102.303935911
102.308911036
102.31388616
102.318861284
102.323836409
102.328811533
102.333786658
102.338761782
102.343736906
102.348712031
102.353687155
102.35866228
102.363637404
102.368612528
102.373587653
102.378562777
102.383537901
102.388513026
102.39348815
102.398463275
102.403438399
102.408413523
102.413388648
102.418363772
102.423338896
102.428314021
102.433289145
102.43826427
102.443239394
102.448214518
102.453189643
102.458164767
102.463139891
102.468115016
102.47309014
102.478065265
102.483040389
102.488015513
102.492990638
102.497965762
102.502940886
102.507916011
102.512891135
102.51786626
102.522841384
102.527816508
102.532791633
102.537766757
102.542741882
102.547717006
102.55269213
102.557667255
102.562642379
102.567617503
102.572592628
102.577567752
102.582542877
102.587518001
102.592493125
102.59746825
102.602443374
102.607418498
102.612393623
102.617368747
102.622343872
102.627318996
102.63229412
102.637269245
102.642244369
102.647219493
102.652194618
102.657169742
102.662144867
102.667119991
102.672095115
102.67707024
102.682045364
102.687020488
102.691995613
102.696970737
102.701945862
102.706920986
102.71189611
102.716871235
102.721846359
102.726821483
102.731796608
102.736771732
102.741746857
102.746721981
102.751697105
102.75667223
102.761647354
102.766622479
102.771597603
102.776572727
102.781547852
102.786522976
102.7914981
102.796473225
102.801448349
102.806423474
102.811398598
102.816373722
102.821348847
102.826323971
102.831299095
102.83627422
102.841249344
102.846224469
102.851199593
102.856174717
102.861149842
102.866124966
102.87110009
102.876075215
102.881050339
102.886025464
102.891000588
102.895975712
102.900950837
102.905925961
102.910901085
102.91587621
102.920851334
102.925826459
102.930801583
102.935776707
102.940751832
102.945726956
102.950702081
102.955677205
102.960652329
102.965627454
102.970602578
102.975577702
102.980552827
102.985527951
102.990503076
102.9954782
103.000453324
103.005428449
103.010403573
103.015378697
103.020353822
103.025328946
103.030304071
103.035279195
103.040254319
103.045229444
103.050204568
103.055179692
103.060154817
103.065129941
103.070105066
103.07508019
103.080055314
103.085030439
103.090005563
103.094980687
103.099955812
103.104930936
103.109906061
103.114881185
103.119856309
103.124831434
103.129806558
103.129806558
103.129806558
103.129806558
103.129806558
103.129806558
103.129806558
103.129806558
103.129806558
103.129806558
103.129806558
103.129806558
103.129806558
103.129806558
103.129806558
103.129806558
103.129806558
103.129806558
103.129806558
103.129806558
103.129806558
103.129806558
103.129806558
103.129806558
103.129806558
103.129806558
103.129806558
103.129806558
103.129806558
103.129806558
103.129806558
103.129806558
103.129806558
103.129806558
103.129806558
103.129806558
103.129806558
103.129806558
103.129806558
103.129806558
103.129806558
103.129806558
103.129806558
103.129806558
103.129806558
103.129806558
103.129806558
103.129806558
103.129806558
103.129806558
103.129806558
103.129806558
103.129806558
103.129806558
103.129806558
103.129806558
103.129806558
103.129806558
103.129806558
103.129806558
103.129806558
103.129806558
103.129806558
103.129806558
103.129806558
103.129806558
103.129806558
103.129806558
103.129806558
103.129806558
103.129806558
103.129806558
103.129806558
103.129806558
103.129806558
103.129806558
103.129806558
103.129806558
103.129806558
103.129806558
103.129806558
103.129806558
103.129806558
103.129806558
103.129806558
103.129806558
103.129806558
103.129806558
103.129806558
103.134781682
103.139756807
103.144731931
103.149707056
103.15468218
103.159657304
103.164632429
103.169607553
103.174582678
103.179557802
103.184532926
103.189508051
103.194483175
103.199458299
103.204433424
103.209408548
103.214383673
103.219358797
103.224333921
103.229309046
103.23428417
103.239259294
103.244234419
103.249209543
103.254184668
103.259159792
103.264134916
103.269110041
103.274085165
103.279060289
103.284035414
103.289010538
103.293985663
103.298960787
103.303935911
103.308911036
103.31388616
103.318861284
103.323836409
103.328811533
103.333786658
103.338761782
103.343736906
103.348712031
103.353687155
103.35866228
103.363637404
103.368612528
103.373587653
103.378562777
103.383537901
103.388513026
103.39348815
103.398463275
103.403438399
103.408413523
103.413388648
103.418363772
103.423338896
103.428314021
103.433289145
103.43826427
103.443239394
103.448214518
103.453189643
103.458164767
103.463139891
103.468115016
103.47309014
103.478065265
103.483040389
103.488015513
103.492990638
103.497965762
103.502940886
103.507916011
103.512891135
103.51786626
103.522841384
103.527816508
103.532791633
103.537766757
103.542741881
103.547717006
103.55269213
103.557667255
103.562642379
103.567617503
103.572592628
103.577567752
103.582542877
103.587518001
103.592493125
103.59746825
103.602443374
103.607418498
103.612393623
103.617368747
103.622343872
103.627318996
103.63229412
103.637269245
103.642244369
103.647219493
103.652194618
103.657169742
103.662144867
103.667119991
103.672095115
103.67707024
103.682045364
103.687020488
103.691995613
103.696970737
103.701945862
103.706920986
103.71189611
103.716871235
103.721846359
103.726821483
103.731796608
103.736771732
103.741746857
103.746721981
103.751697105
103.75667223
103.761647354
103.766622479
103.771597603
103.776572727
103.781547852
103.786522976
103.7914981
103.796473225
103.801448349
103.806423474
103.811398598
103.816373722
103.821348847
103.826323971
103.831299095
103.83627422
103.841249344
103.846224469
103.851199593
103.856174717
103.861149842
103.866124966
103.87110009
103.876075215
103.881050339
103.886025464
103.891000588
103.895975712
103.900950837
103.905925961
103.910901085
103.91587621
103.920851334
103.925826459
103.930801583
103.935776707
103.940751832
103.945726956
103.950702081
103.955677205
103.960652329
103.965627454
103.970602578
103.975577702
103.980552827
103.985527951
103.990503076
103.9954782
104.000453324
104.005428449
104.010403573
104.015378697
104.020353822
104.025328946
104.030304071
104.035279195
104.040254319
104.045229444
104.050204568
104.055179692
104.060154817
104.065129941
104.070105066
104.07508019
104.080055314
104.085030439
104.090005563
104.094980687
104.099955812
104.104930936
104.109906061
104.114881185
104.119856309
104.124831434
104.129806558
104.129806558
104.129806558
104.129806558
104.129806558
104.129806558
104.129806558
104.129806558
104.129806558
104.129806558
104.129806558
104.129806558
104.129806558
104.129806558
104.129806558
104.129806558
104.129806558
104.129806558
104.129806558
104.129806558
104.129806558
104.129806558
104.129806558
104.129806558
104.129806558
104.129806558
104.129806558
104.129806558
104.129806558
104.129806558
104.129806558
104.129806558
104.129806558
104.129806558
104.129806558
104.129806558
104.129806558
104.129806558
104.129806558
104.129806558
104.129806558
104.129806558
104.129806558
104.129806558
104.129806558
104.129806558
104.129806558
104.129806558
104.129806558
104.129806558
104.129806558
104.129806558
104.129806558
104.129806558
104.129806558
104.129806558
104.129806558
104.129806558
104.129806558
104.129806558
104.129806558
104.129806558
104.129806558
104.129806558
104.129806558
104.129806558
104.129806558
104.129806558
104.129806558
104.129806558
104.129806558
104.129806558
104.129806558
104.129806558
104.129806558
104.129806558
104.129806558
104.129806558
104.129806558
104.129806558
104.129806558
104.129806558
104.129806558
104.129806558
104.129806558
104.129806558
104.129806558
104.129806558
104.129806558
104.129806558
104.129806558
104.129806558
104.129806558
104.129806558
104.129806558
104.129806558
104.129806558
104.129806558
104.129806558
104.129806558
104.129806558
104.129806558
104.129806558
104.129806558
104.129806558
104.129806558
104.129806558
104.129806558
104.129806558
104.129806558
104.129806558
104.129806558
104.129806558
104.129806558
104.129806558
104.129806558
104.129806558
104.129806558
104.129806558
104.129806558
104.129806558
104.129806558
104.129806558
104.129806558
104.129806558
104.129806558
104.129806558
104.129806558
104.129806558
104.129806558
104.129806558
104.129806558
104.129806558
104.129806558
104.129806558
104.129806558
104.129806558
104.129806558
104.129806558
104.129806558
104.129806558
104.129806558
104.129806558
104.129806558
104.129806558
104.129806558
104.129806558
104.129806558
104.129806558
104.129806558
104.129806558
104.129806558
104.129806558
104.129806558
104.129806558
104.129806558
104.129806558
104.129806558
104.129806558
104.129806558
104.129806558
104.129806558
104.129806558
104.129806558
104.129806558
104.129806558
104.129806558
104.129806558
104.129806558
104.129806558
104.129806558
104.129806558
104.129806558
104.129806558
104.129806558
104.129806558
104.129806558
104.129806558
104.129806558
104.129806558
104.129806558
104.129806558
104.129806558
104.129806558
104.129806558
104.129806558
104.129806558
104.129806558
104.129806558
104.129806558
104.129806558
104.129806558
104.129806558
104.129806558
104.129806558
104.129806558
104.129806558
104.129806558
104.129806558
104.129806558
104.129806558
104.129806558
104.129806558
104.129806558
104.129806558
104.129806558
104.129806558
104.129806558
104.129806558
104.129806558
104.129806558
104.129806558
104.129806558
104.129806558
104.129806558
104.129806558
104.129806558
104.129806558
104.129806558
104.129806558
104.129806558
104.129806558
104.129806558
104.129806558
104.129806558
104.129806558
104.129806558
104.129806558
104.129806558
104.129806558
104.129806558
104.129806558
104.129806558
104.129806558
104.129806558
104.129806558
104.129806558
104.129806558
104.129806558
104.129806558
104.129806558
104.129806558
104.129806558
104.129806558
104.129806558
104.129806558
104.129806558
104.129806558
104.129806558
104.129806558
104.129806558
104.129806558
104.129806558
104.129806558
104.129806558
104.129806558
104.129806558
104.129806558
104.129806558
104.129806558
104.129806558
104.129806558
104.129806558
104.129806558
104.129806558
104.129806558
104.129806558
104.129806558
104.129806558
104.129806558
104.129806558
104.129806558
104.129806558
104.129806558
104.129806558
104.129806558
104.129806558
104.129806558
104.129806558
104.129806558
104.129806558
104.129806558
104.129806558
104.129806558
104.129806558
104.129806558
104.129806558
104.129806558
104.129806558
104.129806558
104.129806558
104.129806558
104.129806558
104.129806558
104.129806558
104.129806558
104.129806558
104.129806558
104.129806558
104.129806558
104.129806558
104.129806558
104.129806558
104.129806558
104.129806558
104.129806558
104.129806558
104.129806558
104.129806558
104.129806558
104.129806558
104.129806558
104.129806558
104.129806558
104.129806558
104.129806558
104.129806558
104.129806558
104.129806558
104.129806558
104.129806558
104.129806558
104.129806558
104.129806558
104.129806558
104.129806558
104.129806558
104.129806558
104.129806558
104.129806558
104.129806558
104.129806558
104.129806558
104.129806558
104.129806558
104.129806558
104.129806558
104.129806558
104.129806558
104.129806558
104.129806558
104.129806558
104.129806558
104.129806558
104.129806558
104.129806558
104.129806558
104.129806558
104.129806558
104.129806558
104.129806558
104.129806558
104.129806558
104.129806558
104.129806558
104.129806558
104.129806558
104.129806558
104.129806558
104.129806558
104.129806558
104.129806558
104.129806558
104.129806558
104.129806558
104.129806558
104.129806558
104.129806558
104.129806558
104.129806558
104.129806558
104.129806558
104.129806558
104.129806558
104.129806558
104.129806558
104.129806558
104.129806558
104.129806558
104.129806558
104.129806558
104.129806558
104.129806558
104.129806558
104.129806558
104.129806558
104.129806558
104.129806558
104.129806558
104.129806558
104.129806558
104.129806558
104.129806558
104.129806558
104.129806558
104.129806558
104.129806558
104.129806558
104.129806558
104.129806558
104.129806558
104.129806558
104.129806558
104.129806558
104.129806558
104.129806558
104.129806558
104.129806558
104.129806558
104.129806558
104.129806558
104.129806558
104.129806558
104.129806558
104.129806558
104.129806558
104.129806558
104.129806558
104.129806558
104.129806558
104.129806558
104.129806558
104.129806558
104.129806558
104.129806558
104.129806558
104.129806558
104.129806558
104.129806558
104.129806558
104.129806558
104.129806558
104.129806558
104.129806558
104.129806558
104.129806558
104.129806558
104.129806558
104.129806558
104.129806558
104.129806558
104.129806558
104.129806558
104.129806558
104.129806558
104.129806558
104.129806558
104.129806558
104.129806558
104.129806558
104.129806558
104.129806558
104.129806558
104.129806558
104.129806558
104.129806558
104.129806558
104.129806558
104.129806558
104.129806558
104.129806558
104.129806558
104.129806558
104.129806558
104.129806558
104.129806558
104.129806558
104.129806558
104.129806558
104.129806558
104.129806558
104.129806558
104.129806558
104.129806558
104.129806558
104.129806558
104.129806558
104.129806558
104.129806558
104.129806558
104.129806558
104.129806558
104.129806558
104.129806558
104.129806558
104.129806558
104.129806558
104.129806558
104.129806558
104.129806558
104.129806558
104.129806558
104.129806558
104.129806558
104.129806558
104.129806558
104.129806558
104.129806558
104.129806558
104.129806558
104.129806558
104.129806558
104.129806558
104.129806558
104.129806558
104.129806558
104.129806558
104.129806558
104.129806558
104.129806558
104.129806558
104.129806558
104.129806558
104.129806558
104.129806558
104.129806558
104.129806558
104.129806558
104.129806558
104.129806558
104.129806558
104.129806558
104.129806558
104.129806558
104.129806558
104.129806558
104.129806558
104.129806558
104.129806558
104.129806558
104.129806558
104.129806558
104.129806558
104.129806558
104.129806558
104.129806558
104.129806558
104.129806558
104.129806558
104.129806558
104.129806558
104.129806558
104.129806558
104.129806558
104.129806558
104.129806558
104.129806558
104.129806558
104.129806558
104.129806558
104.129806558
104.129806558
104.129806558
104.129806558
104.129806558
104.129806558
104.129806558
104.129806558
104.129806558
104.129806558
104.129806558
104.129806558
104.129806558
104.129806558
104.129806558
104.129806558
104.129806558
104.129806558
104.129806558
104.129806558
104.129806558
104.129806558
104.129806558
104.129806558
104.129806558
104.129806558
104.129806558
104.129806558
104.129806558
104.129806558
104.129806558
104.129806558
104.129806558
104.129806558
104.129806558
104.129806558
104.129806558
104.129806558
104.129806558
104.129806558
104.129806558
104.129806558
104.129806558
104.129806558
104.129806558
104.129806558
104.129806558
104.129806558
104.129806558
104.129806558
104.129806558
104.129806558
104.129806558
104.129806558
104.129806558
104.129806558
104.129806558
104.129806558
104.129806558
104.129806558
104.129806558
104.129806558
104.129806558
104.129806558
104.129806558
104.129806558
104.129806558
104.129806558
104.129806558
104.129806558
104.129806558
104.129806558
104.129806558
104.129806558
104.129806558
104.129806558
104.129806558
104.129806558
104.129806558
104.129806558
104.129806558
104.129806558
104.129806558
104.129806558
104.129806558
104.129806558
104.129806558
104.129806558
104.129806558
104.129806558
104.129806558
104.129806558
104.129806558
104.129806558
104.129806558
104.129806558
104.129806558
104.129806558
104.129806558
104.129806558
104.129806558
104.129806558
104.129806558
104.129806558
104.129806558
104.129806558
104.129806558
104.129806558
104.129806558
104.129806558
104.129806558
104.129806558
104.129806558
104.129806558
104.129806558
104.129806558
104.129806558
104.129806558
104.129806558
104.129806558
104.129806558
104.129806558
104.129806558
104.129806558
104.129806558
104.129806558
104.129806558
104.129806558
104.129806558
104.129806558
104.129806558
104.129806558
104.129806558
104.129806558
104.129806558
104.129806558
104.129806558
104.129806558
104.129806558
104.129806558
104.129806558
104.129806558
104.129806558
104.129806558
104.129806558
104.129806558
104.129806558
104.129806558
104.129806558
104.129806558
104.129806558
104.129806558
104.129806558
104.129806558
104.129806558
104.129806558
104.129806558
104.129806558
104.129806558
104.129806558
104.129806558
104.129806558
104.129806558
104.129806558
104.129806558
104.129806558
104.129806558
104.129806558
104.129806558
104.129806558
104.129806558
104.129806558
104.129806558
104.129806558
104.129806558
104.129806558
104.129806558
104.129806558
104.129806558
104.129806558
104.129806558
104.129806558
104.129806558
104.129806558
104.129806558
104.129806558
104.129806558
104.129806558
104.129806558
104.129806558
104.129806558
104.129806558
104.129806558
104.129806558
104.129806558
104.129806558
104.129806558
104.129806558
104.129806558
104.129806558
104.129806558
104.129806558
104.129806558
104.129806558
104.129806558
104.129806558
104.129806558
104.129806558
104.129806558
104.129806558
104.129806558
104.129806558
104.129806558
104.129806558
104.129806558
104.129806558
104.129806558
104.129806558
104.129806558
104.129806558
104.129806558
104.129806558
104.129806558
104.129806558
104.129806558
104.129806558
104.129806558
104.129806558
104.129806558
104.129806558
104.129806558
104.129806558
104.129806558
104.129806558
104.129806558
104.129806558
104.129806558
104.129806558
104.129806558
104.129806558
104.129806558
104.129806558
104.129806558
104.129806558
104.129806558
104.129806558
104.129806558
104.129806558
104.129806558
104.129806558
104.129806558
104.129806558
104.129806558
104.129806558
104.129806558
104.129806558
104.129806558
104.129806558
104.129806558
104.129806558
104.129806558
104.129806558
104.129806558
104.129806558
104.129806558
104.129806558
104.129806558
104.129806558
104.129806558
104.129806558
104.129806558
104.129806558
104.129806558
104.129806558
104.129806558
104.129806558
104.129806558
104.129806558
104.129806558
104.129806558
104.129806558
104.129806558
104.129806558
104.129806558
104.129806558
104.129806558
104.129806558
104.129806558
104.129806558
104.129806558
104.129806558
104.129806558
104.129806558
104.129806558
104.129806558
104.129806558
104.129806558
104.129806558
104.129806558
104.129806558
104.129806558
104.129806558
104.129806558
104.129806558
104.129806558
104.129806558
104.129806558
104.129806558
104.129806558
104.129806558
104.129806558
104.129806558
104.129806558
104.129806558
104.129806558
104.129806558
104.129806558
104.129806558
104.129806558
104.129806558
104.129806558
104.129806558
104.129806558
104.129806558
104.129806558
104.129806558
104.129806558
104.129806558
104.129806558
104.129806558
104.129806558
104.129806558
104.129806558
104.129806558
104.129806558
104.129806558
104.129806558
104.129806558
104.129806558
104.129806558
104.129806558
104.129806558
104.129806558
104.129806558
104.129806558
104.129806558
104.129806558
104.129806558
104.129806558
104.129806558
104.129806558
104.129806558
104.129806558
104.129806558
104.129806558
104.129806558
104.129806558
104.129806558
104.129806558
104.129806558
104.129806558
104.129806558
104.129806558
104.129806558
104.129806558
104.129806558
104.129806558
104.129806558
104.129806558
104.129806558
104.129806558
104.129806558
104.129806558
104.129806558
104.129806558
104.129806558
104.129806558
104.129806558
104.129806558
104.129806558
104.129806558
104.129806558
104.129806558
104.129806558
104.129806558
104.129806558
104.129806558
104.129806558
104.129806558
104.129806558
104.129806558
104.129806558
104.129806558
104.129806558
104.129806558
104.129806558
104.129806558
104.129806558
104.129806558
104.129806558
104.129806558
104.129806558
104.129806558
104.129806558
104.129806558
104.129806558
104.129806558
104.129806558
104.129806558
104.129806558
104.129806558
104.129806558
104.129806558
104.129806558
104.129806558
104.129806558
104.129806558
104.129806558
104.129806558
104.129806558
104.129806558
104.129806558
104.129806558
104.129806558
104.129806558
104.129806558
104.129806558
104.129806558
104.129806558
104.129806558
104.129806558
104.129806558
104.129806558
104.129806558
104.129806558
104.129806558
104.129806558
104.129806558
104.129806558
104.129806558
104.129806558
104.129806558
104.129806558
104.129806558
104.129806558
104.129806558
104.129806558
