0.128712871287
0.256163851679
0.382377443912
0.507377443912
0.631186967722
0.753828477156
0.875323804259
0.995694174629
1.11496022967
1.23314204786
1.35025916497
1.46633059355
1.58137484133
1.69540992905
1.80845340731
1.92052237283
2.03163348394
2.14180297547
2.25104667295
2.35938000628
2.46681802281
2.57337539986
2.67906645677
2.78390516645
2.88790516645
2.99107976962
3.09344197434
3.19500447434
3.29577966814
3.39577966814
3.49501630936
3.59350115785
3.69124551875
3.78826044412
3.88455674042
3.98014497571
4.07503548666
4.16923838521
4.26276356507
4.35562070793
4.44781928949
4.53936858526
4.63727068316
4.73449290539
4.83104462952
4.92693504048
5.02217313572
5.11676773032
5.21743887126
5.31743887126
5.4167766196
5.51546083013
5.61350004581
5.71090264322
5.80767683676
5.90383068292
5.99937208419
6.09430879305
6.18864841569
6.28239841569
6.37556611756
6.46815871015
6.56018325003
6.65164666466
6.74255575557
6.83291720135
6.92273756063
7.01202327492
7.10078067137
7.18901596549
7.27673526373
7.36975851955
7.46224406868
7.55419809167
7.6456266631
7.73653575401
7.82693123423
7.91681887468
8.00620434954
8.09509323843
8.18349102849
8.2714031164
8.36429929126
8.45669059561
8.5485824875
8.63998033696
8.73088942787
8.82131495979
8.91126204974
9.00073573395
9.08974096955
9.17828263621
9.26636553777
9.35399440375
9.44117389093
9.52790858481
9.61420300105
9.70006158691
9.78548872259
9.87048872259
9.95506583701
10.0396429514
10.1242200659
10.2038220559
10.283424046
10.363026036
10.4426280261
10.5172548917
10.5918817574
10.6665086231
10.7411354888
10.8157623544
10.8903892201
10.9650160858
11.0396429514
11.1142698171
11.1938718072
11.2734737972
11.3530757873
11.4326777773
11.5122797674
11.586906633
11.6665086231
11.7461106131
11.8257126032
11.9053145932
11.9849165833
12.0645185733
12.1441205634
12.2237225534
12.3033245435
12.3829265335
12.4575533992
12.5321802649
12.6068071305
12.6814339962
12.7560608619
12.8306877276
12.9003394689
12.9699912101
13.0396429514
13.1092946927
13.178946434
13.2485981753
13.3182499166
13.3879016579
13.4575533992
13.5272051405
13.5968568818
13.6665086231
13.7361603644
13.8058121057
13.875463847
13.9451155883
14.0147673296
14.0844190708
14.1540708121
14.2237225534
14.2933742947
14.363026036
14.4326777773
14.5023295186
14.5719812599
14.6416330012
14.7112847425
14.7809364838
14.8505882251
14.9202399664
14.9898917077
15.0545683246
15.1242200659
15.1938718072
15.2635235485
15.3331752898
15.402827031
15.4724787723
15.5371553893
15.6018320062
15.6665086231
15.73118524
15.7958618569
15.8555633495
15.915264842
15.9749663345
16.0346678271
16.0943693196
16.1490956878
16.2087971803
16.2684986728
16.323225041
16.3779514092
16.4277026529
16.4774538967
16.5272051405
16.5769563843
16.6267076281
16.6764588718
16.7212349912
16.7610359863
16.8008369813
16.8406379763
16.8804389713
16.9202399664
16.9600409614
16.9998419564
17.0396429514
17.0794439465
17.1192449415
17.1590459365
17.2038220559
17.2485981753
17.2933742947
17.3381504141
17.3879016579
17.4376529017
17.4874041455
17.5371553893
17.586906633
17.6366578768
17.6864091206
17.7361603644
17.7859116082
17.8356628519
17.8854140957
17.9351653395
17.9849165833
18.0346678271
18.0844190708
18.1341703146
18.1839215584
18.2336728022
18.283424046
18.3331752898
18.3829265335
18.4326777773
18.4824290211
18.5321802649
18.5819315087
18.6316827524
18.6814339962
18.73118524
18.7859116082
18.8406379763
18.8903892201
18.9401404639
18.9898917077
19.0396429514
19.0893941952
19.139145439
19.1839215584
19.2286976778
19.2734737972
19.3182499166
19.363026036
19.4078021554
19.4525782748
19.5023295186
19.5520807624
19.6018320062
19.6515832499
19.7013344937
19.7510857375
19.8008369813
19.8505882251
19.9003394689
19.9500907126
19.9998419564
20.0495932002
20.099344444
20.1490956878
20.1988469315
20.2485981753
20.2933742947
20.3381504141
20.3829265335
20.4277026529
20.4724787723
20.5172548917
20.5620310111
20.6068071305
20.6515832499
20.6963593694
20.7411354888
20.7809364838
20.8207374788
20.8605384738
20.9003394689
20.9401404639
20.9799414589
21.0197424539
21.059543449
21.099344444
21.139145439
21.178946434
21.2187474291
21.2585484241
21.2983494191
21.3381504141
21.3779514092
21.4177524042
21.4575533992
21.4973543942
21.5371553893
21.5769563843
21.6167573793
21.6565583743
21.6963593694
21.7361603644
21.7759613594
21.8157623544
21.8555633495
21.8953643445
21.9351653395
21.9799414589
22.0247175783
22.0694936977
22.1142698171
22.1540708121
22.1938718072
22.2336728022
22.2734737972
22.3132747922
22.3530757873
22.3879016579
22.4227275286
22.4625285236
22.5023295186
22.5421305136
22.5819315087
22.6217325037
22.6615334987
22.7063096181
22.7510857375
22.8008369813
22.8505882251
22.9053145932
22.9600409614
23.0147673296
23.0694936977
23.1242200659
23.178946434
23.2336728022
23.2883991703
23.3431255385
23.3978519067
23.4525782748
23.507304643
23.5620310111
23.6167573793
23.6714837475
23.7262101156
23.7859116082
23.8456131007
23.9053145932
23.9650160858
24.0247175783
24.0844190708
24.1441205634
24.2038220559
24.2635235485
24.323225041
24.3829265335
24.4426280261
24.5023295186
24.5620310111
24.6217325037
24.6814339962
24.7411354888
24.8008369813
24.8605384738
24.9202399664
24.9749663345
25.0296927027
25.0844190708
25.139145439
25.1938718072
25.2485981753
25.3033245435
25.3580509116
25.4127772798
25.467503648
25.5222300161
25.5769563843
25.6316827524
25.6864091206
25.7411354888
25.7958618569
25.8505882251
25.9003394689
25.9500907126
25.9998419564
26.0495932002
26.099344444
26.1490956878
26.1988469315
26.2485981753
26.2983494191
26.3481006629
26.3978519067
26.4476031504
26.4973543942
26.547105638
26.5968568818
26.6466081256
26.6963593694
26.7461106131
26.7958618569
26.8456131007
26.8953643445
26.9451155883
26.9898917077
27.0346678271
27.0794439465
27.1242200659
27.1640210609
27.2038220559
27.2436230509
27.283424046
27.323225041
27.363026036
27.402827031
27.4426280261
27.4824290211
27.5222300161
27.5620310111
27.6018320062
27.6416330012
27.6814339962
27.7212349912
27.7610359863
27.8008369813
27.8456131007
27.8903892201
27.9351653395
27.9799414589
28.0247175783
28.0694936977
28.1142698171
28.1590459365
28.2038220559
28.2485981753
28.2933742947
28.3331752898
28.3729762848
28.4127772798
28.4525782748
28.4923792698
28.5321802649
28.5719812599
28.6117822549
28.6515832499
28.691384245
28.73118524
28.770986235
28.81078723
28.8505882251
28.8903892201
28.9252150907
28.9600409614
28.994866832
29.0296927027
29.0645185733
29.099344444
29.1341703146
29.1689961853
29.2087971803
29.2485981753
29.2883991703
29.3282001654
29.3680011604
29.4078021554
29.4476031504
29.4874041455
29.5272051405
29.5670061355
29.6068071305
29.6466081256
29.6864091206
29.7262101156
29.7660111106
29.8058121057
29.8456131007
29.8854140957
29.9252150907
29.9699912101
30.0147673296
30.059543449
30.1043195684
30.1490956878
30.1938718072
30.2386479266
30.283424046
30.3282001654
30.3729762848
30.4177524042
30.4625285236
30.507304643
30.5520807624
30.5968568818
30.6416330012
30.6864091206
30.73118524
30.7759613594
30.8207374788
30.8655135982
30.9102897176
30.955065837
30.9998419564
31.0446180758
31.0893941952
31.1341703146
31.178946434
31.2237225534
31.2684986728
31.3082996679
31.3481006629
31.3879016579
31.4277026529
31.467503648
31.507304643
31.547105638
31.586906633
31.6267076281
31.6665086231
31.7063096181
31.7461106131
31.7809364838
31.8207374788
31.8605384738
31.9003394689
31.9401404639
31.9799414589
32.0147673296
32.0495932002
32.0794439465
32.1092946927
32.1341703146
32.1590459365
32.1839215584
32.2087971803
32.2336728022
32.2585484241
32.283424046
32.3082996679
32.3331752898
32.3580509116
32.3829265335
32.4078021554
32.4326777773
32.4575533992
32.4824290211
32.507304643
32.5272051405
32.547105638
32.5670061355
32.586906633
32.6068071305
32.6267076281
32.6466081256
32.6665086231
32.6864091206
32.7063096181
32.7262101156
32.7461106131
32.7660111106
32.7859116082
32.8058121057
32.8257126032
32.8456131007
32.8655135982
32.8854140957
32.9053145932
32.9252150907
32.9451155883
32.9650160858
32.9849165833
33.0048170808
33.0247175783
33.0446180758
33.0645185733
33.0844190708
33.1043195684
33.1242200659
33.1441205634
33.1640210609
33.1839215584
33.2038220559
33.2237225534
33.2436230509
33.2635235485
33.283424046
33.3033245435
33.323225041
33.3431255385
33.363026036
33.3829265335
33.402827031
33.4227275286
33.4426280261
33.4625285236
33.4824290211
33.5023295186
33.5222300161
33.5421305136
33.5620310111
33.5819315087
33.6018320062
33.6217325037
33.6416330012
33.6615334987
33.6814339962
33.7013344937
33.7212349912
33.7411354888
33.7610359863
33.7809364838
33.8008369813
33.8207374788
33.8406379763
33.8605384738
33.8804389713
33.9003394689
33.9202399664
33.9401404639
33.9600409614
33.9799414589
33.9998419564
34.0197424539
34.0396429514
34.059543449
34.0794439465
34.099344444
34.1142698171
34.1291951902
34.1441205634
34.1590459365
34.1739713097
34.1888966828
34.2038220559
34.2187474291
34.2336728022
34.2485981753
34.2635235485
34.2784489216
34.2933742947
34.3082996679
34.3282001654
34.3481006629
34.3680011604
34.3879016579
34.4078021554
34.4277026529
34.4476031504
34.467503648
34.4874041455
34.507304643
34.5272051405
34.547105638
34.5670061355
34.586906633
34.6068071305
34.6267076281
34.6466081256
34.6665086231
34.6864091206
34.7063096181
34.7212349912
34.7361603644
34.7510857375
34.7660111106
34.7859116082
34.8058121057
34.8257126032
34.8456131007
34.8655135982
34.8854140957
34.9053145932
34.9252150907
34.9451155883
34.9650160858
34.9849165833
35.0048170808
35.0247175783
35.0446180758
35.0645185733
35.0794439465
35.0943693196
35.1092946927
35.1242200659
35.139145439
35.1540708121
35.1689961853
35.1839215584
35.1988469315
35.2137723047
35.2286976778
35.2436230509
35.2585484241
35.2734737972
35.2883991703
35.3033245435
35.3182499166
35.3331752898
35.3481006629
35.363026036
35.3779514092
35.3928767823
35.4078021554
35.4227275286
35.4376529017
35.4525782748
35.467503648
35.4824290211
35.4973543942
35.5122797674
35.5272051405
35.5421305136
35.5570558868
35.5719812599
35.586906633
35.6018320062
35.6167573793
35.6316827524
35.6466081256
35.6615334987
35.6764588718
35.691384245
35.7063096181
35.7162598669
35.7262101156
35.7361603644
35.7461106131
35.7560608619
35.7660111106
35.7759613594
35.7859116082
35.7958618569
35.8058121057
35.8157623544
35.8257126032
35.8356628519
35.8456131007
35.8555633495
35.8655135982
35.875463847
35.8854140957
35.8953643445
35.9053145932
35.915264842
35.9252150907
35.9351653395
35.9451155883
35.955065837
35.9650160858
35.9749663345
35.9849165833
35.994866832
36.0048170808
36.0147673296
36.0247175783
36.0346678271
36.0446180758
36.0545683246
36.0645185733
36.0744688221
36.0844190708
36.0943693196
36.1043195684
36.1142698171
36.1242200659
36.1341703146
36.1441205634
36.1540708121
36.1640210609
36.1739713097
36.1839215584
36.1938718072
36.2038220559
36.2137723047
36.2237225534
36.2336728022
36.2436230509
36.2535732997
36.2635235485
36.2734737972
36.283424046
36.2933742947
36.3033245435
36.3132747922
36.323225041
36.3331752898
36.3431255385
36.3530757873
36.363026036
36.3729762848
36.3829265335
36.3928767823
36.402827031
36.4127772798
36.4227275286
36.4326777773
36.4426280261
36.4525782748
36.4625285236
36.4724787723
36.4824290211
36.4923792698
36.5023295186
36.5122797674
36.5222300161
36.5321802649
36.5421305136
36.5520807624
36.5620310111
36.5719812599
36.5819315087
36.5918817574
36.6018320062
36.6117822549
36.6217325037
36.6316827524
36.6416330012
36.6515832499
36.6615334987
36.6714837475
36.6814339962
36.691384245
36.7013344937
36.7112847425
36.7212349912
36.73118524
36.7411354888
36.7510857375
36.7610359863
36.770986235
36.7809364838
36.7908867325
36.8008369813
36.81078723
36.8207374788
36.8306877276
36.8406379763
36.8505882251
36.8605384738
36.8704887226
36.8804389713
36.8903892201
36.8953643445
36.9003394689
36.9053145932
36.9102897176
36.915264842
36.9202399664
36.9252150907
36.9301902151
36.9351653395
36.9401404639
36.9451155883
36.9500907126
36.955065837
36.9600409614
36.9650160858
36.9699912101
36.9749663345
36.9799414589
36.9849165833
36.9898917077
36.994866832
36.9998419564
37.0048170808
37.0097922052
37.0097922052
37.0097922052
37.0097922052
37.0097922052
37.0097922052
37.0097922052
37.0097922052
37.0097922052
37.0097922052
37.0097922052
37.0097922052
37.0097922052
37.0097922052
37.0097922052
37.0097922052
37.0097922052
37.0097922052
37.0097922052
37.0097922052
37.0097922052
37.0097922052
37.0097922052
37.0097922052
37.0097922052
37.0097922052
37.0097922052
37.0097922052
37.0097922052
37.0097922052
37.0097922052
37.0097922052
37.0097922052
37.0097922052
37.0097922052
37.0097922052
37.0097922052
37.0097922052
37.0097922052
37.0097922052
37.0097922052
37.0097922052
37.0097922052
37.0097922052
37.0097922052
37.0097922052
37.0097922052
37.0097922052
37.0097922052
37.0097922052
37.0097922052
37.0097922052
37.0097922052
37.0097922052
37.0097922052
37.0097922052
37.0097922052
37.0097922052
37.0097922052
37.0097922052
37.0097922052
37.0097922052
37.0097922052
37.0097922052
37.0097922052
37.0097922052
37.0097922052
37.0097922052
37.0097922052
37.0147673296
37.0197424539
37.0247175783
37.0296927027
37.0346678271
37.0396429514
37.0446180758
37.0495932002
37.0545683246
37.059543449
37.0645185733
37.0694936977
37.0744688221
37.0794439465
37.0844190708
37.0893941952
37.0943693196
37.099344444
37.1043195684
37.1092946927
37.1142698171
37.1192449415
37.1242200659
37.1291951902
37.1341703146
37.139145439
37.1441205634
37.1490956878
37.1540708121
37.1590459365
37.1640210609
37.1689961853
37.1739713097
37.178946434
37.1839215584
37.1888966828
37.1938718072
37.1988469315
37.2038220559
37.2087971803
37.2137723047
37.2187474291
37.2237225534
37.2286976778
37.2336728022
37.2386479266
37.2436230509
37.2485981753
37.2535732997
37.2585484241
37.2635235485
37.2684986728
37.2734737972
37.2784489216
37.283424046
37.2883991703
37.2933742947
37.2983494191
37.3033245435
37.3082996679
37.3132747922
37.3182499166
37.323225041
37.3282001654
37.3331752897
37.3381504141
37.3431255385
37.3481006629
37.3530757873
37.3580509116
37.363026036
37.3680011604
37.3729762848
37.3779514092
37.3829265335
37.3879016579
37.3928767823
37.3978519067
37.402827031
37.4078021554
37.4127772798
37.4177524042
37.4227275286
37.4277026529
37.4376529017
37.4476031504
37.4575533992
37.467503648
37.4774538967
37.4874041455
37.4973543942
37.507304643
37.5172548917
37.5272051405
37.5371553893
37.547105638
37.5570558868
37.5670061355
37.5769563843
37.586906633
37.5968568818
37.6068071305
37.6167573793
37.6267076281
37.6366578768
37.6466081256
37.6565583743
37.6665086231
37.6764588718
37.6864091206
37.6963593694
37.7063096181
37.7162598669
37.7262101156
37.7361603644
37.7461106131
37.7560608619
37.7660111106
37.7759613594
37.7859116082
37.7958618569
37.8058121057
37.8157623544
37.8257126032
37.8356628519
37.8456131007
37.8555633495
37.8655135982
37.875463847
37.8854140957
37.8953643445
37.9053145932
37.915264842
37.9252150907
37.9351653395
37.9451155883
37.955065837
37.9650160858
37.9749663345
37.9849165833
37.994866832
38.0048170808
38.0147673296
38.0247175783
38.0346678271
38.0446180758
38.0545683246
38.0645185733
38.0744688221
38.0844190708
38.0943693196
38.1043195684
38.1142698171
38.1242200659
38.1341703146
38.1441205634
38.1540708121
38.1640210609
38.1739713097
38.1839215584
38.1938718072
38.2038220559
38.2137723047
38.2237225534
38.2336728022
38.2436230509
38.2535732997
38.2635235485
38.2784489216
38.2933742947
38.3082996679
38.323225041
38.3381504141
38.3530757873
38.3680011604
38.3829265335
38.3978519067
38.4127772798
38.4277026529
38.4426280261
38.4575533992
38.4724787723
38.4874041455
38.5023295186
38.5172548917
38.5321802649
38.547105638
38.5620310111
38.5769563843
38.5918817574
38.6068071305
38.6217325037
38.6366578768
38.6515832499
38.6665086231
38.6814339962
38.6963593694
38.7112847425
38.7262101156
38.7411354888
38.7560608619
38.7660111106
38.7759613594
38.7908867325
38.8058121057
38.8207374788
38.8356628519
38.8505882251
38.8655135982
38.8804389713
38.8953643445
38.9102897176
38.9252150907
38.9401404639
38.955065837
38.9699912101
38.9849165833
38.9998419564
39.0147673296
39.0296927027
39.0446180758
39.059543449
39.0744688221
39.0893941952
39.1043195684
39.1192449415
39.1341703146
39.1490956878
39.1640210609
39.178946434
39.1938718072
39.2087971803
39.2237225534
39.2386479266
39.2535732997
39.2684986728
39.283424046
39.2983494191
39.3132747922
39.3282001654
39.3431255385
39.3580509116
39.3729762848
39.3879016579
39.402827031
39.4177524042
39.4326777773
39.4476031504
39.4625285236
39.4774538967
39.4923792698
39.507304643
39.5222300161
39.5371553893
39.5520807624
39.5670061355
39.5819315087
39.5968568818
39.6117822549
39.6267076281
39.6416330012
39.6565583743
39.6714837475
39.6864091206
39.7013344937
39.7162598669
39.73118524
39.7461106131
39.7610359863
39.7759613594
39.7908867325
39.8058121057
39.8207374788
39.8356628519
39.8505882251
39.8655135982
39.8804389713
39.8953643445
39.9102897176
39.9252150907
39.9401404639
39.955065837
39.9699912101
39.9898917077
40.0097922052
40.0247175783
40.0396429514
40.0545683246
40.0694936977
40.0844190708
40.099344444
40.1142698171
40.1291951902
40.1441205634
40.1590459365
40.1739713096
40.1888966828
40.2038220559
40.2187474291
40.2336728022
40.2485981753
40.2635235485
40.2784489216
40.2933742947
40.3082996679
40.323225041
40.3381504141
40.3530757873
40.3680011604
40.3829265335
40.3978519067
40.4127772798
40.4277026529
40.4426280261
40.4575533992
40.4724787723
40.4874041455
40.5023295186
40.5172548917
40.5321802649
40.547105638
40.5620310111
40.5769563843
40.5918817574
40.6068071305
40.6217325037
40.6366578768
40.6515832499
40.6665086231
40.6814339962
40.6963593694
40.7112847425
40.7262101156
40.7411354888
40.7560608619
40.770986235
40.7859116082
40.8008369813
40.8157623544
40.8306877276
40.8456131007
40.8605384738
40.875463847
40.8903892201
40.9053145932
40.9202399664
40.9351653395
40.9500907126
40.9650160858
40.9799414589
40.994866832
41.0097922052
41.0247175783
41.0396429514
41.0545683246
41.0694936977
41.0844190708
41.099344444
41.1142698171
41.1291951902
41.1441205634
41.1590459365
41.1739713096
41.1888966828
41.2038220559
41.2187474291
41.2336728022
41.2485981753
41.2635235485
41.2734737972
41.283424046
41.2933742947
41.3033245435
41.3132747922
41.323225041
41.3331752897
41.3431255385
41.3530757873
41.363026036
41.3729762848
41.3829265335
41.3928767823
41.402827031
41.4127772798
41.4227275286
41.4326777773
41.4426280261
41.4525782748
41.4625285236
41.4724787723
41.4824290211
41.4923792698
41.5023295186
41.5122797674
41.5222300161
41.5321802649
41.5421305136
41.5520807624
41.5620310111
41.5719812599
41.5819315087
41.5918817574
41.6018320062
41.6117822549
41.6167573793
41.6217325037
41.6267076281
41.6316827524
41.6366578768
41.6416330012
41.6466081256
41.6515832499
41.6565583743
41.6615334987
41.6665086231
41.6714837475
41.6764588718
41.6814339962
41.6864091206
41.691384245
41.6963593694
41.7013344937
41.7063096181
41.7112847425
41.7162598669
41.7212349912
41.7262101156
41.73118524
41.7361603644
41.7411354888
41.7461106131
41.7510857375
41.7560608619
41.7610359863
41.7660111106
41.770986235
41.7759613594
41.7809364838
41.7859116082
41.7908867325
41.7958618569
41.8008369813
41.8058121057
41.81078723
41.8157623544
41.8207374788
41.8257126032
41.8306877276
41.8356628519
41.8406379763
41.8456131007
41.8505882251
41.8555633495
41.8605384738
41.8655135982
41.8704887226
41.875463847
41.8804389713
41.8854140957
41.8903892201
41.9003394689
41.9102897176
41.9202399664
41.9301902151
41.9401404639
41.9500907126
41.9600409614
41.9699912101
41.9799414589
41.9898917077
41.9998419564
42.0097922052
42.0197424539
42.0296927027
42.0396429514
42.0495932002
42.059543449
42.0694936977
42.0794439465
42.0893941952
42.099344444
42.1092946927
42.1192449415
42.1291951902
42.1341703146
42.139145439
42.1441205634
42.1490956878
42.1540708121
42.1590459365
42.1689961853
42.178946434
42.1888966828
42.1988469315
42.2087971803
42.2187474291
42.2286976778
42.2386479266
42.2485981753
42.2585484241
42.2684986728
42.2784489216
42.2883991703
42.2983494191
42.3082996679
42.3182499166
42.3282001654
42.3381504141
42.3481006629
42.363026036
42.3779514092
42.3928767823
42.4078021554
42.4227275286
42.4376529017
42.4525782748
42.467503648
42.4824290211
42.4973543942
42.5122797674
42.5272051405
42.547105638
42.5670061355
42.586906633
42.6068071305
42.6267076281
42.6466081256
42.6665086231
42.6864091206
42.7063096181
42.7262101156
42.7461106131
42.7660111106
42.7859116082
42.8058121057
42.8257126032
42.8456131007
42.8655135982
42.8854140957
42.9053145932
42.9252150907
42.9451155883
42.9650160858
42.9849165833
43.0048170808
43.0247175783
43.0446180758
43.0645185733
43.0844190708
43.1043195684
43.1242200659
43.1441205634
43.1640210609
43.1839215584
43.2087971803
43.2336728022
43.2585484241
43.283424046
43.3082996679
43.3331752897
43.3580509116
43.3829265335
43.4078021554
43.4326777773
43.4575533992
43.4824290211
43.507304643
43.5321802649
43.5570558868
43.5819315087
43.6068071305
43.6316827524
43.6565583743
43.6814339962
43.7063096181
43.73118524
43.7560608619
43.7809364838
43.8058121057
43.8306877276
43.8555633495
43.8804389713
43.9053145932
43.9301902151
43.955065837
43.9799414589
44.0048170808
44.0296927027
44.0545683246
44.0794439465
44.1043195684
44.1291951902
44.1540708121
44.178946434
44.2038220559
44.2286976778
44.2535732997
44.2784489216
44.3033245435
44.3282001654
44.3580509116
44.3879016579
44.4177524042
44.4476031504
44.4774538967
44.507304643
44.5371553893
44.5670061355
44.5968568818
44.6267076281
44.6565583743
44.6864091206
44.7162598669
44.7461106131
44.7759613594
44.8058121057
44.8356628519
44.8655135982
44.8953643445
44.9252150907
44.955065837
44.9849165833
45.0147673295
45.0446180758
45.0744688221
45.1043195684
45.1341703146
45.1640210609
45.1938718072
45.2237225534
45.2535732997
45.283424046
45.3132747922
45.3431255385
45.3729762848
45.402827031
45.4326777773
45.4625285236
45.4923792698
45.5222300161
45.5520807624
45.5819315087
45.6117822549
45.6416330012
45.6714837475
45.7013344937
45.73118524
45.7610359863
45.7908867325
45.8207374788
45.8505882251
45.8804389713
45.9102897176
45.9401404639
45.9699912101
45.9998419564
46.0296927027
46.059543449
46.0893941952
46.1192449415
46.1490956878
46.1739713096
46.1988469315
46.2237225534
46.2485981753
46.2734737972
46.2983494191
46.323225041
46.3481006629
46.3729762848
46.3978519067
46.4227275286
46.4476031504
46.4724787723
46.4973543942
46.5222300161
46.547105638
46.5719812599
46.5968568818
46.6217325037
46.6466081256
46.6714837475
46.6963593694
46.7212349912
46.7461106131
46.770986235
46.7958618569
46.8207374788
46.8456131007
46.8704887226
46.8953643445
46.915264842
46.9351653395
46.955065837
46.9749663345
46.994866832
47.0147673295
47.0346678271
47.0545683246
47.0744688221
47.0943693196
47.1142698171
47.1341703146
47.1540708121
47.1739713096
47.1938718072
47.2137723047
47.2336728022
47.2535732997
47.2734737972
47.2883991703
47.3033245435
47.3182499166
47.3331752897
47.3481006629
47.363026036
47.3779514092
47.3928767823
47.4078021554
47.4227275286
47.4376529017
47.4525782748
47.4625285236
47.4724787723
47.4824290211
47.4923792698
47.5023295186
47.5122797674
47.5222300161
47.5321802649
47.5421305136
47.5520807624
47.5620310111
47.5719812599
47.586906633
47.6018320062
47.6167573793
47.6316827524
47.6466081256
47.6615334987
47.6764588718
47.691384245
47.7063096181
47.7212349912
47.7361603644
47.7510857375
47.7660111106
47.7809364838
47.7958618569
47.81078723
47.8257126032
47.8406379763
47.8555633495
47.8704887226
47.8854140957
47.8953643445
47.9053145932
47.915264842
47.9252150907
47.9351653395
47.9451155883
47.955065837
47.9650160858
47.9749663345
47.9849165833
47.994866832
48.0048170808
48.0147673295
48.0247175783
48.0346678271
48.0446180758
48.0545683246
48.0645185733
48.0744688221
48.0844190708
48.0943693196
48.1043195684
48.1142698171
48.1242200659
48.1341703146
48.1441205634
48.1540708121
48.1640210609
48.1739713096
48.1839215584
48.1938718072
48.2038220559
48.2137723047
48.2237225534
48.2336728022
48.2436230509
48.2535732997
48.2635235485
48.2734737972
48.283424046
48.2933742947
48.3033245435
48.3132747922
48.323225041
48.3331752897
48.3431255385
48.3481006629
48.3530757873
48.3580509116
48.363026036
48.3680011604
48.3729762848
48.3779514092
48.3829265335
48.3879016579
48.3928767823
48.3978519067
48.402827031
48.4078021554
48.4127772798
48.4177524042
48.4227275286
48.4277026529
48.4326777773
48.4376529017
48.4426280261
48.4476031504
48.4525782748
48.4575533992
48.4625285236
48.467503648
48.4724787723
48.4774538967
48.4824290211
48.4874041455
48.4923792698
48.4973543942
48.5023295186
48.507304643
48.5122797674
48.5172548917
48.5222300161
48.5272051405
48.5371553893
48.547105638
48.5570558868
48.5670061355
48.5769563843
48.586906633
48.5968568818
48.6068071305
48.6167573793
48.6267076281
48.6366578768
48.6466081256
48.6565583743
48.6665086231
48.6764588718
48.6864091206
48.6963593694
48.7063096181
48.7162598669
48.7262101156
48.7361603644
48.7461106131
48.7560608619
48.7660111106
48.7759613594
48.7859116082
48.7958618569
48.8058121057
48.8157623544
48.8257126032
48.8356628519
48.8456131007
48.8555633495
48.8655135982
48.875463847
48.8854140957
48.8953643445
48.9053145932
48.915264842
48.9252150907
48.9351653395
48.9451155883
48.955065837
48.9650160858
48.9749663345
48.9849165833
48.9998419564
49.0147673295
49.0296927027
49.0446180758
49.059543449
49.0744688221
49.0893941952
49.1043195684
49.1192449415
49.1341703146
49.1490956878
49.1640210609
49.178946434
49.1938718072
49.2087971803
49.2237225534
49.2386479266
49.2535732997
49.2684986728
49.283424046
49.2983494191
49.3132747922
49.3282001654
49.3431255385
49.3580509116
49.3729762848
49.3879016579
49.402827031
49.4177524042
49.4326777773
49.4476031504
49.4625285236
49.4774538967
49.4923792698
49.507304643
49.5222300161
49.5371553893
49.5520807624
49.5670061355
49.5819315087
49.5968568818
49.6117822549
49.6267076281
49.6416330012
49.6565583743
49.6714837475
49.6864091206
49.7013344937
49.7162598669
49.73118524
49.7461106131
49.7560608619
49.770986235
49.7859116082
49.8008369813
49.8157623544
49.8306877276
49.8456131007
49.8605384738
49.875463847
49.8903892201
49.9053145932
49.9202399664
49.9351653395
49.9500907126
49.9650160858
49.9799414589
49.994866832
50.0097922052
50.0247175783
50.0396429514
50.0545683246
50.0694936977
50.0844190708
50.099344444
50.1142698171
50.1291951902
50.1441205634
50.1590459365
50.1739713096
50.1888966828
50.2038220559
50.2187474291
50.2336728022
50.2485981753
50.2635235485
50.2784489216
50.2933742947
50.3082996679
50.323225041
50.3381504141
50.3530757873
50.3680011604
50.3829265335
50.3978519067
50.4127772798
50.4277026529
50.4426280261
50.4575533992
50.4724787723
50.4874041455
50.5023295186
50.5172548917
50.5321802649
50.547105638
50.5620310111
50.5769563843
50.5918817574
50.6068071305
50.6217325037
50.6366578768
50.6515832499
50.6665086231
50.6814339962
50.6963593694
50.7112847425
50.7262101156
50.7411354888
50.7560608619
50.770986235
50.7859116082
50.8008369813
50.8157623544
50.8306877276
50.8456131007
50.8605384738
50.875463847
50.8903892201
50.9053145932
50.9202399664
50.9351653395
50.9500907126
50.9650160858
50.9799414589
50.994866832
51.0097922052
51.0247175783
51.0396429514
51.0545683246
51.0694936977
51.0844190708
51.099344444
51.1142698171
51.1291951902
51.1441205634
51.1590459365
51.1739713096
51.1888966828
51.2038220559
51.2187474291
51.2336728022
51.2485981753
51.2635235485
51.2784489216
51.2933742947
51.3033245435
51.3132747922
51.323225041
51.3331752897
51.3431255385
51.3530757873
51.363026036
51.3729762848
51.3829265335
51.3928767823
51.402827031
51.4127772798
51.4227275286
51.4326777773
51.4426280261
51.4525782748
51.4625285236
51.4724787723
51.4824290211
51.4923792698
51.5023295186
51.5122797674
51.5222300161
51.5321802649
51.5421305136
51.5520807624
51.5620310111
51.5719812599
51.5819315087
51.5918817574
51.6018320062
51.6117822549
51.6217325037
51.6316827524
51.6416330012
51.6515832499
51.6615334987
51.6714837475
51.6814339962
51.691384245
51.7013344937
51.7112847425
51.7212349912
51.73118524
51.7411354888
51.7510857375
51.7560608619
51.7610359863
51.7660111106
51.770986235
51.7759613594
51.7809364838
51.7859116082
51.7908867325
51.7958618569
51.8008369813
51.8058121057
51.81078723
51.8157623544
51.8207374788
51.8257126032
51.8306877276
51.8356628519
51.8406379763
51.8456131007
51.8505882251
51.8555633494
51.8605384738
51.8655135982
51.8704887226
51.875463847
51.8804389713
51.8854140957
51.8903892201
51.8953643445
51.9003394689
51.9053145932
51.9102897176
51.915264842
51.9202399664
51.9252150907
51.9301902151
51.9351653395
51.9401404639
51.9451155883
51.9500907126
51.955065837
51.9600409614
51.9650160858
51.9699912101
51.9749663345
51.9799414589
51.9849165833
51.9898917077
51.994866832
51.9998419564
52.0048170808
52.0097922052
52.0097922052
52.0097922052
52.0097922052
52.0097922052
52.0097922052
52.0097922052
52.0097922052
52.0097922052
52.0097922052
52.0097922052
52.0097922052
52.0097922052
52.0097922052
52.0097922052
52.0097922052
52.0097922052
52.0097922052
52.0097922052
52.0097922052
52.0097922052
52.0097922052
52.0097922052
52.0097922052
52.0097922052
52.0097922052
52.0097922052
52.0097922052
52.0097922052
52.0097922052
52.0097922052
52.0097922052
52.0097922052
52.0097922052
52.0097922052
52.0097922052
52.0097922052
52.0097922052
52.0097922052
52.0097922052
52.0097922052
52.0097922052
52.0097922052
52.0097922052
52.0097922052
52.0097922052
52.0097922052
52.0097922052
52.0097922052
52.0097922052
52.0097922052
52.0097922052
52.0097922052
52.0097922052
52.0097922052
52.0097922052
52.0097922052
52.0097922052
52.0097922052
52.0097922052
52.0097922052
52.0097922052
52.0097922052
52.0097922052
52.0097922052
52.0097922052
52.0097922052
52.0097922052
52.0097922052
52.0097922052
52.0097922052
52.0097922052
52.0147673295
52.0197424539
52.0247175783
52.0296927027
52.0346678271
52.0396429514
52.0446180758
52.0495932002
52.0545683246
52.059543449
52.0645185733
52.0694936977
52.0744688221
52.0794439465
52.0844190708
52.0893941952
52.0943693196
52.099344444
52.1043195684
52.1092946927
52.1142698171
52.1192449415
52.1242200659
52.1291951902
52.1341703146
52.139145439
52.1441205634
52.1490956878
52.1540708121
52.1590459365
52.1640210609
52.1689961853
52.1739713096
52.178946434
52.1839215584
52.1888966828
52.1938718072
52.1988469315
52.2038220559
52.2087971803
52.2137723047
52.2187474291
52.2237225534
52.2286976778
52.2336728022
52.2386479266
52.2436230509
52.2485981753
52.2535732997
52.2585484241
52.2635235485
52.2684986728
52.2734737972
52.2784489216
52.283424046
52.2883991703
52.2933742947
52.2983494191
52.3033245435
52.3082996679
52.3132747922
52.3182499166
52.323225041
52.3282001654
52.3331752897
52.3381504141
52.3431255385
52.3481006629
52.3530757873
52.3580509116
52.3680011604
52.3779514092
52.3879016579
52.3978519067
52.4078021554
52.4177524042
52.4277026529
52.4376529017
52.4476031504
52.4575533992
52.467503648
52.4774538967
52.4874041455
52.4973543942
52.507304643
52.5172548917
52.5272051405
52.5371553893
52.547105638
52.5570558868
52.5670061355
52.5769563843
52.586906633
52.5968568818
52.6068071305
52.6167573793
52.6267076281
52.6366578768
52.6466081256
52.6565583743
52.6665086231
52.6764588718
52.6864091206
52.6963593693
52.7063096181
52.7162598669
52.7262101156
52.7361603644
52.7461106131
52.7560608619
52.7660111106
52.7759613594
52.7859116082
52.7958618569
52.8058121057
52.8157623544
52.8257126032
52.8356628519
52.8456131007
52.8555633494
52.8655135982
52.875463847
52.8854140957
52.8953643445
52.9053145932
52.915264842
52.9252150907
52.9351653395
52.9451155883
52.955065837
52.9650160858
52.9749663345
52.9849165833
52.994866832
53.0048170808
53.0147673295
53.0247175783
53.0346678271
53.0446180758
53.0545683246
53.0645185733
53.0744688221
53.0844190708
53.0943693196
53.1043195684
53.1142698171
53.1242200659
53.1341703146
53.1441205634
53.1540708121
53.1640210609
53.1739713096
53.1839215584
53.1938718072
53.2038220559
53.2137723047
53.2237225534
53.2336728022
53.2436230509
53.2535732997
53.2635235485
53.2734737972
53.283424046
53.2933742947
53.3033245435
53.3132747922
53.323225041
53.3331752897
53.3431255385
53.3530757873
53.363026036
53.3729762848
53.3829265335
53.3928767823
53.402827031
53.4127772798
53.4227275286
53.4326777773
53.4426280261
53.4525782748
53.4625285236
53.4724787723
53.4824290211
53.4923792698
53.5023295186
53.5122797674
53.5222300161
53.5321802649
53.5421305136
53.5520807624
53.5620310111
53.5719812599
53.5819315087
53.5918817574
53.6018320062
53.6117822549
53.6217325037
53.6316827524
53.6416330012
53.6515832499
53.6615334987
53.6665086231
53.6714837475
53.6764588718
53.6814339962
53.6864091206
53.691384245
53.6963593693
53.7013344937
53.7063096181
53.7112847425
53.7162598669
53.7212349912
53.7262101156
53.73118524
53.7361603644
53.7411354888
53.7461106131
53.7510857375
53.7560608619
53.7610359863
53.770986235
53.7809364838
53.7908867325
53.8008369813
53.81078723
53.8207374788
53.8306877276
53.8406379763
53.8505882251
53.8605384738
53.8704887226
53.8804389713
53.8903892201
53.9003394689
53.9102897176
53.9202399664
53.9301902151
53.9401404639
53.9500907126
53.9600409614
53.9699912101
53.9799414589
53.9898917077
53.9998419564
54.0097922052
54.0197424539
54.0296927027
54.0396429514
54.0495932002
54.059543449
54.0694936977
54.0794439465
54.0893941952
54.099344444
54.1092946927
54.1192449415
54.1291951902
54.139145439
54.1490956878
54.1590459365
54.1689961853
54.178946434
54.1888966828
54.1988469315
54.2087971803
54.2187474291
54.2286976778
54.2386479266
54.2485981753
54.2585484241
54.2635235485
54.2684986728
54.2734737972
54.2784489216
54.283424046
54.2883991703
54.2933742947
54.2983494191
54.3033245435
54.3082996679
54.3132747922
54.3182499166
54.323225041
54.3282001654
54.3331752897
54.3381504141
54.3431255385
54.3481006629
54.3530757873
54.3580509116
54.363026036
54.3680011604
54.3729762848
54.3779514092
54.3829265335
54.3879016579
54.3928767823
54.3978519067
54.402827031
54.4078021554
54.4127772798
54.4177524042
54.4227275286
54.4277026529
54.4326777773
54.4376529017
54.4426280261
54.4476031504
54.4525782748
54.4575533992
54.4625285236
54.467503648
54.4724787723
54.4774538967
54.4824290211
54.4874041455
54.4923792698
54.4973543942
54.5023295186
54.507304643
54.5122797674
54.5172548917
54.5222300161
54.5272051405
54.5321802649
54.5371553892
54.5421305136
54.547105638
54.5520807624
54.5570558868
54.5620310111
54.5670061355
54.5719812599
54.5769563843
54.5819315087
54.586906633
54.5918817574
54.5968568818
54.6018320062
54.6068071305
54.6117822549
54.6167573793
54.6217325037
54.6267076281
54.6316827524
54.6366578768
54.6416330012
54.6466081256
54.6515832499
54.6565583743
54.6615334987
54.6665086231
54.6714837475
54.6764588718
54.6814339962
54.6864091206
54.691384245
54.6963593693
54.7013344937
54.7063096181
54.7112847425
54.7162598669
54.7212349912
54.7262101156
54.73118524
54.7361603644
54.7411354888
54.7461106131
54.7510857375
54.7560608619
54.7610359863
54.7660111106
54.770986235
54.7759613594
54.7809364838
54.7859116082
54.7908867325
54.7958618569
54.8008369813
54.8058121057
54.81078723
54.8157623544
54.8207374788
54.8257126032
54.8306877276
54.8356628519
54.8406379763
54.8456131007
54.8505882251
54.8555633494
54.8655135982
54.875463847
54.8854140957
54.8953643445
54.9053145932
54.915264842
54.9252150907
54.9351653395
54.9451155883
54.955065837
54.9650160858
54.9749663345
54.9849165833
54.994866832
55.0048170808
55.0147673295
55.0247175783
55.0346678271
55.0446180758
55.0545683246
55.0645185733
55.0744688221
55.0844190708
55.0943693196
55.1043195684
55.1142698171
55.1242200659
55.1341703146
55.1441205634
55.1540708121
55.1640210609
55.1689961853
55.1739713096
55.178946434
55.1839215584
55.1888966828
55.1938718072
55.1988469315
55.2038220559
55.2087971803
55.2137723047
55.2187474291
55.2237225534
55.2286976778
55.2336728022
55.2386479266
55.2436230509
55.2485981753
55.2535732997
55.2585484241
55.2635235485
55.2684986728
55.2734737972
55.2784489216
55.283424046
55.2883991703
55.2933742947
55.2983494191
55.3033245435
55.3082996679
55.3132747922
55.3182499166
55.323225041
55.3282001654
55.3331752897
55.3381504141
55.3431255385
55.3481006629
55.3530757873
55.3580509116
55.363026036
55.3680011604
55.3729762848
55.3779514091
55.3829265335
55.3879016579
55.3928767823
55.3978519067
55.402827031
55.4078021554
55.4127772798
55.4177524042
55.4227275286
55.4277026529
55.4326777773
55.4376529017
55.4426280261
55.4476031504
55.4525782748
55.4575533992
55.4625285236
55.467503648
55.4724787723
55.4774538967
55.4824290211
55.4874041455
55.4923792698
55.4973543942
55.5023295186
55.507304643
55.5122797674
55.5172548917
55.5222300161
55.5272051405
55.5321802649
55.5371553892
55.5421305136
55.547105638
55.5520807624
55.5570558868
55.5620310111
55.5670061355
55.5719812599
55.5769563843
55.5819315087
55.586906633
55.5918817574
55.5968568818
55.6018320062
55.6068071305
55.6117822549
55.6167573793
55.6217325037
55.6267076281
55.6316827524
55.6366578768
55.6416330012
55.6466081256
55.6515832499
55.6565583743
55.6615334987
55.6665086231
55.6714837475
55.6764588718
55.6814339962
55.6864091206
55.691384245
55.6963593693
55.7013344937
55.7063096181
55.7112847425
55.7162598669
55.7212349912
55.7262101156
55.73118524
55.7361603644
55.7411354888
55.7461354888
55.7511606144
55.7562111194
55.7612872616
55.7663893024
55.7715175075
55.7766721467
55.7818534938
55.7870618272
55.7922974293
55.7975605872
55.8028515924
55.8081707414
55.813518335
55.8188946791
55.8243000845
55.8297348671
55.8351993479
55.8406938534
55.8462187153
55.8517742709
55.857360863
55.8629788406
55.8686285581
55.8743103763
55.880024662
55.8857717884
55.8915521352
55.8973660887
55.9032140419
55.9090963949
55.9150135547
55.9209659356
55.9269539596
55.9329780559
55.939038662
55.945136223
55.9512711923
55.9574440318
55.9636552119
55.9699052119
55.9761945201
55.982523634
55.9888930608
55.9953033172
56.0017549301
56.0082484366
56.0147843843
56.0213633317
56.0279858482
56.0346525149
56.0413639243
56.048120681
56.0549234021
56.0549234021
56.0549234021
56.0549234021
56.0549234021
56.0549234021
56.0549234021
56.0549234021
56.0549234021
56.0549234021
56.0549234021
56.0549234021
56.0549234021
56.0549234021
56.0549234021
56.0549234021
56.0549234021
56.0549234021
56.0549234021
56.0549234021
56.0549234021
56.0549234021
56.0549234021
56.0549234021
56.0549234021
56.0549234021
56.0549234021
56.0549234021
56.0549234021
56.0549234021
56.0549234021
56.0549234021
56.0549234021
56.0549234021
56.0549234021
56.0549234021
56.0549234021
56.0549234021
56.0549234021
56.0549234021
56.0549234021
56.0549234021
56.0549234021
56.0549234021
56.0549234021
56.0549234021
56.0549234021
