0.138613861386
0.275868763347
0.411791093444
0.556021862675
0.698879005532
0.840388439494
0.980575355382
1.11946424427
1.25707892317
1.39344255953
1.52857769467
1.6625062661
1.79524962893
1.9268285763
2.05726335891
2.18657370373
2.31477883194
2.44189747601
2.56794789617
2.69294789617
2.81691483832
2.939865658
3.06994695881
3.19897921687
3.32697921687
3.45396334386
3.57994759583
3.70494759583
3.82897860358
3.95205552665
4.07419293123
4.19540505245
4.31570580433
4.44257147597
4.56849740189
4.69349740189
4.81758499314
4.94077339893
5.06307555721
5.19164698578
5.31930656025
5.44606712363
5.57893425649
5.71087870094
5.8419131837
5.97205017
6.10130187068
6.23643700581
6.37066519373
6.50399852707
6.63644885819
6.76802780556
6.89874675981
7.02861688968
7.15764914774
7.28585427595
7.41324281098
7.53982508946
7.66561125298
7.79061125298
7.91483485547
8.03829164559
8.16099103209
8.28903981258
8.41631253985
8.54884266034
8.68057918728
8.81153156823
8.94170908303
9.07112084773
9.19977581849
9.32768279524
9.4548504253
9.5812872069
9.70700149262
9.83200149262
9.95629527793
10.0798907835
10.2083824037
10.3361601814
10.4632320046
10.589605631
10.720753172
10.8566227372
10.9917578724
11.1261664745
11.2652039077
11.40350178
11.5410679176
11.6779100228
11.8140356773
11.9494523439
12.0841673699
12.2181879884
12.3515213217
12.484174383
12.6161540784
12.7474672097
12.878120476
13.008120476
13.1374737099
13.2668269437
13.3912050532
13.5155831626
13.6399612721
13.7693145059
13.8986677397
14.0280209736
14.1573742074
14.2867274412
14.416080675
14.5454339089
14.6747871427
14.8041403765
14.9334936104
15.0628468442
15.1872249537
15.3116030631
15.4359811726
15.560359282
15.6847373915
15.8091155009
15.9334936104
16.0578717198
16.1822498293
16.3066279387
16.4310060482
16.5553841576
16.6797622671
16.8041403765
16.928518486
17.0528965954
17.1772747049
17.3016528143
17.4260309238
17.5504090333
17.6747871427
17.7991652522
17.9235433616
18.0479214711
18.1722995805
18.29667769
18.416080675
18.5305085357
18.6449363964
18.7643393815
18.8837423666
19.0031453517
19.1225483367
19.2419513218
19.3613543069
19.4757821676
19.5902100283
19.704637889
19.8190657497
19.9334936104
20.0479214711
20.1623493318
20.2817523168
20.4011553019
20.520558287
20.6399612721
20.7593642571
20.8787672422
20.9981702273
21.1175732124
21.2369761974
21.3514040581
21.4658319188
21.5802597795
21.6946876402
21.8140906253
21.928518486
22.0429463467
22.1573742074
22.2767771925
22.3961801775
22.5155831626
22.6349861477
22.7494140084
22.8588667447
22.968319481
23.0777722173
23.1822498293
23.2867274412
23.3912050532
23.4956826651
23.5951851527
23.6946876402
23.7991652522
23.9036428641
24.008120476
24.112598088
24.2170756999
24.3215533119
24.4210557994
24.520558287
24.6200607745
24.7195632621
24.8190657497
24.9185682372
25.0130956004
25.1076229636
25.2071254512
25.3016528143
25.3961801775
25.4907075407
25.5852349039
25.6797622671
25.7742896303
25.8688169935
25.9633443566
26.0578717198
26.152399083
26.2519015706
26.3514040581
26.4509065457
26.5504090333
26.6499115208
26.7494140084
26.8489164959
26.9484189835
27.0479214711
27.1424488343
27.2369761974
27.336478685
27.4359811726
27.5354836601
27.6349861477
27.7344886352
27.8339911228
27.9334936104
28.0329960979
28.1324985855
28.2270259487
28.3265284362
28.4310060482
28.5354836601
28.6399612721
28.744438884
28.8439413716
28.9434438591
29.0429463467
29.1374737099
29.2320010731
29.3265284362
29.4210557994
29.5155831626
29.6051354014
29.6946876402
29.784239879
29.8737921178
29.9633443566
30.0528965954
30.1474239586
30.2419513218
30.336478685
30.4310060482
30.5255334114
30.6200607745
30.7145881377
30.8091155009
30.9036428641
30.9981702273
31.0877224661
31.1772747049
31.2618518193
31.3464289338
31.4310060482
31.5155831626
31.600160277
31.6897125158
31.7792647546
31.8688169935
31.9583692323
32.0479214711
32.1374737099
32.2270259487
32.3165781875
32.4011553019
32.4857324163
32.5703095308
32.6548866452
32.7344886352
32.8091155009
32.8837423666
32.9583692323
33.0280209736
33.0976727148
33.1673244561
33.2369761974
33.3066279387
33.37627968
33.4459314213
33.5155831626
33.5852349039
33.6548866452
33.7245383865
33.7941901278
33.8638418691
33.9334936104
34.0031453517
34.072797093
34.1474239586
34.2220508243
34.29667769
34.3663294313
34.4359811726
34.5106080382
34.5852349039
34.6598617696
34.7344886352
34.8091155009
34.888717491
34.968319481
35.0479214711
35.1275234611
35.2071254512
35.2867274412
35.3663294313
35.4459314213
35.5255334114
35.6051354014
35.6847373915
35.7643393815
35.8439413716
35.9235433616
36.0031453517
36.0827473417
36.1623493318
36.2419513218
36.3215533119
36.4011553019
36.4857324163
36.5703095308
36.6548866452
36.7394637596
36.8240408741
36.9086179885
36.9931951029
37.0777722173
37.1623493318
37.2469264462
37.3315035606
37.416080675
37.5006577895
37.5802597795
37.6598617696
37.7394637596
37.8190657497
37.9036428641
37.9882199785
38.072797093
38.1573742074
38.2419513218
38.3265284362
38.4111055507
38.4956826651
38.5802597795
38.6598617696
38.7394637596
38.8190657497
38.8986677397
38.9782697298
39.0578717198
39.1374737099
39.2170756999
39.29667769
39.37627968
39.4558816701
39.5354836601
39.6150856502
39.6897125158
39.7643393815
39.8389662472
39.9135931129
39.9832448542
40.0528965954
40.1175732124
40.1822498293
40.2469264462
40.3116030631
40.37627968
40.4409562969
40.5056329139
40.5703095308
40.6349861477
40.6996627646
40.7643393815
40.8290159984
40.888717491
40.9484189835
41.008120476
41.0678219686
41.1324985855
41.1971752024
41.2618518193
41.3265284362
41.3912050532
41.4558816701
41.520558287
41.5852349039
41.6499115208
41.7145881377
41.7742896303
41.8339911228
41.8936926153
41.9533941079
42.0130956004
42.072797093
42.1324985855
42.192200078
42.2519015706
42.3116030631
42.3713045556
42.4260309238
42.480757292
42.5354836601
42.5902100283
42.6449363964
42.6996627646
42.7543891328
42.8091155009
42.8638418691
42.9185682372
42.9732946054
43.0230458492
43.072797093
43.1225483367
43.1722995805
43.2220508243
43.2718020681
43.3215533119
43.3713045556
43.4210557994
43.4708070432
43.5155831626
43.5553841576
43.5951851527
43.6349861477
43.6747871427
43.7145881377
43.7543891328
43.7941901278
43.8339911228
43.8737921178
43.9135931129
43.9533941079
43.9931951029
44.0329960979
44.072797093
44.112598088
44.152399083
44.192200078
44.2320010731
44.2668269437
44.3016528143
44.336478685
44.3713045556
44.4061304263
44.4409562969
44.4757821676
44.5106080382
44.5454339089
44.5802597795
44.6150856502
44.6499115208
44.6847373915
44.7195632621
44.7543891328
44.7892150034
44.8240408741
44.8538916203
44.8837423666
44.9135931129
44.9434438591
44.9732946054
45.0031453517
45.0329960979
45.0628468442
45.0926975905
45.1225483367
45.152399083
45.1822498293
45.2121005755
45.2419513218
45.2718020681
45.3016528143
45.3315035606
45.3613543069
45.3912050532
45.4210557994
45.4509065457
45.480757292
45.5106080382
45.5404587845
45.5703095308
45.600160277
45.6300110233
45.6598617696
45.6897125158
45.7195632621
45.7494140084
45.7792647546
45.8041403765
45.8290159984
45.8538916203
45.8787672422
45.9036428641
45.9235433616
45.9434438591
45.9633443566
45.9832448542
46.0031453517
46.0180707248
46.0329960979
46.0479214711
46.0628468442
46.0777722173
46.0926975905
46.1076229636
46.1225483367
46.1374737099
46.152399083
46.1673244561
46.1822498293
46.1971752024
46.2121005755
46.2270259487
46.2419513218
46.2568766949
46.2718020681
46.2867274412
46.3016528143
46.3116030631
46.3215533119
46.3315035606
46.3414538094
46.3514040581
46.3613543069
46.3713045556
46.3812548044
46.3912050532
46.4011553019
46.4111055507
46.4210557994
46.4310060482
46.4409562969
46.4509065457
46.4608567944
46.4708070432
46.4757821676
46.480757292
46.4857324163
46.4907075407
46.4956826651
46.5006577895
46.5056329139
46.5106080382
46.5155831626
46.520558287
46.5255334114
46.5305085357
46.5354836601
46.5404587845
46.5454339089
46.5504090333
46.5553841576
46.560359282
46.5653344064
46.5703095308
46.5752846551
46.5802597795
46.5852349039
46.5902100283
46.5951851527
46.600160277
46.6051354014
46.6101105258
46.6150856502
46.6200607745
46.6250358989
46.6300110233
46.6349861477
46.6399612721
46.6449363964
46.6499115208
46.6548866452
46.6598617696
46.664836894
46.6698120183
46.6747871427
46.6797622671
46.6847373915
46.6897125158
46.6897125158
46.6897125158
46.6897125158
46.6897125158
46.6897125158
46.6897125158
46.6897125158
46.6897125158
46.6897125158
46.6897125158
46.6897125158
46.6897125158
46.6897125158
46.6897125158
46.6897125158
46.6897125158
46.6897125158
46.6897125158
46.6897125158
46.6897125158
46.6897125158
46.6897125158
46.6897125158
46.6897125158
46.6897125158
46.6897125158
46.6897125158
46.6897125158
46.6897125158
46.6897125158
46.6897125158
46.6897125158
46.6897125158
46.6897125158
46.6897125158
46.6897125158
46.6897125158
46.6897125158
46.6897125158
46.6897125158
46.6897125158
46.6897125158
46.6897125158
46.6897125158
46.6897125158
46.6897125158
46.6897125158
46.6897125158
46.6897125158
46.6897125158
46.6897125158
46.6897125158
46.6897125158
46.6897125158
46.6897125158
46.6897125158
46.6897125158
46.6897125158
46.6897125158
46.6897125158
46.6897125158
46.6897125158
46.6897125158
46.6897125158
46.6897125158
46.6897125158
46.6897125158
46.6897125158
46.6897125158
46.6897125158
46.6897125158
46.6897125158
46.6897125158
46.6897125158
46.6897125158
46.6897125158
46.6897125158
46.6897125158
46.6897125158
46.6897125158
46.6897125158
46.6897125158
46.6897125158
46.6897125158
46.6897125158
46.6897125158
46.6897125158
46.6897125158
46.6897125158
46.6897125158
46.6897125158
46.6897125158
46.6897125158
46.6897125158
46.6897125158
46.6897125158
46.6897125158
46.6897125158
46.6897125158
46.6897125158
46.6897125158
46.6897125158
46.6897125158
46.6897125158
46.6897125158
46.6897125158
46.6897125158
46.6897125158
46.6897125158
46.6897125158
46.6897125158
46.6897125158
46.6897125158
46.6897125158
46.6897125158
46.6897125158
46.6897125158
46.6897125158
46.6897125158
46.6897125158
46.6897125158
46.6897125158
46.6897125158
46.6897125158
46.6897125158
46.6897125158
46.6897125158
46.6897125158
46.6897125158
46.6897125158
46.6897125158
46.6897125158
46.6897125158
46.6897125158
46.6897125158
46.6897125158
46.6897125158
46.6897125158
46.6897125158
46.6897125158
46.6897125158
46.6897125158
46.6897125158
46.6897125158
46.6897125158
46.6897125158
46.6897125158
46.6897125158
46.6897125158
46.6897125158
46.6897125158
46.6897125158
46.6897125158
46.6897125158
46.6897125158
46.6897125158
46.6897125158
46.6897125158
46.6897125158
46.6897125158
46.6897125158
46.6897125158
46.6897125158
46.6897125158
46.6897125158
46.6897125158
46.6897125158
46.6897125158
46.6897125158
46.6897125158
46.6897125158
46.6897125158
46.6897125158
46.6897125158
46.6897125158
46.6897125158
46.6897125158
46.6897125158
46.6897125158
46.6897125158
46.6897125158
46.6897125158
46.6897125158
46.6897125158
46.6897125158
46.6897125158
46.6897125158
46.6897125158
46.6897125158
46.6897125158
46.6897125158
46.6897125158
46.6897125158
46.6897125158
46.6897125158
46.6897125158
46.6897125158
46.6897125158
46.6897125158
46.6897125158
46.6897125158
46.6897125158
46.6897125158
46.6897125158
46.6897125158
46.6897125158
46.6897125158
46.6897125158
46.6897125158
46.6897125158
46.6897125158
46.6897125158
46.6897125158
46.6897125158
46.6897125158
46.6897125158
46.6897125158
46.6897125158
46.6897125158
46.6897125158
46.6897125158
46.6897125158
46.6897125158
46.6897125158
46.6897125158
46.6897125158
46.6897125158
46.6897125158
46.6897125158
46.6897125158
46.6897125158
46.6897125158
46.6897125158
46.6897125158
46.6897125158
46.6897125158
46.6897125158
46.6897125158
46.6897125158
46.6897125158
46.6897125158
46.6897125158
46.6897125158
46.6897125158
46.6897125158
46.6897125158
46.6897125158
46.6897125158
46.6897125158
46.6897125158
46.6897125158
46.6897125158
46.6897125158
46.6897125158
46.6897125158
46.6897125158
46.6897125158
46.6897125158
46.6897125158
46.6897125158
46.6897125158
46.6897125158
46.6897125158
46.6897125158
46.6897125158
46.6897125158
46.6897125158
46.6897125158
46.6897125158
46.6897125158
46.6897125158
46.6897125158
46.6897125158
46.6897125158
46.6897125158
46.6897125158
46.6897125158
46.6897125158
46.6897125158
46.6897125158
46.6897125158
46.6897125158
46.6897125158
46.6897125158
46.6897125158
46.6897125158
46.6897125158
46.6897125158
46.6897125158
46.6897125158
46.6897125158
46.6897125158
46.6897125158
46.6897125158
46.6897125158
46.6897125158
46.6897125158
46.6897125158
46.6897125158
46.6897125158
46.6897125158
46.6897125158
46.6897125158
46.6897125158
46.6897125158
46.6897125158
46.6897125158
46.6897125158
46.6897125158
46.6897125158
46.6897125158
46.6897125158
46.6897125158
46.6897125158
46.6897125158
46.6897125158
46.6897125158
46.6897125158
46.6897125158
46.6897125158
46.6897125158
46.6897125158
46.6897125158
46.6897125158
46.6897125158
46.6897125158
46.6897125158
46.6897125158
46.6897125158
46.6897125158
46.6897125158
46.6897125158
46.6897125158
46.6897125158
46.6897125158
46.6897125158
46.6897125158
46.6897125158
46.6897125158
46.6897125158
46.6897125158
46.6897125158
46.6897125158
46.6897125158
46.6897125158
46.6897125158
46.6897125158
46.6897125158
46.6897125158
46.6897125158
46.6897125158
46.6897125158
46.6897125158
46.6897125158
46.6897125158
46.6897125158
46.6897125158
46.6897125158
46.6897125158
46.6897125158
46.6897125158
46.6897125158
46.6897125158
46.6897125158
46.6897125158
46.6897125158
46.6897125158
46.6897125158
46.6897125158
46.6897125158
46.6897125158
46.6897125158
46.6897125158
46.6897125158
46.6897125158
46.6897125158
46.6897125158
46.6897125158
46.6897125158
46.6897125158
46.6897125158
46.6897125158
46.6897125158
46.6897125158
46.6897125158
46.6897125158
46.6897125158
46.6897125158
46.6897125158
46.6897125158
46.6897125158
46.6897125158
46.6897125158
46.6897125158
46.6897125158
46.6897125158
46.6897125158
46.6897125158
46.6897125158
46.6897125158
46.6897125158
46.6897125158
46.6897125158
46.6897125158
46.6897125158
46.6897125158
46.6897125158
46.6897125158
46.6897125158
46.6897125158
46.6897125158
46.6897125158
46.6897125158
46.6897125158
46.6897125158
46.6897125158
46.6897125158
46.6897125158
46.6897125158
46.6897125158
46.6897125158
46.6897125158
46.6897125158
46.6897125158
46.6897125158
46.6897125158
46.6897125158
46.6897125158
46.6897125158
46.6897125158
46.6897125158
46.6897125158
46.6897125158
46.6897125158
46.6897125158
46.6897125158
46.6897125158
46.6897125158
46.6897125158
46.6897125158
46.6897125158
46.6897125158
46.6897125158
46.6897125158
46.6897125158
46.6897125158
46.6897125158
46.6897125158
46.6897125158
46.6897125158
46.6897125158
46.6897125158
46.6897125158
46.6897125158
46.6897125158
46.6897125158
46.6897125158
46.6897125158
46.6897125158
46.6897125158
46.6897125158
46.6897125158
46.6897125158
46.6897125158
46.6897125158
46.6897125158
46.6897125158
46.6897125158
46.6897125158
46.6897125158
46.6897125158
46.6897125158
46.6897125158
46.6897125158
46.6897125158
46.6897125158
46.6897125158
46.6897125158
46.6897125158
46.6897125158
46.6897125158
46.6897125158
46.6897125158
46.6897125158
46.6897125158
46.6897125158
46.6897125158
46.6897125158
46.6897125158
46.6897125158
46.6897125158
46.6897125158
46.6897125158
46.6897125158
46.6897125158
46.6897125158
46.6897125158
46.6897125158
46.6897125158
46.6897125158
46.6897125158
46.6897125158
46.6897125158
46.6897125158
46.6897125158
46.6897125158
46.6897125158
46.6897125158
46.6897125158
46.6897125158
46.6897125158
46.6897125158
46.6897125158
46.6897125158
46.6897125158
46.6897125158
46.6897125158
46.6897125158
46.6897125158
46.6897125158
46.6897125158
46.6897125158
46.6897125158
46.6897125158
46.6897125158
46.6897125158
46.6897125158
46.6897125158
46.6897125158
46.6897125158
46.6897125158
46.6897125158
46.6897125158
46.6897125158
46.6897125158
46.6897125158
46.6897125158
46.6897125158
46.6897125158
46.6897125158
46.6897125158
46.6897125158
46.6897125158
46.6897125158
46.6897125158
46.6897125158
46.6897125158
46.6897125158
46.6897125158
46.6897125158
46.6897125158
46.6897125158
46.6897125158
46.6897125158
46.6897125158
46.6897125158
46.6897125158
46.6897125158
46.6897125158
46.6897125158
46.6897125158
46.6897125158
46.6897125158
46.6897125158
46.6897125158
46.6897125158
46.6897125158
46.6897125158
46.6897125158
46.6897125158
46.6897125158
46.6897125158
46.6897125158
46.6897125158
46.6897125158
46.6897125158
46.6897125158
46.6897125158
46.6897125158
46.6897125158
46.6897125158
46.6897125158
46.6897125158
46.6897125158
46.6897125158
46.6897125158
46.6897125158
46.6897125158
46.6897125158
46.6897125158
46.6897125158
46.6897125158
46.6897125158
46.6897125158
46.6897125158
46.6897125158
46.6897125158
46.6897125158
46.6897125158
46.6897125158
46.6897125158
46.6897125158
46.6897125158
46.6897125158
46.6897125158
46.6897125158
46.6897125158
46.6897125158
46.6897125158
46.6897125158
46.6897125158
46.6897125158
46.6897125158
46.6897125158
46.6897125158
46.6897125158
46.6897125158
46.6897125158
46.6897125158
46.6897125158
46.6897125158
46.6897125158
46.6897125158
46.6897125158
46.6897125158
46.6897125158
46.6897125158
46.6897125158
46.6897125158
46.6897125158
46.6897125158
46.6897125158
46.6897125158
46.6897125158
46.6897125158
46.6897125158
46.6897125158
46.6897125158
46.6897125158
46.6897125158
46.6897125158
46.6897125158
46.6897125158
46.6897125158
46.6897125158
46.6897125158
46.6897125158
46.6897125158
46.6897125158
46.6897125158
46.6897125158
46.6897125158
46.6897125158
46.6897125158
46.6897125158
46.6897125158
46.6897125158
46.6897125158
46.6897125158
46.6897125158
46.6897125158
46.6897125158
46.6897125158
46.6897125158
46.6897125158
46.6897125158
46.6897125158
46.6897125158
46.6897125158
46.6897125158
46.6897125158
46.6897125158
46.6897125158
46.6897125158
46.6897125158
46.6897125158
46.6897125158
46.6897125158
46.6897125158
46.6897125158
46.6897125158
46.6897125158
46.6897125158
46.6897125158
46.6897125158
46.6897125158
46.6897125158
46.6897125158
46.6897125158
46.6897125158
46.6897125158
46.6897125158
46.6897125158
46.6897125158
46.6897125158
46.6897125158
46.6897125158
46.6897125158
46.6897125158
46.6897125158
46.6897125158
46.6897125158
46.6897125158
46.6897125158
46.6897125158
46.6897125158
46.6897125158
46.6897125158
46.6897125158
46.6897125158
46.6897125158
46.6897125158
46.6897125158
46.6897125158
46.6897125158
46.6897125158
46.6897125158
46.6897125158
46.6897125158
46.6897125158
46.6897125158
46.6897125158
46.6897125158
46.6897125158
46.6897125158
46.6897125158
46.6897125158
46.6897125158
46.6897125158
46.6897125158
46.6897125158
46.6897125158
46.6897125158
46.6897125158
46.6897125158
46.6897125158
46.6897125158
46.6897125158
46.6897125158
46.6897125158
46.6897125158
46.6897125158
46.6897125158
46.6897125158
46.6897125158
46.6897125158
46.6897125158
46.6897125158
46.6897125158
46.6897125158
46.6897125158
46.6897125158
46.6897125158
46.6897125158
46.6897125158
46.6897125158
46.6897125158
46.6897125158
46.6897125158
46.6897125158
46.6897125158
46.6897125158
46.6897125158
46.6897125158
46.6897125158
46.6897125158
46.6897125158
46.6897125158
46.6897125158
46.6897125158
46.6897125158
46.6897125158
46.6897125158
46.6897125158
46.6897125158
46.6897125158
46.6897125158
46.6897125158
46.6897125158
46.6897125158
46.6897125158
46.6897125158
46.6897125158
46.6897125158
46.6897125158
46.6897125158
46.6897125158
46.6897125158
46.6897125158
46.6897125158
46.6897125158
46.6897125158
46.6897125158
46.6897125158
46.6897125158
46.6897125158
46.6897125158
46.6897125158
46.6897125158
46.6897125158
46.6897125158
46.6897125158
46.6897125158
46.6897125158
46.6897125158
46.6897125158
46.6897125158
46.6897125158
46.6897125158
46.6897125158
46.6897125158
46.6897125158
46.6897125158
46.6897125158
46.6897125158
46.6897125158
46.6897125158
46.6897125158
46.6897125158
46.6897125158
46.6897125158
46.6897125158
46.6897125158
46.6897125158
46.6897125158
46.6897125158
46.6897125158
46.6897125158
46.6897125158
46.6897125158
46.6897125158
46.6897125158
46.6897125158
46.6897125158
46.6897125158
46.6897125158
46.6897125158
46.6897125158
46.6897125158
46.6897125158
46.6897125158
46.6897125158
46.6897125158
46.6897125158
46.6897125158
46.6897125158
46.6897125158
46.6897125158
46.6897125158
46.6897125158
46.6897125158
46.6897125158
46.6897125158
46.6897125158
46.6897125158
46.6897125158
46.6897125158
46.6897125158
46.6897125158
46.6897125158
46.6897125158
46.6897125158
46.6897125158
46.6897125158
46.6897125158
46.6897125158
46.6897125158
46.6897125158
46.6897125158
46.6897125158
46.6897125158
46.6897125158
46.6897125158
46.6897125158
46.6897125158
46.6897125158
46.6897125158
46.6897125158
46.6897125158
46.6897125158
46.6897125158
46.6897125158
46.6897125158
46.6897125158
46.6897125158
46.6897125158
46.6897125158
46.6897125158
46.6897125158
46.6897125158
46.6897125158
46.6897125158
46.6897125158
46.6897125158
46.6897125158
46.6897125158
46.6897125158
46.6897125158
46.6897125158
46.6897125158
46.6897125158
46.6897125158
46.6897125158
46.6897125158
46.6897125158
46.6897125158
46.6897125158
46.6897125158
46.6897125158
46.6897125158
46.6897125158
46.6897125158
46.6897125158
46.6897125158
46.6897125158
46.6897125158
46.6897125158
46.6897125158
46.6897125158
46.6897125158
46.6897125158
46.6897125158
46.6897125158
46.6897125158
46.6897125158
46.6897125158
46.6897125158
46.6897125158
46.6897125158
46.6897125158
46.6897125158
46.6897125158
46.6897125158
46.6897125158
46.6897125158
46.6897125158
46.6897125158
46.6897125158
46.6897125158
46.6897125158
46.6897125158
46.6897125158
46.6897125158
46.6897125158
46.6897125158
46.6897125158
46.6897125158
46.6897125158
46.6897125158
46.6897125158
46.6897125158
46.6897125158
46.6897125158
46.6897125158
46.6897125158
46.6897125158
46.6897125158
46.6897125158
46.6897125158
46.6897125158
46.6897125158
46.6897125158
46.6897125158
46.6897125158
46.6897125158
46.6897125158
46.6897125158
46.6897125158
46.6897125158
46.6897125158
46.6897125158
46.6897125158
46.6897125158
46.6897125158
46.6897125158
46.6897125158
46.6897125158
46.6897125158
46.6897125158
46.6897125158
46.6897125158
46.6897125158
46.6897125158
46.6897125158
46.6897125158
46.6897125158
46.6897125158
46.6897125158
46.6897125158
46.6897125158
46.6897125158
46.6897125158
46.6897125158
46.6897125158
46.6897125158
46.6897125158
46.6897125158
46.6897125158
46.6897125158
46.6897125158
46.6897125158
46.6897125158
46.6897125158
46.6897125158
46.6897125158
46.6897125158
46.6897125158
46.6897125158
46.6897125158
46.6897125158
46.6897125158
46.6897125158
46.6897125158
46.6897125158
46.6897125158
46.6897125158
46.6897125158
46.6897125158
46.6897125158
46.6897125158
46.6897125158
46.6897125158
46.6897125158
46.6897125158
46.6897125158
46.6897125158
46.6897125158
46.6897125158
46.6897125158
46.6897125158
46.6897125158
46.6897125158
46.6897125158
46.6897125158
46.6897125158
46.6897125158
46.6897125158
46.6897125158
46.6897125158
46.6897125158
46.6897125158
46.6897125158
46.6897125158
46.6897125158
46.6897125158
46.6897125158
46.6897125158
46.6897125158
46.6897125158
46.6897125158
46.6897125158
46.6897125158
46.6897125158
46.6897125158
46.6897125158
46.6897125158
46.6897125158
46.6897125158
46.6897125158
46.6897125158
46.6897125158
46.6897125158
46.6897125158
46.6897125158
46.6897125158
46.6897125158
46.6897125158
46.6897125158
46.6897125158
46.6897125158
46.6897125158
46.6897125158
46.6897125158
46.6897125158
46.6897125158
46.6897125158
46.6897125158
46.6897125158
46.6897125158
46.6897125158
46.6897125158
46.6897125158
46.6897125158
46.6897125158
46.6897125158
46.6897125158
46.6897125158
46.6897125158
46.6897125158
46.6897125158
46.6897125158
46.6897125158
46.6897125158
46.6897125158
46.6897125158
46.6897125158
46.6897125158
46.6897125158
46.6897125158
46.6897125158
46.6897125158
46.6897125158
46.6897125158
46.6897125158
46.6897125158
46.6897125158
46.6897125158
46.6897125158
46.6897125158
46.6897125158
46.6897125158
46.6897125158
46.6897125158
46.6897125158
46.6897125158
46.6897125158
46.6897125158
46.6897125158
46.6897125158
46.6897125158
46.6897125158
46.6897125158
46.6897125158
46.6897125158
46.6897125158
46.6897125158
46.6897125158
46.6897125158
46.6897125158
46.6897125158
46.6897125158
46.6897125158
46.6897125158
46.6897125158
46.6897125158
46.6897125158
46.6897125158
46.6897125158
46.6897125158
46.6897125158
46.6897125158
46.6897125158
46.6897125158
46.6897125158
46.6897125158
46.6897125158
46.6897125158
46.6897125158
46.6897125158
46.6897125158
46.6897125158
46.6897125158
46.6897125158
46.6897125158
46.6897125158
46.6897125158
46.6897125158
46.6897125158
46.6897125158
46.6897125158
46.6897125158
46.6897125158
46.6897125158
46.6897125158
46.6897125158
46.6897125158
46.6897125158
46.6897125158
46.6897125158
46.6897125158
46.6897125158
46.6897125158
46.6897125158
46.6897125158
46.6897125158
46.6897125158
46.6897125158
46.6897125158
46.6897125158
46.6897125158
46.6897125158
46.6897125158
46.6897125158
46.6897125158
46.6897125158
46.6897125158
46.6897125158
46.6897125158
46.6897125158
46.6897125158
46.6897125158
46.6897125158
46.6897125158
46.6897125158
46.6897125158
46.6897125158
46.6897125158
46.6897125158
46.6897125158
46.6897125158
46.6897125158
46.6897125158
46.6897125158
46.6897125158
46.6897125158
46.6897125158
46.6897125158
46.6897125158
46.6897125158
46.6897125158
46.6897125158
46.6897125158
46.6897125158
46.6897125158
46.6897125158
46.6897125158
46.6897125158
46.6897125158
46.6897125158
46.6897125158
46.6897125158
46.6897125158
46.6897125158
46.6897125158
46.6897125158
46.6897125158
46.6897125158
46.6897125158
46.6897125158
46.6897125158
46.6897125158
46.6897125158
46.6897125158
46.6897125158
46.6897125158
46.6897125158
46.6897125158
46.6897125158
46.6897125158
46.6897125158
46.6897125158
46.6897125158
46.6897125158
46.6897125158
46.6897125158
46.6897125158
46.6897125158
46.6897125158
46.6897125158
46.6897125158
46.6897125158
46.6897125158
46.6897125158
46.6897125158
46.6897125158
46.6897125158
46.6897125158
46.6897125158
46.6897125158
46.6897125158
46.6897125158
46.6897125158
46.6897125158
46.6897125158
46.6897125158
46.6897125158
46.6897125158
46.6897125158
46.6897125158
46.6897125158
46.6897125158
46.6897125158
46.6897125158
46.6897125158
46.6897125158
46.6897125158
46.6897125158
46.6897125158
46.6897125158
46.6897125158
46.6897125158
46.6897125158
46.6897125158
46.6897125158
46.6897125158
46.6897125158
46.6897125158
46.6897125158
46.6897125158
46.6897125158
46.6897125158
46.6897125158
46.6897125158
46.6897125158
46.6897125158
46.6897125158
46.6897125158
46.6897125158
46.6897125158
46.6897125158
46.6897125158
46.6897125158
46.6897125158
46.6897125158
46.6897125158
46.6897125158
46.6897125158
46.6897125158
46.6897125158
46.6897125158
46.6897125158
46.6897125158
46.6897125158
46.6897125158
46.6897125158
46.6897125158
