0.0
0.0
0.0
0.0
0.0
0.0
0.0
0.0
0.0
0.0
0.0
0.0
0.0
0.0
0.0
0.0
0.0
0.0
0.0
0.0
0.0
0.0
0.0
0.0
0.0
0.0
0.0
0.0
0.0
0.0
0.0
0.0
0.0
0.0
0.0
0.0
0.0
0.0
0.0
0.0
0.0
0.0
0.0
0.0
0.0
0.0
0.0
0.0
0.0
0.0
0.0
0.0
0.0
0.0
0.0
0.0
0.0
0.0
0.0
0.0
0.0
0.0
0.0
0.0
0.0
0.0
0.0
0.0
0.0
0.0
0.0
0.0
0.0
0.0
0.0
0.0
0.0
0.0
0.0
0.0
0.0
0.0
0.0
0.0
0.0
0.0
0.0
0.0
0.0
0.0
0.0
0.0
0.0
0.0
0.0
0.0
0.0
0.0
0.0
0.0
0.0
0.0
0.0
0.0
0.0
0.0
0.0
0.0
0.0
0.0
0.0
0.0
0.0
0.0
0.0
0.0
0.0
0.0
0.0
0.0
0.0
0.0
0.0
0.0
0.0
0.0
0.0
0.00497512437811
0.00995024875622
0.0149253731343
0.0199004975124
0.0248756218905
0.0298507462687
0.0348258706468
0.0398009950249
0.044776119403
0.0497512437811
0.0547263681592
0.0597014925373
0.0646766169154
0.0696517412935
0.0746268656716
0.0796019900498
0.0845771144279
0.089552238806
0.0945273631841
0.0995024875622
0.10447761194
0.109452736318
0.114427860697
0.119402985075
0.124378109453
0.129353233831
0.134328358209
0.139303482587
0.144278606965
0.149253731343
0.154228855721
0.1592039801
0.164179104478
0.169154228856
0.174129353234
0.179104477612
0.18407960199
0.189054726368
0.194029850746
0.199004975124
0.203980099502
0.208955223881
0.213930348259
0.218905472637
0.223880597015
0.228855721393
0.233830845771
0.238805970149
0.243781094527
0.248756218905
0.253731343284
0.258706467662
0.26368159204
0.268656716418
0.273631840796
0.278606965174
0.283582089552
0.28855721393
0.293532338308
0.298507462687
0.303482587065
0.308457711443
0.313432835821
0.318407960199
0.323383084577
0.328358208955
0.333333333333
0.338308457711
0.34328358209
0.348258706468
0.353233830846
0.358208955224
0.363184079602
0.36815920398
0.373134328358
0.378109452736
0.383084577114
0.388059701493
0.393034825871
0.398009950249
0.402985074627
0.407960199005
0.412935323383
0.417910447761
0.422885572139
0.427860696517
0.432835820896
0.437810945274
0.442786069652
0.44776119403
0.452736318408
0.457711442786
0.462686567164
0.467661691542
0.47263681592
0.477611940299
0.482587064677
0.487562189055
0.492537313433
0.497512437811
0.502487562189
0.507462686567
0.512437810945
0.517412935323
0.522388059701
0.52736318408
0.532338308458
0.537313432836
0.542288557214
0.547263681592
0.55223880597
0.557213930348
0.562189054726
0.567164179104
0.572139303483
0.577114427861
0.582089552239
0.587064676617
0.592039800995
0.597014925373
0.601990049751
0.606965174129
0.611940298507
0.616915422886
0.621890547264
0.626865671642
0.63184079602
0.636815920398
0.641791044776
0.646766169154
0.651741293532
0.65671641791
0.661691542289
0.666666666667
0.671641791045
0.676616915423
0.681592039801
0.686567164179
0.691542288557
0.696517412935
0.701492537313
0.706467661692
0.71144278607
0.716417910448
0.721393034826
0.726368159204
0.731343283582
0.73631840796
0.741293532338
0.746268656716
0.751243781095
0.756218905473
0.761194029851
0.766169154229
0.771144278607
0.776119402985
0.781094527363
0.786069651741
0.791044776119
0.796019900498
0.800995024876
0.805970149254
0.810945273632
0.81592039801
0.820895522388
0.825870646766
0.830845771144
0.835820895522
0.8407960199
0.845771144279
0.850746268657
0.855721393035
0.860696517413
0.865671641791
0.870646766169
0.875621890547
0.880597014925
0.885572139303
0.890547263682
0.89552238806
0.900497512438
0.905472636816
0.910447761194
0.915422885572
0.92039800995
0.925373134328
0.930348258706
0.935323383085
0.940298507463
0.945273631841
0.950248756219
0.955223880597
0.960199004975
0.965174129353
0.970149253731
0.975124378109
0.980099502488
0.985074626866
0.990049751244
0.995024875622
1.0
1.0
1.0
1.0
1.0
1.0
1.0
1.0
1.0
1.0
1.0
1.0
1.0
1.0
1.0
1.0
1.0
1.0
1.0
1.0
1.0
1.0
1.0
1.0
1.0
1.0
1.0
1.0
1.0
1.0
1.0
1.0
1.0
1.0
1.0
1.0
1.0
1.0
1.0
1.0
1.0
1.0
1.0
1.0
1.0
1.0
1.0
1.0
1.0
1.0
1.0
1.0
1.0
1.0
1.0
1.0
1.0
1.0
1.0
1.0
1.0
1.0
1.0
1.0
1.0
1.0
1.0
1.0
1.0
1.0
1.0
1.0
1.0
1.0
1.0
1.0
1.0
1.0
1.0
1.0
1.0
1.0
1.0
1.0
1.0
1.0
1.0
1.0
1.0
1.0
1.0
1.0
1.0
1.0
1.0
1.0
1.0
1.0
1.0
1.0
1.0
1.0
1.0
1.0
1.0
1.0
1.0
1.0
1.0
1.0
1.0
1.0
1.0
1.0
1.0
1.0
1.0
1.0
1.0
1.0
1.0
1.0
1.0
1.0
1.0
1.0
1.0
1.0
1.0
1.0
1.0
1.0
1.0
1.0
1.0
1.0
1.0
1.0
1.0
1.0
1.0
1.0
1.0
1.0
1.0
1.0
1.0
1.0
1.0
1.0
1.0
1.0
1.0
1.0
1.0
1.0
1.0
1.0
1.0
1.0
1.0
1.0
1.0
1.0
1.0
1.0
1.0
1.0
1.0
1.0
1.0
1.0
1.0
1.0
1.0
1.0
1.0
1.0
1.0
1.0
1.0
1.0
1.0
1.0
1.0
1.0
1.0
1.0
1.0
1.0
1.0
1.0
1.0
1.0
1.0
1.0
1.0
1.0
1.0
1.0
1.0
1.0
1.0
1.0
1.0
1.0
1.0
1.0
1.0
1.0
1.0
1.0
1.0
1.0
1.0
1.0
1.0
1.0
1.0
1.0
1.0
1.0
1.0
1.0
1.0
1.0
1.0
1.0
1.0
1.0
1.0
1.0
1.0
1.0
1.0
1.0
1.0
1.0
1.0
1.0
1.0
1.0
1.0
1.0
1.0
1.00497512438
1.00995024876
1.01492537313
1.01990049751
1.02487562189
1.02985074627
1.03482587065
1.03980099502
1.0447761194
1.04975124378
1.05472636816
1.05970149254
1.06467661692
1.06965174129
1.07462686567
1.07960199005
1.08457711443
1.08955223881
1.09452736318
1.09950248756
1.10447761194
1.10945273632
1.1144278607
1.11940298507
1.12437810945
1.12935323383
1.13432835821
1.13930348259
1.14427860697
1.14925373134
1.15422885572
1.1592039801
1.16417910448
1.16915422886
1.17412935323
1.17910447761
1.18407960199
1.18905472637
1.19402985075
1.19900497512
1.2039800995
1.20895522388
1.21393034826
1.21890547264
1.22388059701
1.22885572139
1.23383084577
1.23880597015
1.24378109453
1.24875621891
1.25373134328
1.25870646766
1.26368159204
1.26865671642
1.2736318408
1.27860696517
1.28358208955
1.28855721393
1.29850746269
1.30845771144
1.3184079602
1.32835820896
1.33830845771
1.34825870647
1.35820895522
1.36815920398
1.37810945274
1.38805970149
1.39800995025
1.407960199
1.41791044776
1.42786069652
1.43781094527
1.44776119403
1.45771144279
1.46766169154
1.4776119403
1.48756218905
1.49751243781
1.50746268657
1.51741293532
1.52736318408
1.53731343284
1.54726368159
1.55721393035
1.5671641791
1.57711442786
1.58706467662
1.59701492537
1.60696517413
1.61691542289
1.62686567164
1.6368159204
1.64676616915
1.65671641791
1.66666666667
1.67661691542
1.68656716418
1.69651741294
1.70646766169
1.71641791045
1.7263681592
1.73631840796
1.74626865672
1.75621890547
1.76616915423
1.77611940299
1.78606965174
1.7960199005
1.80597014925
1.81592039801
1.82587064677
1.83582089552
1.84577114428
1.85572139303
1.86567164179
1.87562189055
1.89054726368
1.90547263682
1.92039800995
1.93532338308
1.95024875622
1.96517412935
1.98009950249
1.99502487562
2.00995024876
2.02487562189
2.03980099502
2.05472636816
2.06965174129
2.08457711443
2.09950248756
2.1144278607
2.12935323383
2.14427860697
2.1592039801
2.17412935323
2.18905472637
2.2039800995
2.22388059701
2.24378109453
2.26368159204
2.28358208955
2.30348258706
2.32338308458
2.34328358209
2.3631840796
2.38308457711
2.40298507463
2.42288557214
2.44278606965
2.46268656716
2.48258706468
2.50248756219
2.5223880597
2.54228855721
2.56218905473
2.58208955224
2.60199004975
2.62189054726
2.64179104478
2.66169154229
2.6815920398
2.70149253731
2.72139303483
2.74129353234
2.76119402985
2.78109452736
2.80099502488
2.82089552239
2.8407960199
2.86069651741
2.88059701493
2.90049751244
2.92039800995
2.94029850746
2.96019900498
2.98009950249
3.0
3.01990049751
3.03980099502
3.05970149254
3.07960199005
3.09950248756
3.11940298507
3.13930348259
3.1592039801
3.17910447761
3.19900497512
3.21890547264
3.23880597015
3.25870646766
3.27860696517
3.29850746269
3.3184079602
3.33830845771
3.35820895522
3.37810945274
3.39800995025
3.41791044776
3.43781094527
3.45273631841
3.46766169154
3.48258706468
3.49751243781
3.51243781095
3.52736318408
3.54228855721
3.55721393035
3.57213930348
3.58706467662
3.60199004975
3.61691542289
3.63184079602
3.64676616915
3.66169154229
3.67661691542
3.69154228856
3.70646766169
3.72139303483
3.73631840796
3.75124378109
3.76616915423
3.78109452736
3.7960199005
3.81094527363
3.82587064677
3.8407960199
3.85572139303
3.87064676617
3.8855721393
3.90049751244
3.91542288557
3.93532338308
3.9552238806
3.97512437811
3.99502487562
4.01492537313
4.03482587065
4.05472636816
4.07960199005
4.10447761194
4.12935323383
4.15422885572
4.17910447761
4.2039800995
4.22885572139
4.25373134328
4.27860696517
4.30348258706
4.32835820896
4.35820895522
4.38805970149
4.41791044776
4.44776119403
4.4776119403
4.50746268657
4.53731343284
4.5671641791
4.592039801
4.61691542289
4.64179104478
4.66666666667
4.69154228856
4.71641791045
4.74129353234
4.76616915423
4.79104477612
4.81592039801
4.8407960199
4.86567164179
4.89054726368
4.91542288557
4.94029850746
4.96517412935
4.99004975124
5.01492537313
5.03980099502
5.06467661692
5.08955223881
5.1144278607
5.13930348259
5.16417910448
5.18905472637
5.21393034826
5.23880597015
5.26368159204
5.28855721393
5.31343283582
5.33830845771
5.3631840796
5.38805970149
5.41293532338
5.43781094527
5.46268656716
5.48756218905
5.51243781095
5.53731343284
5.56218905473
5.58706467662
5.61194029851
5.6368159204
5.66666666667
5.69651741294
5.7263681592
5.75621890547
5.78606965174
5.81592039801
5.84577114428
5.87562189055
5.90547263682
5.93532338308
5.96517412935
5.99502487562
6.02487562189
6.05472636816
6.08457711443
6.1144278607
6.13930348259
6.16417910448
6.18905472637
6.21393034826
6.23880597015
6.26368159204
6.28855721393
6.31343283582
6.33830845771
6.3631840796
6.38805970149
6.41293532338
6.43781094527
6.46268656716
6.48756218905
6.51243781095
6.53731343284
6.56218905473
6.58706467662
6.61194029851
6.6368159204
6.66169154229
6.6815920398
6.70149253731
6.72139303483
6.74129353234
6.76119402985
6.78109452736
6.80099502488
6.82089552239
6.8407960199
6.86069651741
6.88059701493
6.90049751244
6.92039800995
6.94029850746
6.96019900498
6.98009950249
7.0
7.01990049751
7.03980099502
7.05970149254
7.07960199005
7.09950248756
7.11940298507
7.13930348259
7.1592039801
7.17910447761
7.19900497512
7.21890547264
7.23880597015
7.25870646766
7.27860696517
7.29850746269
7.3184079602
7.33830845771
7.35820895522
7.37810945274
7.39800995025
7.41791044776
7.43781094527
7.45771144279
7.4776119403
7.49751243781
7.51741293532
7.53731343284
7.55721393035
7.57711442786
7.59701492537
7.61691542289
7.6368159204
7.65671641791
7.67661691542
7.69651741294
7.71641791045
7.73631840796
7.75621890547
7.77611940299
7.7960199005
7.81592039801
7.83582089552
7.85572139303
7.87562189055
7.89552238806
7.91542288557
7.93532338308
7.9552238806
7.97512437811
7.99502487562
8.01492537313
8.03482587065
8.05472636816
8.07462686567
8.09452736318
8.1144278607
8.13432835821
8.15422885572
8.17412935323
8.19402985075
8.21393034826
8.23383084577
8.25373134328
8.2736318408
8.29353233831
8.31343283582
8.33333333333
8.35323383085
8.37313432836
8.39303482587
8.41293532338
8.4328358209
8.45273631841
8.47263681592
8.49253731343
8.51243781095
8.53233830846
8.54726368159
8.56218905473
8.57711442786
8.592039801
8.60696517413
8.62189054726
8.6368159204
8.64676616915
8.65671641791
8.66666666667
8.67661691542
8.68656716418
8.69651741294
8.70646766169
8.71641791045
8.7263681592
8.73631840796
8.74626865672
8.75621890547
8.76616915423
8.77611940299
8.78606965174
8.7960199005
8.80597014925
8.81592039801
8.82587064677
8.83582089552
8.84577114428
8.85572139303
8.86567164179
8.87562189055
8.8855721393
8.89552238806
8.90547263682
8.91542288557
8.92537313433
8.93532338308
8.94527363184
8.9552238806
8.96517412935
8.97512437811
8.98507462687
8.99502487562
9.00497512438
9.01492537313
9.02487562189
9.03482587065
9.0447761194
9.05472636816
9.06467661692
9.07462686567
9.08457711443
9.09452736318
9.10447761194
9.1144278607
9.12437810945
9.13432835821
9.14427860697
9.15422885572
9.16417910448
9.17412935323
9.18407960199
9.19402985075
9.2039800995
9.21393034826
9.22388059701
9.23383084577
9.24378109453
9.25373134328
9.25870646766
9.26368159204
9.26865671642
9.2736318408
9.27860696517
9.28358208955
9.28855721393
9.29353233831
9.29850746269
9.30348258706
9.30845771144
9.31343283582
9.3184079602
9.32338308458
9.32835820896
9.33333333333
9.33830845771
9.34328358209
9.34825870647
9.35323383085
9.35820895522
9.3631840796
9.36815920398
9.37313432836
9.37810945274
9.38308457711
9.38805970149
9.39303482587
9.39800995025
9.40298507463
9.40796019901
9.41293532338
9.41791044776
9.42288557214
9.42786069652
9.4328358209
9.43781094527
9.44278606965
9.44776119403
9.45273631841
9.45771144279
9.46268656716
9.46766169154
9.47263681592
9.4776119403
9.48258706468
9.48756218905
9.49253731343
9.49751243781
9.50248756219
9.50746268657
9.51243781095
9.51741293532
9.5223880597
9.52736318408
9.53233830846
9.53731343284
9.54228855721
9.54726368159
9.55223880597
9.55721393035
9.56218905473
9.5671641791
9.57213930348
9.57711442786
9.58208955224
9.58706467662
9.592039801
9.59701492537
9.60199004975
9.60696517413
9.61194029851
9.61691542289
9.62189054726
9.62686567164
9.63184079602
9.6368159204
9.64179104478
9.64676616915
9.65174129353
9.65671641791
9.66169154229
9.66666666667
9.67164179104
9.67661691542
9.6815920398
9.68656716418
9.69154228856
9.69651741294
9.70149253731
9.70646766169
9.71144278607
9.71641791045
9.72139303483
9.7263681592
9.73134328358
9.73631840796
9.74129353234
9.74626865672
9.75124378109
9.75621890547
9.76119402985
9.76616915423
9.77114427861
9.77611940299
9.78109452736
9.78606965174
9.79104477612
9.7960199005
9.80099502488
9.80597014925
9.81094527363
9.81592039801
9.82089552239
9.82587064677
9.83084577114
9.83582089552
9.8407960199
9.84577114428
9.85074626866
9.85572139303
9.86069651741
9.86567164179
9.87064676617
9.87562189055
9.88059701493
9.8855721393
9.89054726368
9.89552238806
9.90049751244
9.90547263682
9.91044776119
9.91542288557
9.92039800995
9.92537313433
9.93034825871
9.93532338308
9.94029850746
9.94527363184
9.95024875622
9.9552238806
9.96019900498
9.96517412935
9.97014925373
9.97512437811
9.98009950249
9.98507462687
9.99004975124
9.99502487562
10.0
10.0
10.0049751244
10.0099502488
10.0149253731
10.0199004975
10.0248756219
10.0298507463
10.0348258706
10.039800995
10.0447761194
10.0497512438
10.0547263682
10.0597014925
10.0646766169
10.0696517413
10.0746268657
10.07960199
10.0845771144
10.0895522388
10.0945273632
10.0995024876
10.1044776119
10.1094527363
10.1144278607
10.1194029851
10.1243781095
10.1293532338
10.1343283582
10.1393034826
10.144278607
10.1492537313
10.1542288557
10.1592039801
10.1641791045
10.1691542289
10.1741293532
10.1791044776
10.184079602
10.1890547264
10.1940298507
10.1990049751
10.2039800995
10.2089552239
10.2139303483
10.2189054726
10.223880597
10.2288557214
10.2338308458
10.2388059701
10.2437810945
10.2487562189
10.2537313433
10.2587064677
10.2686567164
10.2786069652
10.2885572139
10.2985074627
10.3084577114
10.3184079602
10.328358209
10.3383084577
10.3482587065
10.3582089552
10.368159204
10.3781094527
10.3880597015
10.3980099502
10.407960199
10.4179104478
10.4278606965
10.4378109453
10.4527363184
10.4676616915
10.4825870647
10.4975124378
10.5124378109
10.5273631841
10.5422885572
10.5572139303
10.5721393035
10.5870646766
10.6019900498
10.6169154229
10.631840796
10.6467661692
10.6616915423
10.6766169154
10.6915422886
10.7064676617
10.7213930348
10.736318408
10.7512437811
10.7661691542
10.7810945274
10.7960199005
10.8109452736
10.8258706468
10.8407960199
10.855721393
10.8706467662
10.8855721393
10.9004975124
10.9154228856
10.9303482587
10.9452736318
10.960199005
10.9751243781
10.9900497512
11.0049751244
11.0199004975
11.0348258706
11.0497512438
11.0646766169
11.07960199
11.0945273632
11.1094527363
11.1243781095
11.1393034826
11.1542288557
11.1691542289
11.184079602
11.1990049751
11.2139303483
11.2288557214
11.2437810945
11.2587064677
11.2736318408
11.2885572139
11.3034825871
11.3184079602
11.3333333333
11.3482587065
11.3631840796
11.3781094527
11.3930348259
11.407960199
11.4228855721
11.4378109453
11.4527363184
11.4676616915
11.4825870647
11.4975124378
11.5124378109
11.5273631841
11.5422885572
11.5572139303
11.5721393035
11.5870646766
11.6019900498
11.6169154229
11.631840796
11.6467661692
11.6616915423
11.6766169154
11.6915422886
11.7064676617
11.7213930348
11.736318408
11.7512437811
11.7661691542
11.7810945274
11.7960199005
11.8109452736
11.8258706468
11.8407960199
11.855721393
11.8706467662
11.8905472637
11.9104477612
11.9303482587
11.9502487562
11.9701492537
11.9900497512
12.0099502488
12.0298507463
12.0497512438
12.0696517413
12.0895522388
12.1094527363
12.1293532338
12.1492537313
12.1691542289
12.1890547264
12.2089552239
12.2288557214
12.2487562189
12.2686567164
12.2885572139
12.3084577114
12.328358209
12.3482587065
12.368159204
12.3880597015
12.407960199
12.4278606965
12.447761194
12.4676616915
12.4875621891
12.5074626866
12.5273631841
12.5472636816
12.5671641791
12.5820895522
12.5970149254
12.6119402985
12.6268656716
12.6417910448
12.6567164179
12.671641791
12.6865671642
12.7014925373
12.7164179104
12.7313432836
12.7462686567
12.7611940299
12.776119403
12.7910447761
12.8059701493
12.8208955224
12.8358208955
12.8507462687
12.8656716418
12.8805970149
12.8955223881
12.9104477612
12.9253731343
12.9402985075
12.9552238806
12.9701492537
12.9850746269
13.0
13.0149253731
13.0298507463
13.0447761194
13.0597014925
13.0746268657
13.0895522388
13.1044776119
13.1194029851
13.1343283582
13.1492537313
13.1641791045
13.1791044776
13.1940298507
13.2089552239
13.223880597
13.2388059701
13.2537313433
13.2686567164
13.2835820896
13.2985074627
13.3134328358
13.328358209
13.3432835821
13.3532338308
13.3631840796
13.3731343284
13.3830845771
13.3930348259
13.4029850746
13.4129353234
13.4228855721
13.4328358209
13.4427860697
13.4527363184
13.4626865672
13.4726368159
13.4825870647
13.4975124378
13.5124378109
13.5273631841
13.5422885572
13.552238806
13.5621890547
13.5721393035
13.5820895522
13.592039801
13.6019900498
13.6119402985
13.6218905473
13.631840796
13.6417910448
13.6517412935
13.6616915423
13.671641791
13.6815920398
13.6915422886
13.7014925373
13.7114427861
13.7213930348
13.7313432836
13.7412935323
13.7512437811
13.7611940299
13.7711442786
13.7810945274
13.7910447761
13.8009950249
13.8109452736
13.8258706468
13.8407960199
13.855721393
13.8706467662
13.8855721393
13.9004975124
13.9154228856
13.9303482587
13.9452736318
13.960199005
13.9751243781
13.9900497512
14.0049751244
14.0199004975
14.0348258706
14.0497512438
14.0646766169
14.07960199
14.0945273632
14.1094527363
14.1243781095
14.1393034826
14.1542288557
14.1691542289
14.184079602
14.1990049751
14.2139303483
14.2288557214
14.2437810945
14.2587064677
14.2736318408
14.2885572139
14.3034825871
14.3184079602
14.3333333333
14.3482587065
14.3631840796
14.3781094527
14.3930348259
14.407960199
14.4228855721
14.4378109453
14.4527363184
14.4676616915
14.4825870647
14.4975124378
14.5124378109
14.5273631841
14.5422885572
14.5572139303
14.5721393035
14.5870646766
14.6019900498
14.6218905473
14.6417910448
14.6616915423
14.6815920398
14.7014925373
14.7213930348
14.7412935323
14.7611940299
14.7810945274
14.8009950249
14.8208955224
14.8407960199
14.8606965174
14.8805970149
14.9004975124
14.92039801
14.9353233831
14.9502487562
14.9651741294
14.9800995025
14.9950248756
15.0099502488
15.0248756219
15.039800995
15.0547263682
15.0696517413
15.0845771144
15.0995024876
15.1144278607
15.1293532338
15.144278607
15.1592039801
15.1741293532
15.1890547264
15.2039800995
15.2189054726
15.2338308458
15.2537313433
15.2736318408
15.2935323383
15.3134328358
15.3333333333
15.3532338308
15.3731343284
15.3930348259
15.4129353234
15.4328358209
15.4527363184
15.4726368159
15.4925373134
15.5124378109
15.5323383085
15.552238806
15.5721393035
15.592039801
15.6119402985
15.631840796
15.6517412935
15.671641791
15.6915422886
15.7114427861
15.7313432836
15.7512437811
15.7711442786
15.7910447761
15.8109452736
15.8308457711
15.8507462687
15.8706467662
15.8905472637
15.9104477612
15.9303482587
15.9502487562
15.9701492537
15.9900497512
16.0099502488
16.0298507463
16.0497512438
16.0696517413
16.0895522388
16.1094527363
16.1293532338
16.1492537313
16.1691542289
16.1890547264
16.2089552239
16.2288557214
16.2487562189
16.2686567164
16.2885572139
16.3084577114
16.328358209
16.3482587065
16.368159204
16.3880597015
16.407960199
16.4278606965
16.447761194
16.4676616915
16.4875621891
16.5074626866
16.5273631841
16.5472636816
16.5671641791
16.5870646766
16.6069651741
16.6268656716
16.6467661692
16.6666666667
16.6865671642
16.7064676617
16.7263681592
16.7462686567
16.7661691542
16.7860696517
16.8059701493
16.8258706468
16.8407960199
16.855721393
16.8706467662
16.8855721393
16.9004975124
16.9154228856
16.9303482587
16.9452736318
16.960199005
16.9751243781
16.9900497512
17.0049751244
17.0199004975
17.0348258706
17.0497512438
17.0646766169
17.07960199
17.0945273632
17.1094527363
17.1243781095
17.1393034826
17.1542288557
17.1691542289
17.184079602
17.1990049751
17.2139303483
17.2288557214
17.2437810945
17.2587064677
17.2736318408
17.2885572139
17.2985074627
17.3084577114
17.3184079602
17.328358209
17.3383084577
17.3482587065
17.3582089552
17.368159204
17.3781094527
17.3880597015
17.3980099502
17.407960199
17.4179104478
17.4278606965
17.4378109453
17.447761194
17.4577114428
17.4676616915
17.4776119403
17.4875621891
17.4975124378
17.5074626866
17.5174129353
17.5273631841
17.5373134328
17.5472636816
17.5572139303
17.5671641791
17.5771144279
17.5870646766
17.5970149254
17.6069651741
17.6169154229
17.6268656716
17.6368159204
17.6467661692
17.6567164179
17.6666666667
17.6766169154
17.6865671642
17.6965174129
17.7064676617
17.7164179104
17.7263681592
17.736318408
17.7462686567
17.7562189055
17.7661691542
17.776119403
17.7860696517
17.7960199005
17.8059701493
17.815920398
17.8208955224
17.8258706468
17.8308457711
17.8358208955
17.8407960199
17.8457711443
17.8507462687
17.855721393
17.8606965174
17.8656716418
17.8706467662
17.8756218905
17.8805970149
17.8855721393
17.8905472637
17.8955223881
17.9004975124
17.9054726368
17.9104477612
17.9154228856
17.92039801
17.9253731343
17.9303482587
17.9353233831
17.9402985075
17.9452736318
17.9502487562
17.9552238806
17.960199005
17.9651741294
17.9701492537
17.9751243781
17.9800995025
17.9850746269
17.9900497512
17.9950248756
18.0
18.0
18.0
18.0
18.0
18.0
18.0
18.0
18.0
18.0
18.0
18.0
18.0
18.0
18.0
18.0
18.0
18.0
18.0
18.0
18.0
18.0
18.0
18.0
18.0
18.0
18.0
18.0
18.0
18.0
18.0
18.0
18.0
18.0049751244
18.0099502488
18.0149253731
18.0199004975
18.0248756219
18.0298507463
18.0348258706
18.039800995
18.0447761194
18.0497512438
18.0547263682
18.0597014925
18.0646766169
18.0696517413
18.0746268657
18.07960199
18.0845771144
18.0895522388
18.0945273632
18.0995024876
18.1044776119
18.1094527363
18.1144278607
18.1194029851
18.1243781095
18.1293532338
18.1343283582
18.1393034826
18.144278607
18.1492537313
18.1542288557
18.1592039801
18.1641791045
18.1691542289
18.1741293532
18.1791044776
18.184079602
18.1890547264
18.1940298507
18.1990049751
18.2039800995
18.2089552239
18.2139303483
18.2189054726
18.223880597
18.2288557214
18.2338308458
18.2388059701
18.2437810945
18.2487562189
18.2537313433
18.2587064677
18.263681592
18.2686567164
18.2736318408
18.2786069652
18.2835820896
18.2885572139
18.2935323383
18.2985074627
18.3034825871
18.3084577114
18.3134328358
18.3184079602
18.3233830846
18.328358209
18.3333333333
18.3383084577
18.3432835821
18.3482587065
18.3532338308
18.3582089552
18.3631840796
18.368159204
18.3731343284
18.3781094527
18.3830845771
18.3880597015
18.3930348259
18.3980099502
18.4029850746
18.407960199
18.4129353234
18.4179104478
18.4228855721
18.4278606965
18.4328358209
18.4378109453
18.4427860697
18.447761194
18.4527363184
18.4577114428
18.4626865672
18.4676616915
18.4726368159
18.4776119403
18.4825870647
18.4875621891
18.4925373134
18.4975124378
18.5024875622
18.5074626866
18.5124378109
18.5174129353
18.5223880597
18.5273631841
18.5323383085
18.5373134328
18.5422885572
18.5472636816
18.552238806
18.5572139303
18.5671641791
18.5771144279
18.5870646766
18.5970149254
18.6069651741
18.6169154229
18.6268656716
18.6368159204
18.6467661692
18.6567164179
18.6666666667
18.6766169154
18.6865671642
18.6965174129
18.7064676617
18.7164179104
18.7263681592
18.736318408
18.7462686567
18.7562189055
18.7661691542
18.776119403
18.7860696517
18.7960199005
18.8059701493
18.815920398
18.8258706468
18.8358208955
18.8457711443
18.855721393
18.8656716418
18.8756218905
18.8855721393
18.8955223881
18.9054726368
18.9154228856
18.9253731343
18.9353233831
18.9452736318
18.9552238806
18.9651741294
18.9751243781
18.9850746269
18.9950248756
19.0049751244
19.0149253731
19.0248756219
19.0348258706
19.0447761194
19.0547263682
19.0646766169
19.0746268657
19.0845771144
19.0945273632
19.1044776119
19.1144278607
19.1243781095
19.1343283582
19.144278607
19.1542288557
19.1641791045
19.1741293532
19.184079602
19.1940298507
19.2039800995
19.2139303483
19.223880597
19.2338308458
19.2437810945
19.2537313433
19.263681592
19.2736318408
19.2835820896
19.2935323383
19.3034825871
19.3134328358
19.3233830846
19.3333333333
19.3432835821
19.3532338308
19.3631840796
19.3731343284
19.3830845771
19.3930348259
19.4029850746
19.4129353234
19.4228855721
19.4328358209
19.4427860697
19.447761194
19.4527363184
19.4577114428
19.4626865672
19.4676616915
19.4726368159
19.4776119403
19.4825870647
19.4875621891
19.4925373134
19.4975124378
19.5024875622
19.5074626866
19.5124378109
19.5174129353
19.5223880597
19.5273631841
19.5323383085
19.5373134328
19.5422885572
19.5472636816
19.552238806
19.5572139303
19.5621890547
19.5671641791
19.5721393035
19.5771144279
19.5820895522
19.5870646766
19.592039801
19.5970149254
19.6019900498
19.6069651741
19.6119402985
19.6169154229
19.6218905473
19.6268656716
19.631840796
19.6368159204
19.6417910448
19.6467661692
19.6517412935
19.6567164179
19.6616915423
19.6666666667
19.671641791
19.6766169154
19.6815920398
19.6865671642
19.6915422886
19.6965174129
19.7014925373
19.7064676617
19.7114427861
19.7164179104
19.7213930348
19.7263681592
19.7313432836
19.736318408
19.7412935323
19.7462686567
19.7512437811
19.7562189055
19.7611940299
19.7661691542
19.7711442786
19.776119403
19.7810945274
19.7860696517
19.7910447761
19.7960199005
19.8009950249
19.8059701493
19.8109452736
19.815920398
19.8208955224
19.8258706468
19.8308457711
19.8358208955
19.8407960199
19.8457711443
19.8507462687
19.855721393
19.8606965174
19.8656716418
19.8706467662
19.8756218905
19.8805970149
19.8855721393
19.8905472637
19.8955223881
19.9004975124
19.9054726368
19.9104477612
19.9154228856
19.92039801
19.9253731343
19.9303482587
19.9353233831
19.9402985075
19.9452736318
19.9502487562
19.9552238806
19.960199005
19.9651741294
19.9701492537
19.9751243781
19.9800995025
19.9850746269
19.9900497512
19.9950248756
20.0
20.0
20.0
20.0
20.0
20.0
20.0
20.0
20.0
20.0
20.0
20.0
20.0
20.0
20.0
20.0
20.0
20.0
20.0
20.0
20.0
20.0
20.0
20.0
20.0
20.0
20.0
20.0
20.0
20.0
20.0
20.0
20.0
20.0
20.0
20.0
20.0
20.0
20.0
20.0
20.0
20.0
20.0
20.0
20.0
20.0
20.0
20.0
20.0
20.0
20.0
20.0
20.0
20.0
20.0
20.0
20.0
20.0
20.0
20.0
20.0
20.0
20.0
20.0
20.0
20.0
20.0
20.0
20.0
20.0
20.0
20.0
20.0
20.0
20.0
20.0
20.0
20.0
20.0
20.0
20.0
20.0
20.0
20.0
20.0
20.0
20.0
20.0
20.0
20.0
20.0
20.0
20.0
20.0
20.0
20.0
20.0
20.0
20.0
20.0
20.0
20.0
20.0
20.0
20.0
20.0
20.0
20.0
20.0
20.0
20.0
20.0
20.0
20.0
20.0
20.0
20.0
20.0
20.0
20.0
20.0
20.0
20.0
20.0
20.0
20.0
20.0
20.0
20.0
20.0
20.0
20.0049751244
20.0099502488
20.0149253731
20.0199004975
20.0248756219
20.0298507463
20.0348258706
20.039800995
20.0447761194
20.0497512438
20.0547263682
20.0597014925
20.0646766169
20.0696517413
20.0746268657
20.07960199
20.0845771144
20.0895522388
20.0945273632
20.0995024876
20.1044776119
20.1094527363
20.1144278607
20.1194029851
20.1243781095
20.1293532338
20.1343283582
20.1393034826
20.144278607
20.1492537313
20.1542288557
20.1592039801
20.1641791045
20.1691542289
20.1741293532
20.1791044776
20.184079602
20.1890547264
20.1940298507
20.1990049751
20.2039800995
20.2089552239
20.2139303483
20.2189054726
20.223880597
20.2288557214
20.2338308458
20.2388059701
20.2437810945
20.2487562189
20.2587064677
20.2686567164
20.2786069652
20.2885572139
20.2985074627
20.3084577114
20.3184079602
20.328358209
20.3383084577
20.3482587065
20.3582089552
20.368159204
20.3781094527
20.3880597015
20.3980099502
20.407960199
20.4179104478
20.4278606965
20.4378109453
20.447761194
20.4577114428
20.4676616915
20.4776119403
20.4875621891
20.4975124378
20.5074626866
20.5174129353
20.5273631841
20.5373134328
20.5472636816
20.5572139303
20.5671641791
20.5771144279
20.5870646766
20.5970149254
20.6069651741
20.6169154229
20.6268656716
20.6368159204
20.6467661692
20.6567164179
20.6666666667
20.6766169154
20.6865671642
20.6965174129
20.7064676617
20.7164179104
20.7263681592
20.736318408
20.7462686567
20.7562189055
20.7661691542
20.776119403
20.7860696517
20.7960199005
20.8059701493
20.815920398
20.8258706468
20.8358208955
20.8457711443
20.855721393
20.8656716418
20.8756218905
20.8855721393
20.8955223881
20.9054726368
20.9154228856
20.9253731343
20.9353233831
20.9452736318
20.9552238806
20.9651741294
20.9751243781
20.9850746269
20.9950248756
21.0049751244
21.0149253731
21.0248756219
21.0348258706
21.0447761194
21.0547263682
21.0646766169
21.0746268657
21.0845771144
21.0945273632
21.1044776119
21.1144278607
21.1243781095
21.1343283582
21.144278607
21.1542288557
21.1641791045
21.1741293532
21.184079602
21.1940298507
21.2039800995
21.2139303483
21.223880597
21.2338308458
21.2437810945
21.2537313433
21.263681592
21.2736318408
21.2835820896
21.2935323383
21.3034825871
21.3134328358
21.3233830846
21.3333333333
21.3432835821
21.3532338308
21.3631840796
21.3731343284
21.3830845771
21.3930348259
21.4029850746
21.4129353234
21.4228855721
21.4328358209
21.4427860697
21.4527363184
21.4626865672
21.4726368159
21.4825870647
21.4925373134
21.5024875622
21.5124378109
21.5223880597
21.5323383085
21.5422885572
21.552238806
21.5621890547
21.5721393035
21.5820895522
21.592039801
21.6019900498
21.6119402985
21.6218905473
21.631840796
21.6417910448
21.6517412935
21.6616915423
21.671641791
21.6815920398
21.6915422886
21.7014925373
21.7114427861
21.7213930348
21.7313432836
21.7412935323
21.7512437811
21.7562189055
21.7611940299
21.7661691542
21.7711442786
21.776119403
21.7810945274
21.7860696517
21.7910447761
21.7960199005
21.8009950249
21.8059701493
21.8109452736
21.815920398
21.8208955224
21.8258706468
21.8308457711
21.8358208955
21.8407960199
21.8457711443
21.8507462687
21.855721393
21.8606965174
21.8656716418
21.8706467662
21.8756218905
21.8805970149
21.8855721393
21.8905472637
21.8955223881
21.9004975124
21.9054726368
21.9104477612
21.9154228856
21.92039801
21.9253731343
21.9303482587
21.9353233831
21.9402985075
21.9452736318
21.9502487562
21.9552238806
21.960199005
21.9651741294
21.9701492537
21.9751243781
21.9800995025
21.9850746269
21.9900497512
21.9950248756
22.0
22.0
22.0
22.0
22.0
22.0
22.0
22.0
22.0
22.0
22.0
22.0
22.0
22.0
22.0
22.0
22.0
22.0
22.0
22.0
22.0
22.0
22.0
22.0
22.0
22.0
22.0
22.0
22.0
22.0
22.0
22.0
22.0
22.0
22.0
22.0
22.0
22.0
22.0
22.0
22.0
22.0
22.0
22.0
22.0
22.0
22.0
22.0
22.0
22.0
22.0
22.0
22.0
22.0
22.0
22.0
22.0
22.0
22.0
22.0
22.0
22.0
22.0
22.0
22.0
22.0
22.0
22.0
22.0
22.0
22.0
22.0
22.0
22.0
22.0
22.0
22.0
22.0
22.0
22.0
22.0
22.0
22.0
22.0
22.0
22.0
22.0
22.0
22.0
22.0
22.0
22.0
22.0
22.0
22.0
22.0
22.0
22.0
22.0
22.0
22.0
22.0
22.0
22.0
22.0
22.0
22.0
22.0
22.0
22.0
22.0
22.0
22.0
22.0
22.0
22.0
22.0
22.0
22.0
22.0
22.0
22.0
22.0
22.0
22.0
22.0
22.0
22.0
22.0
22.0
22.0
22.0
22.0
22.0
22.0
22.0
22.0
22.0
22.0
22.0
22.0
22.0
22.0
22.0
22.0
22.0
22.0
22.0
22.0
22.0
22.0
22.0
22.0
22.0
22.0
22.0
22.0
22.0
22.0
22.0
22.0
22.0
22.0
22.0
22.0
22.0
22.0
22.0
22.0
22.0
22.0
22.0
22.0
22.0
22.0
22.0
22.0
22.0
22.0
22.0
22.0
22.0
22.0
22.0
22.0
22.0
22.0
22.0
22.0
22.0
22.0
22.0
22.0
22.0
22.0
22.0
22.0
22.0
22.0
22.0
22.0
22.0
22.0
22.0
22.0
22.0
22.0
22.0
22.0
22.0
22.0
22.0
22.0
22.0
22.0
22.0
22.0
22.0
22.0
22.0
22.0
22.0
22.0
22.0
22.0
22.0
22.0
22.0
22.0
22.0
22.0
22.0
22.0
22.0
22.0
22.0
22.0
22.0
22.0
22.0
22.0
22.0
22.0
22.0
22.0
22.0
22.0
22.0
22.0
22.0
22.0
22.0
22.0
22.0
22.0
22.0
22.0
22.0
22.0
22.0
22.0
22.0
22.0
22.0
22.0
22.0
22.0
22.0
22.0
22.0
22.0
22.0
22.0
22.0
22.0
22.0
22.0
22.0
22.0
22.0
22.0
22.0
22.0
22.0
22.0
22.0
22.0
22.0
22.0
22.0
22.0
22.0
22.0
22.0
22.0
22.0
22.0
22.0
22.0
22.0
22.0
22.0
22.0
22.0
22.0
22.0
22.0
22.0
22.0
22.0
22.0
22.0
22.0
22.0
22.0
22.0
22.0
22.0
22.0
22.0
22.0
22.0
22.0
22.0
22.0
22.0
22.0
22.0
22.0
22.0
22.0
22.0
22.0
22.0
22.0
22.0
22.0
22.0
22.0
22.0
22.0
22.0
22.0
22.0
22.0
22.0
22.0
22.0
22.0
22.0
22.0
22.0
22.0
22.0
22.0
22.0049751244
22.0099502488
22.0149253731
22.0199004975
22.0248756219
22.0298507463
22.0348258706
22.039800995
22.0447761194
22.0497512438
22.0547263682
22.0597014925
22.0646766169
22.0696517413
22.0746268657
22.0796019901
22.0845771144
22.0895522388
22.0945273632
22.0995024876
22.1044776119
22.1094527363
22.1144278607
22.1194029851
22.1243781095
22.1293532338
22.1343283582
22.1393034826
22.144278607
22.1492537313
22.1542288557
22.1592039801
22.1641791045
22.1691542289
22.1741293532
22.1791044776
22.184079602
22.1890547264
22.1940298507
22.1990049751
22.2039800995
22.2089552239
22.2139303483
22.2189054726
22.223880597
22.2288557214
22.2338308458
22.2388059701
22.2437810945
22.2487562189
22.2537313433
22.2587064677
22.263681592
22.2686567164
22.2736318408
22.2786069652
22.2835820896
22.2885572139
22.2935323383
22.2985074627
22.3034825871
22.3084577114
22.3134328358
22.3184079602
22.3233830846
22.328358209
22.3333333333
22.3383084577
22.3432835821
22.3482587065
22.3532338308
22.3582089552
22.3631840796
22.368159204
22.3731343284
22.3781094527
22.3830845771
22.3880597015
22.3930348259
22.3980099502
22.4029850746
22.407960199
22.4129353234
22.4179104478
22.4228855721
22.4278606965
22.4328358209
22.4378109453
22.4427860697
22.447761194
22.4527363184
22.4577114428
22.4626865672
22.4676616915
22.4726368159
22.4776119403
22.4825870647
22.4875621891
22.4925373134
22.4975124378
22.5024875622
22.5074626866
22.5124378109
22.5174129353
22.5223880597
22.5273631841
22.5323383085
22.5373134328
22.5422885572
22.5472636816
22.552238806
22.5572139303
22.5621890547
22.5671641791
22.5721393035
22.5771144279
22.5820895522
22.5870646766
22.592039801
22.5970149254
22.6019900498
22.6069651741
22.6119402985
22.6169154229
22.6218905473
22.6268656716
22.631840796
22.6368159204
22.6417910448
22.6467661692
22.6517412935
22.6567164179
22.6616915423
22.6666666667
22.671641791
22.6766169154
22.6815920398
22.6865671642
22.6915422886
22.6965174129
22.7014925373
22.7064676617
22.7114427861
22.7164179104
22.7213930348
22.7263681592
22.7313432836
22.736318408
22.7412935323
22.7462686567
22.7512437811
22.7562189055
22.7611940299
22.7661691542
22.7711442786
22.776119403
22.7810945274
22.7860696517
22.7910447761
22.7960199005
22.8009950249
22.8059701493
22.8109452736
22.815920398
22.8208955224
22.8258706468
22.8308457711
22.8358208955
22.8407960199
22.8457711443
22.8507462687
22.855721393
22.8606965174
22.8656716418
22.8706467662
22.8756218905
22.8805970149
22.8855721393
22.8905472637
22.8955223881
22.9004975124
22.9054726368
22.9104477612
22.9154228856
22.92039801
22.9253731343
22.9303482587
22.9353233831
22.9402985075
22.9452736318
22.9502487562
22.9552238806
22.960199005
22.9651741294
22.9701492537
22.9751243781
22.9800995025
22.9850746269
22.9900497512
22.9950248756
23.0
23.0
23.0
23.0
23.0
23.0
23.0
23.0
23.0
23.0
23.0
23.0
23.0
23.0
23.0
23.0
23.0
23.0
23.0
23.0
23.0
23.0
23.0
23.0
23.0
23.0
23.0
23.0
23.0
23.0
23.0
23.0
23.0
23.0
23.0
23.0
23.0
23.0
23.0
23.0
23.0
23.0
23.0
23.0
23.0
23.0
23.0
23.0
23.0
23.0
23.0
23.0
23.0
23.0
23.0
23.0
23.0
23.0
23.0
23.0
23.0
23.0
23.0
23.0
23.0
23.0
23.0
23.0
23.0
23.0
23.0
23.0
23.0
23.0
23.0
23.0
23.0
23.0
23.0
23.0
23.0
23.0
23.0
23.0
23.0
23.0
23.0
23.0
23.0
23.0
23.0
23.0
23.0
23.0
23.0
23.0
23.0
23.0
23.0
23.0
23.0
23.0
23.0
23.0
23.0
23.0
23.0
23.0
23.0
23.0
23.0
23.0
23.0
23.0
23.0
23.0
23.0
23.0
23.0
23.0
23.0
23.0
23.0
23.0
23.0
23.0
23.0
23.0
23.0
23.0
23.0
23.0
23.0
23.0
23.0
23.0
23.0
23.0
23.0
23.0
23.0
23.0
23.0
23.0
23.0
23.0
23.0
23.0
23.0
23.0
23.0
23.0
23.0
23.0
23.0
23.0
23.0
23.0
23.0
23.0
23.0
23.0
23.0
23.0
23.0
23.0
23.0
23.0
23.0
23.0
23.0
23.0
23.0
23.0
23.0
23.0
23.0
23.0
23.0
23.0
23.0
23.0
23.0
23.0
23.0
23.0
23.0
23.0
23.0
23.0
23.0
23.0
23.0
23.0
23.0
23.0
23.0
23.0
23.0
23.0
23.0
23.0
23.0
23.0
23.0
23.0
23.0
23.0
23.0
23.0
23.0
23.0
23.0
23.0
23.0
23.0
23.0
23.0
23.0
23.0
23.0
23.0
23.0
23.0
23.0
23.0
23.0
23.0
23.0
23.0
23.0
23.0
23.0
23.0
23.0
23.0
23.0
23.0
23.0
23.0
23.0
23.0
23.0
23.0
23.0
23.0
23.0
23.0
23.0
23.0
23.0
23.0
23.0
23.0
23.0
23.0
23.0
23.0
23.0
23.0
23.0
23.0
23.0
23.0
23.0
23.0
23.0
23.0
23.0
23.0
23.0
23.0
23.0
23.0
23.0
23.0
23.0
23.0
23.0
23.0
23.0
23.0
23.0
23.0
23.0
23.0
23.0
23.0
23.0
23.0
23.0
23.0
23.0
23.0
23.0
23.0
23.0
23.0
23.0
23.0
23.0
23.0
23.0
23.0
23.0
23.0
23.0
23.0
23.0
23.0
23.0
23.0
23.0
23.0
23.0
23.0
23.0
23.0
23.0
23.0
23.0
23.0
23.0
23.0
23.0
23.0
23.0
23.0
23.0
23.0
23.0
23.0
23.0
23.0
23.0
23.0
23.0
23.0
23.0
23.0
23.0
23.0
23.0
23.0
23.0
23.0
23.0
23.0
23.0
23.0
23.0
23.0
23.0
23.0
23.0
23.0
23.0
23.0
23.0
23.0
23.0
23.0
23.0
23.0
23.0
23.0
23.0
23.0
23.0
23.0
23.0
23.0
23.0
23.0
23.0
23.0
23.0
23.0
23.0
23.0
23.0
23.0
23.0
23.0
23.0
23.0
23.0
23.0
23.0
23.0
23.0
23.0
23.0
23.0
23.0
23.0
23.0
23.0
23.0
23.0
23.0
23.0
23.0
23.0
23.0
23.0
23.0
23.0
23.0
23.0
23.0
23.0
23.0
23.0
23.0
23.0
23.0
23.0
23.0
23.0
23.0
23.0
23.0
23.0
23.0
23.0
23.0
23.0
23.0
23.0
23.0
23.0
23.0
23.0
23.0
23.0
23.0
23.0
23.0
23.0
23.0
23.0
23.0
23.0
23.0
23.0
23.0
23.0
23.0
23.0
23.0
23.0
23.0
23.0
23.0
23.0
23.0
23.0
23.0
23.0
23.0
23.0
23.0
23.0
23.0
23.0
23.0
23.0
23.0
23.0
23.0
23.0
23.0
23.0
23.0
23.0
23.0
23.0
23.0
23.0
23.0
23.0
23.0
23.0
23.0
23.0
23.0
23.0
23.0
23.0
23.0
23.0
23.0
23.0
23.0
23.0
23.0
23.0
23.0
23.0
23.0
23.0
23.0
23.0
23.0
23.0
23.0
23.0
23.0
23.0
23.0
23.0
23.0
23.0
23.0
23.0
23.0
23.0
23.0
23.0
23.0
23.0
23.0
23.0
23.0
23.0
23.0
23.0
23.0
23.0
23.0
23.0
23.0
23.0
23.0
23.0
23.0
23.0
23.0
23.0
23.0
23.0
23.0
23.0
23.0
23.0
23.0
23.0
23.0
23.0
23.0
23.0
23.0
23.0
23.0
23.0
23.0
23.0
23.0
23.0
23.0
23.0
23.0
23.0
23.0
23.0
23.0
23.0
23.0
23.0
23.0
23.0
23.0
23.0
23.0
23.0
23.0
23.0
23.0
23.0
23.0
23.0
23.0
23.0
23.0
23.0
23.0
23.0
23.0
23.0
23.0
23.0
23.0
23.0
23.0
23.0
23.0
23.0
23.0
23.0
23.0
23.0
23.0
23.0
23.0
23.0
23.0
23.0
23.0
23.0
23.0
23.0
23.0
23.0
23.0
23.0
23.0
23.0
23.0
23.0
23.0
23.0
23.0
23.0
23.0
23.0
23.0
23.0
23.0
23.0
23.0
23.0
23.0
23.0
23.0
23.0
23.0
23.0
23.0
23.0
23.0
23.0
23.0
23.0
23.0
23.0
23.0
23.0
23.0
23.0
23.0
23.0
23.0
23.0
23.0
23.0
23.0
23.0
23.0
23.0
23.0
23.0
23.0
23.0
23.0
23.0
23.0
23.0
23.0
23.0
23.0
23.0
23.0
23.0
23.0
23.0
23.0
23.0
23.0
23.0
23.0
23.0
23.0
23.0
23.0
23.0
23.0
23.0
23.0
23.0
23.0
23.0
23.0
23.0
23.0
23.0
23.0
23.0
23.0
23.0
23.0
23.0
23.0
23.0
23.0
23.0
23.0
23.0
23.0
23.0
23.0
23.0
23.0
23.0
23.0
23.0
23.0
23.0
23.0
23.0
23.0
23.0
23.0
23.0
23.0
23.0
23.0
23.0
23.0
23.0
23.0
23.0
23.0
23.0
23.0
23.0
23.0
23.0
23.0
23.0
23.0
23.0
23.0
23.0
23.0
23.0
23.0
23.0
23.0
23.0
23.0
23.0
23.0
23.0
23.0
23.0
23.0
23.0
23.0
23.0
23.0
23.0
23.0
23.0
23.0
23.0
23.0
23.0
23.0
23.0
23.0
23.0
23.0
23.0
23.0
23.0
23.0
23.0
23.0
23.0
23.0
23.0
23.0
23.0
23.0
23.0
23.0
23.0
23.0
23.0
23.0
23.0
23.0
23.0
23.0
23.0
23.0
23.0
23.0
23.0
23.0
23.0
23.0
23.0
23.0
23.0
23.0
23.0
23.0
23.0
23.0
23.0
23.0
23.0
23.0
23.0
23.0
23.0
23.0
23.0
23.0
23.0
23.0
23.0
23.0
23.0
23.0
23.0
23.0
23.0
23.0
23.0
23.0
23.0
23.0
23.0
23.0
23.0
23.0
23.0
23.0
23.0
23.0
23.0
23.0
23.0
23.0
23.0
23.0
23.0
23.0
23.0
23.0
23.0
23.0
23.0
23.0
23.0
23.0
23.0
23.0
23.0
23.0
23.0
23.0
23.0
23.0
23.0
23.0
23.0
23.0
23.0
23.0
23.0
23.0
23.0
23.0
23.0
23.0
23.0
23.0
23.0
23.0
23.0
23.0
23.0
23.0
23.0
23.0
23.0
23.0
23.0
23.0
23.0
23.0
23.0
23.0
23.0
23.0
23.0
23.0
23.0
23.0
23.0
23.0
23.0
23.0
23.0
23.0
23.0
23.0
23.0
23.0
23.0
23.0
23.0
23.0
23.0
23.0
23.0
23.0
23.0
23.0
23.0
23.0
23.0
23.0
23.0
23.0
23.0
23.0
23.0
23.0
23.0
23.0
23.0
23.0
23.0
23.0
23.0
23.0
23.0
23.0
23.0
23.0
23.0
23.0
23.0
23.0
23.0
23.0
23.0
23.0
23.0
23.0
23.0
23.0
23.0
23.0
23.0
23.0
23.0
23.0
23.0
23.0
23.0
23.0
23.0
23.0
23.0
23.0
23.0
23.0
23.0
23.0
23.0
23.0
23.0
23.0
23.0
23.0
23.0
23.0
23.0
23.0
23.0
23.0
23.0
23.0
23.0
23.0
23.0
23.0
23.0
23.0
23.0
23.0
23.0
23.0
23.0
23.0
23.0
23.0
23.0
23.0
23.0
23.0
23.0
23.0
23.0
23.0
23.0
23.0
23.0
23.0
23.0
23.0
23.0
23.0
23.0
23.0
23.0
23.0
23.0
23.0
23.0
23.0
23.0
23.0
23.0
23.0
23.0
23.0
23.0
23.0
23.0
23.0
23.0
23.0
23.0
23.0
23.0
23.0
23.0
23.0
23.0
23.0
23.0
23.0
23.0
23.0
23.0
23.0
23.0
23.0
23.0
23.0
23.0
23.0
23.0
23.0
23.0
23.0
23.0
23.0
23.0
23.0
23.0
23.0
23.0
23.0
23.0
23.0
23.0
23.0
23.0
23.0
23.0
23.0
23.0
23.0
23.0
23.0
23.0
23.0
23.0
23.0
23.0
23.0
23.0
23.0
23.0
23.0
23.0
23.0
23.0
23.0
23.0
23.0
23.0
23.0
23.0
23.0
23.0
23.0
23.0
23.0
23.0
23.0
23.0
23.0
23.0
23.0
23.0
23.0
23.0
23.0
23.0
23.0
23.0
23.0
23.0
23.0
23.0
23.0
23.0
23.0
23.0
23.0
23.0
23.0
23.0
23.0
23.0
23.0
23.0
23.0
23.0
23.0
23.0
23.0
23.0
23.0
23.0
23.0
23.0
23.0
23.0
23.0
23.0
23.0
23.0
23.0
23.0
23.0
23.0
23.0
23.0
23.0
23.0
23.0
23.0
23.0
23.0
23.0
23.0
23.0
23.0
23.0
23.0
23.0
23.0
23.0
23.0
23.0
23.0
23.0
23.0
23.0
23.0
23.0
23.0
23.0
23.0
23.0
23.0
23.0
23.0
23.0
23.0
23.0
23.0
23.0
23.0
23.0
23.0
23.0
23.0
23.0
23.0
23.0
23.0
23.0
23.0
23.0
23.0
23.0
23.0
23.0
23.0
23.0
23.0
23.0
23.0
23.0
23.0
23.0
23.0
23.0
23.0
23.0
23.0
23.0
23.0
23.0
23.0
23.0
23.0
23.0
23.0
23.0
23.0
23.0
23.0
23.0
23.0
23.0
23.0
23.0
23.0
23.0
23.0
23.0
23.0
23.0
23.0
23.0
23.0
23.0
23.0
23.0
23.0
23.0
23.0
23.0
23.0
23.0
23.0
23.0
23.0
23.0
23.0
23.0
23.0
23.0
23.0
23.0
23.0
23.0
23.0
23.0
23.0
23.0
23.0
23.0
23.0
23.0
23.0
23.0
23.0
23.0
23.0
23.0
23.0
23.0
23.0
23.0
23.0
23.0
23.0
23.0
23.0
23.0
23.0
23.0
23.0
23.0
23.0
23.0
23.0
23.0
23.0
23.0
23.0
23.0
23.0
23.0
23.0
23.0
23.0
23.0
23.0
23.0
23.0
23.0
23.0
23.0
23.0
23.0
23.0
23.0
23.0
23.0
23.0
23.0
23.0
23.0
23.0
23.0
23.0
23.0
23.0
23.0
23.0
23.0
23.0
23.0
23.0
23.0
23.0
23.0
23.0
23.0
23.0
23.0
23.0
23.0
23.0
23.0
23.0
23.0
23.0
23.0
23.0
23.0
23.0
23.0
23.0
23.0
23.0
23.0
23.0
23.0
23.0
23.0
23.0
23.0
23.0
23.0
23.0
23.0
23.0
23.0
23.0
23.0
23.0
23.0
23.0
23.0
23.0
23.0
23.0
23.0
23.0
23.0
23.0
23.0
23.0
23.0
23.0
23.0
23.0
23.0
23.0
23.0
23.0
23.0
23.0
23.0
23.0
23.0
23.0
23.0
23.0
23.0
23.0
23.0
23.0
23.0
23.0
23.0
23.0
23.0
23.0
23.0
23.0
23.0
23.0
23.0
23.0
23.0
23.0
23.0
23.0
23.0
23.0
23.0
23.0
23.0
23.0
23.0
23.0
23.0
23.0
23.0
23.0
23.0
23.0
23.0
23.0
23.0
23.0
23.0
23.0
23.0
23.0
23.0
23.0
23.0
23.0
23.0
23.0
23.0
23.0
23.0
23.0
23.0
23.0
23.0
23.0
23.0
23.0
23.0
23.0
23.0
23.0
23.0
23.0
23.0
23.0
23.0
23.0
23.0
23.0
23.0
23.0
23.0
23.0
23.0
23.0
23.0
23.0
23.0
23.0
23.0
23.0
23.0
23.0
23.0
23.0
23.0
23.0
23.0
23.0
23.0
23.0
23.0
23.0
23.0
23.0
23.0
23.0
23.0
23.0
23.0
23.0
23.0
23.0
23.0
23.0
23.0
23.0
23.0
23.0
23.0
23.0
23.0
23.0
23.0
23.0
23.0
23.0
23.0
23.0
23.0
23.0
23.0
23.0
23.0
23.0
23.0
23.0
23.0
23.0
23.0
23.0
23.0
23.0
23.0
23.0
23.0
23.0
23.0
23.0
23.0
23.0
23.0
23.0
23.0
23.0
23.0
23.0
23.0
23.0
23.0
23.0
23.0
23.0
23.0
23.0
23.0
23.0
23.0
23.0
23.0
23.0
23.0
23.0
23.0
23.0
23.0
23.0
23.0
23.0
23.0
23.0
23.0
23.0
23.0
23.0
23.0
23.0
23.0
23.0
23.0
23.0
23.0
23.0
23.0
23.0
23.0
23.0
23.0
23.0
23.0
23.0
23.0
23.0
23.0
23.0
23.0
23.0
23.0
23.0
23.0
23.0
23.0
23.0
23.0
23.0
23.0
23.0
23.0
23.0
23.0
23.0
23.0
23.0
23.0
23.0
23.0
23.0
23.0
23.0
23.0
23.0
23.0
23.0
23.0
23.0
23.0
23.0
23.0
23.0
23.0
23.0
23.0
23.0
23.0
23.0
23.0
23.0
23.0
23.0
23.0
23.0
23.0
23.0
23.0
23.0
23.0
23.0
23.0
23.0
23.0
23.0
23.0
23.0
23.0
23.0
23.0
23.0
23.0
23.0
23.0
23.0
23.0
23.0
23.0
23.0
23.0
23.0
23.0
23.0
23.0
23.0
23.0
23.0
23.0
23.0
23.0
23.0
23.0
23.0
23.0
23.0
23.0
23.0
23.0
23.0
23.0
23.0
23.0
23.0
23.0
23.0
23.0
23.0
23.0
23.0
23.0
23.0
23.0
23.0
23.0
23.0
23.0
23.0
23.0
23.0
23.0
23.0
23.0
23.0
23.0
23.0
23.0
23.0
23.0
23.0
23.0
23.0
23.0
23.0
23.0
23.0
23.0
23.0
23.0
23.0
23.0
23.0
23.0
23.0
23.0
23.0
23.0
23.0
23.0
23.0
23.0
23.0
23.0
23.0
23.0
23.0
23.0
23.0
23.0
23.0
23.0
23.0
23.0
23.0
23.0
23.0
23.0
23.0
23.0
23.0
23.0
23.0
23.0
23.0
23.0
23.0
23.0
23.0
23.0
23.0
23.0
23.0
23.0
23.0
23.0
23.0
23.0
23.0
23.0
23.0
23.0
23.0
23.0
23.0
23.0
23.0
23.0
23.0
23.0
23.0
23.0
23.0
23.0
23.0
23.0
23.0
23.0
23.0
23.0
23.0
23.0
23.0
23.0
23.0
23.0
23.0
23.0
23.0
23.0
23.0
23.0
23.0
23.0
23.0
23.0
23.0
23.0
23.0
23.0
23.0
23.0
23.0
23.0
23.0
23.0
23.0
23.0
23.0
23.0
23.0
23.0
23.0
23.0
23.0
23.0
23.0
23.0
23.0
23.0
23.0
23.0
23.0
23.0
23.0
23.0
23.0
23.0
23.0
23.0
23.0
23.0
23.0
23.0
23.0
23.0
23.0
23.0
23.0
23.0
23.0
23.0
23.0
23.0
23.0
23.0
23.0
23.0
23.0
23.0
23.0
23.0
23.0
23.0
23.0
23.0
23.0
23.0
23.0
23.0
23.0
23.0
23.0
23.0
23.0
23.0
23.0
23.0
23.0
23.0
23.0
23.0
23.0
23.0
23.0
23.0
23.0
23.0
23.0
23.0
23.0
23.0
23.0
23.0
23.0
23.0
23.0
23.0
23.0
23.0
23.0
23.0
23.0
23.0
23.0
23.0
23.0
23.0
23.0
23.0
23.0
23.0
23.0
23.0
23.0
23.0
23.0
23.0
23.0
23.0
23.0
23.0
23.0
23.0
23.0
23.0
23.0
23.0
23.0
23.0
23.0
23.0
23.0
23.0
23.0
23.0
23.0
23.0
23.0
23.0
23.0
23.0
23.0
23.0
23.0
23.0
23.0
23.0
23.0
23.0
23.0
23.0
23.0
23.0
23.0
23.0
23.0
23.0
23.0
23.0
23.0
23.0
23.0
23.0
23.0
23.0
23.0
23.0
23.0
23.0
23.0
23.0
23.0
23.0
23.0
23.0
23.0
23.0
23.0
23.0
23.0
23.0
23.0
23.0
23.0
23.0
23.0
23.0
23.0
23.0
23.0
23.0
23.0
23.0
23.0
23.0
23.0
23.0
23.0
23.0
23.0
23.0
23.0
23.0
23.0
23.0
23.0
23.0
23.0
23.0
23.0
23.0
23.0
23.0
23.0
23.0
23.0
23.0
23.0
23.0
23.0
23.0
23.0
23.0
23.0
23.0
23.0
23.0
23.0
23.0
23.0
23.0
23.0
23.0
23.0
23.0
23.0
23.0
23.0
23.0
23.0
23.0
23.0
23.0
23.0
23.0
23.0
23.0
23.0
23.0
23.0
23.0
23.0
23.0
23.0
23.0
23.0
23.0
23.0
23.0
23.0
23.0
23.0
23.0
23.0
23.0
23.0
23.0
23.0
23.0
23.0
23.0
23.0
23.0
23.0
23.0
23.0
23.0
23.0
23.0
23.0
23.0
23.0
23.0
23.0
23.0
23.0
23.0
23.0
23.0
23.0
23.0
23.0
23.0
23.0
23.0
23.0
23.0
23.0
23.0
23.0
23.0
23.0
23.0
23.0
23.0
23.0
23.0
23.0
23.0
23.0
23.0
23.0
23.0
23.0
23.0
23.0
23.0
23.0
23.0
23.0
23.0
23.0
23.0
23.0
23.0
23.0
23.0
23.0
23.0
23.0
23.0
23.0
23.0
23.0
23.0
23.0
23.0
23.0
23.0
23.0
23.0
23.0
23.0
23.0
23.0
23.0
23.0
23.0
23.0
23.0
23.0
23.0
23.0
23.0
23.0
23.0
23.0
23.0
23.0
23.0
23.0
23.0
23.0
23.0
23.0
23.0
23.0
23.0
23.0
23.0
23.0
23.0
23.0
23.0
23.0
23.0
23.0
23.0
23.0
23.0
23.0
23.0
23.0
23.0
23.0
23.0
23.0
23.0
23.0
23.0
23.0
23.0
23.0
23.0
23.0
23.0
23.0
23.0
23.0
23.0
23.0
23.0
23.0
23.0
23.0
23.0
23.0
23.0
23.0
23.0
23.0
23.0
23.0
23.0
23.0
23.0
23.0
23.0
23.0
23.0
23.0
23.0
23.0
23.0
23.0
23.0
23.0
23.0
23.0
23.0
23.0
23.0
23.0
23.0
23.0
23.0
23.0
23.0
23.0
23.0
23.0
23.0
23.0
23.0
23.0
23.0
23.0
23.0
23.0
23.0
23.0
23.0
23.0
23.0
23.0
23.0
23.0
23.0
23.0
23.0
23.0
23.0
23.0
23.0
23.0
23.0
23.0
23.0
23.0
23.0
23.0
23.0
23.0
23.0
23.0
23.0
23.0
23.0
23.0
23.0
23.0
23.0
23.0
23.0
23.0
23.0
23.0
23.0
23.0
23.0
23.0
23.0
23.0
23.0
23.0
23.0
23.0
23.0
23.0
23.0
23.0
23.0
23.0
23.0
23.0
23.0
23.0
23.0
23.0
23.0
23.0
23.0
23.0
23.0
23.0
23.0
23.0
23.0
23.0
23.0
23.0
23.0
23.0
23.0
23.0
23.0
23.0
23.0
23.0
23.0
23.0
23.0
23.0
23.0
23.0
23.0
23.0
23.0
23.0
23.0
23.0
23.0
23.0
23.0
23.0
23.0
23.0
23.0
23.0
23.0
23.0
23.0
23.0
23.0
23.0
23.0
23.0
23.0
23.0
23.0
23.0
23.0
23.0
23.0
23.0
23.0
23.0
23.0
23.0
23.0
23.0
23.0
23.0
23.0
23.0
23.0
23.0
23.0
23.0
23.0
23.0
23.0
23.0
23.0
23.0
23.0
23.0
23.0
23.0
23.0
