0.00990099009901
0.0197049116676
0.0294136495317
0.0390290341471
0.0485528436709
0.0579868059351
0.0673326003276
0.0765918595868
0.0857661715134
0.0948570806044
0.103866089613
0.112794661042
0.121644218564
0.130416148389
0.139111800563
0.147732490218
0.156279498765
0.164754075036
0.17315743638
0.181490769714
0.189755232524
0.197951953835
0.206082035136
0.214146551265
0.222146551265
0.230083059202
0.23795707495
0.25358207495
0.269085950919
0.284470566303
0.299737741876
0.314889257027
0.329926851012
0.344852224146
0.359667038961
0.374372921314
0.38897146146
0.403464215083
0.417852704292
0.432138418578
0.446322815741
0.460407322783
0.474393336769
0.488282225658
0.502075329106
0.515773959243
0.52937940142
0.542892914934
0.556315733726
0.569649067059
0.582894100172
0.596051994908
0.609123890333
0.62211090332
0.635014129127
0.647834641947
0.66057349545
0.673231723298
0.685810339651
0.698310339651
0.710732699899
0.723078378911
0.735348317562
0.747543439513
0.759664651634
0.771712844405
0.783688892309
0.795593654214
0.807427973741
0.819192679623
0.830888586056
0.842516493033
0.854077186674
0.865571439548
0.877000010976
0.88836364734
0.899663082368
0.910899037425
0.922072221782
0.933183332893
0.94423305665
0.955222067639
0.966151029388
0.977020594605
0.987831405416
0.998584093588
1.01462687434
1.03058432115
1.04645733702
1.0622468107
1.07795361699
1.09357861699
1.10912265844
1.12458657596
1.13997119135
1.1552773138
1.17050574019
1.18565725534
1.20073263223
1.21573263223
1.23065800536
1.2455833785
1.26050875163
1.27543412476
1.2903594979
1.30528487103
1.32021024417
1.3351356173
1.35006099044
1.36498636357
1.3799117367
1.39483710984
1.40976248297
1.42468785611
1.43961322924
1.45453860238
1.46946397551
1.48438934865
1.49931472178
1.51424009491
1.52916546805
1.54409084118
1.55901621432
1.57394158745
1.58886696059
1.60379233372
1.61871770685
1.63364307999
1.64856845312
1.66349382626
1.67841919939
1.69334457253
1.70826994566
1.72319531879
1.73812069193
1.75304606506
1.7679714382
1.78289681133
1.79284706009
1.80279730884
1.8127475576
1.82269780636
1.83264805511
1.84259830387
1.85254855263
1.86249880138
1.87244905014
1.88239929889
1.89234954765
1.90229979641
1.91225004516
1.92220029392
1.93215054267
1.94210079143
1.95205104019
1.96200128894
1.9719515377
1.98190178646
1.99185203521
2.00180228397
2.01175253272
2.02667790586
2.04160327899
2.05652865213
2.07145402526
2.0863793984
2.10130477153
2.11623014466
2.1311555178
2.14608089093
2.16100626407
2.1759316372
2.19085701034
2.20578238347
2.22070775661
2.23563312974
2.25055850287
2.26548387601
2.28040924914
2.29533462228
2.31025999541
2.32518536855
2.34011074168
2.35503611481
2.36996148795
2.38488686108
2.39981223422
2.41473760735
2.42966298049
2.44458835362
2.45951372675
2.47443909989
2.48936447302
2.50428984616
2.51921521929
2.53414059243
2.54906596556
2.56399133869
2.57891671183
2.59384208496
2.6087674581
2.62369283123
2.63861820437
2.6535435775
2.66846895064
2.68339432377
2.6983196969
2.71822019442
2.73812069193
2.75802118944
2.77792168695
2.79782218447
2.81772268198
2.83762317949
2.857523677
2.87742417452
2.89732467203
2.91722516954
2.93712566705
2.95702616457
2.97692666208
2.99682715959
3.0167276571
3.03662815462
3.05652865213
3.07642914964
3.09632964715
3.11623014466
3.1311555178
3.14608089093
3.16100626407
3.1759316372
3.19085701034
3.20578238347
3.22070775661
3.23563312974
3.25055850287
3.27045900039
3.2903594979
3.31025999541
3.33016049292
3.35006099044
3.36996148795
3.38986198546
3.40976248297
3.42966298049
3.449563478
3.46946397551
3.48936447302
3.51424009491
3.5391157168
3.56399133869
3.59384208496
3.62369283123
3.6535435775
3.68339432377
3.71324507004
3.74309581631
3.77294656258
3.80279730884
3.83264805511
3.86249880138
3.89234954765
3.92220029392
3.95205104019
3.98190178646
4.01175253272
4.04160327899
4.07145402526
4.10130477153
4.1311555178
4.16100626407
4.19085701034
4.22070775661
4.25055850287
4.28538437352
4.32021024417
4.35503611481
4.38986198546
4.42468785611
4.45951372675
4.4943395974
4.52916546805
4.56399133869
4.59881720934
4.63364307999
4.66846895064
4.6983196969
4.72817044317
4.75802118944
4.78787193571
4.81772268198
4.84757342825
4.87742417452
4.90727492078
4.93712566705
4.96697641332
4.99682715959
5.02667790586
5.05652865213
5.0863793984
5.11623014466
5.14608089093
5.1759316372
5.20578238347
5.23563312974
5.26548387601
5.29533462228
5.32518536855
5.35503611481
5.38488686108
5.41473760735
5.44458835362
5.47443909989
5.50428984616
5.53414059243
5.56399133869
5.59881720934
5.63364307999
5.66846895064
5.70329482128
5.73812069193
5.77294656258
5.80777243322
5.84259830387
5.88239929889
5.92220029392
5.96200128894
6.00180228397
6.04160327899
6.08140427402
6.12120526904
6.16100626407
6.20080725909
6.24060825412
6.28040924914
6.32021024417
6.36001123919
6.39981223422
6.43961322924
6.47941422427
6.51921521929
6.55901621432
6.59881720934
6.63861820437
6.67841919939
6.71822019442
6.75802118944
6.79782218447
6.83762317949
6.87742417452
6.91722516954
6.95702616457
6.99682715959
7.03662815462
7.07642914964
7.11623014466
7.15603113969
7.19583213471
7.23563312974
7.27543412476
7.31523511979
7.35006099044
7.38488686108
7.41971273173
7.45453860238
7.48936447302
7.52419034367
7.55901621432
7.59384208496
7.62866795561
7.66349382626
7.6983196969
7.73314556755
7.7679714382
7.80279730884
7.83762317949
7.87244905014
7.90727492078
7.94210079143
7.97692666208
8.01175253272
8.04657840337
8.08140427402
8.11623014466
8.15105601531
8.18588188596
8.22070775661
8.25553362725
8.2903594979
8.32518536855
8.36001123919
8.39483710984
8.42966298049
8.46448885113
8.50428984616
8.54409084118
8.58389183621
8.62369283123
8.66349382626
8.70329482128
8.74309581631
8.78289681133
8.82269780636
8.86249880138
8.90229979641
8.94210079143
8.98190178646
9.0167276571
9.05155352775
9.0863793984
9.12120526904
9.15603113969
9.19085701034
9.22568288098
9.26050875163
9.29533462228
9.33016049292
9.36498636357
9.39981223422
9.43961322924
9.47941422427
9.51921521929
9.55901621432
9.59881720934
9.63861820437
9.67841919939
9.71822019442
9.75802118944
9.79782218447
9.83762317949
9.88239929889
9.9271754183
9.9719515377
10.0167276571
10.0615037765
10.1062798959
10.1510560153
10.1908570103
10.2306580054
10.2704590004
10.3102599954
10.3500609904
10.3898619855
10.4296629805
10.4694639755
10.5092649705
10.5490659656
10.5888669606
10.6286679556
10.6634938263
10.6983196969
10.7331455676
10.7629963138
10.7928470601
10.8226978064
10.8525485526
10.8823992989
10.9122500452
10.9421007914
10.9769266621
11.0117525327
11.0465784034
11.081404274
11.1162301447
11.1510560153
11.185881886
11.225682881
11.265483876
11.305284871
11.3450858661
11.3848868611
11.4246878561
11.4644888511
11.5042898462
11.5440908412
11.5789167118
11.6137425825
11.6485684531
11.6833943238
11.7182201944
11.7530460651
11.7878719357
11.8226978064
11.857523677
11.8923495477
11.9271754183
11.9620012889
11.9968271596
12.0316530302
12.0664789009
12.1013047715
12.1361306422
12.1709565128
12.2057823835
12.2406082541
12.2754341248
12.3102599954
12.3450858661
12.3799117367
12.4147376074
12.449563478
12.4843893486
12.5192152193
12.5540410899
12.5888669606
12.6236928312
12.6585187019
12.6933445725
12.7281704432
12.7629963138
12.8027973088
12.8425983039
12.8823992989
12.9271754183
12.9719515377
13.0167276571
13.0615037765
13.1013047715
13.1411057666
13.1809067616
13.2207077566
13.2605087516
13.3003097467
13.3401107417
13.3799117367
13.4197127317
13.4595137268
13.4993147218
13.5391157168
13.5789167118
13.6187177069
13.6585187019
13.6983196969
13.7381206919
13.777921687
13.817722682
13.857523677
13.897324672
13.9371256671
13.9769266621
14.0167276571
14.0565286521
14.1013047715
14.1460808909
14.1908570103
14.2356331297
14.2804092491
14.3251853685
14.3699614879
14.4147376074
14.4595137268
14.5042898462
14.5490659656
14.593842085
14.6386182044
14.6833943238
14.7281704432
14.7729465626
14.817722682
14.8624988014
14.9072749208
14.9520510402
14.9968271596
15.041603279
15.0863793984
15.1311555178
15.1759316372
15.2207077566
15.2704590004
15.3202102442
15.3699614879
15.4197127317
15.4694639755
15.5192152193
15.5689664631
15.6187177069
15.6684689506
15.7182201944
15.7679714382
15.817722682
15.8674739258
15.9172251695
15.9669764133
16.0167276571
16.0664789009
16.1162301447
16.1659813884
16.2157326322
16.265483876
16.3152351198
16.3649863636
16.4147376074
16.4644888511
16.5192152193
16.5739415875
16.6236928312
16.673444075
16.7231953188
16.7729465626
16.8226978064
16.8724490501
16.9222002939
16.9719515377
17.0217027815
17.0714540253
17.121205269
17.1709565128
17.2207077566
17.2704590004
17.3202102442
17.3699614879
17.4197127317
17.4694639755
17.5192152193
17.5689664631
17.6187177069
17.6684689506
17.7182201944
17.7679714382
17.817722682
17.8624988014
17.9122500452
17.9620012889
18.0117525327
18.0615037765
18.1112550203
18.1610062641
18.2107575078
18.2605087516
18.3102599954
18.3600112392
18.4047873586
18.449563478
18.4943395974
18.5391157168
18.5838918362
18.6286679556
18.673444075
18.7182201944
18.7629963138
18.8077724332
18.8525485526
18.897324672
18.9421007914
18.9868769108
19.0316530302
19.0764291496
19.121205269
19.1659813884
19.2107575078
19.2555336273
19.3003097467
19.3450858661
19.3898619855
19.4346381049
19.4794142243
19.5241903437
19.5689664631
19.6137425825
19.6585187019
19.7032948213
19.7480709407
19.7928470601
19.8376231795
19.8823992989
19.9271754183
19.9719515377
20.0117525327
20.0565286521
20.1013047715
20.1460808909
20.1908570103
20.2356331297
20.2804092491
20.3251853685
20.3699614879
20.4147376074
20.4595137268
20.5042898462
20.5490659656
20.593842085
20.6386182044
20.6833943238
20.7281704432
20.7729465626
20.817722682
20.8624988014
20.9072749208
20.9520510402
20.9968271596
21.041603279
21.0863793984
21.1311555178
21.1759316372
21.2207077566
21.265483876
21.3102599954
21.3550361148
21.3998122342
21.4445883536
21.489364473
21.5341405924
21.5789167118
21.6236928312
21.6684689506
21.71324507
21.7580211894
21.8027973088
21.8475734282
21.8923495477
21.9371256671
21.9769266621
22.0167276571
22.0565286521
22.0913545228
22.1261803934
22.1610062641
22.1958321347
22.2306580054
22.265483876
22.3003097467
22.3351356173
22.3699614879
22.4047873586
22.4396132292
22.4744390999
22.5042898462
22.5341405924
22.5639913387
22.593842085
22.6236928312
22.6535435775
22.6833943238
22.71324507
22.7430958163
22.7729465626
22.8027973088
22.8326480551
22.8624988014
22.8923495477
22.9222002939
22.9570261646
22.9918520352
23.0217027815
23.0515535277
23.081404274
23.1112550203
23.1411057666
23.1709565128
23.2008072591
23.2306580054
23.2605087516
23.2903594979
23.3202102442
23.3500609904
23.3799117367
23.409762483
23.4396132292
23.4694639755
23.4993147218
23.529165468
23.5590162143
23.5888669606
23.6187177069
23.6485684531
23.6784191994
23.7082699457
23.7381206919
23.7679714382
23.7928470601
23.817722682
23.8425983039
23.8674739258
23.8923495477
23.9172251695
23.9421007914
23.9669764133
23.9968271596
24.0266779059
24.0565286521
24.0863793984
24.1162301447
24.1460808909
24.1759316372
24.2057823835
24.2356331297
24.265483876
24.2953346223
24.3251853685
24.3550361148
24.3848868611
24.4147376074
24.4445883536
24.4744390999
24.5042898462
24.5341405924
24.5639913387
24.593842085
24.6236928312
24.6535435775
24.6833943238
24.71324507
24.7430958163
24.7729465626
24.8027973088
24.8326480551
24.8624988014
24.8923495477
24.9222002939
24.9520510402
24.9819017865
25.0117525327
25.041603279
25.0764291496
25.1112550203
25.1460808909
25.1809067616
25.2157326322
25.2505585029
25.2853843735
25.3202102442
25.3550361148
25.3898619855
25.4246878561
25.4595137268
25.4943395974
25.529165468
25.5639913387
25.5988172093
25.63364308
25.6684689506
25.7032948213
25.7381206919
25.7729465626
25.8077724332
25.8425983039
25.8774241745
25.9122500452
25.9470759158
25.9819017865
26.0167276571
26.0515535277
26.0913545228
26.1311555178
26.1709565128
26.2107575078
26.2505585029
26.2903594979
26.3301604929
26.3699614879
26.409762483
26.449563478
26.489364473
26.529165468
26.5689664631
26.6087674581
26.6485684531
26.6883694481
26.7281704432
26.7679714382
26.8077724332
26.8425983039
26.8774241745
26.9122500452
26.9470759158
26.9819017865
27.0167276571
27.0515535277
27.0863793984
27.1162301447
27.1460808909
27.1759316372
27.2057823835
27.2356331297
27.265483876
27.2953346223
27.3251853685
27.3550361148
27.3848868611
27.4147376074
27.4445883536
27.4744390999
27.5042898462
27.5341405924
27.5639913387
27.593842085
27.6236928312
27.6535435775
27.6833943238
27.71324507
27.7430958163
27.7729465626
27.8027973088
27.8326480551
27.8624988014
27.8923495477
27.9222002939
27.9520510402
27.9819017865
28.0117525327
28.041603279
28.0714540253
28.1013047715
28.1311555178
28.1610062641
28.1908570103
28.2207077566
28.2505585029
28.2804092491
28.3102599954
28.3401107417
28.3699614879
28.3998122342
28.4296629805
28.4595137268
28.489364473
28.5192152193
28.5490659656
28.5789167118
28.6087674581
28.6386182044
28.6684689506
28.6983196969
28.7281704432
28.7580211894
28.7878719357
28.817722682
28.8475734282
28.8774241745
28.9072749208
28.9371256671
28.9669764133
28.9968271596
29.0266779059
29.0565286521
29.0913545228
29.1261803934
29.1610062641
29.1958321347
29.2306580054
29.265483876
29.3003097467
29.3351356173
29.3699614879
29.4047873586
29.4396132292
29.4744390999
29.5092649705
29.5440908412
29.5789167118
29.6137425825
29.6485684531
29.6833943238
29.7182201944
29.7530460651
29.7878719357
29.8226978064
29.857523677
29.8923495477
29.9271754183
29.9620012889
29.9968271596
30.0316530302
30.0664789009
30.1013047715
30.1361306422
30.1709565128
30.2057823835
30.2406082541
30.2754341248
30.3102599954
30.3450858661
30.3799117367
30.4147376074
30.449563478
30.4843893486
30.5192152193
30.5540410899
30.5838918362
30.6137425825
30.6435933287
30.673444075
30.7032948213
30.7331455676
30.7629963138
30.7928470601
30.8226978064
30.8525485526
30.8823992989
30.9122500452
30.9421007914
30.9719515377
31.001802284
31.0316530302
31.0615037765
31.0863793984
31.1112550203
31.1361306422
31.1610062641
31.185881886
31.2107575078
31.2356331297
31.2605087516
31.2853843735
31.3102599954
31.3351356173
31.3600112392
31.3848868611
31.409762483
31.4346381049
31.4595137268
31.4843893486
31.5092649705
31.5341405924
31.5540410899
31.5739415875
31.593842085
31.6137425825
31.63364308
31.6535435775
31.673444075
31.6933445725
31.71324507
31.7281704432
31.7430958163
31.7580211894
31.7729465626
31.7878719357
31.8027973088
31.817722682
31.8326480551
31.8475734282
31.8624988014
31.8774241745
31.8923495477
31.9072749208
31.9222002939
31.9371256671
31.9520510402
31.9669764133
31.9819017865
31.9968271596
32.0117525327
32.0217027815
32.0316530302
32.041603279
32.0515535277
32.0615037765
32.0714540253
32.081404274
32.0913545228
32.1013047715
32.1112550203
32.121205269
32.1361306422
32.1510560153
32.1659813884
32.1809067616
32.1958321347
32.2107575078
32.225682881
32.2406082541
32.2555336273
32.2704590004
32.2853843735
32.305284871
32.3251853685
32.3450858661
32.3649863636
32.3848868611
32.4047873586
32.4246878561
32.4445883536
32.4694639755
32.4993147218
32.529165468
32.5590162143
32.5888669606
32.6187177069
32.6485684531
32.6784191994
32.7082699457
32.7381206919
32.7679714382
32.7978221845
32.8276729307
32.857523677
32.8873744233
32.9172251695
32.9470759158
32.9769266621
33.0067774083
33.0366281546
33.0664789009
33.0963296472
33.1261803934
33.1560311397
33.185881886
33.2157326322
33.2455833785
33.2754341248
33.305284871
33.3351356173
33.3649863636
33.3948371098
33.4246878561
33.4545386024
33.4843893486
33.5142400949
33.5440908412
33.5739415875
33.6037923337
33.63364308
33.6634938263
33.6933445725
33.7231953188
33.7530460651
33.7828968113
33.8127475576
33.8425983039
33.8724490501
33.9022997964
33.9321505427
33.9620012889
33.9918520352
34.0217027815
34.0515535277
34.081404274
34.1112550203
34.1411057666
34.1709565128
34.2008072591
34.2306580054
34.2605087516
34.2903594979
34.3202102442
34.3450858661
34.3699614879
34.3948371098
34.4197127317
34.4445883536
34.4694639755
34.4943395974
34.5142400949
34.5341405924
34.5540410899
34.5739415875
34.593842085
34.6137425825
34.63364308
34.6535435775
34.673444075
34.6933445725
34.71324507
34.7331455676
34.7530460651
34.7729465626
34.7928470601
34.8127475576
34.8326480551
34.8525485526
34.8724490501
34.8923495477
34.9122500452
34.9321505427
34.9520510402
34.9719515377
34.9918520352
35.0117525327
35.0316530302
35.0515535277
35.0714540253
35.0913545228
35.1112550203
35.1311555178
35.1510560153
35.1709565128
35.1908570103
35.2107575078
35.2306580054
35.2505585029
35.2704590004
35.2903594979
35.3102599954
35.3301604929
35.3500609904
35.3699614879
35.3898619855
35.409762483
35.4296629805
35.449563478
35.4694639755
35.489364473
35.5092649705
35.529165468
35.5490659656
35.5689664631
35.5888669606
35.6087674581
35.6286679556
35.6485684531
35.6684689506
35.6883694481
35.7082699457
35.7281704432
35.7480709407
35.7679714382
35.7878719357
35.8077724332
35.8276729307
35.8475734282
35.8674739258
35.8873744233
35.9072749208
35.9271754183
35.9470759158
35.9669764133
35.9868769108
36.0067774083
36.0266779059
36.0465784034
36.0664789009
36.0863793984
36.1062798959
36.1261803934
36.1460808909
36.1659813884
36.185881886
36.2057823835
36.225682881
36.2455833785
36.265483876
36.2853843735
36.305284871
36.3251853685
36.3450858661
36.3649863636
36.3848868611
36.4047873586
36.4246878561
36.4445883536
36.4644888511
36.4843893486
36.5042898462
36.5241903437
36.5440908412
36.5639913387
36.5838918362
36.6037923337
36.6236928312
36.6435933287
36.6634938263
36.6833943238
36.7032948213
36.7231953188
36.7381206919
36.7530460651
36.7729465626
36.7928470601
36.8127475576
36.8326480551
36.8525485526
36.8724490501
36.8923495477
36.9122500452
36.9321505427
36.9470759158
36.9620012889
36.9769266621
36.9918520352
37.0067774083
37.0217027815
37.0366281546
37.0515535277
37.0615037765
37.0664789009
37.0714540253
37.0764291496
37.081404274
37.0863793984
37.0913545228
37.0963296472
37.1013047715
37.1062798959
37.1112550203
37.1162301447
37.121205269
37.1261803934
37.1311555178
37.1361306422
37.1411057666
37.1460808909
37.1510560153
37.1560311397
37.1610062641
37.1659813884
37.1709565128
37.1759316372
37.1809067616
37.185881886
37.1908570103
37.1958321347
37.2008072591
37.2057823835
37.2107575078
37.2157326322
37.2207077566
37.225682881
37.2306580054
37.2356331297
37.2406082541
37.2455833785
37.2505585029
37.2555336273
37.2605087516
37.265483876
37.2704590004
37.2754341248
37.2804092491
37.2853843735
37.2903594979
37.2953346223
37.3003097467
37.305284871
37.3102599954
37.3152351198
37.3202102442
37.3251853685
37.3301604929
37.3351356173
37.3401107417
37.3450858661
37.3500609904
37.3550361148
37.3600112392
37.3649863636
37.3699614879
37.3749366123
37.3799117367
37.3848868611
37.3898619855
37.3948371098
37.3998122342
37.4047873586
37.409762483
37.4147376074
37.4197127317
37.4246878561
37.4296629805
37.4346381049
37.4396132292
37.4445883536
37.449563478
37.4545386024
37.4595137268
37.4644888511
37.4694639755
37.4744390999
37.4794142243
37.4843893486
37.489364473
37.4943395974
37.4993147218
37.5042898462
37.5092649705
37.5142400949
37.5192152193
37.5241903437
37.529165468
37.5341405924
37.5391157168
37.5440908412
37.5490659656
37.5540410899
37.5590162143
37.5639913387
37.5689664631
37.5739415875
37.5789167118
37.5838918362
37.5888669606
37.593842085
37.5988172093
37.6037923337
37.6087674581
37.6137425825
37.6187177069
37.6236928312
37.6286679556
37.63364308
37.6386182044
37.6435933287
37.6485684531
37.6535435775
37.6585187019
37.6634938263
37.6684689506
37.673444075
37.6784191994
37.6833943238
37.6883694481
37.6933445725
37.6983196969
37.7032948213
37.7082699457
37.71324507
37.7182201944
37.7231953188
37.7281704432
37.7331455676
37.7381206919
37.7430958163
37.7480709407
37.7530460651
37.7580211894
37.7629963138
37.7679714382
37.7729465626
37.777921687
37.7828968113
37.7878719357
37.7928470601
37.7978221845
37.8027973088
37.8077724332
37.8127475576
37.817722682
37.8226978064
37.8276729307
37.8326480551
37.8376231795
37.8425983039
37.8475734282
37.8525485526
37.857523677
37.8624988014
37.8674739258
37.8724490501
37.8774241745
37.8823992989
37.8873744233
37.8923495476
37.897324672
37.9022997964
37.9072749208
37.9122500452
37.9172251695
37.9271754183
37.9371256671
37.9470759158
37.9570261646
37.9669764133
37.9769266621
37.9868769108
37.9968271596
38.0067774083
38.0167276571
38.0266779059
38.0316530302
38.0366281546
38.041603279
38.0465784034
38.0515535277
38.0565286521
38.0615037765
38.0664789009
38.0714540253
38.0764291496
38.081404274
38.0863793984
38.0913545228
38.0963296472
38.1013047715
38.1062798959
38.1112550203
38.1162301447
38.121205269
38.1261803934
38.1311555178
38.1361306422
38.1411057666
38.1460808909
38.1510560153
38.1560311397
38.1610062641
38.1659813884
38.1709565128
38.1759316372
38.1809067616
38.185881886
38.1908570103
38.1958321347
38.2008072591
38.2057823835
38.2107575078
38.2157326322
38.2207077566
38.225682881
38.2306580054
38.2356331297
38.2406082541
38.2455833785
38.2505585029
38.2555336273
38.2605087516
38.265483876
38.2704590004
38.2754341248
38.2804092491
38.2853843735
38.2903594979
38.2953346223
38.3003097467
38.305284871
38.3102599954
38.3152351198
38.3202102442
38.3251853685
38.3301604929
38.3351356173
38.3401107417
38.3450858661
38.3500609904
38.3550361148
38.3600112392
38.3649863636
38.3699614879
38.3749366123
38.3799117367
38.3848868611
38.3898619855
38.3948371098
38.3998122342
38.4047873586
38.409762483
38.4147376074
38.4197127317
38.4246878561
38.4296629805
38.4346381049
38.4396132292
38.4445883536
38.449563478
38.4545386024
38.4595137268
38.4644888511
38.4694639755
38.4744390999
38.4794142243
38.4843893486
38.489364473
38.4943395974
38.4993147218
38.5042898462
38.5092649705
38.5142400949
38.5192152193
38.5241903437
38.529165468
38.5341405924
38.5391157168
38.5440908412
38.5490659656
38.5540410899
38.5590162143
38.5639913387
38.5689664631
38.5739415875
38.5789167118
38.5838918362
38.5888669606
38.593842085
38.5988172093
38.6037923337
38.6087674581
38.6137425825
38.6187177069
38.6236928312
38.6286679556
38.63364308
38.6386182044
38.6485684531
38.6585187019
38.6684689506
38.6784191994
38.6883694481
38.6983196969
38.7082699457
38.7182201944
38.7281704432
38.7381206919
38.7480709407
38.7580211894
38.7679714382
38.777921687
38.7878719357
38.7978221845
38.8077724332
38.817722682
38.8276729307
38.8376231795
38.8475734282
38.857523677
38.8674739258
38.8774241745
38.8873744233
38.897324672
38.9072749208
38.9172251695
38.9271754183
38.9371256671
38.9470759158
38.9570261646
38.9669764133
38.9769266621
38.9868769108
38.9968271596
39.0067774083
39.0167276571
39.0266779059
39.0366281546
39.0465784034
39.0565286521
39.0664789009
39.0764291496
39.0863793984
39.0963296472
39.1062798959
39.1162301447
39.1261803934
39.1361306422
39.1460808909
39.1560311397
39.1659813884
39.1809067616
39.1958321347
39.2107575078
39.225682881
39.2406082541
39.2555336273
39.2704590004
39.2853843735
39.3003097467
39.3152351198
39.3301604929
39.3450858661
39.3600112392
39.3749366123
39.3848868611
39.3948371098
39.4047873586
39.4147376074
39.4246878561
39.4346381049
39.4445883536
39.4545386024
39.4644888511
39.4744390999
39.4843893486
39.4943395974
39.5042898462
39.5142400949
39.5241903437
39.5341405924
39.5440908412
39.5540410899
39.5639913387
39.5739415875
39.5838918362
39.593842085
39.6037923337
39.6137425825
39.6236928312
39.63364308
39.6435933287
39.6535435775
39.6634938263
39.6784191994
39.6933445725
39.7082699457
39.7231953188
39.7381206919
39.7530460651
39.7679714382
39.7828968113
39.7978221845
39.8127475576
39.8276729307
39.8425983039
39.857523677
39.8724490501
39.8873744233
39.9022997964
39.9172251695
39.9321505427
39.9470759158
39.9620012889
39.9769266621
39.9918520352
40.0067774083
40.0217027815
40.0366281546
40.0515535277
40.0664789009
40.081404274
40.0963296472
40.1112550203
40.1311555178
40.1510560153
40.1709565128
40.1908570103
40.2107575078
40.2306580054
40.2505585029
40.2704590004
40.2903594979
40.3102599954
40.3301604929
40.3500609904
40.3699614879
40.3898619855
40.409762483
40.4296629805
40.449563478
40.4694639755
40.489364473
40.5092649705
40.529165468
40.5490659656
40.5689664631
40.5888669606
40.6087674581
40.6286679556
40.6485684531
40.6684689506
40.6883694481
40.7082699457
40.7281704432
40.7480709407
40.7679714382
40.7878719357
40.8077724332
40.8276729307
40.8475734282
40.8674739258
40.8873744233
40.9072749208
40.9271754183
40.9470759158
40.9669764133
40.9868769108
41.0067774083
41.0266779059
41.0465784034
41.0664789009
41.0863793984
41.1062798959
41.1261803934
41.1460808909
41.1659813884
41.185881886
41.2057823835
41.225682881
41.2455833785
41.265483876
41.2853843735
41.305284871
41.3251853685
41.3450858661
41.3649863636
41.3848868611
41.4047873586
41.4246878561
41.4445883536
41.4644888511
41.4843893486
41.5042898462
41.5241903437
41.5440908412
41.5639913387
41.5838918362
41.6037923337
41.6187177069
41.63364308
41.6485684531
41.6634938263
41.6784191994
41.6933445725
41.7082699457
41.7231953188
41.7381206919
41.7530460651
41.7679714382
41.7828968113
41.7978221845
41.8127475576
41.8276729307
41.8425983039
41.857523677
41.8724490501
41.8873744233
41.9022997964
41.9172251695
41.9321505427
41.9470759158
41.9620012889
41.9769266621
41.9918520352
42.0067774083
42.0217027815
42.0366281546
42.0515535277
42.0664789009
42.081404274
42.0963296472
42.1112550203
42.1261803934
42.1411057666
42.1560311397
42.1709565128
42.185881886
42.2008072591
42.2157326322
42.2306580054
42.2455833785
42.2605087516
42.2754341248
42.2903594979
42.305284871
42.3202102442
42.3351356173
42.3500609904
42.3649863636
42.3799117367
42.3948371098
42.4047873586
42.4147376074
42.4246878561
42.4346381049
42.4445883536
42.4545386024
42.4644888511
42.4744390999
42.4843893486
42.4943395974
42.5042898462
42.5142400949
42.5241903437
42.5341405924
42.5440908412
42.5540410899
42.5639913387
42.5739415875
42.5838918362
42.593842085
42.6037923337
42.6137425825
42.6236928312
42.63364308
42.6435933287
42.6535435775
42.6634938263
42.673444075
42.6833943238
42.6933445725
42.7032948213
42.71324507
42.7231953188
42.7331455675
42.7430958163
42.7530460651
42.7629963138
42.7729465626
42.7828968113
42.7928470601
42.8027973088
42.8127475576
42.8226978064
42.8276729307
42.8326480551
42.8376231795
42.8425983039
42.8475734282
42.8525485526
42.857523677
42.8624988014
42.8674739258
42.8724490501
42.8774241745
42.8823992989
42.8873744233
42.8923495476
42.897324672
42.9022997964
42.9072749208
42.9122500452
42.9172251695
42.9222002939
42.9271754183
42.9321505427
42.9371256671
42.9421007914
42.9470759158
42.9520510402
42.9570261646
42.9620012889
42.9669764133
42.9719515377
42.9719515377
42.9719515377
42.9719515377
42.9719515377
42.9719515377
42.9719515377
42.9719515377
42.9719515377
42.9719515377
42.9719515377
42.9719515377
42.9719515377
42.9719515377
42.9719515377
42.9719515377
42.9719515377
42.9769266621
42.9819017865
42.9868769108
42.9918520352
42.9968271596
43.001802284
43.0067774083
43.0117525327
43.0167276571
43.0217027815
43.0266779059
43.0316530302
43.0366281546
43.041603279
43.0465784034
43.0515535277
43.0565286521
43.0615037765
43.0664789009
43.0714540253
43.0764291496
43.081404274
43.0863793984
43.0913545228
43.0963296472
43.1013047715
43.1062798959
43.1112550203
43.1162301447
43.121205269
43.1261803934
43.1311555178
43.1361306422
43.1411057666
43.1460808909
43.1510560153
43.1560311397
43.1610062641
43.1659813884
43.1709565128
43.1759316372
43.1809067616
43.185881886
43.1908570103
43.1958321347
43.2008072591
43.2057823835
43.2107575078
43.2157326322
43.2207077566
43.225682881
43.2306580054
43.2356331297
43.2406082541
43.2455833785
43.2505585029
43.2555336273
43.2605087516
43.265483876
43.2704590004
43.2754341248
43.2804092491
43.2853843735
43.2903594979
43.2953346223
43.3003097467
43.305284871
43.3102599954
43.3152351198
43.3202102442
43.3251853685
43.3301604929
43.3351356173
43.3401107417
43.3450858661
43.3500609904
43.3550361148
43.3600112392
43.3649863636
43.3699614879
43.3749366123
43.3799117367
43.3848868611
43.3898619855
43.3948371098
43.3998122342
43.4047873586
43.409762483
43.4147376074
43.4197127317
43.4246878561
43.4296629805
43.4346381049
43.4396132292
43.4445883536
43.449563478
43.4545386024
43.4595137268
43.4644888511
43.4694639755
43.4744390999
43.4794142243
43.4843893486
43.489364473
43.4943395974
43.4993147218
43.5042898462
43.5092649705
43.5142400949
43.5192152193
43.5241903437
43.529165468
43.5341405924
43.5391157168
43.5440908412
43.5490659656
43.5540410899
43.5590162143
43.5639913387
43.5689664631
43.5739415874
43.5789167118
43.5838918362
43.5888669606
43.593842085
43.5988172093
43.6037923337
43.6087674581
43.6137425825
43.6187177069
43.6236928312
43.6286679556
43.63364308
43.6386182044
43.6435933287
43.6485684531
43.6535435775
43.6585187019
43.6634938263
43.6684689506
43.673444075
43.6784191994
43.6833943238
43.6883694481
43.6933445725
43.6983196969
43.7032948213
43.7082699457
43.71324507
43.7182201944
43.7231953188
43.7281704432
43.7331455675
43.7381206919
43.7430958163
43.7480709407
43.7530460651
43.7580211894
43.7629963138
43.7679714382
43.7729465626
43.777921687
43.7828968113
43.7878719357
43.7928470601
43.7978221845
43.8027973088
43.8077724332
43.8127475576
43.817722682
43.8226978064
43.8276729307
43.8326480551
43.8376231795
43.8425983039
43.8475734282
43.8525485526
43.857523677
43.8624988014
43.8674739258
43.8724490501
43.8774241745
43.8823992989
43.8873744233
43.8923495476
43.897324672
43.9022997964
43.9072749208
43.9122500452
43.9172251695
43.9222002939
43.9271754183
43.9321505427
43.9371256671
43.9421007914
43.9470759158
43.9520510402
43.9570261646
43.9620012889
43.9669764133
43.9719515377
43.9719515377
43.9719515377
43.9719515377
43.9719515377
43.9719515377
43.9719515377
43.9719515377
43.9719515377
43.9719515377
43.9719515377
43.9719515377
43.9719515377
43.9719515377
43.9719515377
43.9719515377
43.9719515377
43.9719515377
43.9719515377
43.9719515377
43.9719515377
43.9719515377
43.9719515377
43.9719515377
43.9719515377
43.9719515377
43.9719515377
43.9719515377
43.9719515377
43.9719515377
43.9719515377
43.9719515377
43.9719515377
43.9719515377
43.9719515377
43.9719515377
43.9719515377
43.9719515377
43.9719515377
43.9719515377
43.9719515377
43.9719515377
43.9719515377
43.9719515377
43.9719515377
43.9719515377
43.9719515377
43.9719515377
43.9719515377
43.9719515377
43.9719515377
43.9719515377
43.9719515377
43.9719515377
43.9719515377
43.9719515377
43.9719515377
43.9719515377
43.9719515377
43.9719515377
43.9719515377
43.9719515377
43.9719515377
43.9719515377
43.9719515377
43.9719515377
43.9719515377
43.9719515377
43.9719515377
43.9719515377
43.9719515377
43.9719515377
43.9719515377
43.9719515377
43.9719515377
43.9719515377
43.9719515377
43.9719515377
43.9719515377
43.9719515377
43.9719515377
43.9719515377
43.9719515377
43.9719515377
43.9719515377
43.9719515377
43.9719515377
43.9719515377
43.9719515377
43.9719515377
43.9719515377
43.9719515377
43.9719515377
43.9719515377
43.9719515377
43.9719515377
43.9719515377
43.9719515377
43.9719515377
43.9719515377
43.9719515377
43.9719515377
43.9719515377
43.9719515377
43.9769266621
43.9819017865
43.9868769108
43.9918520352
43.9968271596
44.001802284
44.0067774083
44.0117525327
44.0167276571
44.0217027815
44.0266779059
44.0316530302
44.0366281546
44.041603279
44.0465784034
44.0515535277
44.0565286521
44.0615037765
44.0664789009
44.0714540253
44.0764291496
44.081404274
44.0863793984
44.0913545228
44.0963296472
44.1013047715
44.1062798959
44.1112550203
44.1162301447
44.121205269
44.1261803934
44.1311555178
44.1361306422
44.1411057666
44.1460808909
44.1510560153
44.1560311397
44.1610062641
44.1659813884
44.1709565128
44.1759316372
44.1809067616
44.185881886
44.1908570103
44.1958321347
44.2008072591
44.2057823835
44.2107575078
44.2157326322
44.2207077566
44.225682881
44.2306580054
44.2356331297
44.2406082541
44.2455833785
44.2505585029
44.2555336273
44.2605087516
44.265483876
44.2704590004
44.2754341248
44.2804092491
44.2853843735
44.2903594979
44.2953346223
44.3003097467
44.305284871
44.3102599954
44.3152351198
44.3202102442
44.3251853685
44.3301604929
44.3351356173
44.3401107417
44.3450858661
44.3500609904
44.3550361148
44.3600112392
44.3649863636
44.3699614879
44.3749366123
44.3799117367
44.3848868611
44.3898619855
44.3948371098
44.3998122342
44.4047873586
44.409762483
44.4147376073
44.4197127317
44.4246878561
44.4296629805
44.4346381049
44.4396132292
44.4445883536
44.449563478
44.4545386024
44.4595137268
44.4644888511
44.4694639755
44.4744390999
44.4794142243
44.4843893486
44.489364473
44.4943395974
44.4993147218
44.5042898462
44.5092649705
44.5142400949
44.5192152193
44.5241903437
44.529165468
44.5341405924
44.5391157168
44.5440908412
44.5490659656
44.5540410899
44.5639913387
44.5739415874
44.5838918362
44.593842085
44.6037923337
44.6137425825
44.6236928312
44.63364308
44.6435933287
44.6535435775
44.6634938263
44.673444075
44.6833943238
44.6933445725
44.7032948213
44.71324507
44.7231953188
44.7331455675
44.7430958163
44.7530460651
44.7629963138
44.7729465626
44.7828968113
44.7928470601
44.8027973088
44.8127475576
44.8226978064
44.8326480551
44.8425983039
44.8525485526
44.8624988014
44.8724490501
44.8823992989
44.8923495476
44.9022997964
44.9122500452
44.9222002939
44.9321505427
44.9421007914
44.9520510402
44.9620012889
44.9719515377
44.9819017865
44.9918520352
45.001802284
45.0117525327
45.0217027815
45.0316530302
45.041603279
45.0515535277
45.0615037765
45.0714540253
45.081404274
45.0913545228
45.1013047715
45.1112550203
45.121205269
45.1311555178
45.1411057666
45.1510560153
45.1610062641
45.1709565128
45.1809067616
45.1908570103
45.2008072591
45.2107575078
45.2207077566
45.2306580054
45.2406082541
45.2555336272
45.2704590004
45.2853843735
45.3003097467
45.3152351198
45.3301604929
45.3450858661
45.3600112392
45.3749366123
45.3898619855
45.4047873586
45.4197127317
45.4346381049
45.449563478
45.4644888511
45.4744390999
45.4843893486
45.4943395974
45.5042898462
45.5142400949
45.5241903437
45.5341405924
45.5440908412
45.5540410899
45.5639913387
45.5739415874
45.5838918362
45.593842085
45.6037923337
45.6137425825
45.6236928312
45.63364308
45.6435933287
45.6535435775
45.6634938263
45.673444075
45.6833943238
45.6933445725
45.7032948213
45.71324507
45.7231953188
45.7331455675
45.7430958163
45.7530460651
45.7629963138
45.7729465626
45.7828968113
45.7928470601
45.8027973088
45.8127475576
45.8226978064
45.8326480551
45.8425983039
45.8525485526
45.8624988014
45.8724490501
45.8823992989
45.8923495476
45.9022997964
45.9122500452
45.9222002939
45.9321505427
45.9421007914
45.9520510402
45.9620012889
45.9719515377
45.9819017865
45.9918520352
46.001802284
46.0117525327
46.0217027815
46.0316530302
46.041603279
46.0515535277
46.0615037765
46.0714540253
46.081404274
46.0913545228
46.1013047715
46.1112550203
46.121205269
46.1311555178
46.1411057666
46.1510560153
46.1610062641
46.1709565128
46.1809067616
46.1908570103
46.2008072591
46.2107575078
46.2207077566
46.2306580054
46.2406082541
46.2505585029
46.2605087516
46.2704590004
46.2804092491
46.2903594979
46.3003097467
46.3102599954
46.3202102442
46.3301604929
46.3401107417
46.3500609904
46.3600112392
46.3699614879
46.3799117367
46.3898619855
46.3998122342
46.409762483
46.4197127317
46.4296629805
46.4396132292
46.449563478
46.4595137268
46.4694639755
46.4794142243
46.489364473
46.4993147218
46.5092649705
46.5192152193
46.529165468
46.5391157168
46.5490659656
46.5590162143
46.5689664631
46.5789167118
46.5888669606
46.5988172093
46.6087674581
46.6187177069
46.6286679556
46.63364308
46.6386182044
46.6435933287
46.6485684531
46.6535435775
46.6585187019
46.6634938263
46.6684689506
46.673444075
46.6784191994
46.6833943238
46.6883694481
46.6933445725
46.6983196969
46.7032948213
46.7082699457
46.71324507
46.7182201944
46.7231953188
46.7331455675
46.7430958163
46.7530460651
46.7629963138
46.7729465626
46.7828968113
46.7928470601
46.8027973088
46.8127475576
46.8226978064
46.8326480551
46.8425983039
46.8525485526
46.8624988014
46.8724490501
46.8823992989
46.8923495476
46.9022997964
46.9122500452
46.9222002939
46.9321505427
46.9421007914
46.9520510402
46.9620012889
46.9719515377
46.9819017865
46.9918520352
47.001802284
47.0117525327
47.0217027815
47.0316530302
47.041603279
47.0515535277
47.0615037765
47.0714540253
47.081404274
47.0913545228
47.1013047715
47.1112550203
47.121205269
47.1311555178
47.1411057666
47.1510560153
47.1610062641
47.1709565128
47.1809067616
47.1908570103
47.2008072591
47.2107575078
47.2207077566
47.225682881
47.2306580054
47.2356331297
47.2406082541
47.2455833785
47.2505585029
47.2555336272
47.2605087516
47.265483876
47.2704590004
47.2754341248
47.2804092491
47.2853843735
47.2903594979
47.2953346223
47.3003097467
47.305284871
47.3102599954
47.3152351198
47.3202102442
47.3251853685
47.3301604929
47.3351356173
47.3401107417
47.3450858661
47.3500609904
47.3550361148
47.3600112392
47.3649863636
47.3699614879
47.3749366123
47.3799117367
47.3848868611
47.3898619855
47.3948371098
47.3998122342
47.4047873586
47.409762483
47.4197127317
47.4296629805
47.4396132292
47.449563478
47.4595137268
47.4694639755
47.4794142243
47.489364473
47.4993147218
47.5092649705
47.5192152193
47.529165468
47.5391157168
47.5490659656
47.5590162143
47.5689664631
47.5789167118
47.5888669606
47.5988172093
47.6087674581
47.6187177069
47.6286679556
47.6386182044
47.6485684531
47.6585187019
47.6684689506
47.6784191994
47.6883694481
47.6983196969
47.7082699457
47.7182201944
47.7281704432
47.7381206919
47.7480709407
47.7580211894
47.7679714382
47.777921687
47.7878719357
47.7978221845
47.8077724332
47.817722682
47.8276729307
47.8376231795
47.8475734282
47.857523677
47.8674739258
47.8774241745
47.8873744233
47.897324672
47.9072749208
47.9172251695
47.9271754183
47.9371256671
47.9470759158
47.9570261646
47.9669764133
47.9769266621
47.9868769108
47.9968271596
48.0067774083
48.0167276571
48.0266779059
48.0366281546
48.0465784034
48.0565286521
48.0664789009
48.0764291496
48.0863793984
48.0963296472
48.1062798959
48.1162301447
48.1261803934
48.1361306422
48.1460808909
48.1560311397
48.1659813884
48.1759316372
48.185881886
48.1958321347
48.2057823835
48.2157326322
48.225682881
48.2356331297
48.2455833785
48.2555336272
48.265483876
48.2754341248
48.2853843735
48.2953346223
48.305284871
48.3152351198
48.3251853685
48.3351356173
48.3450858661
48.3550361148
48.3649863636
48.3749366123
48.3848868611
48.3948371098
48.4047873586
48.4147376073
48.4246878561
48.4346381049
48.4445883536
48.4545386024
48.4644888511
48.4744390999
48.4843893486
48.4943395974
48.5042898462
48.5142400949
48.5241903437
48.5341405924
48.5391157168
48.5440908412
48.5490659656
48.5540410899
48.5590162143
48.5639913387
48.5689664631
48.5739415874
48.5789167118
48.5838918362
48.5888669606
48.593842085
48.5988172093
48.6037923337
48.6087674581
48.6137425825
48.6187177069
48.6236928312
48.6286679556
48.63364308
48.6386182044
48.6435933287
48.6485684531
48.6535435775
48.6585187019
48.6634938263
48.6684689506
48.673444075
48.6784191994
48.6833943238
48.6883694481
48.6933445725
48.6983196969
48.7032948213
48.7082699457
48.71324507
48.7182201944
48.7231953188
48.7281704432
48.7331455675
48.7381206919
48.7430958163
48.7480709407
48.7530460651
48.7580211894
48.7629963138
48.7679714382
48.7729465626
48.777921687
48.7828968113
48.7878719357
48.7928470601
48.7978221845
48.8027973088
48.8077724332
48.8127475576
48.817722682
48.8226978064
48.8276729307
48.8326480551
48.8376231795
48.8425983039
48.8475734282
48.8525485526
48.857523677
48.8624988014
48.8674739258
48.8724490501
48.8774241745
48.8823992989
48.8873744233
48.8923495476
48.897324672
48.9022997964
48.9072749208
48.9122500452
48.9172251695
48.9222002939
48.9271754183
48.9321505427
48.9371256671
48.9421007914
48.9470759158
48.9520510402
48.9570261646
48.9620012889
48.9669764133
48.9719515377
48.9719515377
48.9719515377
48.9719515377
48.9719515377
48.9719515377
48.9719515377
48.9719515377
48.9719515377
48.9719515377
48.9719515377
48.9719515377
48.9719515377
48.9719515377
48.9719515377
48.9719515377
48.9719515377
48.9719515377
48.9719515377
48.9719515377
48.9719515377
48.9719515377
48.9719515377
48.9719515377
48.9719515377
48.9719515377
48.9719515377
48.9719515377
48.9719515377
48.9719515377
48.9719515377
48.9719515377
48.9719515377
48.9719515377
48.9719515377
48.9719515377
48.9719515377
48.9719515377
48.9719515377
48.9719515377
48.9719515377
48.9719515377
48.9719515377
48.9719515377
48.9719515377
48.9719515377
48.9719515377
48.9719515377
48.9719515377
48.9719515377
48.9719515377
48.9719515377
48.9719515377
48.9719515377
48.9719515377
48.9719515377
48.9719515377
48.9719515377
48.9719515377
48.9719515377
48.9719515377
48.9719515377
48.9719515377
48.9719515377
48.9719515377
48.9719515377
48.9719515377
48.9719515377
48.9719515377
48.9719515377
48.9719515377
48.9719515377
48.9719515377
48.9719515377
48.9719515377
48.9719515377
48.9719515377
48.9719515377
48.9719515377
48.9719515377
48.9719515377
48.9719515377
48.9719515377
48.9719515377
48.9719515377
48.9719515377
48.9719515377
48.9719515377
48.9719515377
48.9719515377
48.9719515377
48.9719515377
48.9719515377
48.9719515377
48.9719515377
48.9719515377
48.9719515377
48.9719515377
48.9719515377
48.9719515377
48.9719515377
48.9719515377
48.9719515377
48.9719515377
48.9719515377
48.9719515377
48.9719515377
48.9719515377
48.9719515377
48.9719515377
48.9719515377
48.9719515377
48.9719515377
48.9719515377
48.9719515377
48.9719515377
48.9719515377
48.9719515377
48.9719515377
48.9719515377
48.9719515377
48.9719515377
48.9719515377
48.9719515377
48.9719515377
48.9719515377
48.9719515377
48.9719515377
48.9719515377
48.9719515377
48.9719515377
48.9719515377
48.9719515377
48.9719515377
48.9719515377
48.9719515377
48.9719515377
48.9719515377
48.9719515377
48.9719515377
48.9719515377
48.9719515377
48.9719515377
48.9719515377
48.9719515377
48.9719515377
48.9719515377
48.9719515377
48.9719515377
48.9719515377
48.9719515377
48.9719515377
48.9719515377
48.9719515377
48.9719515377
48.9719515377
48.9719515377
48.9719515377
48.9719515377
48.9719515377
48.9719515377
48.9719515377
48.9719515377
48.9719515377
48.9719515377
48.9719515377
48.9719515377
48.9719515377
48.9719515377
48.9719515377
48.9719515377
48.9719515377
48.9719515377
48.9719515377
48.9719515377
48.9719515377
48.9719515377
48.9719515377
48.9719515377
48.9719515377
48.9719515377
48.9719515377
48.9719515377
48.9719515377
48.9719515377
48.9719515377
48.9719515377
48.9719515377
48.9719515377
48.9719515377
48.9719515377
48.9719515377
48.9719515377
48.9719515377
48.9719515377
48.9719515377
48.9719515377
48.9719515377
48.9719515377
48.9719515377
48.9719515377
48.9719515377
48.9719515377
48.9719515377
48.9719515377
48.9719515377
48.9719515377
48.9719515377
48.9719515377
48.9719515377
48.9719515377
48.9719515377
48.9719515377
48.9719515377
48.9719515377
48.9719515377
48.9719515377
48.9719515377
48.9719515377
48.9719515377
48.9719515377
48.9719515377
48.9719515377
48.9719515377
48.9719515377
48.9719515377
48.9719515377
48.9719515377
48.9719515377
48.9719515377
48.9719515377
48.9719515377
48.9719515377
48.9719515377
48.9769266621
48.9819017865
48.9868769108
48.9918520352
48.9968271596
49.001802284
49.0067774083
49.0117525327
49.0167276571
49.0217027815
49.0266779059
49.0316530302
49.0366281546
49.041603279
49.0465784034
49.0515535277
49.0565286521
49.0615037765
49.0664789009
49.0714540253
49.0764291496
49.081404274
49.0863793984
49.0913545228
49.0963296471
49.1013047715
49.1062798959
49.1112550203
49.1162301447
49.121205269
49.1261803934
49.1311555178
49.1361306422
49.1411057666
49.1460808909
49.1510560153
49.1560311397
49.1610062641
49.1659813884
49.1709565128
49.1759316372
49.1809067616
49.185881886
49.1908570103
49.1958321347
49.2008072591
49.2057823835
49.2107575078
49.2157326322
49.2207077566
49.225682881
49.2306580054
49.2356331297
49.2406082541
49.2455833785
49.2505585029
49.2555336272
49.2605087516
49.265483876
49.2704590004
49.2754341248
49.2804092491
49.2853843735
49.2903594979
49.2953346223
49.3003097467
49.305284871
49.3102599954
49.3152351198
49.3202102442
49.3251853685
49.3301604929
49.3351356173
49.3401107417
49.3450858661
49.3500609904
49.3550361148
49.3600112392
49.3649863636
49.3699614879
49.3749366123
49.3799117367
49.3848868611
49.3898619855
49.3948371098
49.3998122342
49.4047873586
49.409762483
49.4147376073
49.4197127317
49.4246878561
49.4296629805
49.4346381049
49.4396132292
49.4445883536
49.449563478
49.4545386024
49.4595137268
49.4644888511
49.4694639755
49.4744390999
49.4794142243
49.4843893486
49.489364473
49.4943395974
49.4993147218
49.5042898462
49.5092649705
49.5142400949
49.5192152193
49.5241903437
49.529165468
49.5341405924
49.5391157168
49.5440908412
49.5490659656
49.5540410899
49.5590162143
49.5639913387
49.5689664631
49.5739415874
49.5789167118
49.5838918362
49.5888669606
49.593842085
49.5988172093
49.6037923337
49.6087674581
49.6137425825
49.6187177069
49.6236928312
49.6286679556
49.63364308
49.6386182044
49.6435933287
49.6485684531
49.6535435775
49.6585187019
49.6634938263
49.6684689506
49.673444075
49.6784191994
49.6833943238
49.6883694481
49.6933445725
49.6983196969
49.7032948213
49.7082699457
49.71324507
49.7182201944
49.7231953188
49.7281704432
49.7331455675
49.7381206919
49.7430958163
49.7480709407
49.7530460651
49.7580211894
49.7629963138
49.7679714382
49.7729465626
49.777921687
49.7828968113
49.7878719357
49.7928470601
49.7978221845
49.8027973088
49.8077724332
49.8127475576
49.817722682
49.8226978064
49.8276729307
49.8326480551
49.8376231795
49.8425983039
49.8475734282
49.8525485526
49.857523677
49.8624988014
49.8674739258
49.8724490501
49.8774241745
49.8823992989
49.8873744233
49.8923495476
49.897324672
49.9022997964
49.9072749208
49.9122500452
49.9172251695
49.9222002939
49.9271754183
49.9321505427
49.937125667
49.9421007914
49.9470759158
49.9520510402
49.9570261646
49.9620012889
49.9669764133
49.9719515377
49.9719515377
49.9719515377
49.9719515377
49.9719515377
49.9719515377
49.9719515377
49.9719515377
49.9719515377
49.9719515377
49.9719515377
49.9719515377
49.9719515377
49.9719515377
49.9719515377
49.9719515377
49.9719515377
49.9719515377
49.9719515377
49.9719515377
49.9719515377
49.9719515377
49.9719515377
49.9719515377
49.9719515377
49.9719515377
49.9719515377
49.9719515377
49.9719515377
49.9719515377
49.9719515377
49.9719515377
49.9719515377
49.9719515377
49.9719515377
49.9719515377
49.9719515377
49.9719515377
49.9719515377
49.9719515377
49.9719515377
49.9719515377
49.9719515377
49.9719515377
49.9719515377
49.9719515377
49.9719515377
49.9719515377
49.9719515377
49.9719515377
49.9719515377
49.9719515377
49.9719515377
49.9719515377
49.9719515377
49.9719515377
49.9719515377
49.9719515377
49.9719515377
49.9719515377
49.9719515377
49.9719515377
49.9719515377
49.9719515377
49.9719515377
49.9719515377
49.9719515377
49.9719515377
49.9719515377
49.9719515377
49.9719515377
49.9719515377
49.9719515377
49.9719515377
49.9719515377
49.9719515377
49.9719515377
49.9719515377
49.9719515377
49.9719515377
49.9719515377
49.9719515377
49.9719515377
49.9719515377
49.9719515377
49.9719515377
49.9719515377
49.9719515377
49.9719515377
49.9719515377
49.9719515377
49.9719515377
49.9719515377
49.9719515377
49.9719515377
49.9719515377
49.9719515377
49.9719515377
49.9719515377
49.9719515377
49.9719515377
49.9719515377
49.9719515377
49.9719515377
49.9719515377
49.9719515377
49.9719515377
49.9719515377
49.9719515377
49.9719515377
49.9719515377
49.9719515377
49.9719515377
49.9719515377
49.9719515377
49.9719515377
49.9719515377
49.9719515377
49.9719515377
49.9719515377
49.9719515377
49.9719515377
49.9719515377
49.9719515377
49.9719515377
49.9719515377
49.9719515377
49.9719515377
49.9719515377
49.9719515377
49.9719515377
49.9719515377
49.9719515377
49.9719515377
49.9719515377
49.9719515377
49.9719515377
49.9719515377
49.9719515377
49.9719515377
49.9719515377
49.9719515377
49.9719515377
49.9719515377
49.9719515377
49.9719515377
49.9719515377
49.9719515377
49.9719515377
49.9719515377
49.9719515377
49.9719515377
49.9719515377
49.9719515377
49.9719515377
49.9719515377
49.9719515377
49.9719515377
49.9719515377
49.9719515377
49.9719515377
49.9719515377
49.9719515377
49.9719515377
49.9719515377
49.9719515377
49.9719515377
49.9719515377
49.9719515377
49.9719515377
49.9719515377
49.9719515377
49.9719515377
49.9719515377
49.9719515377
49.9719515377
49.9719515377
49.9719515377
49.9719515377
49.9719515377
49.9719515377
49.9719515377
49.9769266621
49.9819017865
49.9868769108
49.9918520352
49.9968271596
50.001802284
50.0067774083
50.0117525327
50.0167276571
50.0217027815
50.0266779059
50.0316530302
50.0366281546
50.041603279
50.0465784034
50.0515535277
50.0565286521
50.0615037765
50.0664789009
50.0714540253
50.0764291496
50.081404274
50.0863793984
50.0913545228
50.0963296471
50.1013047715
50.1062798959
50.1112550203
50.1162301447
50.121205269
50.1261803934
50.1311555178
50.1361306422
50.1411057666
50.1460808909
50.1510560153
50.1560311397
50.1610062641
50.1659813884
50.1709565128
50.1759316372
50.1809067616
50.185881886
50.1908570103
50.1958321347
50.2008072591
50.2057823835
50.2107575078
50.2157326322
50.2207077566
50.225682881
50.2306580054
50.2356331297
50.2406082541
50.2455833785
50.2505585029
50.2555336272
50.2605087516
50.265483876
50.2704590004
50.2754341248
50.2804092491
50.2853843735
50.2903594979
50.2953346223
50.3003097467
50.305284871
50.3102599954
50.3152351198
50.3202102442
50.3251853685
50.3301604929
50.3351356173
50.3450858661
50.3550361148
50.3649863636
50.3749366123
50.3848868611
50.3948371098
50.4047873586
50.4147376073
50.4246878561
50.4346381049
50.4445883536
50.4545386024
50.4644888511
50.4744390999
50.4843893486
50.4943395974
50.5042898462
50.5142400949
50.5241903437
50.5341405924
50.5440908412
50.5540410899
50.5639913387
50.5739415874
50.5838918362
50.593842085
50.6037923337
50.6137425825
50.6236928312
50.63364308
50.6435933287
50.6535435775
50.6634938263
50.673444075
50.6833943238
50.6933445725
50.7032948213
50.71324507
50.7231953188
50.7331455675
50.7430958163
50.7530460651
50.7629963138
50.7729465626
50.7828968113
50.7928470601
50.8027973088
50.8127475576
50.8226978064
50.8326480551
50.8425983039
50.8525485526
50.8624988014
50.8724490501
50.8823992989
50.8923495476
50.9022997964
50.9122500452
50.9222002939
50.9321505427
50.9421007914
50.9520510402
50.9620012889
50.9719515377
50.9819017865
50.9918520352
51.001802284
51.0117525327
51.0217027815
51.0316530302
51.041603279
51.0515535277
51.0615037765
51.0714540253
51.081404274
51.0913545228
51.1013047715
51.1112550203
51.121205269
51.1311555178
51.1411057666
51.1510560153
51.1610062641
51.1709565128
51.1809067616
51.1908570103
51.2008072591
51.2107575078
51.2207077566
51.2306580054
51.2406082541
51.2505585029
51.2605087516
51.2704590004
51.2804092491
51.2903594979
51.3003097467
51.3102599954
51.3202102442
51.3301604929
51.3401107417
51.3500609904
51.3600112392
51.3699614879
51.3799117367
51.3898619855
51.3998122342
51.409762483
51.4197127317
51.4296629805
51.4396132292
51.449563478
51.4595137268
51.4694639755
51.4794142243
51.489364473
51.4993147218
51.5092649705
51.5192152193
51.529165468
51.5391157168
51.5490659656
51.5590162143
51.5689664631
51.5789167118
51.5888669606
51.5988172093
51.6087674581
51.6137425825
51.6187177069
51.6236928312
51.6286679556
51.63364308
51.6386182044
51.6435933287
51.6485684531
51.6535435775
51.6585187019
51.6634938263
51.6684689506
51.673444075
51.6784191994
51.6833943238
51.6883694481
51.6933445725
51.6983196969
51.7032948213
51.7082699457
51.71324507
51.7182201944
51.7231953188
51.7281704432
51.7331455675
51.7381206919
51.7430958163
51.7480709407
51.7530460651
51.7580211894
51.7629963138
51.7679714382
51.7729465626
51.7779216869
51.7828968113
51.7878719357
51.7928470601
51.7978221845
51.8027973088
51.8077724332
51.8127475576
51.817722682
51.8226978064
51.8276729307
51.8326480551
51.8376231795
51.8425983039
51.8475734282
51.8525485526
51.857523677
51.8624988014
51.8674739258
51.8724490501
51.8774241745
51.8823992989
51.8873744233
51.8923495476
51.897324672
51.9022997964
51.9072749208
51.9122500452
51.9172251695
51.9222002939
51.9271754183
51.9321505427
51.937125667
51.9421007914
51.9470759158
51.9520510402
51.9570261646
51.9620012889
51.9669764133
51.9719515377
51.9719515377
51.9719515377
51.9719515377
51.9719515377
51.9719515377
51.9719515377
51.9719515377
51.9719515377
51.9719515377
51.9719515377
51.9719515377
51.9719515377
51.9719515377
51.9719515377
51.9719515377
51.9719515377
51.9719515377
51.9719515377
51.9719515377
51.9719515377
51.9719515377
51.9719515377
51.9719515377
51.9719515377
51.9719515377
51.9719515377
51.9719515377
51.9719515377
51.9719515377
51.9719515377
51.9719515377
51.9719515377
51.9719515377
51.9719515377
51.9719515377
51.9719515377
51.9719515377
51.9719515377
51.9719515377
51.9719515377
51.9719515377
51.9719515377
51.9719515377
51.9719515377
51.9719515377
51.9719515377
51.9719515377
51.9719515377
51.9719515377
51.9719515377
51.9719515377
51.9719515377
51.9719515377
51.9719515377
51.9719515377
51.9719515377
51.9719515377
51.9719515377
51.9719515377
51.9719515377
51.9719515377
51.9719515377
51.9719515377
51.9719515377
51.9719515377
51.9719515377
51.9719515377
51.9719515377
51.9719515377
51.9719515377
51.9719515377
51.9719515377
51.9719515377
51.9719515377
51.9719515377
51.9719515377
51.9719515377
51.9719515377
51.9719515377
51.9719515377
51.9719515377
51.9719515377
51.9719515377
51.9719515377
51.9719515377
51.9719515377
51.9719515377
51.9719515377
51.9719515377
51.9719515377
51.9719515377
51.9719515377
51.9719515377
51.9719515377
51.9719515377
51.9719515377
51.9719515377
51.9719515377
51.9719515377
51.9719515377
51.9719515377
51.9719515377
51.9719515377
51.9719515377
51.9719515377
51.9719515377
51.9719515377
51.9719515377
51.9719515377
51.9719515377
51.9719515377
51.9719515377
51.9719515377
51.9719515377
51.9719515377
51.9719515377
51.9719515377
51.9719515377
51.9719515377
51.9719515377
51.9719515377
51.9719515377
51.9719515377
51.9719515377
51.9719515377
51.9719515377
51.9719515377
51.9719515377
51.9719515377
51.9719515377
51.9719515377
51.9719515377
51.9719515377
51.9719515377
51.9719515377
51.9719515377
51.9719515377
51.9719515377
51.9719515377
51.9719515377
51.9719515377
51.9719515377
51.9719515377
51.9719515377
51.9719515377
51.9719515377
51.9719515377
51.9719515377
51.9719515377
51.9719515377
51.9719515377
51.9719515377
51.9719515377
51.9719515377
51.9719515377
51.9719515377
51.9719515377
51.9719515377
51.9719515377
51.9719515377
51.9719515377
51.9719515377
51.9719515377
51.9719515377
51.9719515377
51.9719515377
51.9719515377
51.9719515377
51.9719515377
51.9719515377
51.9719515377
51.9719515377
51.9719515377
51.9719515377
51.9719515377
51.9719515377
51.9719515377
51.9719515377
51.9719515377
51.9719515377
51.9719515377
51.9719515377
51.9719515377
51.9719515377
51.9719515377
51.9719515377
51.9719515377
51.9719515377
51.9719515377
51.9719515377
51.9719515377
51.9719515377
51.9719515377
51.9719515377
51.9719515377
51.9719515377
51.9719515377
51.9719515377
51.9719515377
51.9719515377
51.9719515377
51.9719515377
51.9719515377
51.9719515377
51.9719515377
51.9719515377
51.9719515377
51.9719515377
51.9719515377
51.9719515377
51.9719515377
51.9719515377
51.9719515377
51.9719515377
51.9719515377
51.9719515377
51.9719515377
51.9719515377
51.9719515377
51.9719515377
51.9719515377
51.9719515377
51.9719515377
51.9719515377
51.9719515377
51.9719515377
51.9719515377
51.9719515377
51.9719515377
51.9719515377
51.9719515377
51.9719515377
51.9719515377
51.9719515377
51.9719515377
51.9719515377
51.9719515377
51.9719515377
51.9719515377
51.9719515377
51.9719515377
51.9719515377
51.9719515377
51.9719515377
51.9719515377
51.9719515377
51.9719515377
51.9719515377
51.9719515377
51.9719515377
51.9719515377
51.9719515377
51.9719515377
51.9719515377
51.9719515377
51.9719515377
51.9719515377
51.9719515377
51.9719515377
51.9719515377
51.9719515377
51.9719515377
51.9719515377
51.9719515377
51.9719515377
51.9719515377
51.9719515377
51.9719515377
51.9719515377
51.9719515377
51.9719515377
51.9719515377
51.9719515377
51.9719515377
51.9719515377
51.9719515377
51.9719515377
51.9719515377
51.9719515377
51.9719515377
51.9719515377
51.9719515377
51.9719515377
51.9719515377
51.9719515377
51.9719515377
51.9719515377
51.9719515377
51.9719515377
51.9719515377
51.9719515377
51.9719515377
51.9719515377
51.9719515377
51.9719515377
51.9719515377
51.9719515377
51.9719515377
51.9719515377
51.9719515377
51.9719515377
51.9719515377
51.9719515377
51.9719515377
51.9719515377
51.9719515377
51.9719515377
51.9719515377
51.9719515377
51.9719515377
51.9719515377
51.9719515377
51.9719515377
51.9719515377
51.9719515377
51.9719515377
51.9719515377
51.9719515377
51.9719515377
51.9719515377
51.9719515377
51.9719515377
51.9719515377
51.9719515377
51.9719515377
51.9719515377
51.9719515377
51.9719515377
51.9719515377
51.9719515377
51.9719515377
51.9719515377
51.9719515377
51.9719515377
51.9719515377
51.9719515377
51.9719515377
51.9719515377
51.9719515377
51.9719515377
51.9719515377
51.9719515377
51.9719515377
51.9719515377
51.9719515377
51.9719515377
51.9719515377
51.9719515377
51.9719515377
51.9719515377
51.9719515377
51.9719515377
51.9719515377
51.9719515377
51.9719515377
51.9719515377
51.9719515377
51.9719515377
51.9719515377
51.9719515377
51.9719515377
51.9719515377
51.9719515377
51.9719515377
51.9719515377
51.9719515377
51.9719515377
51.9719515377
51.9719515377
51.9719515377
51.9719515377
51.9719515377
51.9719515377
51.9719515377
51.9719515377
51.9719515377
51.9719515377
51.9719515377
51.9719515377
51.9719515377
51.9719515377
51.9719515377
51.9719515377
51.9719515377
51.9719515377
51.9719515377
51.9719515377
51.9719515377
51.9719515377
51.9719515377
51.9719515377
51.9719515377
51.9719515377
51.9719515377
51.9719515377
51.9719515377
51.9719515377
51.9719515377
51.9719515377
51.9719515377
51.9719515377
51.9719515377
51.9719515377
51.9719515377
51.9719515377
51.9719515377
51.9719515377
51.9719515377
51.9719515377
51.9719515377
51.9719515377
51.9719515377
51.9719515377
51.9719515377
51.9719515377
51.9719515377
51.9719515377
51.9719515377
51.9719515377
51.9719515377
51.9719515377
51.9719515377
51.9719515377
51.9719515377
51.9719515377
51.9719515377
51.9719515377
51.9719515377
51.9719515377
51.9719515377
51.9719515377
51.9719515377
51.9719515377
51.9719515377
51.9719515377
51.9719515377
51.9719515377
51.9719515377
51.9719515377
51.9719515377
51.9719515377
51.9719515377
51.9719515377
51.9719515377
51.9719515377
51.9719515377
51.9719515377
51.9719515377
51.9719515377
51.9719515377
51.9719515377
51.9719515377
51.9719515377
51.9719515377
51.9719515377
51.9719515377
51.9719515377
51.9719515377
51.9719515377
51.9719515377
51.9719515377
51.9719515377
51.9719515377
51.9719515377
51.9719515377
51.9719515377
51.9719515377
51.9719515377
51.9719515377
51.9719515377
51.9719515377
51.9719515377
51.9719515377
51.9719515377
51.9719515377
51.9719515377
51.9719515377
51.9719515377
51.9719515377
51.9719515377
51.9719515377
51.9719515377
51.9719515377
51.9719515377
51.9719515377
51.9719515377
51.9719515377
51.9719515377
51.9719515377
51.9719515377
51.9719515377
51.9719515377
51.9719515377
51.9719515377
51.9719515377
51.9719515377
51.9719515377
51.9719515377
51.9719515377
51.9719515377
51.9719515377
51.9719515377
51.9719515377
51.9719515377
51.9719515377
51.9719515377
51.9719515377
51.9719515377
51.9719515377
51.9719515377
51.9719515377
51.9719515377
51.9719515377
51.9719515377
51.9719515377
51.9719515377
51.9719515377
51.9719515377
51.9719515377
51.9719515377
51.9719515377
51.9719515377
51.9719515377
51.9719515377
51.9719515377
51.9719515377
51.9719515377
51.9719515377
51.9719515377
51.9719515377
51.9719515377
51.9719515377
51.9719515377
51.9719515377
51.9719515377
51.9719515377
51.9719515377
51.9719515377
51.9719515377
51.9719515377
51.9719515377
51.9719515377
51.9719515377
51.9719515377
51.9719515377
51.9719515377
51.9719515377
51.9719515377
51.9719515377
51.9719515377
51.9719515377
51.9719515377
51.9719515377
51.9719515377
51.9719515377
51.9719515377
51.9719515377
51.9719515377
51.9719515377
51.9719515377
51.9719515377
51.9719515377
51.9719515377
51.9719515377
51.9719515377
51.9719515377
51.9719515377
51.9719515377
51.9719515377
51.9719515377
51.9719515377
51.9719515377
51.9719515377
51.9719515377
51.9719515377
51.9719515377
51.9719515377
51.9719515377
51.9719515377
51.9719515377
51.9719515377
51.9719515377
51.9719515377
51.9719515377
51.9719515377
51.9719515377
51.9719515377
51.9719515377
51.9719515377
51.9719515377
51.9719515377
51.9719515377
51.9719515377
51.9719515377
51.9719515377
51.9719515377
51.9719515377
51.9719515377
51.9719515377
51.9719515377
51.9719515377
51.9719515377
51.9719515377
51.9719515377
51.9719515377
51.9719515377
51.9719515377
51.9719515377
51.9719515377
51.9719515377
51.9719515377
51.9719515377
51.9719515377
51.9719515377
51.9719515377
51.9719515377
51.9719515377
51.9719515377
51.9719515377
51.9719515377
51.9719515377
51.9719515377
51.9719515377
51.9719515377
51.9719515377
51.9719515377
51.9719515377
51.9719515377
51.9719515377
51.9719515377
51.9719515377
51.9719515377
51.9719515377
51.9719515377
51.9719515377
51.9719515377
51.9719515377
51.9719515377
51.9719515377
51.9719515377
51.9719515377
51.9719515377
51.9719515377
51.9719515377
51.9719515377
51.9719515377
51.9719515377
51.9719515377
51.9719515377
51.9719515377
51.9719515377
51.9719515377
51.9719515377
51.9719515377
51.9719515377
51.9719515377
51.9719515377
51.9719515377
51.9719515377
51.9719515377
51.9719515377
51.9719515377
51.9719515377
51.9719515377
51.9719515377
51.9719515377
51.9719515377
51.9719515377
51.9719515377
51.9719515377
51.9719515377
51.9719515377
51.9719515377
51.9719515377
51.9719515377
51.9719515377
51.9719515377
51.9719515377
51.9719515377
51.9719515377
51.9719515377
51.9719515377
51.9719515377
51.9719515377
51.9719515377
51.9719515377
51.9719515377
51.9719515377
51.9719515377
51.9719515377
51.9719515377
51.9719515377
51.9719515377
51.9719515377
51.9719515377
51.9719515377
51.9719515377
51.9719515377
51.9719515377
51.9719515377
51.9719515377
51.9719515377
51.9719515377
51.9719515377
51.9719515377
51.9719515377
51.9719515377
51.9719515377
51.9719515377
51.9719515377
51.9719515377
51.9719515377
51.9719515377
51.9719515377
51.9719515377
51.9719515377
51.9719515377
51.9719515377
51.9719515377
51.9719515377
51.9719515377
51.9719515377
51.9719515377
51.9719515377
51.9719515377
51.9719515377
51.9719515377
51.9719515377
51.9719515377
51.9719515377
51.9719515377
51.9719515377
51.9719515377
51.9719515377
51.9719515377
51.9719515377
51.9719515377
51.9719515377
51.9719515377
51.9719515377
51.9719515377
51.9719515377
51.9719515377
51.9719515377
51.9719515377
51.9719515377
51.9719515377
51.9719515377
51.9719515377
51.9719515377
51.9719515377
51.9719515377
51.9719515377
51.9719515377
51.9719515377
51.9719515377
51.9719515377
51.9719515377
51.9719515377
51.9719515377
51.9719515377
51.9719515377
51.9719515377
51.9719515377
51.9719515377
51.9719515377
51.9719515377
51.9719515377
51.9719515377
51.9719515377
51.9719515377
51.9719515377
51.9719515377
51.9719515377
51.9719515377
51.9719515377
51.9719515377
51.9719515377
51.9719515377
51.9719515377
51.9719515377
51.9719515377
51.9719515377
51.9719515377
51.9719515377
51.9719515377
51.9719515377
51.9719515377
51.9719515377
51.9719515377
51.9719515377
51.9719515377
51.9719515377
51.9719515377
51.9719515377
51.9719515377
51.9719515377
51.9719515377
51.9719515377
51.9719515377
51.9719515377
51.9719515377
51.9719515377
51.9719515377
51.9719515377
51.9719515377
51.9719515377
51.9719515377
51.9719515377
51.9719515377
51.9719515377
51.9719515377
51.9719515377
51.9719515377
51.9719515377
51.9719515377
51.9719515377
51.9719515377
51.9719515377
51.9719515377
51.9719515377
51.9719515377
51.9719515377
51.9719515377
51.9719515377
51.9719515377
51.9719515377
51.9719515377
51.9719515377
51.9719515377
51.9719515377
51.9719515377
51.9719515377
51.9719515377
51.9719515377
51.9719515377
51.9719515377
51.9719515377
51.9719515377
51.9719515377
51.9719515377
51.9719515377
51.9719515377
51.9719515377
51.9719515377
51.9719515377
51.9719515377
51.9719515377
51.9719515377
51.9719515377
51.9719515377
51.9719515377
51.9719515377
51.9719515377
51.9719515377
51.9719515377
51.9719515377
51.9719515377
51.9719515377
51.9719515377
51.9719515377
51.9719515377
51.9719515377
51.9719515377
51.9719515377
51.9769266621
51.9819017865
51.9868769108
51.9918520352
51.9968271596
52.001802284
52.0067774083
52.0117525327
52.0167276571
52.0217027815
52.0266779059
52.0316530302
52.0366281546
52.041603279
52.0465784034
52.0515535277
52.0565286521
52.0615037765
52.0664789009
52.0714540253
52.0764291496
52.081404274
52.0863793984
52.0913545228
52.0963296471
52.1013047715
52.1062798959
52.1112550203
52.1162301447
52.121205269
52.1261803934
52.1311555178
52.1361306422
52.1411057666
52.1460808909
52.1510560153
52.1560311397
52.1610062641
52.1659813884
52.1709565128
52.1759316372
52.1809067616
52.185881886
52.1908570103
52.1958321347
52.2008072591
52.2057823835
52.2107575078
52.2157326322
52.2207077566
52.225682881
52.2306580054
52.2356331297
52.2406082541
52.2455833785
52.2505585029
52.2555336272
52.2605087516
52.265483876
52.2704590004
52.2754341248
52.2804092491
52.2853843735
52.2903594979
52.2953346223
52.3003097467
52.305284871
52.3102599954
52.3152351198
52.3202102442
52.3251853685
52.3301604929
52.3351356173
52.3401107417
52.3450858661
52.3500609904
52.3550361148
52.3600112392
52.3649863636
52.3699614879
52.3749366123
52.3799117367
52.3848868611
52.3898619855
52.3948371098
52.3998122342
52.4047873586
52.409762483
52.4147376073
52.4197127317
52.4246878561
52.4296629805
52.4346381049
52.4396132292
52.4445883536
52.449563478
52.4545386024
52.4595137268
52.4644888511
52.4694639755
52.4744390999
52.4794142243
52.4843893486
52.489364473
52.4943395974
52.4993147218
52.5042898462
52.5092649705
52.5142400949
52.5192152193
52.5241903437
52.529165468
52.5341405924
52.5391157168
52.5440908412
52.5490659656
52.5540410899
52.5590162143
52.5639913387
52.5689664631
52.5739415874
52.5789167118
52.5838918362
52.5888669606
52.593842085
52.5988172093
52.6037923337
52.6087674581
52.6137425825
52.6187177068
52.6236928312
52.6286679556
52.63364308
52.6386182044
52.6435933287
52.6485684531
52.6535435775
52.6585187019
52.6634938263
52.6684689506
52.673444075
52.6784191994
52.6833943238
52.6883694481
52.6933445725
52.6983196969
52.7032948213
52.7082699457
52.71324507
52.7182201944
52.7231953188
52.7281704432
52.7331455675
52.7381206919
52.7430958163
52.7480709407
52.7530460651
52.7580211894
52.7629963138
52.7679714382
52.7729465626
52.7779216869
52.7828968113
52.7878719357
52.7928470601
52.7978221845
52.8027973088
52.8077724332
52.8127475576
52.817722682
52.8226978064
52.8276729307
52.8326480551
52.8376231795
52.8425983039
52.8475734282
52.8525485526
52.857523677
52.8624988014
52.8674739258
52.8724490501
52.8774241745
52.8823992989
52.8873744233
52.8923495476
52.897324672
52.9022997964
52.9072749208
52.9122500452
52.9172251695
52.9222002939
52.9271754183
52.9321505427
52.937125667
52.9421007914
52.9470759158
52.9520510402
52.9570261646
52.9620012889
52.9669764133
52.9719515377
52.9719515377
52.9719515377
52.9719515377
52.9719515377
52.9719515377
52.9719515377
52.9719515377
52.9719515377
52.9719515377
52.9719515377
52.9719515377
52.9719515377
52.9719515377
52.9719515377
52.9719515377
52.9719515377
52.9719515377
52.9719515377
52.9719515377
52.9719515377
52.9719515377
52.9719515377
52.9719515377
52.9719515377
52.9719515377
52.9719515377
52.9719515377
52.9719515377
52.9719515377
52.9719515377
52.9719515377
52.9719515377
52.9719515377
52.9719515377
52.9719515377
52.9719515377
52.9719515377
52.9719515377
52.9719515377
52.9719515377
52.9719515377
52.9719515377
52.9719515377
52.9719515377
52.9719515377
52.9719515377
52.9719515377
52.9719515377
52.9719515377
52.9719515377
52.9719515377
52.9719515377
52.9719515377
52.9719515377
52.9719515377
52.9719515377
52.9719515377
52.9719515377
52.9719515377
52.9719515377
52.9719515377
52.9719515377
52.9719515377
52.9719515377
52.9719515377
52.9719515377
52.9719515377
52.9719515377
52.9719515377
52.9719515377
52.9719515377
52.9719515377
52.9719515377
52.9719515377
52.9719515377
52.9719515377
52.9719515377
52.9719515377
52.9719515377
52.9719515377
52.9719515377
52.9719515377
52.9719515377
52.9719515377
52.9719515377
52.9719515377
52.9719515377
52.9719515377
52.9719515377
52.9719515377
52.9719515377
52.9719515377
52.9719515377
52.9719515377
52.9719515377
52.9719515377
52.9719515377
52.9719515377
52.9719515377
52.9719515377
52.9719515377
52.9719515377
52.9719515377
52.9719515377
52.9719515377
52.9719515377
52.9719515377
52.9719515377
52.9719515377
52.9719515377
52.9719515377
52.9719515377
52.9719515377
52.9719515377
52.9719515377
52.9719515377
52.9719515377
52.9719515377
52.9719515377
52.9719515377
52.9719515377
52.9719515377
52.9719515377
52.9719515377
52.9719515377
52.9719515377
52.9719515377
52.9719515377
52.9719515377
52.9719515377
52.9719515377
52.9719515377
52.9719515377
52.9719515377
52.9719515377
52.9719515377
52.9719515377
52.9719515377
52.9719515377
52.9719515377
52.9719515377
52.9719515377
52.9719515377
52.9719515377
52.9719515377
52.9719515377
52.9719515377
52.9719515377
52.9719515377
52.9719515377
52.9719515377
52.9719515377
52.9719515377
52.9719515377
52.9719515377
52.9719515377
52.9719515377
52.9719515377
52.9719515377
52.9719515377
52.9719515377
52.9719515377
52.9719515377
52.9719515377
52.9719515377
52.9719515377
52.9719515377
52.9769266621
52.9819017865
52.9868769108
52.9918520352
52.9968271596
53.001802284
53.0067774083
53.0117525327
53.0167276571
53.0217027815
53.0266779059
53.0316530302
53.0366281546
53.041603279
53.0465784034
53.0515535277
53.0565286521
53.0615037765
53.0664789009
53.0714540253
53.0764291496
53.081404274
53.0863793984
53.0913545228
53.0963296471
53.1013047715
53.1062798959
53.1112550203
53.1162301447
53.121205269
53.1261803934
53.1311555178
53.1361306422
53.1411057666
53.1460808909
53.1510560153
53.1560311397
53.1610062641
53.1659813884
53.1709565128
53.1759316372
53.1809067616
53.185881886
53.1908570103
53.1958321347
53.2008072591
53.2057823835
53.2107575078
53.2157326322
53.2207077566
53.225682881
53.2306580054
53.2356331297
53.2406082541
53.2455833785
53.2505585029
53.2555336272
53.2605087516
53.265483876
53.2704590004
53.2754341248
53.2804092491
53.2853843735
53.2903594979
53.2953346223
53.3003097467
53.305284871
53.3102599954
53.3152351198
53.3202102442
53.3251853685
53.3301604929
53.3351356173
53.3401107417
53.3450858661
53.3500609904
53.3550361148
53.3600112392
53.3649863636
53.3699614879
53.3749366123
53.3799117367
53.3848868611
53.3898619855
53.3948371098
53.3998122342
53.4047873586
53.409762483
53.4147376073
53.4197127317
53.4246878561
53.4296629805
53.4346381049
53.4396132292
53.4445883536
53.449563478
53.4545386024
53.4595137267
53.4644888511
53.4694639755
53.4744390999
53.4794142243
53.4843893486
53.489364473
53.4943395974
53.4993147218
53.5042898462
53.5092649705
53.5142400949
53.5192152193
53.5241903437
53.529165468
53.5341405924
53.5391157168
53.5440908412
53.5490659656
53.5540410899
53.5590162143
53.5639913387
53.5689664631
53.5739415874
53.5789167118
53.5838918362
53.5888669606
53.593842085
53.5988172093
53.6037923337
53.6087674581
53.6137425825
53.6187177068
53.6236928312
53.6286679556
53.63364308
53.6386182044
53.6435933287
53.6485684531
53.6535435775
53.6585187019
53.6634938263
53.6684689506
53.673444075
53.6784191994
53.6833943238
53.6883694481
53.6933445725
53.6983196969
53.7032948213
53.7082699457
53.71324507
53.7182201944
53.7231953188
53.7281704432
53.7331455675
53.7381206919
53.7430958163
53.7480709407
53.7530460651
53.7580211894
53.7629963138
53.7679714382
53.7729465626
53.7779216869
53.7828968113
53.7878719357
53.7928470601
53.7978221845
53.8027973088
53.8077724332
53.8127475576
53.817722682
53.8226978064
53.8276729307
53.8326480551
53.8376231795
53.8425983039
53.8475734282
53.8525485526
53.857523677
53.8624988014
53.8674739258
53.8724490501
53.8774241745
53.8823992989
53.8873744233
53.8923495476
53.897324672
53.9022997964
53.9072749208
53.9122500452
53.9172251695
53.9222002939
53.9271754183
53.9321505427
53.937125667
53.9421007914
53.9470759158
53.9520510402
53.9570261646
53.9620012889
53.9669764133
53.9719515377
53.9719515377
53.9719515377
53.9719515377
53.9719515377
53.9719515377
53.9719515377
53.9719515377
53.9719515377
53.9719515377
53.9719515377
53.9719515377
53.9719515377
53.9719515377
53.9719515377
53.9719515377
53.9719515377
53.9719515377
53.9719515377
53.9719515377
53.9719515377
53.9719515377
53.9719515377
53.9719515377
53.9719515377
53.9719515377
53.9719515377
53.9719515377
53.9719515377
53.9719515377
53.9719515377
53.9719515377
53.9719515377
53.9719515377
53.9719515377
53.9719515377
53.9719515377
53.9719515377
53.9719515377
53.9719515377
53.9719515377
53.9719515377
53.9719515377
53.9719515377
53.9719515377
53.9719515377
53.9719515377
53.9719515377
53.9719515377
53.9719515377
53.9719515377
53.9719515377
53.9719515377
53.9719515377
53.9719515377
53.9719515377
53.9719515377
53.9719515377
53.9719515377
53.9719515377
53.9719515377
53.9719515377
53.9719515377
53.9719515377
53.9719515377
53.9719515377
53.9719515377
53.9719515377
53.9719515377
53.9719515377
53.9719515377
53.9719515377
53.9719515377
53.9719515377
53.9719515377
53.9719515377
53.9719515377
53.9719515377
53.9719515377
53.9719515377
53.9719515377
53.9719515377
53.9719515377
53.9719515377
53.9719515377
53.9719515377
53.9719515377
53.9719515377
53.9719515377
53.9719515377
53.9719515377
53.9719515377
53.9719515377
53.9719515377
53.9719515377
53.9719515377
53.9719515377
53.9719515377
53.9719515377
53.9719515377
53.9719515377
53.9719515377
53.9719515377
53.9719515377
53.9719515377
53.9719515377
53.9719515377
53.9719515377
53.9719515377
53.9719515377
53.9719515377
53.9719515377
53.9719515377
53.9719515377
53.9719515377
53.9719515377
53.9719515377
53.9719515377
53.9719515377
53.9719515377
53.9719515377
53.9719515377
53.9719515377
53.9719515377
53.9719515377
53.9719515377
53.9719515377
53.9719515377
53.9719515377
53.9719515377
53.9719515377
53.9719515377
53.9719515377
53.9719515377
53.9719515377
53.9719515377
53.9719515377
53.9719515377
53.9719515377
53.9719515377
53.9719515377
53.9719515377
53.9719515377
53.9719515377
53.9719515377
53.9719515377
53.9719515377
53.9719515377
53.9719515377
53.9719515377
53.9719515377
53.9719515377
53.9719515377
53.9719515377
53.9719515377
53.9719515377
53.9719515377
53.9719515377
53.9719515377
53.9719515377
53.9719515377
53.9719515377
53.9719515377
53.9719515377
53.9719515377
53.9719515377
53.9719515377
53.9719515377
53.9719515377
53.9719515377
53.9719515377
53.9719515377
53.9719515377
53.9719515377
53.9719515377
53.9719515377
53.9719515377
53.9719515377
53.9719515377
53.9719515377
53.9719515377
53.9719515377
53.9719515377
53.9719515377
53.9719515377
53.9719515377
53.9719515377
53.9719515377
53.9719515377
53.9719515377
53.9719515377
53.9719515377
53.9719515377
53.9719515377
53.9719515377
53.9719515377
53.9719515377
53.9719515377
53.9719515377
53.9719515377
53.9719515377
53.9719515377
53.9719515377
53.9719515377
53.9719515377
53.9719515377
53.9719515377
53.9719515377
53.9719515377
53.9719515377
53.9719515377
53.9719515377
53.9719515377
53.9719515377
53.9719515377
53.9719515377
53.9719515377
53.9719515377
53.9719515377
53.9719515377
53.9719515377
53.9719515377
53.9719515377
53.9719515377
53.9719515377
53.9719515377
53.9719515377
53.9719515377
53.9719515377
53.9719515377
53.9719515377
53.9719515377
53.9719515377
53.9719515377
53.9719515377
53.9719515377
53.9719515377
53.9719515377
53.9719515377
53.9719515377
53.9719515377
53.9719515377
53.9719515377
53.9719515377
53.9719515377
53.9719515377
53.9719515377
53.9719515377
53.9719515377
53.9719515377
53.9719515377
53.9719515377
53.9719515377
53.9719515377
53.9719515377
53.9719515377
53.9719515377
53.9719515377
53.9719515377
53.9719515377
53.9719515377
53.9719515377
53.9719515377
53.9719515377
53.9719515377
53.9719515377
53.9719515377
53.9719515377
53.9719515377
53.9719515377
53.9719515377
53.9719515377
53.9719515377
53.9719515377
53.9719515377
53.9719515377
53.9719515377
53.9719515377
53.9719515377
53.9719515377
53.9719515377
53.9719515377
53.9719515377
53.9719515377
53.9719515377
53.9719515377
53.9719515377
53.9719515377
53.9719515377
53.9719515377
53.9719515377
53.9719515377
53.9719515377
53.9719515377
53.9719515377
53.9719515377
53.9719515377
53.9719515377
53.9719515377
53.9719515377
53.9719515377
53.9719515377
53.9719515377
53.9719515377
53.9719515377
53.9719515377
53.9719515377
53.9719515377
53.9719515377
53.9719515377
53.9719515377
53.9719515377
53.9719515377
53.9719515377
53.9719515377
53.9719515377
53.9719515377
53.9719515377
