0.00990099009901
0.0197049116676
0.0294136495317
0.0390290341471
0.0485528436709
0.0579868059351
0.0673326003276
0.0765918595868
0.0857661715134
0.0948570806044
0.103866089613
0.112794661042
0.121644218564
0.130416148389
0.139111800563
0.147732490218
0.156279498765
0.164754075036
0.17315743638
0.181490769714
0.189755232524
0.197951953835
0.206082035136
0.214146551265
0.222146551265
0.230083059202
0.23795707495
0.24576957495
0.253521512934
0.261213820626
0.268847408413
0.276423165988
0.283941962981
0.291404649548
0.298812056955
0.306164998132
0.313464268205
0.320710645016
0.327904889621
0.335047746764
0.342139945345
0.349182198866
0.356175205859
0.363119650304
0.370016202028
0.376865517096
0.383668238185
0.390424994942
0.397136404338
0.403803071004
0.410425587561
0.417004534929
0.423540482641
0.430033989135
0.436485602038
0.442895858448
0.4492652852
0.455594399124
0.4618837073
0.4681337073
0.474344887424
0.480517726931
0.486652696256
0.492750257231
0.498810863292
0.504834959677
0.51082298363
0.516775364582
0.522692524345
0.528574877286
0.534422830503
0.540236783991
0.546017130812
0.551764257249
0.557478542963
0.563160361145
0.568810078659
0.574428056187
0.580014648366
0.585570203921
0.5910950658
0.596589571294
0.602054052169
0.607488834777
0.612894240183
0.618270584269
0.623618177852
0.628937326788
0.634228332079
0.639491489974
0.644727092068
0.649935425401
0.655116772551
0.660271411727
0.665399616855
0.670501657671
0.675577799803
0.680628304854
0.685653430482
0.690653430482
0.69562855486
0.700603679238
0.705578803616
0.710553927994
0.715529052372
0.72050417675
0.725479301129
0.730454425507
0.735429549885
0.740404674263
0.745379798641
0.750354923019
0.755330047397
0.760305171775
0.765280296153
0.770255420532
0.77523054491
0.780205669288
0.785180793666
0.790155918044
0.795131042422
0.8001061668
0.805081291178
0.810056415556
0.815031539935
0.820006664313
0.824981788691
0.829956913069
0.834932037447
0.839907161825
0.844882286203
0.849857410581
0.854832534959
0.859807659338
0.864782783716
0.869757908094
0.874733032472
0.874733032472
0.874733032472
0.874733032472
0.874733032472
0.874733032472
0.874733032472
0.874733032472
0.874733032472
0.874733032472
0.874733032472
0.874733032472
0.874733032472
0.874733032472
0.874733032472
0.874733032472
0.874733032472
0.874733032472
0.874733032472
0.874733032472
0.874733032472
0.874733032472
0.874733032472
0.874733032472
0.874733032472
0.874733032472
0.874733032472
0.874733032472
0.874733032472
0.874733032472
0.874733032472
0.874733032472
0.874733032472
0.874733032472
0.874733032472
0.874733032472
0.87970815685
0.884683281228
0.889658405606
0.894633529984
0.899608654362
0.904583778741
0.909558903119
0.914534027497
0.919509151875
0.924484276253
0.929459400631
0.934434525009
0.939409649387
0.944384773765
0.949359898144
0.954335022522
0.9593101469
0.964285271278
0.969260395656
0.974235520034
0.979210644412
0.98418576879
0.989160893168
0.994136017546
0.999111141925
1.0040862663
1.00906139068
1.01403651506
1.01901163944
1.02398676382
1.02896188819
1.03393701257
1.03891213695
1.04388726133
1.04886238571
1.05383751008
1.05881263446
1.06378775884
1.06876288322
1.0737380076
1.07871313197
1.08368825635
1.08866338073
1.09363850511
1.09861362949
1.10358875386
1.10856387824
1.11353900262
1.118514127
1.12348925138
1.12846437576
1.13343950013
1.13841462451
1.14338974889
1.14836487327
1.15333999765
1.15831512202
1.1632902464
1.16826537078
1.17324049516
1.17821561954
1.18319074391
1.18816586829
1.19314099267
1.19811611705
1.20309124143
1.20806636581
1.21304149018
1.21801661456
1.22299173894
1.22796686332
1.2329419877
1.23791711207
1.24289223645
1.24786736083
1.25284248521
1.25781760959
1.26279273396
1.26776785834
1.27274298272
1.2777181071
1.28269323148
1.28766835585
1.29264348023
1.29761860461
1.30259372899
1.30756885337
1.31254397775
1.31751910212
1.3224942265
1.32746935088
1.33244447526
1.33741959964
1.34239472401
1.34736984839
1.35234497277
1.35732009715
1.36229522153
1.3672703459
1.37224547028
1.37722059466
1.38219571904
1.38717084342
1.3921459678
1.39712109217
1.40209621655
1.40707134093
1.41204646531
1.41702158969
1.42199671406
1.42697183844
1.43194696282
1.4369220872
1.44189721158
1.44687233595
1.45184746033
1.45682258471
1.46179770909
1.46677283347
1.47174795785
1.47672308222
1.4816982066
1.48667333098
1.49164845536
1.49662357974
1.50159870411
1.50657382849
1.51154895287
1.51652407725
1.52149920163
1.526474326
1.53144945038
1.53642457476
1.54139969914
1.54637482352
1.55134994789
1.55632507227
1.56130019665
1.56627532103
1.57125044541
1.57622556979
1.58120069416
1.58617581854
1.59115094292
1.5961260673
1.60110119168
1.60607631605
1.61105144043
1.61602656481
1.62100168919
1.62597681357
1.63095193794
1.63592706232
1.6409021867
1.64587731108
1.65085243546
1.65582755984
1.66080268421
1.66577780859
1.67075293297
1.67572805735
1.68070318173
1.6856783061
1.69065343048
1.69562855486
1.70060367924
1.70557880362
1.71055392799
1.71552905237
1.72050417675
1.72547930113
1.73045442551
1.73542954988
1.74040467426
1.74537979864
1.75035492302
1.7553300474
1.76030517178
1.76528029615
1.77025542053
1.77523054491
1.78020566929
1.78518079367
1.79015591804
1.79513104242
1.8001061668
1.80508129118
1.81005641556
1.81503153993
1.82000666431
1.82498178869
1.82995691307
1.83493203745
1.83990716183
1.8448822862
1.84985741058
1.85483253496
1.85980765934
1.86478278372
1.86975790809
1.87473303247
1.87473303247
1.87473303247
1.87473303247
1.87473303247
1.87473303247
1.87473303247
1.87473303247
1.87473303247
1.87473303247
1.87473303247
1.87473303247
1.87473303247
1.87473303247
1.87473303247
1.87473303247
1.87473303247
1.87473303247
1.87473303247
1.87473303247
1.87473303247
1.87473303247
1.87473303247
1.87473303247
1.87473303247
1.87473303247
1.87473303247
1.87473303247
1.87473303247
1.87473303247
1.87473303247
1.87473303247
1.87473303247
1.87473303247
1.87473303247
1.87473303247
1.87473303247
1.87473303247
1.87473303247
1.87473303247
1.87473303247
1.87473303247
1.87473303247
1.87473303247
1.87473303247
1.87473303247
1.87473303247
1.87473303247
1.87473303247
1.87473303247
1.87473303247
1.87473303247
1.87473303247
1.87473303247
1.87473303247
1.87473303247
1.87473303247
1.87473303247
1.87473303247
1.87473303247
1.87473303247
1.87473303247
1.87473303247
1.87473303247
1.87473303247
1.87473303247
1.87473303247
1.87473303247
1.87473303247
1.87473303247
1.87473303247
1.87473303247
1.87473303247
1.87473303247
1.87473303247
1.87473303247
1.87473303247
1.87473303247
1.87473303247
1.87473303247
1.87473303247
1.87473303247
1.87473303247
1.87473303247
1.87473303247
1.87473303247
1.87473303247
1.87473303247
1.87473303247
1.87473303247
1.87473303247
1.87473303247
1.87473303247
1.87473303247
1.87473303247
1.87473303247
1.87473303247
1.87473303247
1.87473303247
1.87473303247
1.87473303247
1.87473303247
1.87473303247
1.87473303247
1.87473303247
1.87473303247
1.87473303247
1.87473303247
1.87473303247
1.87473303247
1.87473303247
1.87473303247
1.87473303247
1.87473303247
1.87473303247
1.87473303247
1.87473303247
1.87473303247
1.87473303247
1.87473303247
1.87473303247
1.87473303247
1.87473303247
1.87473303247
1.87473303247
1.87473303247
1.87473303247
1.87473303247
1.87473303247
1.87473303247
1.87473303247
1.87473303247
1.87473303247
1.87473303247
1.87473303247
1.87473303247
1.87473303247
1.87473303247
1.87473303247
1.87473303247
1.87473303247
1.87473303247
1.87473303247
1.87473303247
1.87473303247
1.87473303247
1.87473303247
1.87473303247
1.87473303247
1.87473303247
1.87473303247
1.87473303247
1.87473303247
1.87473303247
1.87473303247
1.87473303247
1.87473303247
1.87473303247
1.87473303247
1.87473303247
1.87473303247
1.87473303247
1.87473303247
1.87473303247
1.87473303247
1.87473303247
1.87473303247
1.87473303247
1.87473303247
1.87473303247
1.87473303247
1.87473303247
1.87473303247
1.87473303247
1.87473303247
1.87473303247
1.87473303247
1.87473303247
1.87473303247
1.87473303247
1.87473303247
1.87473303247
1.87473303247
1.87473303247
1.87473303247
1.87473303247
1.87473303247
1.87473303247
1.87473303247
1.87473303247
1.87473303247
1.87473303247
1.87473303247
1.87473303247
1.87473303247
1.87473303247
1.87473303247
1.87473303247
1.87473303247
1.87473303247
1.87473303247
1.87473303247
1.87473303247
1.87473303247
1.87473303247
1.87473303247
1.87473303247
1.87473303247
1.87473303247
1.87473303247
1.87473303247
1.87473303247
1.87473303247
1.87473303247
1.87473303247
1.87473303247
1.87473303247
1.87473303247
1.87473303247
1.87473303247
1.87473303247
1.87473303247
1.87473303247
1.87473303247
1.87473303247
1.87473303247
1.87473303247
1.87473303247
1.87473303247
1.87473303247
1.87473303247
1.87473303247
1.87473303247
1.87473303247
1.87473303247
1.87473303247
1.87473303247
1.87473303247
1.87473303247
1.87473303247
1.87473303247
1.87473303247
1.87473303247
1.87473303247
1.87473303247
1.87473303247
1.87473303247
1.87473303247
1.87473303247
1.87473303247
1.87473303247
1.87473303247
1.87473303247
1.87473303247
