17.3516212232
9.86847832938
3.78095373871
-5.00222085975e-11
-1.37183750973
-1.00954673257
1.94631866179e-10
0.686749207945
0.619041521535
-4.29281499237e-10
-0.592204037346
-0.637817930086
7.20319803804e-10
1.0562261976
2.12798135834
2.99999999899
3.77738633027
4.731844463
6.00000000124
7.39482342928
8.50221712997
8.99999999862
8.94328016384
8.77049162193
9.00000000136
9.84053875929
11.0231000552
11.9999999988
12.3696619161
12.2008636396
12.0000000008
12.3403074855
13.4374709875
14.9999999996
16.4677987361
17.4474639153
17.9999999998
18.5574293716
19.5423009453
21.0000000008
22.539588856
23.6280953956
23.9999999987
23.8569594266
23.7091619832
24.0000000018
24.8200056425
25.9236438584
26.9999999978
27.9425595173
28.8860284552
30.0000000025
31.2491569732
32.3541137109
32.9999999972
33.113293619
32.9637907314
33.000000003
33.5522493322
34.6380112186
35.9999999969
37.3068916606
38.3335264785
39.0000000031
39.3048023768
39.2751657511
38.9999999968
38.6840415941
38.6120446033
39.0000000032
39.8467452758
40.9337813301
41.9999999968
42.9485167554
43.894605738
45.0000000032
46.2431808635
47.3533288891
47.999999997
48.0930874877
47.9247783851
48.0000000028
48.6649813998
49.8272256049
50.9999999975
51.6466252011
51.5611355842
51.0000000022
50.4846951822
50.4488566446
50.9999999982
51.9434343606
52.9974133101
54.0000000014
54.9583036355
55.9493920156
56.999999999
58.0579801254
59.058863254
60.0000000006
60.9423200563
61.9439614985
62.9999999997
64.0508866539
65.0472139937
65.9999999999
66.9634452302
67.9713083123
69.0000000005
70.0035879085
70.9828690071
71.999999999
73.0956653605
74.1757672898
75.0000000015
75.340291309
75.2162768592
74.9999999979
75.2424033691
76.2943265251
78.0000000028
79.7360268842
80.8194453869
80.9999999965
80.6497448739
80.4807697758
81.0000000041
82.1337587093
83.3227437254
83.9999999953
84.0484949795
83.8643870805
84.0000000051
84.7182733993
85.8430032312
86.9999999945
87.9870106976
88.9140826079
90.0000000057
91.2529021865
92.374114892
92.9999999941
93.0576647298
92.8874878306
93.0000000061
93.680956858
94.8023772509
95.9999999938
97.0301248265
97.956957638
99.0000000061
100.213186516
101.337642475
101.999999994
102.081807622
101.900158264
102.000000006
102.717766525
103.895752962
104.999999994
105.539516505
105.428305556
105.000000006
104.69918043
104.738574423
104.999999995
105.211312927
105.199081324
105.000000005
104.788639748
104.7464472
104.999999995
105.630033887
106.66220964
108.000000005
109.37923165
110.453616472
110.999999995
111.07972125
110.987380751
111.000000006
111.143596339
111.20557786
110.999999994
110.637040604
110.514958964
111.000000006
112.068474067
113.255839184
113.999999994
114.102884704
113.904257587
114.000000006
114.738246118
115.926918024
116.999999994
117.485204191
117.359666455
117.000000005
116.808484076
116.878745342
116.999999995
116.963374051
116.848808432
117.000000004
117.701056409
118.858975214
119.999999996
120.605470191
120.50612991
120.000000003
119.599522222
119.628126254
119.999999997
120.344624577
120.345040107
120.000000002
119.613228019
119.553239292
119.999999998
120.869203687
121.932756757
123.000000001
124.010352198
124.997495128
125.999999999
127.014204861
128.015626088
129.0
129.988030478
130.993157654
132.0
132.987371922
133.970331533
135.0
136.095892993
137.164792243
138.000000001
138.400019908
138.33222363
137.999999999
137.729608765
137.743380805
138.000000002
138.24571018
138.245775144
137.999999998
137.746215609
137.73877104
138.000000003
138.28283301
138.297276022
137.999999996
137.664873392
137.64023891
138.000000005
138.426070282
138.471996815
137.999999994
137.386895872
137.267587893
138.000000006
139.318381667
140.510789119
140.999999993
140.829602706
140.616807838
141.000000007
142.068684081
143.28992683
143.999999992
144.013026261
143.787919892
144.000000008
144.914080331
146.140501315
146.999999992
147.156940185
146.931272936
147.000000008
147.767472453
148.989860937
149.999999992
150.321734527
150.10715803
150.000000008
150.556711075
151.7516214
152.999999993
153.656584883
153.533918989
153.000000007
152.61491077
152.665259813
152.999999994
153.258277288
153.227814924
153.000000006
152.823516378
152.845787989
152.999999994
153.114150675
153.095713391
153.000000005
152.939225286
152.956146661
152.999999995
153.010121121
152.992900468
153.000000005
153.043448138
153.063190377
152.999999995
152.892003165
152.865602472
153.000000005
153.200912788
153.245253597
152.999999995
152.62042224
152.506486799
153.000000005
154.064055143
155.245954958
155.999999995
156.122858882
155.929169637
156.000000005
156.703014163
157.886041639
158.999999996
159.539122117
159.421404235
159.000000004
158.726903398
158.784099587
158.999999996
159.095166188
159.008352515
159.000000003
159.446263754
160.514049819
161.999999997
163.459085965
164.499347901
165.000000002
165.10607279
165.053702222
164.999999998
164.981730001
164.982760671
165.000000001
165.036461034
165.057658787
164.999999999
164.858894711
164.774877073
165.0
165.719285718
166.849587452
168.0
168.67646967
168.615270833
167.999999999
167.377577112
167.309031423
168.000000001
169.181061482
170.32070579
170.999999998
171.161945286
171.062837586
171.000000002
171.063345592
171.116445515
170.999999998
170.75516241
170.653820719
171.000000003
171.870387567
173.014743237
173.999999997
174.48285321
174.406518743
174.000000003
173.620178443
173.571154475
173.999999997
174.871987817
175.982591176
177.000000003
177.576053243
177.528835122
176.999999996
176.438931004
176.358801578
177.000000004
178.15348172
179.304056266
179.999999995
180.156265056
180.045403489
180.000000005
180.106573203
180.174314528
179.999999995
179.662275657
179.539137228
180.000000005
181.043465917
182.229079406
182.999999995
183.135964372
182.942161342
183.000000005
183.686037943
184.864258203
185.999999995
186.579994693
186.479794147
186.000000005
185.597707177
185.579964659
185.999999995
186.767212242
187.790949643
189.000000005
190.259316011
191.334914778
191.999999995
192.201594005
192.113703772
192.000000005
192.001496444
192.051156377
191.999999995
191.829905407
191.737850666
192.000000005
192.741372368
193.831079554
194.999999995
196.061471295
197.023234041
198.000000005
199.042141681
200.073292695
200.999999994
201.859411309
202.819211046
204.000000006
205.294401028
206.388464258
206.999999994
207.120426437
207.020449638
207.000000006
207.119885383
207.184083559
206.999999993
206.659108259
206.540395538
207.000000007
208.026481442
209.197468022
209.999999993
210.229982094
210.105346224
210.000000008
210.070927045
210.149746149
209.999999992
209.665797026
209.532352789
210.000000008
211.071207051
212.267797559
212.999999992
213.073322348
212.866060944
213.000000008
213.793921142
214.991641329
215.999999992
216.401231537
216.265247157
216.000000008
215.926218698
216.009771537
215.999999992
215.800926717
215.667241281
216.000000008
216.932048519
218.123599634
218.999999992
219.236456268
219.045744523
219.000000008
219.550111157
220.68113678
221.999999992
223.137039577
224.058473802
225.000000007
226.119872697
227.247325655
227.999999993
228.168161522
227.985590955
228.000000006
228.631552924
229.80737509
230.999999994
231.638350825
231.537738252
231.000000006
230.542459092
230.527085399
230.999999995
231.81241405
232.830080084
234.000000005
235.240698235
236.333969893
236.999999996
237.132618683
236.970902406
237.000000004
237.608332144
238.765572098
239.999999997
240.720029088
240.642320644
240.000000003
239.380071623
239.325528016
239.999999998
241.136245062
242.260866866
243.000000002
243.25568225
243.176663569
242.999999999
242.89793347
242.915700269
243.000000001
243.067519247
243.065331192
242.999999999
242.929655113
242.92243422
243.000000001
243.10454691
243.127521219
242.999999999
242.787148362
242.702559514
243.000000001
243.792559072
244.923331672
246.0
246.601809256
246.540261211
246.0
245.452482245
245.383002982
246.0
247.113312887
248.260547075
249.0
249.18265308
249.033629258
249.0
249.47053059
250.546718034
252.0
253.423588099
254.466523277
255.0
255.128440216
255.068654936
255.0
254.986444204
255.000489032
255.0
254.982110441
254.976194881
255.000000001
255.03313932
255.037199531
254.999999999
254.954900747
254.950773139
255.000000001
255.058508031
255.063972631
254.999999999
254.922335267
254.913386242
255.000000001
255.112096261
255.131370992
254.999999999
254.800009986
254.731520674
255.000000002
255.69646553
256.754736342
257.999999998
259.231632784
260.276037783
261.000000002
261.325446012
261.273181488
260.999999998
260.757845059
260.754437433
261.000000002
261.278852102
261.310173027
260.999999997
260.577887529
260.474118411
261.000000003
262.076761798
263.248711733
263.999999997
264.141408973
263.959647431
264.000000003
264.644091806
265.809323395
266.999999997
267.664238324
267.581425558
267.000000002
266.451210208
266.402457447
266.999999998
268.044512405
269.159051
270.000000002
270.387660631
270.33228404
269.999999998
269.657015305
269.590819854
270.000000002
270.884966854
272.011473658
272.999999999
273.515261213
273.451678028
273.000000001
272.550590403
272.489038
272.999999999
273.982047358
275.109249593
276.000000001
276.406110183
276.328608163
275.999999999
275.737776791
275.74806466
276.000000001
276.260828058
276.280098724
275.999999998
275.63489384
275.547530279
276.000000002
276.958649236
278.097926558
278.999999998
279.402711593
279.323975528
279.000000002
278.718672852
278.68629932
278.999999998
279.686567587
280.72193517
282.000000002
283.306333464
284.371119066
284.999999998
285.187976234
285.112623965
285.000000003
284.971633665
285.000198705
284.999999997
284.951001549
284.926912367
285.000000003
285.128943237
285.165191566
284.999999997
284.722885025
284.624113654
285.000000003
285.903638678
287.054239385
287.999999997
288.41855525
288.320337348
288.000000002
287.789885234
287.824964529
287.999999998
288.122234701
288.100076027
288.000000002
287.943900325
287.969485671
287.999999998
287.953659529
287.882906197
288.000000002
288.546353669
289.603698778
290.999999999
292.387732316
293.436409752
294.000000001
294.15238681
294.091266757
293.999999999
293.964319719
293.977829723
294.000000001
294.006902684
294.002457325
293.999999999
294.003350404
294.005420026
294.000000001
293.990975435
293.989095441
293.999999999
294.015666266
294.01895757
294.000000001
293.971139421
293.963555932
293.999999999
294.061345226
294.082185951
294.000000001
293.838503213
293.757717349
293.999999999
294.728253044
295.853641704
297.000000002
297.684127369
297.629988146
296.999999998
296.345095316
296.264960404
297.000000002
298.257946402
299.422193091
299.999999997
299.974661775
299.792538721
300.000000003
300.819410323
301.993125597
302.999999997
303.45070675
303.343206077
303.000000003
302.779300851
302.818120917
302.999999997
303.125907992
303.104624515
303.000000003
302.930047171
302.944692147
302.999999997
303.029416111
303.017642503
303.000000003
303.004506399
303.015169358
302.999999997
302.963734259
302.95309005
303.000000004
303.068903488
303.080469204
302.999999996
302.894639323
302.881008049
303.000000004
303.149634687
303.167206655
302.999999996
302.791054332
302.765573471
303.000000005
303.30030461
303.344929979
302.999999995
302.518934617
302.403444486
303.000000006
304.171615948
305.356544142
305.999999994
306.004445771
305.805833327
306.000000006
306.838669576
308.029348176
308.999999994
309.376596447
309.24675436
309.000000006
308.933015542
309.010966911
308.999999994
308.810461757
308.681853723
309.000000006
309.908270562
311.096119991
311.999999994
312.267300201
312.074124655
312.000000005
312.549635376
313.723780198
314.999999995
315.733567243
315.643268859
315.000000005
314.403485408
314.361506109
314.999999996
316.072143893
317.179989829
318.000000004
318.380598534
318.332619447
317.999999997
317.640240365
317.564585352
318.000000003
318.934225075
320.075358025
320.999999997
321.41108449
321.318115142
321.000000003
320.782975043
320.81360211
320.999999998
321.143765396
321.128125346
321.000000002
320.896481452
320.906477796
320.999999998
321.076567205
321.069200963
321.000000002
320.944030585
320.950116322
320.999999998
321.038297225
321.03261085
321.000000001
320.979080937
320.985365617
320.999999999
321.000129726
320.991209242
321.000000001
321.033285473
321.051569527
320.999999999
320.882892616
320.816551584
321.000000001
321.605723644
322.660322123
323.999999999
325.335410324
326.385724271
327.000000001
327.200689391
327.138788114
326.999999999
326.917586306
326.931106584
327.000000001
327.054400582
327.050767582
326.999999999
326.952447363
326.952663591
327.000000001
327.048827289
327.05035218
326.999999999
326.945266751
326.942439725
327.000000001
327.064531339
327.068736496
326.999999999
326.921139089
326.915047755
327.000000002
327.099853684
327.109068075
326.999999998
326.86735389
326.851917411
327.000000002
327.191122392
327.222485431
326.999999998
326.673383184
326.577784769
327.000000002
327.944609665
329.09288824
329.999999998
330.38413337
330.287939655
330.000000002
329.818049783
329.850716067
329.999999998
330.102730803
330.084987831
330.000000002
329.944678392
329.957911485
329.999999998
330.016206271
330.002462359
330.000000002
330.030622491
330.052867733
329.999999998
329.87395658
329.803807504
330.000000002
330.626377734
331.685212516
332.999999998
334.301086262
335.345998666
336.000000002
336.253296772
336.199289593
335.999999998
335.836764314
335.836790726
336.000000002
336.187213737
336.212325641
335.999999998
335.692750771
335.60077616
336.000000002
336.915366133
338.060780409
338.999999998
339.421846214
339.328511201
339.000000001
338.771400294
338.80075276
338.999999999
339.160131701
339.146640345
339.000000001
338.87301886
338.880239346
338.999999999
339.108956969
339.104982399
339.0
338.900749566
338.902674204
339.0
339.095080791
339.094688717
339.0
338.904742536
338.90380206
339.000000001
339.099388638
339.101656175
338.999999999
338.892373452
338.888612782
339.000000001
339.120670982
339.126313007
338.999999998
338.859984322
338.85168826
339.000000002
339.16864591
339.181186725
338.999999997
338.787029463
338.766528328
339.000000003
339.289240388
339.328672752
338.999999997
338.54603466
338.436279196
339.000000004
340.126424806
341.304599352
341.999999996
342.071483656
341.881446384
342.000000004
342.74301235
343.921733115
344.999999996
345.513896618
345.40300654
345.000000004
344.725210554
344.766461458
344.999999996
345.173323395
345.150142597
345.000000003
344.888088386
344.904491687
344.999999997
345.06584103
345.051888075
345.000000003
344.975791596
344.99016289
344.999999997
344.977986357
344.959315436
345.000000003
345.088595218
345.121648402
344.999999998
344.772254601
344.67637157
345.000000002
345.845166169
346.992268865
347.999999998
348.488754723
348.395484014
348.000000002
347.702450791
347.729770475
347.999999999
348.237816454
348.229357964
348.000000001
347.775349053
347.77161673
347.999999999
348.251208803
348.273627103
348.0
347.63856185
347.550559121
348.0
348.957343239
350.09858321
351.0
351.39241916
351.303290154
351.0
350.788100247
350.813087879
351.0
351.156912622
351.14826956
351.0
350.860778182
350.862048977
351.000000001
351.141012888
351.145359216
350.999999999
350.83934524
350.827500987
351.000000001
351.209133156
351.237588457
350.999999999
350.663688016
350.570648431
351.000000001
351.946793511
353.092633394
353.999999999
354.389299694
354.295624183
354.000000001
353.805075834
353.8349092
353.999999999
354.124779942
354.11055547
354.000000001
353.91088037
353.919158711
353.999999999
354.067547672
354.062126456
354.000000001
353.94694177
353.950773765
353.999999999
354.042637099
354.039784482
354.000000001
353.965215264
353.967416468
353.999999999
354.028673497
354.026931696
354.000000001
353.976191508
353.977594279
354.0
354.019873893
354.018730253
354.0
353.983343157
353.984283323
354.0
354.014007135
354.013230074
354.0
353.988185359
353.98882958
354.0
354.00999608
354.009461408
354.0
353.991513061
353.991956463
354.0
354.007236346
354.006869673
354.0
353.993796291
353.9940979
354.0
354.005356425
354.005110496
354.0
353.995331721
353.995529497
354.0
354.004118302
354.003962703
354.0
353.996310067
353.996428137
354.0
354.003370421
354.003286396
354.0
353.996849608
353.996902013
354.0
354.003023577
354.003001363
354.0
353.997013327
353.997005791
354.0
354.003039367
354.003077241
354.0
353.996815465
353.996745516
354.0
354.003428704
354.003533845
354.0
353.99621711
353.996071878
354.0
354.004264061
354.004456749
354.0
353.995102375
353.994851211
354.0
354.005721778
354.006048185
354.0
353.993204735
353.992776731
354.0
354.008211862
354.008784775
354.0
353.989871178
353.989078003
354.0
354.012826769
354.013980977
354.0
353.98315255
353.981349201
354.0
354.023349831
354.026468545
354.0
353.964810507
353.958544439
354.0
354.061039833
354.077041946
354.0
353.861693587
353.797363702
354.0
354.621096195
355.673874429
357.0
358.325360938
359.377371623
360.0
360.205724117
360.142188358
360.0
359.917439466
359.932592364
360.0
360.049601709
360.044272735
360.0
359.962455895
359.964509258
360.0
360.033090102
360.032533547
360.0
359.967603007
359.967254156
360.0
360.03418501
360.03526356
360.0
359.961838858
359.959990748
360.000000001
360.044632901
360.047487574
359.999999999
359.945423368
359.94101678
360.000000001
360.070167087
360.077338226
359.999999999
359.903576427
359.890608815
360.000000001
360.146987053
360.175344745
359.999999999
359.72719517
359.635309331
360.000000001
360.878759186
362.022349665
362.999999999
363.465341632
363.375257852
363.0
362.716525099
362.74085306
363.0
363.232612958
363.22706687
363.0
362.771806826
362.76512779
363.000000001
363.263719365
363.289242011
362.999999999
362.616469338
362.525056122
363.000000001
363.990119487
365.135274253
365.999999999
366.347182335
366.253342267
366.000000001
365.848604845
365.879573825
365.999999999
366.07659715
366.059850576
366.000000001
365.968703613
365.981922904
365.999999999
365.990713204
365.975194487
366.000000001
366.064708885
366.092840646
365.999999999
365.813200918
365.724871777
366.000000001
366.777130029
367.911247945
368.999999999
369.606842497
369.541308435
369.0
368.461379319
368.398552793
369.0
370.077800144
371.209024688
372.0
372.295117533
372.210099949
372.0
371.876565116
371.900616037
372.0
372.068845312
372.058796233
372.0
371.955378369
371.960474138
372.0
372.031883314
372.028986254
372.0
371.975527206
371.977293823
372.0
372.019894538
372.018777382
372.0
371.983008916
371.98371539
372.0
372.015176403
372.014754492
372.0
371.985862347
371.986068249
372.0
372.013705019
372.013678588
372.0
371.986209698
371.986073683
372.0
372.014356713
372.014651536
372.0
371.98459561
371.984134868
372.0
372.016964948
372.017609155
372.0
371.98089744
371.980040051
372.0
372.021921537
372.023038303
372.0
371.97441718
371.972969992
372.000000001
372.030335492
372.032224841
371.999999999
371.963423095
371.960908248
372.000000001
372.044972589
372.048432072
371.999999999
371.943286425
371.938281406
372.000000001
372.074129268
372.081938981
371.999999999
371.897621119
371.883925496
372.000000001
372.155262904
372.184501957
371.999999999
371.716052748
371.623036572
372.000000001
372.893654204
374.038781998
374.999999999
375.445228798
375.35291777
375.000000001
374.744390282
374.772186002
375.0
375.192300777
375.180857593
375.0
374.834181576
374.838809576
375.0
375.156211158
375.155508719
374.999999999
374.842826345
374.840556717
375.000000001
375.166808351
375.171954552
374.999999998
374.814515438
374.805920109
375.000000002
375.215763373
375.229360453
374.999999997
374.735927963
374.713518232
375.000000004
375.347100659
375.389558452
374.999999996
374.477592876
374.36313044
375.000000004
376.211502903
377.397298585
377.999999995
377.958630221
377.754999649
378.000000005
378.908509626
380.116427277
380.999999995
381.219808352
381.015921503
381.000000005
381.628925707
382.815244809
383.999999995
384.608791468
384.493515435
384.000000004
383.641278301
383.684878047
383.999999996
384.251847869
384.227908936
384.000000004
383.810313554
383.825916707
383.999999997
384.147810315
384.136593342
384.000000003
383.882955643
383.891561897
383.999999998
384.093045693
384.086099138
384.000000002
383.926621318
383.932506208
383.999999998
384.056423983
384.051142701
384.000000002
383.959163525
383.964300973
383.999999999
384.025112063
384.019483743
384.000000001
383.993070991
384.000368249
383.999999999
383.981519855
383.969720394
384.000000001
384.06391249
384.089316791
383.999999999
383.821681184
383.735675519
384.0
384.761801782
385.893656172
387.0
387.629104993
387.566032972
387.0
386.431332334
386.365579773
387.000000001
388.117353806
389.252333992
389.999999999
390.243028285
390.152799742
390.000000001
389.946606509
389.978592273
389.999999999
389.970261679
389.946477337
390.000000001
390.106864788
390.141131805
389.999999999
389.752057147
389.656367783
390.000000001
390.864165591
392.010583986
392.999999999
393.471950685
393.379439825
393.000000001
392.717111298
392.743865031
392.999999999
393.224430061
393.216021772
393.0
392.789535751
392.786919932
393.0
393.231370804
393.249720189
393.0
392.677410287
392.602944833
393.000000001
393.848966902
394.928713243
395.999999999
396.974595795
397.934888163
399.000000001
400.163135409
401.244236774
401.999999999
402.299644953
402.222249757
402.000000001
401.858431999
401.881841861
401.999999999
402.086766973
402.075703274
402.000000001
401.941063224
401.947610057
401.999999999
402.041703844
402.03724878
402.000000001
401.970411394
401.973760719
401.999999999
402.020243049
402.017519847
402.000000001
401.987522768
401.989888017
401.999999999
402.00560026
402.003422508
402.000000001
402.000844882
402.002959033
401.999999999
401.992794312
401.990639505
402.000000001
402.013789433
402.016087135
401.999999999
401.979087018
401.97653027
402.000000001
402.028953556
402.031919816
401.999999999
401.961579245
401.957984798
402.000000001
402.050084439
402.054660275
401.999999999
401.934762096
401.928569493
402.000000001
402.086315566
402.095420478
401.999999998
401.881411148
401.86627292
402.000000002
402.175982298
402.206856228
401.999999998
401.690196986
401.59530169
402.000000002
402.925438271
404.072751164
404.999999998
405.406526781
405.311649457
405.000000002
404.791243023
404.822080418
404.999999998
405.13575687
405.120674959
405.000000002
404.902359587
404.911386477
404.999999999
405.073908256
405.067818139
405.000000001
404.942527233
404.946972319
404.999999999
405.045252053
405.041821802
405.000000001
404.964312057
404.967073592
404.999999999
405.027899832
405.025598189
405.000000001
404.978656758
404.980634943
404.999999999
405.015654622
405.013904352
405.000000001
404.989425451
404.9910187
404.999999999
405.005907831
405.004416928
405.000000001
404.99849659
404.999927185
404.999999999
404.997247886
404.995849042
405.000000001
405.006926116
405.008300633
404.999999999
404.988995132
404.987681465
405.000000001
405.014793239
405.015901139
404.999999999
404.982376699
404.981926395
405.000000001
405.017398721
405.015710448
404.999999999
404.993265517
405.00304628
405.000000001
404.950659063
404.895490425
404.999999999
405.499659294
406.537213174
408.000000002
409.504482226
410.587486588
410.999999998
410.892384926
410.733794576
411.000000002
411.846937853
413.009611384
413.999999998
414.451386968
414.350911132
414.000000002
413.759325662
413.792568137
413.999999998
414.162059818
414.145955537
414.000000001
413.878298368
413.887607891
413.999999999
414.097635681
414.091740571
414.000000001
413.917833277
413.921716819
413.999999999
414.071960277
414.069417129
414.000000001
413.934622296
413.936174077
414.0
414.061556169
414.060808705
414.0
413.939963356
413.940001588
414.0
414.060598312
414.061234026
414.0
413.936816964
413.935496533
414.000000001
414.067866097
414.069925421
413.999999999
413.925142459
413.922239922
414.000000001
414.084533231
414.088452092
413.999999998
413.9024917
413.897275596
414.000000002
414.114788766
414.121771581
413.999999998
413.861907983
413.852321919
414.000000003
414.17058562
414.184422041
413.999999997
413.78115399
413.759295301
414.000000003
414.299298574
414.340214093
413.999999996
413.531341471
413.419896586
414.000000004
415.146475503
416.326659195
416.999999995
417.044959383
416.852417693
417.000000005
417.777756279
418.959774761
419.999999995
420.468077873
420.352537892
420.000000005
419.787131488
419.835566024
419.999999995
420.085402419
420.049565593
420.000000004
420.02517292
420.069092745
419.999999996
419.806294041
419.702269313
420.000000004
420.834194596
421.988347504
422.999999996
423.478844684
423.378587287
423.000000003
422.73399858
422.769230444
422.999999997
423.180559064
423.161770418
423.000000003
422.868155209
422.880404592
422.999999997
423.098808006
423.089828645
423.000000002
422.926059054
422.933182366
422.999999998
423.053811226
423.047804786
423.000000002
422.96346286
422.968806876
422.999999998
423.020903536
423.015891795
423.000000002
422.994025043
422.998994689
422.999999998
422.990870616
422.985627784
423.000000002
423.025439838
423.03137899
422.999999998
422.955559501
422.948236183
423.000000002
423.068710239
423.078753719
422.999999998
422.896367385
422.880450923
423.000000002
423.163220757
423.194737944
422.999999998
422.701147412
422.605723466
423.000000002
423.915972326
425.06371566
425.999999998
426.414789057
426.319566341
426.000000002
425.783940278
425.815048474
425.999999998
426.142315231
426.12702896
426.000000002
425.89635285
425.9055238
425.999999999
426.079539536
426.073361302
426.000000001
425.937106653
425.94158664
425.999999999
426.050620031
426.047206867
426.000000001
425.958840837
425.961533114
425.999999999
426.033632028
426.031453318
426.000000001
425.972500107
425.974298981
425.999999999
426.022408378
426.020897497
426.000000001
425.981890147
425.983179665
426.0
426.014421861
426.013302954
426.0
425.988796548
425.989785241
426.0
426.008340942
426.007448963
426.0
425.994261145
425.995085306
426.0
426.003313793
426.002531532
426.0
425.999010021
425.999774572
426.0
425.998695738
425.997925378
426.0
426.003639588
426.004439598
426.0
425.993911355
425.993056486
426.0
426.008729354
426.009666891
426.0
425.98835108
425.987298874
426.0
426.014949185
426.016154501
425.999999999
425.98124562
425.979838914
426.000000001
426.023223104
426.024894776
425.999999999
425.971432047
425.969407297
426.000000001
426.035089465
426.037596504
425.999999999
425.956761664
425.953570455
426.000000001
426.053737305
426.057952096
425.999999999
425.932159494
425.926297499
426.000000001
426.087948582
426.096742933
425.999999999
425.880697243
425.865859053
426.000000002
426.175799549
426.206374917
425.999999998
425.691280871
425.596691574
426.000000002
426.923421931
428.07041231
428.999999998
429.409534526
429.31500577
429.000000002
428.787155607
428.817608071
428.999999998
429.14104416
429.12639494
429.000000001
428.895716658
428.904250244
428.999999999
429.08210293
429.076581466
429.000000001
428.932538241
428.936322203
428.999999999
429.057332158
429.054675632
429.000000001
428.949780041
428.951631307
429.0
429.045320971
429.04409494
429.0
428.957816969
428.958519108
429.0
429.040555644
429.040325268
429.0
428.959679855
428.95945462
429.0
429.041460232
429.04215708
429.0
428.955941862
428.954721428
429.0
429.048314669
429.050159869
428.999999999
428.945397197
428.942747384
429.000000001
429.063584029
429.067360433
428.999999999
428.92353599
428.918023149
429.000000001
429.09560517
429.104128812
428.999999999
428.873781015
428.859143348
429.000000002
429.182179448
429.21261841
428.999999998
428.685249466
428.590736557
429.000000002
429.929282218
431.076253942
431.999999998
432.403673088
432.309105802
432.000000002
431.793190541
431.823739897
431.999999998
432.134658106
432.119850692
432.000000001
431.902642131
431.911400039
431.999999999
432.074433241
432.068614424
432.000000001
431.941179937
431.945343549
431.999999999
432.047460187
432.044329659
432.000000001
431.96117996
431.963615036
431.999999999
432.032045015
432.030105623
432.000000001
431.973381538
431.974951949
431.999999999
432.022206718
432.020920153
432.0
431.98141788
431.982480637
432.0
432.015582026
432.014698999
432.0
431.986914259
431.987650995
432.0
432.011000904
432.010384414
432.0
431.990744912
431.991261858
432.0
432.007790419
432.007356301
432.0
431.993440017
431.993804961
432.0
432.005525343
432.005218322
432.0
431.995345241
431.99560367
432.0
432.003921867
432.003704258
432.0
431.996695318
431.996878604
432.0
432.002784811
432.002630406
432.0
431.997653165
431.997783258
432.0
432.00197781
432.00186819
432.0
431.998333147
431.998425521
432.0
432.001404812
432.001326966
432.0
431.998816018
431.998881622
432.0
432.000997877
432.000942588
432.0
431.999158967
431.999205563
432.0
432.000708849
432.000669579
432.0
431.999402553
431.999435649
432.0
432.000503559
432.000475666
432.0
431.999575567
431.999599074
432.0
432.000357749
432.000337938
432.0
431.999698449
431.999715144
432.0
432.000254192
432.000240124
432.0
431.999785715
431.99979757
432.0
432.000180658
432.00017067
432.0
431.999847672
431.999856087
432.0
432.000128462
432.000121374
432.0
431.999891639
431.999897607
432.0
432.000091437
432.000086413
432.0
431.999922808
431.999927034
432.0
432.000065211
432.000061657
432.0
431.999944859
431.999947844
432.0
432.000046687
432.000044184
432.0
431.999960399
431.999962493
432.0
432.000033677
432.000031929
432.0
431.999971261
431.999972713
432.0
432.000024644
432.000023445
432.0
431.999978729
431.99997971
432.0
432.000018522
432.000017729
432.0
431.999983685
431.999984311
432.0
432.000014587
432.000014108
432.0
431.999986714
431.999987059
432.0
432.000012375
432.000012153
432.0
431.999988174
431.999988279
432.0
432.000011624
432.000011633
432.0
431.999988237
431.999988114
432.0
432.000012247
432.000012487
432.0
431.99998691
431.999986546
432.0
432.000014316
432.000014816
432.0
431.999984038
431.999983388
432.0
432.000018075
432.000018894
432.0
431.999979281
431.999978269
432.0
432.00002397
432.000025204
432.0
431.999972077
431.999970583
432.0
432.000032695
432.000034491
432.0
431.999961574
431.999959423
432.0
432.000045282
432.000047852
432.0
431.999946534
431.999943471
432.0
432.000063217
432.000066864
432.0
431.999925179
431.999920842
432.0
432.000088618
432.000093773
432.0
431.999894987
431.999888864
432.0
432.000124486
432.000131756
432.0
431.999852392
431.999843761
432.0
432.000175056
432.000185302
432.0
431.999792365
431.999780204
432.0
432.000246301
432.000260733
432.0
431.999707813
431.999690688
432.0
432.000346637
432.000366959
432.0
431.999588751
431.999564638
432.0
432.000487916
432.000516528
432.0
431.999421113
431.999387163
432.0
432.00068683
432.000727114
432.0
431.999185089
431.99913729
432.0
432.000966889
432.001023607
432.0
431.998852776
431.998785473
432.0
432.001361216
432.001441081
432.0
431.998384845
431.998290068
432.0
432.001916518
432.002029001
432.0
431.997725809
431.997592298
432.0
432.00269875
432.002857244
432.0
431.99679721
431.996609016
432.0
432.003801339
432.004024867
432.0
431.995487635
431.995222025
432.0
432.005357417
432.005673225
432.0
431.993637549
431.993261734
432.0
432.007558916
432.00800668
432.0
431.991014782
431.990480387
432.0
432.010688778
432.011328091
432.0
431.987271003
431.986503598
432.0
432.015181707
432.016107229
432.0
431.981853903
431.980730251
432.0
432.021755905
432.02313288
431.999999999
431.97380174
431.972092097
432.000000001
432.031746796
432.033908881
431.999999999
431.96117703
431.958371067
432.000000001
432.04811688
432.051894285
431.999999999
431.939154657
431.933795938
432.000000001
432.079365359
432.087574234
431.999999999
431.891134018
431.876983292
432.000000001
432.16317992
432.192941243
431.999999999
431.706492694
431.612875425
432.000000001
432.905105262
434.050924237
434.999999999
435.43160661
435.338505257
435.000000001
434.760486038
434.789174231
434.999999999
435.173431634
435.161005007
435.000000001
434.856064151
434.861723478
435.0
435.131263712
435.129597962
435.0
434.870402039
434.868736288
435.0
435.138276521
435.143935847
434.999999999
434.838994994
434.826568368
435.000000001
435.210825766
435.239513959
434.999999999
434.661494747
434.568393394
435.000000001
435.949075758
437.094894733
437.999999999
438.387124581
438.293507313
438.000000001
437.80705875
437.836820072
437.999999999
438.123016717
438.108865992
438.000000001
437.912425755
437.920634629
437.999999999
438.066204075
438.060845357
438.000000001
437.948105699
437.951883103
437.999999999
438.041628952
438.038822991
438.000000001
437.966091096
437.96825318
437.999999999
438.02790793
438.026198288
438.000000001
437.976867088
437.978244061
438.0
438.019269787
438.018146137
438.0
437.983892726
437.984818245
438.0
438.013496455
438.012729054
438.0
437.988671845
437.989311155
438.0
438.009519688
438.008985298
438.0
437.991993231
437.992440989
438.0
438.006738372
438.006362564
438.0
437.994326649
437.994642449
438.0
438.004778125
438.004512524
438.0
437.995974955
437.996198473
438.0
438.003391195
438.003203013
438.0
437.997142505
437.997300985
438.0
438.002407999
438.002274505
438.0
437.997970647
437.99808311
438.0
438.00171035
438.001615597
438.0
437.998558423
437.998638259
438.0
438.001215115
438.001147847
438.0
437.998975695
437.999032372
438.0
438.000863539
438.000815788
438.0
437.999271904
437.99931213
438.0
438.000614003
438.000580122
438.0
437.999482088
437.999510619
438.0
438.000437003
438.000412987
438.0
437.999631094
437.999651301
438.0
438.000311623
438.000294633
438.0
437.999736526
437.999750796
438.0
438.000223048
438.000211079
438.0
437.999810839
437.999820859
438.0
438.000160818
438.000152455
438.0
437.999862811
437.999869763
438.0
438.000117582
438.000111837
438.0
437.999898579
437.999903285
438.0
438.000088232
438.000084428
438.0
437.99992237
437.999925385
438.0
438.000069304
438.00006699
438.0
437.999936991
437.999938672
438.0
438.00005856
438.000057464
438.0
437.999944171
437.999944716
438.0
438.000054733
438.000054725
438.0
437.999944758
437.999944231
438.0
438.00005737
438.000058449
438.0
437.99993882
437.999937159
438.0
438.000066783
438.000069076
438.0
437.999925657
437.999922665
438.0
438.000084083
438.000087861
438.0
437.999903713
437.999899038
438.0
438.000111314
438.000117023
438.0
437.999870397
437.999863486
438.0
438.000151691
438.000160006
438.0
437.999821775
437.999811811
438.0
438.000209984
438.000221887
438.0
437.999752102
437.999737911
438.0
438.000293077
438.000309974
438.0
437.999653152
437.999633055
438.0
438.000410786
438.000434672
438.0
437.999513234
437.999484858
438.0
438.000577014
438.000610712
438.0
437.999315822
437.999275815
438.0
438.0008114
438.00085889
438.0
437.999037589
437.998981222
438.0
438.001141642
438.00120854
438.0
437.998645646
437.998566254
438.0
438.001606794
438.001701013
438.0
437.998093621
437.997981804
438.0
438.002261924
438.002394631
438.0
437.997316096
437.997158583
438.0
438.003184781
438.003371758
438.0
437.996220614
437.99599862
438.0
438.004485403
438.004749038
438.0
437.994676049
437.994362847
438.0
438.006320321
438.0066926
438.0
437.992495093
437.992052269
438.0
438.008914428
438.009441706
438.0
437.989406452
437.988777702
438.0
438.012597117
438.0133484
438.0
437.985006638
437.984106351
438.0
438.017868605
438.018951843
438.0
437.978665488
437.977354623
438.000000001
438.025539672
438.027138916
437.999999999
437.969311081
437.967337478
438.000000001
438.037077033
438.039552702
437.999999999
437.95484921
437.951670517
438.000000001
438.05563072
438.059851482
437.999999999
437.930229602
437.924342973
438.000000001
438.089971541
438.098809913
437.999999998
437.87852189
437.863618995
438.000000002
438.17819111
438.20885377
437.999999998
437.688602921
437.593901169
438.000000002
438.926464901
440.073596219
440.999999998
441.406037115
441.311334764
441.000000002
440.791210351
440.821874226
440.999999998
441.136312599
441.121407837
441.000000002
440.901264783
440.910105728
440.999999999
441.07557385
441.069683868
441.000000001
440.940242612
440.944467608
440.999999999
441.048221713
441.045037782
441.000000001
440.960571903
440.963053968
440.999999999
441.03251743
441.030536085
441.000000001
440.973030916
440.974639474
440.999999999
441.022445825
441.021123801
441.0
440.981283279
440.982379847
441.0
441.015616065
441.014699883
441.0
440.986979787
440.987749995
441.0
441.010833884
441.010182624
441.0
440.991018328
440.991572363
441.0
441.00740258
441.006927964
441.0
440.993953671
440.994363713
441.0
441.00487078
441.004512732
441.0
440.996159963
440.996476855
441.0
441.002923
441.002637758
441.0
440.997907787
440.998169892
441.0
441.001322903
441.001076127
441.0
440.999407859
440.999646675
441.0
440.999878066
440.999640029
441.0
441.000840878
441.001085387
441.0
440.998413262
440.998154668
441.0
441.00238297
441.002663967
441.0
440.996744435
440.996431563
441.0
441.004234551
441.004590547
441.0
440.994643868
440.994230792
441.0
441.006665922
441.007154182
441.0
440.991775932
440.991187882
441.0
441.010113745
441.010836699
441.0
440.987544172
440.986633575
441.0
441.015435434
441.016617294
441.0
440.980647574
440.979053742
441.0
441.024723921
441.026983211
441.0
440.967490089
440.964068894
441.0
441.044666346
441.050334664
440.999999999
440.934282493
440.923593063
441.0
441.108311545
441.133093744
441.0
440.778666114
440.692797516
441.0
441.804909969
442.937142815
444.0
444.584292469
444.520249022
444.0
443.479759722
443.415725048
444.0
445.062821925
446.195045741
447.0
447.307265295
447.221406248
447.0
446.866814054
446.8915859
447.0
447.076531233
447.065853262
447.0
446.949505303
446.955160722
447.0
447.036131567
447.032725091
447.0
446.972770024
446.975012344
447.0
447.02124656
447.019672445
447.0
446.983020065
446.984178881
447.0
447.013802036
447.012918484
447.0
446.988641952
446.989333067
447.0
447.009434487
447.008884005
447.0
446.992104184
446.992548048
447.0
447.006651847
447.006291298
447.0
446.994359933
446.994653732
447.0
447.004815606
447.004576428
447.0
446.995854647
446.996048293
447.0
447.003604374
447.003449352
447.0
446.996826325
446.996947999
447.0
447.002838764
447.002746436
447.0
446.997411285
446.997477234
447.0
447.002415535
447.002373878
447.0
446.997686246
446.997704924
447.0
447.002280156
447.002283856
447.0
446.997686379
446.997660223
447.0
447.002415056
447.002464422
447.0
446.997412595
446.997338577
447.0
447.002835721
447.00293657
447.0
446.996832682
446.996702025
447.0
447.003591997
447.00375633
447.0
446.995877649
446.995674753
447.0
447.004774175
447.005021698
447.0
446.994433002
446.994133399
447.0
447.006524768
447.006885564
447.0
446.992323251
446.991890133
447.0
447.009058703
447.009577767
447.0
446.989285516
446.988663728
447.0
447.01269826
447.01344363
447.0
446.984922324
446.984027075
447.0
447.017938563
447.019017489
447.0
446.978607837
446.977300682
447.000000001
447.025586707
447.027182733
446.999999999
446.969273285
446.967302502
447.000000001
447.0371067
447.039579863
446.999999999
446.954826804
446.951650375
447.000000001
447.055646523
447.059865195
446.999999999
446.93021994
446.924335286
447.000000001
447.089975346
447.098811799
446.999999998
446.878523831
446.863622855
447.000000002
447.178183367
447.208844051
446.999999998
446.688616694
446.593917032
447.000000002
447.926444695
449.073573747
449.999999998
450.406064346
450.311364504
450.000000002
449.791175296
449.821836347
449.999999998
450.136356504
450.121454966
450.000000002
449.901210739
449.910047968
449.999999999
450.075639616
450.069753951
450.000000001
449.940163196
449.944383146
449.999999999
450.048317108
450.045139098
450.000000001
449.960457734
449.962932827
449.999999999
450.032653719
450.0306806
450.000000001
449.972868511
449.974467347
449.999999999
450.022639107
450.021328585
450.0
449.981053453
449.982136402
450.0
450.015889172
450.014989127
450.0
449.98665539
449.98740647
450.0
450.011219084
450.010590505
450.0
449.990561026
449.991088161
450.0
450.007945401
450.007502696
450.0
449.993309396
449.993681577
450.0
450.005635432
450.005322311
450.0
449.995252458
449.995516028
450.0
450.004000065
450.003778122
450.0
449.996629414
449.996816352
450.0
450.002840353
450.002682869
450.0
449.997606357
449.997739045
450.0
450.002017256
450.001905448
450.0
449.998299907
449.998394125
450.0
450.00143282
450.00135342
450.0
449.99879242
449.998859335
450.0
450.001017756
450.000961362
450.0
449.999142224
449.999189752
450.0
450.000722947
450.00068289
450.0
449.999390688
449.999424448
450.0
450.00051354
450.000485087
450.0
449.999567178
449.999591159
450.0
450.000364792
450.00034458
450.0
449.999692545
449.99970958
450.0
450.00025913
450.000244773
450.0
449.999781599
449.9997937
450.0
450.000184073
450.000173874
450.0
449.999844859
449.999853455
450.0
450.000130757
450.000123512
450.0
449.999889795
449.999895901
450.0
450.000092883
450.000087737
450.0
449.999921716
449.999926053
450.0
450.00006598
450.000062324
450.0
449.999944391
449.999947472
450.0
450.000046869
450.000044272
450.0
449.999960498
449.999962686
450.0
450.000033293
450.000031449
450.0
449.99997194
449.999973494
450.0
450.00002365
450.00002234
450.0
449.999980067
449.999981172
450.0
450.0000168
450.000015869
450.0
449.999985841
449.999986625
450.0
450.000011934
450.000011273
450.0
449.999989942
449.999990499
450.0
450.000008477
450.000008007
450.0
449.999992855
449.999993251
450.0
450.000006022
450.000005688
450.0
449.999994925
449.999995206
450.0
450.000004278
450.000004041
450.0
449.999996395
449.999996594
450.0
450.000003039
450.00000287
450.0
449.999997439
449.999997581
450.0
450.000002158
450.000002039
450.0
449.999998181
449.999998282
450.0
450.000001533
450.000001448
450.0
449.999998708
449.999998779
450.0
450.000001089
450.000001029
450.0
449.999999082
449.999999133
450.0
450.000000774
450.000000731
450.0
449.999999348
449.999999384
450.0
450.00000055
450.000000519
450.0
449.999999537
449.999999562
450.0
450.00000039
450.000000369
450.0
449.999999671
449.999999689
450.0
450.000000277
450.000000262
450.0
449.999999766
449.999999779
450.0
450.000000197
450.000000186
450.0
449.999999834
449.999999843
450.0
450.00000014
450.000000132
450.0
449.999999882
449.999999889
450.0
450.000000099
450.000000094
450.0
449.999999916
449.999999921
450.0
450.000000071
450.000000067
450.0
449.99999994
449.999999944
450.0
450.00000005
450.000000047
450.0
449.999999958
449.99999996
450.0
450.000000036
450.000000034
450.0
449.99999997
449.999999972
450.0
450.000000025
450.000000024
450.0
449.999999979
449.99999998
450.0
450.000000018
450.000000017
450.0
449.999999985
449.999999986
450.0
450.000000013
450.000000012
450.0
449.999999989
449.99999999
450.0
450.000000009
450.000000009
450.0
449.999999992
449.999999993
450.0
450.000000006
450.000000006
450.0
449.999999995
449.999999995
450.0
450.000000005
450.000000004
450.0
449.999999996
449.999999996
450.0
450.000000003
450.000000003
450.0
449.999999997
449.999999997
450.0
450.000000002
450.000000002
450.0
449.999999998
449.999999998
450.0
450.000000002
450.000000002
450.0
449.999999999
449.999999999
450.0
450.000000001
450.000000001
450.0
449.999999999
449.999999999
450.0
450.000000001
450.000000001
450.0
449.999999999
449.999999999
450.0
450.000000001
450.000000001
450.0
449.999999999
450.0
450.0
450.0
450.0
450.0
450.0
450.0
450.0
450.0
450.0
450.0
450.0
450.0
450.0
450.0
450.0
450.0
450.0
450.0
450.0
450.0
450.0
450.0
450.0
450.0
450.0
450.0
450.0
450.0
450.0
450.0
450.0
450.0
450.0
450.0
450.0
450.0
450.0
450.0
450.0
450.0
450.0
450.0
450.0
450.0
450.0
450.0
450.0
450.0
450.0
450.0
450.0
450.0
450.0
450.0
450.0
450.0
450.0
450.0
450.0
450.0
450.0
450.0
450.0
450.0
450.0
450.0
450.0
450.0
450.0
450.0
450.0
450.0
450.0
450.0
450.0
450.0
450.0
450.0
450.0
450.0
450.0
450.0
450.0
450.0
450.0
450.0
450.0
450.0
450.0
450.0
450.0
450.0
450.0
450.0
450.0
450.0
450.0
450.0
450.0
450.0
450.0
450.0
450.0
450.0
450.0
450.0
450.0
450.0
450.0
450.0
450.0
450.0
450.0
450.0
450.0
450.0
450.0
450.0
450.0
450.0
450.0
450.0
450.0
450.0
450.0
450.0
450.0
450.0
450.0
450.0
450.0
450.0
450.0
450.0
450.0
450.0
450.0
450.0
450.0
450.0
450.0
450.0
450.0
450.0
450.0
450.0
450.0
450.0
450.0
450.0
450.0
450.0
450.0
450.0
450.0
450.0
450.0
450.0
450.0
450.0
450.0
450.0
450.0
450.0
450.0
450.0
450.0
450.0
450.0
450.0
450.0
450.0
450.0
450.0
450.0
450.0
450.0
450.0
450.0
450.0
450.0
450.0
450.0
450.0
450.0
450.0
450.0
450.0
450.0
450.0
450.0
450.0
450.0
450.0
450.0
450.0
450.0
450.0
450.0
450.0
450.0
450.0
450.0
450.0
450.0
450.0
450.0
450.0
450.0
450.0
450.0
450.0
450.0
450.0
450.0
450.0
450.0
450.0
450.0
450.0
450.0
450.0
450.0
450.0
450.0
450.0
450.0
450.0
450.0
450.0
450.0
450.0
450.0
450.0
450.0
450.0
450.0
450.0
450.0
450.0
450.0
450.0
450.0
450.0
450.0
450.0
450.0
450.0
450.0
450.0
450.0
450.0
450.0
450.0
450.0
450.0
450.0
450.0
450.0
450.0
450.0
450.0
450.0
450.0
450.0
450.0
450.0
450.0
450.0
450.0
450.0
450.0
450.0
450.0
450.0
450.0
450.0
450.0
450.0
450.0
450.0
450.0
450.0
450.0
450.0
450.0
450.0
450.0
450.0
450.0
450.0
450.0
450.0
450.0
450.0
450.0
450.0
450.0
450.0
450.0
450.0
450.0
450.0
450.0
450.0
450.0
450.0
450.0
450.0
450.0
450.0
450.0
450.0
450.0
450.0
450.0
450.0
450.0
450.0
450.0
450.0
450.0
450.0
450.0
450.0
450.0
450.0
450.0
450.0
450.0
450.0
450.0
450.0
450.0
450.0
450.0
450.0
450.0
450.0
450.0
450.0
450.0
450.0
450.0
450.0
450.0
450.0
450.0
450.0
450.0
450.0
450.0
450.0
450.0
450.0
450.0
450.0
450.0
450.0
450.0
450.0
450.0
450.0
450.0
450.0
450.0
450.0
450.0
450.0
450.0
450.0
450.0
450.0
450.0
450.0
450.0
450.0
450.0
450.0
450.0
450.0
450.0
450.0
450.0
450.0
450.0
450.0
450.0
450.0
450.0
450.0
450.0
450.0
450.0
450.0
450.0
450.0
450.0
450.0
450.0
450.0
450.0
450.0
450.0
450.0
450.0
450.0
450.0
450.0
450.0
450.0
450.0
450.0
450.0
450.0
450.0
450.0
450.0
450.0
450.0
450.0
450.0
450.0
450.0
450.0
450.0
450.0
450.0
450.0
450.0
450.0
450.0
450.0
450.0
450.0
450.0
450.0
450.0
450.0
450.0
450.0
450.0
450.0
450.0
450.0
450.0
450.0
450.0
450.0
450.0
450.0
450.0
450.0
450.0
450.0
450.0
450.0
450.0
450.0
450.0
450.0
450.0
450.0
450.0
450.0
450.0
450.0
450.0
450.0
450.0
450.0
450.0
450.0
450.0
450.0
450.0
450.0
450.0
450.0
450.0
450.0
450.0
450.0
450.0
450.0
450.0
450.0
450.0
450.0
450.0
450.0
450.0
450.0
450.0
450.0
450.0
450.0
450.0
450.0
450.0
450.0
450.0
450.0
450.0
450.0
450.0
450.0
450.0
450.0
450.0
450.0
450.0
450.0
450.0
450.0
450.0
450.0
450.0
450.0
450.0
450.0
450.0
450.0
450.0
450.0
450.0
450.0
450.0
450.0
450.0
450.0
450.0
450.0
450.0
450.0
450.0
450.0
450.0
450.0
450.0
450.0
450.0
450.0
450.0
450.0
450.0
450.0
450.0
450.0
450.0
450.0
450.0
450.0
450.0
450.0
450.0
450.0
450.0
450.0
449.999999999
449.999999999
450.0
450.000000001
450.000000001
450.0
449.999999999
449.999999999
450.0
450.000000001
450.000000001
450.0
449.999999999
449.999999999
450.0
450.000000001
450.000000001
450.0
449.999999998
449.999999998
450.0
450.000000002
450.000000002
450.0
449.999999998
449.999999998
450.0
450.000000003
450.000000003
450.0
449.999999997
449.999999997
450.0
450.000000004
450.000000004
450.0
449.999999996
449.999999995
450.0
450.000000005
450.000000005
450.0
449.999999994
449.999999994
450.0
450.000000007
450.000000008
450.0
449.999999991
449.999999991
450.0
450.00000001
450.000000011
450.0
449.999999988
449.999999987
450.0
450.000000014
450.000000015
450.0
449.999999983
449.999999982
450.0
450.00000002
450.000000021
450.0
449.999999976
449.999999975
450.0
450.000000028
450.00000003
450.0
449.999999966
449.999999964
450.0
450.00000004
450.000000042
450.0
449.999999953
449.99999995
450.0
450.000000056
450.00000006
450.0
449.999999933
449.999999929
450.0
450.000000079
450.000000084
450.0
449.999999906
449.999999901
450.0
450.000000111
450.000000118
450.0
449.999999868
449.99999986
450.0
450.000000157
450.000000166
450.0
449.999999814
449.999999803
450.0
450.000000221
450.000000234
450.0
449.999999738
449.999999723
450.0
450.000000311
450.000000329
450.0
449.999999631
449.99999961
450.0
450.000000438
450.000000463
450.0
449.999999481
449.99999945
450.0
450.000000616
450.000000652
450.0
449.999999269
449.999999226
450.0
450.000000867
450.000000918
450.0
449.999998971
449.999998911
450.0
450.000001221
450.000001292
450.0
449.999998552
449.999998467
450.0
450.000001719
450.000001819
450.0
449.999997961
449.999997841
450.0
450.000002419
450.000002561
450.0
449.99999713
449.999996961
450.0
450.000003406
450.000003605
450.0
449.999995959
449.999995722
450.0
450.000004794
450.000005076
450.0
449.999994311
449.999993978
450.0
450.000006749
450.000007145
450.0
449.999991992
449.999991522
450.0
450.000009501
450.000010059
450.0
449.999988727
449.999988065
450.0
450.000013376
450.00001416
450.0
449.99998413
449.999983199
450.0
450.00001883
450.000019934
450.0
449.999977659
449.999976348
450.0
450.000026507
450.000028062
450.0
449.999968549
449.999966704
450.0
450.000037316
450.000039505
450.0
449.999955725
449.999953128
450.0
450.000052532
450.000055613
450.0
449.999937672
449.999934016
450.0
450.000073952
450.000078289
450.0
449.999912257
449.999907111
450.0
450.000104106
450.000110212
450.0
449.99987648
449.999869235
450.0
450.000146555
450.000155151
450.0
449.999826114
449.999815915
450.0
450.000206313
450.000218415
450.0
449.999755211
449.999740853
450.0
450.000290439
450.000307475
450.0
449.999655397
449.999635184
450.0
450.000408868
450.00043285
450.0
449.999514882
449.999486426
450.0
450.00057559
450.000609352
450.0
449.999317065
449.999277006
450.0
450.000810301
450.000857832
450.0
449.999038575
449.998982178
450.0
450.001140739
450.001207659
450.0
449.998646492
449.998567086
450.0
450.00160598
450.001700204
450.0
449.998094427
449.997982613
450.0
450.002261103
450.0023938
450.0
449.997316956
449.997159462
450.0
450.003183856
450.003370806
450.0
449.996221631
449.995999674
450.0
450.004484265
450.004747852
450.0
449.994677342
449.9943642
450.0
450.006318835
450.006691041
450.0
449.992496815
449.99205408
450.0
450.00891242
450.009439589
450.0
449.989408806
449.988780187
450.0
450.012594348
450.013345475
450.0
449.985009903
449.984109801
450.0
450.017864749
450.018947765
450.0
449.978670049
449.977359447
450.000000001
450.025534273
450.027133204
449.999999999
449.969317477
449.967344246
450.000000001
450.037069453
450.03954468
449.999999999
449.954858196
449.951680027
450.000000001
450.055620065
450.059840203
449.999999999
449.930242239
449.92435635
450.000000001
450.089956552
450.098794046
449.999999998
449.878539671
449.863637818
450.000000002
450.178170016
450.20883144
449.999999998
449.688627946
449.593927661
450.000000002
450.926435212
452.073564788
452.999999998
453.406072339
453.311372054
453.000000002
452.79116856
452.821829984
452.999999998
453.136362182
453.121460329
453.000000002
452.901205954
452.910043448
452.999999999
453.07564365
453.069757761
453.000000001
452.940159797
452.944379935
452.999999999
453.048319973
453.045141804
453.000000001
452.96045532
452.962930547
452.999999999
453.032655754
453.030682523
453.000000001
452.972866796
452.974465727
452.999999999
453.022640553
453.021329951
453.0
452.981052235
452.982135251
453.0
453.015890198
453.014990097
453.0
452.986654525
452.987405652
453.0
453.011219813
453.010591194
453.0
452.990560411
452.99108758
453.0
453.007945919
453.007503185
453.0
452.993308959
452.993681165
453.0
453.0056358
453.005322658
453.0
452.995252148
452.995515735
453.0
453.004000326
453.003778369
453.0
452.996629194
452.996816144
453.0
453.002840538
453.002683044
453.0
452.9976062
452.997738897
453.0
453.002017387
453.001905573
453.0
452.998299796
452.99839402
453.0
453.001432914
453.001353508
453.0
452.998792341
452.998859261
453.0
453.001017822
453.000961425
453.0
452.999142168
452.999189699
453.0
453.000722994
453.000682935
453.0
452.999390648
452.99942441
453.0
453.000513574
453.000485118
453.0
452.99956715
452.999591132
453.0
453.000364816
453.000344603
453.0
452.999692525
452.999709561
453.0
453.000259147
453.000244789
453.0
452.999781585
452.999793687
453.0
453.000184085
453.000173886
453.0
452.999844849
452.999853445
453.0
453.000130765
453.00012352
453.0
452.999889788
452.999895894
453.0
453.000092889
453.000087743
453.0
452.999921711
452.999926048
453.0
453.000065984
453.000062328
453.0
452.999944387
452.999947468
453.0
453.000046872
453.000044275
453.0
452.999960495
452.999962684
453.0
453.000033296
453.000031451
453.0
452.999971938
452.999973493
453.0
453.000023652
453.000022341
453.0
452.999980066
452.99998117
453.0
453.000016801
453.00001587
453.0
452.99998584
452.999986624
453.0
453.000011935
453.000011273
453.0
452.999989941
452.999990499
453.0
453.000008478
453.000008008
453.0
452.999992855
452.999993251
453.0
453.000006022
453.000005689
453.0
452.999994924
452.999995206
453.0
453.000004278
453.000004041
453.0
452.999996395
452.999996594
453.0
453.000003039
453.00000287
453.0
452.999997439
452.999997581
453.0
453.000002159
453.000002039
453.0
452.999998181
452.999998281
453.0
453.000001533
453.000001448
453.0
452.999998708
452.999998779
453.0
453.000001089
453.000001029
453.0
452.999999082
452.999999133
453.0
453.000000774
453.000000731
453.0
452.999999348
452.999999384
453.0
453.00000055
453.000000519
453.0
452.999999537
452.999999562
453.0
453.00000039
453.000000369
453.0
452.999999671
452.999999689
453.0
453.000000277
453.000000262
453.0
452.999999766
452.999999779
453.0
453.000000197
453.000000186
453.0
452.999999834
452.999999843
453.0
453.00000014
453.000000132
453.0
452.999999882
452.999999889
453.0
453.000000099
453.000000094
453.0
452.999999916
452.999999921
453.0
453.000000071
453.000000067
453.0
452.99999994
452.999999944
453.0
453.00000005
453.000000047
453.0
452.999999958
452.99999996
453.0
453.000000036
453.000000034
453.0
452.99999997
452.999999972
453.0
453.000000025
453.000000024
453.0
452.999999979
452.99999998
453.0
453.000000018
453.000000017
453.0
452.999999985
452.999999986
453.0
453.000000013
453.000000012
453.0
452.999999989
452.99999999
453.0
453.000000009
453.000000009
453.0
452.999999992
452.999999993
453.0
453.000000006
453.000000006
453.0
452.999999995
452.999999995
453.0
453.000000005
453.000000004
453.0
452.999999996
452.999999996
453.0
453.000000003
453.000000003
453.0
452.999999997
452.999999997
453.0
453.000000002
453.000000002
453.0
452.999999998
452.999999998
453.0
453.000000002
453.000000002
453.0
452.999999999
452.999999999
453.0
453.000000001
453.000000001
453.0
452.999999999
452.999999999
453.0
453.000000001
453.000000001
453.0
452.999999999
452.999999999
453.0
453.000000001
453.000000001
453.0
452.999999999
453.0
453.0
453.0
453.0
453.0
453.0
453.0
453.0
453.0
453.0
453.0
453.0
453.0
453.0
453.0
453.0
453.0
453.0
453.0
453.0
453.0
453.0
453.0
453.0
453.0
453.0
453.0
453.0
453.0
453.0
453.0
453.0
453.0
453.0
453.0
453.0
453.0
453.0
453.0
453.0
453.0
453.0
453.0
453.0
453.0
453.0
453.0
453.0
453.0
453.0
453.0
453.0
453.0
453.0
453.0
453.0
453.0
453.0
453.0
453.0
453.0
453.0
453.0
453.0
453.0
453.0
453.0
453.0
453.0
453.0
453.0
453.0
453.0
453.0
453.0
453.0
453.0
453.0
453.0
453.0
453.0
453.0
453.0
453.0
453.0
453.0
453.0
453.0
453.0
453.0
453.0
453.0
453.0
453.0
453.0
453.0
453.0
453.0
453.0
453.0
453.0
453.0
453.0
453.0
453.0
453.0
453.0
453.0
453.0
453.0
453.0
453.0
453.0
453.0
453.0
453.0
453.0
453.0
453.0
453.0
453.0
453.0
453.0
453.0
453.0
453.0
453.0
453.0
453.0
453.0
453.0
453.0
453.0
453.0
453.0
453.0
453.0
453.0
453.0
453.0
453.0
453.0
453.0
453.0
453.0
453.0
453.0
453.0
453.0
453.0
453.0
453.0
453.0
453.0
453.0
453.0
453.0
453.0
453.0
453.0
453.0
453.0
453.0
453.0
453.0
453.0
453.0
453.0
453.0
453.0
453.0
453.0
453.0
453.0
453.0
453.0
453.0
453.0
453.0
453.0
453.0
453.0
453.0
453.0
453.0
453.0
453.0
453.0
453.0
453.0
453.0
453.0
453.0
453.0
453.0
453.0
453.0
453.0
453.0
453.0
453.0
453.0
453.0
453.0
453.0
453.0
453.0
453.0
453.0
453.0
453.0
453.0
453.0
453.0
453.0
453.0
453.0
453.0
453.0
453.0
453.0
453.0
453.0
453.0
453.0
453.0
453.0
453.0
453.0
453.0
453.0
453.0
453.0
453.0
453.0
453.0
453.0
453.0
453.0
453.0
453.0
453.0
453.0
453.0
453.0
453.0
453.0
453.0
453.0
453.0
453.0
453.0
453.0
453.0
453.0
453.0
453.0
453.0
453.0
453.0
453.0
453.0
453.0
453.0
453.0
453.0
453.0
453.0
453.0
453.0
453.0
453.0
453.0
453.0
453.0
453.0
453.0
453.0
453.0
453.0
453.0
453.0
453.0
453.0
453.0
453.0
453.0
453.0
453.0
453.0
453.0
453.0
453.0
453.0
453.0
453.0
453.0
453.0
453.0
453.0
453.0
453.0
453.0
453.0
453.0
453.0
453.0
453.0
453.0
453.0
453.0
453.0
453.0
453.0
453.0
453.0
453.0
453.0
453.0
453.0
453.0
453.0
453.0
453.0
453.0
453.0
453.0
453.0
453.0
453.0
453.0
453.0
453.0
453.0
453.0
453.0
453.0
453.0
453.0
453.0
453.0
453.0
453.0
453.0
453.0
453.0
453.0
453.0
453.0
453.0
453.0
453.0
453.0
453.0
453.0
453.0
453.0
453.0
453.0
453.0
453.0
453.0
453.0
453.0
453.0
453.0
453.0
453.0
453.0
453.0
453.0
453.0
453.0
453.0
453.0
453.0
453.0
453.0
453.0
453.0
453.0
453.0
453.0
453.0
453.0
453.0
453.0
453.0
453.0
453.0
453.0
453.0
453.0
453.0
453.0
453.0
453.0
453.0
453.0
453.0
453.0
453.0
453.0
453.0
453.0
453.0
453.0
453.0
453.0
453.0
453.0
453.0
453.0
453.0
453.0
453.0
453.0
453.0
453.0
453.0
453.0
453.0
453.0
453.0
453.0
453.0
453.0
453.0
453.0
453.0
453.0
453.0
453.0
453.0
453.0
453.0
453.0
453.0
453.0
453.0
453.0
453.0
453.0
453.0
453.0
453.0
453.0
453.0
453.0
453.0
453.0
453.0
453.0
453.0
453.0
453.0
453.0
453.0
453.0
453.0
453.0
453.0
453.0
453.0
453.0
453.0
453.0
453.0
453.0
453.0
453.0
453.0
453.0
453.0
453.0
453.0
453.0
453.0
453.0
453.0
453.0
453.0
453.0
453.0
453.0
453.0
453.0
453.0
453.0
453.0
453.0
453.0
453.0
453.0
453.0
453.0
453.0
453.0
453.0
453.0
453.0
453.0
453.0
453.0
453.0
453.0
453.0
453.0
453.0
453.0
453.0
453.0
453.0
453.0
453.0
453.0
453.0
453.0
453.0
453.0
453.0
453.0
453.0
453.0
453.0
453.0
453.0
453.0
453.0
453.0
453.0
453.0
453.0
453.0
453.0
453.0
453.0
453.0
453.0
453.0
453.0
453.0
453.0
453.0
453.0
453.0
453.0
453.0
453.0
453.0
453.0
453.0
453.0
453.0
453.0
453.0
453.0
453.0
453.0
453.0
453.0
453.0
453.0
453.0
453.0
453.0
453.0
453.0
453.0
453.0
453.0
453.0
453.0
453.0
453.0
453.0
453.0
453.0
453.0
453.0
453.0
453.0
453.0
453.0
453.0
453.0
453.0
453.0
453.0
453.0
453.0
453.0
453.0
453.0
453.0
453.0
453.0
453.0
453.0
453.0
453.0
453.0
453.0
453.0
453.0
453.0
453.0
453.0
453.0
453.0
453.0
453.0
453.0
453.0
453.0
453.0
453.0
453.0
453.0
453.0
453.0
453.0
453.0
453.0
453.0
453.0
453.0
453.0
453.0
453.0
453.0
453.0
453.0
453.0
453.0
453.0
453.0
453.0
453.0
453.0
453.0
453.0
453.0
453.0
453.0
453.0
453.0
453.0
453.0
453.0
453.0
453.0
453.0
453.0
453.0
453.0
453.0
453.0
453.0
453.0
453.0
453.0
453.0
453.0
453.0
453.0
453.0
453.0
453.0
453.0
453.0
453.0
453.0
453.0
453.0
453.0
453.0
453.0
453.0
453.0
453.0
453.0
453.0
453.0
453.0
453.0
453.0
453.0
453.0
453.0
453.0
453.0
453.0
453.0
453.0
453.0
453.0
453.0
453.0
453.0
453.0
453.0
453.0
453.0
453.0
453.0
453.0
453.0
453.0
453.0
453.0
453.0
453.0
453.0
453.0
453.0
453.0
453.0
453.0
453.0
453.0
453.0
453.0
453.0
453.0
453.0
453.0
453.0
453.0
453.0
453.0
453.0
453.0
453.0
453.0
453.0
453.0
453.0
453.0
453.0
453.0
453.0
453.0
453.0
453.0
453.0
453.0
453.0
453.0
453.0
453.0
453.0
453.0
453.0
453.0
453.0
453.0
453.0
453.0
453.0
453.0
453.0
453.0
453.0
453.0
453.0
453.0
453.0
453.0
453.0
453.0
453.0
453.0
453.0
453.0
453.0
453.0
453.0
453.0
453.0
453.0
453.0
453.0
453.0
453.0
453.0
453.0
453.0
453.0
453.0
453.0
453.0
453.0
453.0
453.0
453.0
453.0
453.0
453.0
453.0
453.0
453.0
453.0
453.0
453.0
453.0
453.0
453.0
453.0
453.0
453.0
453.0
453.0
453.0
453.0
453.0
453.0
453.0
453.0
453.0
453.0
453.0
453.0
453.0
453.0
453.0
453.0
453.0
453.0
453.0
453.0
453.0
453.0
453.0
453.0
453.0
453.0
453.0
453.0
453.0
453.0
453.0
453.0
453.0
453.0
453.0
453.0
453.0
453.0
453.0
453.0
453.0
453.0
453.0
453.0
453.0
453.0
453.0
453.0
453.0
453.0
453.0
453.0
453.0
453.0
453.0
453.0
453.0
453.0
453.0
453.0
453.0
453.0
453.0
453.0
453.0
453.0
453.0
453.0
453.0
453.0
453.0
453.0
453.0
453.0
453.0
453.0
453.0
453.0
453.0
453.0
453.0
453.0
453.0
453.0
453.0
453.0
453.0
453.0
453.0
453.0
453.0
453.0
453.0
453.0
453.0
453.0
453.0
453.0
453.0
453.0
453.0
453.0
453.0
453.0
453.0
453.0
453.0
453.0
453.0
453.0
453.0
453.0
453.0
453.0
453.0
453.0
453.0
453.0
453.0
453.0
453.0
453.0
453.0
453.0
453.0
453.0
453.0
453.0
453.0
453.0
453.0
453.0
453.0
453.0
453.0
453.0
453.0
453.0
453.0
453.0
453.0
453.0
453.0
453.0
453.0
453.0
453.0
453.0
453.0
453.0
453.0
453.0
453.0
453.0
453.0
453.0
453.0
453.0
453.0
453.0
453.0
453.0
453.0
453.0
453.0
453.0
453.0
453.0
453.0
453.0
453.0
453.0
453.0
453.0
453.0
453.0
453.0
453.0
453.0
453.0
453.0
453.0
453.0
453.0
453.0
453.0
453.0
453.0
453.0
453.0
453.0
453.0
453.0
453.0
453.0
453.0
453.0
453.0
453.0
453.0
453.0
453.0
453.0
453.0
453.0
453.0
453.0
453.0
453.0
453.0
453.0
453.0
453.0
453.0
453.0
453.0
453.0
453.0
453.0
453.0
453.0
453.0
453.0
453.0
453.0
453.0
453.0
453.0
453.0
453.0
453.0
453.0
453.0
453.0
453.0
453.0
453.0
453.0
453.0
453.0
453.0
453.0
453.0
453.0
453.0
453.0
453.0
453.0
453.0
453.0
453.0
453.0
453.0
453.0
453.0
453.0
453.0
453.0
453.0
453.0
453.0
453.0
453.0
453.0
453.0
453.0
453.0
453.0
453.0
453.0
453.0
453.0
453.0
453.0
453.0
453.0
453.0
453.0
453.0
453.0
453.0
453.0
453.0
453.0
453.0
453.0
453.0
453.0
453.0
453.0
453.0
453.0
453.0
453.0
453.0
453.0
453.0
453.0
453.0
453.0
453.0
453.0
453.0
453.0
453.0
453.0
453.0
453.0
453.0
453.0
453.0
453.0
453.0
453.0
453.0
453.0
453.0
453.0
453.0
453.0
453.0
453.0
453.0
453.0
453.0
453.0
453.0
453.0
453.0
453.0
453.0
453.0
453.0
453.0
453.0
453.0
453.0
453.0
453.0
453.0
453.0
453.0
453.0
453.0
453.0
453.0
453.0
453.0
453.0
453.0
453.0
453.0
453.0
453.0
453.0
453.0
453.0
453.0
453.0
453.0
453.0
453.0
453.0
453.0
453.0
453.0
453.0
453.0
453.0
453.0
453.0
453.0
453.0
453.0
453.0
453.0
453.0
453.0
453.0
453.0
453.0
453.0
453.0
453.0
453.0
453.0
453.0
453.0
453.0
453.0
453.0
453.0
453.0
453.0
453.0
453.0
453.0
453.0
453.0
453.0
453.0
453.0
453.0
453.0
453.0
453.0
453.0
453.0
453.0
453.0
453.0
453.0
453.0
453.0
453.0
453.0
453.0
453.0
453.0
453.0
453.0
453.0
453.0
453.0
453.0
453.0
453.0
453.0
453.0
453.0
453.0
453.0
453.0
453.0
453.0
453.0
453.0
453.0
453.0
453.0
453.0
453.0
453.0
453.0
453.0
453.0
453.0
453.0
453.0
453.0
453.0
453.0
453.0
453.0
453.0
453.0
453.0
453.0
453.0
453.0
453.0
453.0
453.0
453.0
453.0
453.0
453.0
453.0
453.0
453.0
453.0
453.0
453.0
453.0
453.0
453.0
453.0
453.0
453.0
453.0
453.0
453.0
453.0
453.0
453.0
453.0
453.0
453.0
453.0
453.0
453.0
453.0
453.0
453.0
453.0
453.0
453.0
453.0
453.0
453.0
453.0
453.0
453.0
453.0
453.0
453.0
453.0
453.0
453.0
453.0
453.0
453.0
453.0
453.0
453.0
453.0
453.0
453.0
453.0
453.0
453.0
453.0
453.0
453.0
453.0
453.0
453.0
453.0
453.0
453.0
453.0
453.0
453.0
453.0
453.0
453.0
453.0
453.0
453.0
453.0
453.0
453.0
453.0
453.0
453.0
453.0
453.0
453.0
453.0
453.0
453.0
453.0
453.0
453.0
453.0
453.0
453.0
453.0
453.0
453.0
453.0
453.0
453.0
453.0
453.0
453.0
453.0
453.0
453.0
453.0
453.0
453.0
453.0
453.0
453.0
453.0
453.0
453.0
453.0
453.0
453.0
453.0
453.0
453.0
453.0
453.0
453.0
453.0
453.0
453.0
453.0
453.0
453.0
453.0
453.0
453.0
453.0
453.0
453.0
453.0
453.0
453.0
453.0
453.0
453.0
453.0
453.0
453.0
453.0
453.0
453.0
453.0
453.0
453.0
453.0
453.0
453.0
453.0
453.0
453.0
453.0
453.0
453.0
453.0
453.0
453.0
453.0
453.0
453.0
453.0
453.0
453.0
453.0
453.0
453.0
453.0
453.0
453.0
453.0
453.0
453.0
453.0
453.0
453.0
453.0
453.0
453.0
453.0
453.0
453.0
453.0
453.0
453.0
453.0
453.0
453.0
453.0
453.0
453.0
453.0
453.0
453.0
453.0
453.0
453.0
453.0
453.0
453.0
453.0
453.0
453.0
453.0
453.0
453.0
453.0
453.0
453.0
453.0
453.0
453.0
453.0
453.0
453.0
453.0
453.0
453.0
453.0
453.0
453.0
453.0
453.0
453.0
453.0
453.0
453.0
453.0
453.0
453.0
453.0
453.0
453.0
453.0
453.0
453.0
453.0
453.0
453.0
453.0
453.0
453.0
453.0
453.0
453.0
453.0
453.0
453.0
453.0
453.0
453.0
453.0
453.0
453.0
453.0
453.0
453.0
453.0
453.0
453.0
453.0
453.0
453.0
453.0
453.0
453.0
453.0
453.0
453.0
453.0
453.0
453.0
453.0
453.0
453.0
453.0
453.0
453.0
453.0
453.0
453.0
453.0
453.0
453.0
453.0
453.0
453.0
453.0
453.0
453.0
453.0
453.0
453.0
453.0
453.0
453.0
453.0
453.0
453.0
453.0
453.0
453.0
453.0
453.0
453.0
453.0
453.0
453.0
453.0
453.0
453.0
453.0
453.0
453.0
453.0
453.0
453.0
453.0
453.0
453.0
453.0
453.0
453.0
453.0
453.0
453.0
453.0
453.0
453.000000001
453.000000001
453.0
452.999999999
452.999999999
453.0
453.000000001
453.000000001
453.0
452.999999999
452.999999999
453.0
453.000000001
453.000000001
453.0
452.999999999
452.999999999
453.0
453.000000001
453.000000002
453.0
452.999999998
452.999999998
453.0
453.000000002
453.000000002
453.0
452.999999997
452.999999997
453.0
453.000000003
453.000000003
453.0
452.999999996
452.999999996
453.0
453.000000004
453.000000004
453.0
452.999999995
452.999999995
453.0
453.000000006
453.000000006
453.0
452.999999993
452.999999993
453.0
453.000000008
453.000000009
453.0
452.99999999
452.99999999
453.0
453.000000012
453.000000012
453.0
452.999999986
452.999999985
453.0
453.000000016
453.000000017
453.0
452.999999981
452.999999979
453.0
453.000000023
453.000000024
453.0
452.999999973
452.999999971
453.0
453.000000032
453.000000034
453.0
452.999999961
452.999999959
453.0
453.000000046
453.000000048
453.0
452.999999946
452.999999943
453.0
453.000000064
453.000000068
453.0
452.999999924
452.999999919
453.0
453.000000091
453.000000096
453.0
452.999999893
452.999999886
453.0
453.000000127
453.000000135
453.0
452.999999849
452.99999984
453.0
453.000000179
453.00000019
453.0
452.999999787
452.999999775
453.0
453.000000253
453.000000267
453.0
452.9999997
452.999999683
453.0
453.000000356
453.000000376
453.0
452.999999578
452.999999553
453.0
453.0000005
453.00000053
453.0
452.999999406
452.999999371
453.0
453.000000705
453.000000746
453.0
452.999999164
452.999999115
453.0
453.000000992
453.00000105
453.0
452.999998823
452.999998754
453.0
453.000001396
453.000001478
453.0
452.999998343
452.999998246
453.0
453.000001966
453.000002081
453.0
452.999997668
452.999997531
453.0
453.000002767
453.000002929
453.0
452.999996717
452.999996524
453.0
453.000003895
453.000004124
453.0
452.999995378
452.999995107
453.0
453.000005484
453.000005805
453.0
452.999993494
452.999993112
453.0
453.00000772
453.000008172
453.0
452.999990841
452.999990303
453.0
453.000010867
453.000011505
453.0
452.999987106
452.99998635
453.0
453.000015299
453.000016196
453.0
452.999981848
452.999980784
453.0
453.000021537
453.0000228
453.0
452.999974447
452.999972948
453.0
453.000030318
453.000032097
453.0
452.999964028
452.999961918
453.0
453.000042681
453.000045184
453.0
452.99994936
452.999946389
453.0
453.000060084
453.000063608
453.0
452.999928711
452.999924529
453.0
453.000084584
453.000089545
453.0
452.999899642
452.999893756
453.0
453.000119073
453.000126058
453.0
452.99985872
452.999850433
453.0
453.000167628
453.00017746
453.0
452.99980111
452.999789444
453.0
453.000235983
453.000249826
453.0
452.999720004
452.999703579
453.0
453.000332219
453.000351708
453.0
452.999605814
452.999582687
453.0
453.000467718
453.000495161
453.0
452.999445023
452.999412455
453.0
453.000658533
453.000697185
453.0
452.999218561
452.999172682
453.0
453.000927333
453.000981798
453.0
452.998899456
452.998834782
453.0
453.001306242
453.001383062
453.0
452.998449392
452.998358102
453.0
453.001841062
453.001949616
453.0
452.997813455
452.997684256
453.0
453.002597899
453.002751866
453.0
452.996911614
452.996727809
453.0
453.003674397
453.00389437
453.0
452.995623499
452.995359325
453.0
453.005221
453.005539798
453.0
452.993757664
452.993370346
453.0
453.007486941
453.007961919
453.0
452.990980393
452.990390386
453.0
453.010934373
453.011680234
453.0
452.986626123
452.985660592
453.0
453.016565262
453.017855517
453.0
452.979109592
452.97731128
453.0
453.027032366
453.029681213
453.0
452.963693828
452.959499353
453.0
453.051485925
453.058793734
453.0
452.920837945
452.906348428
453.0
453.137749448
453.172271715
453.0
452.707574228
452.598364419
453.0
453.882334381
454.45791632
