-18.9495648948
-11.3289061401
-4.66392007867
4.32009983342e-11
2.38838022028
3.0422433954
2.99999999984
3.26331031678
4.32319629666
6.00000000035
7.67214903228
8.73578977815
8.99999999942
8.77611267678
8.63136788021
9.00000000081
9.92285368495
11.0714007488
11.999999999
12.4249329505
12.349433586
12.0000000013
11.6749483636
11.6248731112
11.9999999985
12.8195300046
13.9301496635
15.0000000017
15.6302293986
15.5850635468
14.999999998
14.3750010648
14.2883757244
15.0000000022
16.2462433424
17.4159361165
17.9999999975
17.9704021562
17.7830559956
18.0000000026
18.8396333138
20.0190191029
20.9999999972
21.4124235566
21.2979778651
21.0000000028
20.840691376
20.8891727111
20.9999999971
21.0306533753
20.9937125763
21.0000000029
21.0843881089
21.1306327954
20.9999999971
20.7385469527
20.6304752182
21.0000000028
21.9166027681
23.0777130654
23.9999999973
24.370683303
24.2575338545
24.0000000026
23.8926412467
23.9563048254
23.9999999976
23.8957006002
23.7847632067
24.0000000022
24.7600062046
25.9163858282
26.999999998
27.549035224
27.4489718883
27.0000000017
26.6614272585
26.6947319938
26.9999999987
27.2605588725
27.2453870742
27.000000001
26.7753316655
26.7818289621
26.9999999993
27.2118269726
27.2119376759
27.0000000004
26.7804209916
26.7720351295
26.9999999999
27.2583342434
27.2839536101
26.9999999998
26.622466469
26.5317572987
27.0000000004
27.9814561574
29.125380017
29.9999999995
30.3600288508
30.2679274969
30.0000000006
29.8299192857
29.8584619305
29.9999999994
30.1035630856
30.0903931905
30.0000000005
29.9291390356
29.936560751
29.9999999995
30.0516854887
30.0469535437
30.0000000005
29.9608840601
29.9641699825
29.9999999996
30.0302048883
30.0277737927
30.0000000004
29.9764961796
29.9783865314
29.9999999997
30.0182224515
30.0166905424
30.0000000003
29.9861088059
29.9873966834
29.9999999997
30.0102085821
30.0090873137
30.0000000002
29.9930342163
29.9940454683
29.9999999998
30.0040062786
30.0030601687
30.0000000002
29.9987974607
29.9997172254
29.9999999998
29.9984410317
29.9975108718
30.0000000002
30.0043891472
30.0053679206
29.9999999998
29.9925928929
29.9915218291
30.0000000002
30.0107533769
30.0119714198
29.9999999997
29.9853905706
29.9839508906
30.0000000003
30.0192304054
30.0210022551
29.9999999997
29.9749950439
29.9727141284
30.0000000004
30.0325733555
30.03566981
29.9999999996
29.9569188427
29.9524266041
30.0000000005
30.0587856604
30.0659011935
29.9999999995
29.9152635057
29.9024912211
30.0000000005
30.1345683948
30.1625820906
29.9999999995
29.7408079849
29.6494336379
30.0000000004
30.8634225257
32.0063040609
32.9999999997
33.4830352542
33.3939024983
33.0000000001
32.6956877877
32.7187560943
33.0000000002
33.2576121591
33.2537370358
32.9999999995
32.7412637238
32.7323351821
33.0000000007
33.3017956614
33.3304383145
32.999999999
32.567777076
32.4718176991
33.0000000012
34.0546769788
35.2069868832
35.9999999986
36.2566290926
36.1500769915
36.0000000015
35.9885903297
36.0472401085
35.9999999985
35.813512935
35.7063711605
36.0000000015
36.8318449158
37.9854316883
38.9999999986
39.4846681492
39.3865045689
39.0000000013
38.7209672406
38.7532539942
38.9999999989
39.2031183083
39.1879642089
39.0000000008
38.8339540151
38.8417874261
38.9999999994
39.1472498713
39.1437756605
39.0000000004
38.8595750266
38.8594737409
38.9999999999
39.1445843209
39.1488367446
38.9999999999
38.836804201
38.825694404
39.0000000003
39.2091105837
39.2365142602
38.9999999996
38.6670731315
38.5752777628
39.0000000005
39.9395162639
41.0839538337
41.9999999995
42.4009479908
42.3088453874
42.0000000005
41.7885080212
41.8165554171
41.9999999996
42.1469687058
42.1348113457
42.0000000003
41.8821369431
41.8879689932
41.9999999999
42.1041131407
42.1016595167
42.0
41.9007954454
41.9009219015
42.0000000002
42.1008916279
42.1028381485
41.9999999996
41.8910208364
41.8866878943
42.0000000006
42.1250953565
42.1329276048
41.9999999992
41.8459517847
41.8316067471
42.0000000009
42.2094888974
42.2399861328
41.9999999989
41.6574327979
41.5625313863
42.0000000012
42.9585922337
44.1062821711
44.9999999987
45.3718674466
45.276235287
45.0000000013
44.8285623359
44.8605579334
44.9999999986
45.0945257515
45.0778352744
45.0000000014
44.9489210135
44.9600813435
44.9999999986
45.0203389338
45.0114770859
45.0000000014
45.0051759389
45.0132043228
44.9999999986
44.9708449986
44.9627468904
45.0000000015
45.0541304985
45.0630976806
44.9999999984
44.9173573412
44.9065013544
45.0000000018
45.1183157927
45.1328070944
44.9999999981
44.8320349547
44.8100925481
45.0000000021
45.2481019208
45.288529483
44.9999999978
44.5846031505
44.4742627869
45.0000000023
46.0892132766
47.2675755257
47.9999999977
48.1085333466
47.9187139754
48.0000000023
48.7048813352
49.8829464423
50.9999999978
51.5544769573
51.4447430214
51.000000002
50.6805839906
50.7200703069
50.9999999982
51.223982907
51.2033583215
51.0000000016
50.8287411475
50.8414748014
50.9999999987
51.1377320256
51.1291677175
51.0000000011
50.8851562811
50.8911553195
50.9999999991
51.0987413618
51.0945115498
51.0000000007
50.9125370342
50.9154245163
50.9999999995
51.079947967
51.0781722496
51.0000000003
50.9243615557
50.9251318965
50.9999999999
51.0743167283
51.0745453466
50.9999999999
50.9239328668
50.9226021188
51.0000000002
51.0813427468
51.0840406942
50.9999999996
50.9088072055
50.9041759657
51.0000000005
51.1078582324
51.1156624521
50.9999999993
50.8635465816
50.8494943844
51.0000000008
51.1907727203
51.220736687
50.9999999991
50.6779864926
50.5838579513
51.000000001
51.9354692606
53.0821303203
53.999999999
54.3983558266
54.304039948
54.000000001
53.7978030841
53.8281480477
53.9999999991
54.1306198895
54.115980074
54.0000000009
53.9062076435
53.914826385
53.9999999992
54.0712621573
54.0655607403
54.0000000007
53.944016417
53.9480792316
53.9999999994
54.0449126438
54.0418701914
54.0000000005
53.9634736941
53.9658305871
53.9999999996
54.0299775714
54.0281084712
54.0000000004
53.9752448672
53.9767514967
53.9999999997
54.0205289916
54.0193006353
54.0000000002
53.982926033
53.9839355191
53.9999999998
54.0142291067
54.0133948546
54.0000000002
53.9881250893
53.9888172232
53.9999999999
54.0099199166
54.0093441172
54.0000000001
53.9917075572
53.9921874951
53.9999999999
54.0069352881
54.0065347145
54.0000000001
53.9941978113
53.9945324596
53.9999999999
54.0048553559
54.0045755986
54.0000000001
53.9959362982
53.9961702761
53.9999999999
54.0034015196
54.0032057665
54.0
53.9971525255
53.9973163356
54.0
54.0023838135
54.0022467125
54.0
53.9980042625
53.9981190216
54.0
54.0016708937
54.0015748286
54.0
53.9986010383
53.9986814584
54.0
54.0011713139
54.001103989
54.0
53.9990192657
53.9990756283
54.0
54.000821186
54.0007740009
54.0
53.9993123825
53.9993518838
54.0
54.0005758011
54.0005427336
54.0
53.9995178016
53.9995454816
54.0
54.000403848
54.0003806798
54.0
53.9996617289
53.9996811181
54.0
54.0002833935
54.0002671698
54.0
53.9997625209
53.9997760921
54.0
54.0001990757
54.0001877277
54.0
53.9998330313
53.9998425151
54.0
54.0001401425
54.0001322231
54.0
53.9998822513
53.9998888569
54.0
54.000099079
54.0000935783
54.0
53.999916457
53.9999210268
54.0
54.0000706491
54.0000668657
54.0
53.9999400102
53.9999431269
54.0
54.0000512277
54.0000486792
54.0
53.9999559142
53.9999579751
54.0
54.0000383383
54.0000366997
54.0
53.9999661967
53.9999674647
54.0
54.0000303374
54.0000293998
54.0
53.999972169
53.9999728058
54.0
54.0000262048
54.0000258487
54.0
53.9999745926
53.9999746793
54.0
54.0000254136
54.0000255936
54.0
53.9999737764
53.9999733241
54.0
54.0000278629
54.0000286018
54.0
53.9999696165
53.9999685676
54.0
54.000033865
54.0000352571
54.0
53.9999615825
53.9999598031
54.0
54.0000441851
54.000046408
54.0
53.9999486498
53.9999459131
54.0
54.0000601393
54.0000634764
54.0
53.9999291695
53.9999251265
54.0
54.0000837619
54.0000886386
54.0
53.9999006575
53.9998947928
54.0
54.000118065
54.0001251032
54.0
53.9998594784
53.9998510441
54.0
54.0001674225
54.0001775197
54.0
53.9998003813
53.999788302
54.0
54.0002381283
54.0002525719
54.0
53.9997158305
53.9996985658
54.0
54.0003391985
54.0003598304
54.0
53.9995950442
53.9995703924
54.0
54.0004835217
54.0005129731
54.0
53.9994226187
53.9993874359
54.0
54.0006895043
54.0007315316
54.0
53.9991765617
53.9991263599
54.0
54.000983422
54.0010433873
54.0
53.9988254801
53.9987538526
54.0
54.0014027837
54.0014883426
54.0
53.9983245537
53.9982223513
54.0
54.0020011539
54.0021232431
54.0
53.9976097533
53.9974638977
54.0
54.0028550969
54.003029363
54.0
53.9965894807
53.9963812394
54.0000000001
54.0040742727
54.004323166
53.9999999999
53.995132322
53.9948347505
54.0000000001
54.0058163881
54.0061723129
53.9999999999
53.9930486362
53.9926226509
54.0000000001
54.0083101335
54.0088204221
53.9999999999
53.9900615358
53.9894494868
54.0000000002
54.0118926403
54.0126280694
53.9999999998
53.9857573132
53.9848713508
54.0000000002
54.0170770983
54.0181483455
53.9999999997
53.9794899327
53.9781878104
54.0000000003
54.0246930061
54.0262877404
53.9999999996
53.9701662604
53.9681919284
54.0000000004
54.0362300274
54.0387126105
53.9999999995
53.9556686505
53.9524760698
54.0000000006
54.0548603533
54.0591024913
53.9999999993
53.9309282024
53.925012581
54.0000000008
54.0893673165
54.0982419426
53.9999999991
53.8790107292
53.864065214
54.000000001
54.1778354391
54.2085456572
53.9999999989
53.6888124079
53.5940600458
54.0000000011
54.9264086089
56.0735913932
56.9999999989
57.4059399519
57.3111875899
57.0000000011
56.7914543451
56.8221645633
56.999999999
57.1359347835
57.1209892682
57.0000000009
56.9017580601
56.9106326863
56.9999999992
57.0749874159
57.0690717945
57.0000000007
56.9408975122
56.9451396503
56.9999999994
57.0475239262
57.0443313453
57.0000000005
56.9612873942
56.9637699775
56.9999999996
57.0318080661
57.0298337338
57.0000000004
56.973712266
56.9753070007
56.9999999997
57.0218121819
57.0205100591
57.0000000003
56.9818516636
56.9829229113
56.9999999998
57.0151286383
57.0142426754
57.0000000002
56.9873719435
56.9881073733
56.9999999998
57.0105504978
57.0099384479
57.0000000001
56.9911795962
56.9916898859
56.9999999999
57.0073773273
57.0069513406
57.0000000001
56.9938277131
56.9941836395
56.9999999999
57.0051652184
57.004867645
57.0000000001
56.9956768711
56.9959257667
56.9999999999
57.0036187163
57.0034104722
57.0
56.9969706899
56.9971449592
57.0
57.0025360391
57.0023901797
57.0
56.9978768324
56.9979989262
57.0
57.0017775586
57.0016753506
57.0
56.9985117651
56.9985973305
57.0
57.0012460189
57.0011743835
57.0
56.9989567662
56.9990167409
57.0
57.0008734567
57.0008232437
57.0
56.9992686874
56.9993107281
57.0
57.0006123025
57.0005771038
57.0
56.9994873394
56.9995168098
57.0
57.0004292344
57.0004045599
57.0
56.9996406153
56.9996612744
57.0
57.0003009019
57.0002836047
57.0
56.9997480638
56.9997625462
57.0
57.0002109387
57.000198813
57.0
56.9998233873
56.9998335397
57.0
57.0001478727
57.0001393723
57.0
56.9998761906
56.9998833077
57.0
57.000103662
57.000097703
57.0
56.9999132069
56.9999181961
57.0
57.0000726693
57.0000684919
57.0
56.9999391562
56.9999426538
57.0
57.0000509426
57.0000480142
57.0
56.9999573473
56.9999597992
57.0
57.0000357117
57.0000336588
57.0
56.9999700998
56.9999718187
57.0
57.0000250343
57.0000235951
57.0
56.9999790398
56.9999802448
57.0
57.000017549
57.0000165401
57.0
56.9999853071
56.9999861519
57.0
57.0000123015
57.0000115941
57.0
56.9999897009
56.9999902932
57.0
57.0000086224
57.0000081265
57.0
56.9999927815
56.9999931968
57.0
57.0000060429
57.0000056951
57.0
56.9999949417
56.9999952329
57.0
57.0000042338
57.0000039899
57.0
56.9999964568
56.9999966612
57.0
57.0000029646
57.0000027934
57.0
56.9999975202
56.9999976637
57.0
57.0000020734
57.0000019531
57.0
56.9999982674
56.9999983683
57.0
57.0000014466
57.0000013618
57.0
56.9999987937
56.9999988649
57.0
57.0000010042
57.0000009442
57.0
56.9999991661
56.9999992168
57.0
57.0000006899
57.000000647
57.0
56.9999994322
56.9999994688
57.0
57.0000004636
57.0000004323
57.0
56.9999996259
56.999999653
57.0
57.0000002964
57.0000002727
57.0
56.9999997719
56.999999793
57.0
57.0000001669
57.0000001478
57.0
56.9999998889
56.9999999066
57.0
57.0000000588
57.0000000418
57.0
56.9999999917
57.0000000083
57.0
56.9999999581
56.9999999412
57.0
57.0000000934
57.0000001111
57.0
56.9999998522
56.9999998331
57.0
57.000000207
57.000000228
57.0
56.9999997273
56.9999997036
57.0
57.000000347
57.0000003741
57.0
56.9999995677
56.9999995364
57.0
57.0000005312
57.0000005678
57.0
56.999999353
56.9999993101
57.0
57.0000007832
57.0000008339
57.0
56.9999990558
56.9999989958
57.0
57.0000011351
57.0000012063
57.0
56.9999986382
56.9999985534
57.0
57.0000016317
57.0000017326
57.0
56.9999980469
56.9999979266
57.0
57.0000023363
57.0000024798
57.0
56.9999972066
56.9999970354
57.0
57.0000033388
57.0000035432
57.0
56.9999960101
56.9999957662
57.0
57.0000047671
57.0000050583
57.0
56.9999943049
56.9999939571
57.0
57.0000068032
57.0000072185
57.0
56.9999918735
56.9999913776
57.0
57.0000097068
57.0000102991
57.0
56.9999884059
56.9999876985
57.0
57.0000138481
57.0000146929
57.0
56.9999834599
56.9999824509
57.0
57.0000197552
57.0000209602
57.0
56.9999764049
56.9999749657
57.0
57.0000281813
57.0000299002
57.0
56.9999663412
56.9999642883
57.0
57.0000402008
57.0000426527
57.0
56.9999519858
56.9999490574
57.0
57.0000573462
57.0000608438
57.0
56.9999315081
56.9999273307
57.0
57.0000818039
57.0000867931
57.0
56.9999022969
56.999896338
57.0
57.0001166923
57.0001238094
57.0
56.9998606277
56.9998521273
57.0
57.0001664603
57.0001766127
57.0
56.999801187
56.9997890613
57.0
57.0002374538
57.0002519362
57.0
56.9997163953
56.9996990981
57.0
57.0003387256
57.0003593847
57.0
56.9995954401
56.9995707656
57.0
57.0004831902
57.0005126606
57.0
56.9994228962
56.9993876975
57.0
57.0006892719
57.0007313126
57.0
56.9991767563
56.9991265433
57.0
57.0009832591
57.0010432338
57.0
56.9988256165
56.9987539811
57.0
57.0014026695
57.0014882349
57.0
56.9983246494
56.9982224414
57.0
57.0020010738
57.0021231677
57.0
56.9976098203
56.9974639609
57.0
57.0028550408
57.0030293101
57.0
56.9965895277
56.9963812836
57.0000000001
57.0040742333
57.0043231289
56.9999999999
56.995132355
56.9948347815
57.0000000001
57.0058163606
57.0061722869
56.9999999999
56.9930486593
56.9926226727
57.0000000001
57.0083101142
57.0088204038
56.9999999999
56.990061552
56.9894495021
57.0000000002
57.0118926268
57.0126280566
56.9999999998
56.9857573245
56.9848713615
57.0000000002
57.0170770888
57.0181483365
56.9999999997
56.9794899407
56.9781878179
57.0000000003
57.0246929995
57.0262877342
56.9999999996
56.970166266
56.9681919337
57.0000000004
57.0362300227
57.0387126061
56.9999999995
56.9556686544
56.9524760735
57.0000000006
57.0548603501
57.0591024882
56.9999999993
56.9309282051
56.9250125836
57.0000000008
57.0893673142
57.0982419404
56.9999999991
56.8790107312
56.8640652159
57.000000001
57.1778354374
57.2085456557
56.9999999989
56.6888124092
56.5940600471
57.0000000011
57.9264086078
59.0735913922
59.9999999989
60.4059399529
60.3111875908
60.0000000011
59.7914543443
59.8221645625
59.999999999
60.1359347842
60.1209892688
60.0000000009
59.9017580596
59.9106326858
59.9999999992
60.0749874164
60.0690717949
60.0000000007
59.9408975118
59.9451396499
59.9999999994
60.0475239265
60.0443313456
60.0000000005
59.9612873939
59.9637699773
59.9999999996
60.0318080663
60.029833734
60.0000000004
59.9737122658
59.9753070005
59.9999999997
60.0218121821
60.0205100593
60.0000000003
59.9818516635
59.9829229112
59.9999999998
60.0151286385
60.0142426755
60.0000000002
59.9873719434
59.9881073732
59.9999999998
60.0105504979
60.009938448
60.0000000001
59.9911795962
59.9916898858
59.9999999999
60.0073773273
60.0069513407
60.0000000001
59.993827713
59.9941836394
59.9999999999
60.0051652185
60.004867645
60.0000000001
59.9956768711
59.9959257666
59.9999999999
60.0036187164
60.0034104723
60.0
59.9969706898
59.9971449592
60.0
60.0025360391
60.0023901797
60.0
59.9978768323
59.9979989262
60.0
60.0017775586
60.0016753506
60.0
59.998511765
59.9985973305
60.0
60.0012460189
60.0011743835
60.0
59.9989567662
59.9990167409
60.0
60.0008734567
60.0008232437
60.0
59.9992686874
59.9993107281
60.0
60.0006123025
60.0005771038
60.0
59.9994873393
59.9995168098
60.0
60.0004292345
60.00040456
60.0
59.9996406152
59.9996612743
60.0
60.000300902
60.0002836048
60.0
59.9997480638
59.9997625461
60.0
60.0002109388
60.0001988131
60.0
59.9998233871
59.9998335396
60.0
60.0001478728
60.0001393724
60.0
59.9998761904
59.9998833075
60.0
60.0001036622
60.0000977033
60.0
59.9999132067
59.9999181959
60.0
60.0000726696
60.0000684922
60.0
59.9999391559
59.9999426534
60.0
60.000050943
60.0000480146
60.0
59.9999573469
59.9999597987
60.0
60.0000357122
60.0000336593
60.0
59.9999700992
59.999971818
60.0
60.0000250351
60.000023596
60.0
59.9999790388
59.9999802438
60.0
60.0000175502
60.0000165413
60.0
59.9999853057
59.9999861504
60.0
60.0000123031
60.0000115958
60.0
59.999989699
59.9999902911
60.0
60.0000086247
60.000008129
60.0
59.9999927787
59.9999931939
60.0
60.0000060461
60.0000056986
60.0
59.9999949377
59.9999952287
60.0
60.0000042385
60.0000039948
60.0
59.9999964512
59.9999966552
60.0
60.0000029713
60.0000028005
60.0
59.9999975122
59.9999976552
60.0
60.0000020829
60.0000019632
60.0
59.999998256
59.9999983563
60.0
60.0000014602
60.0000013762
60.0
59.9999987774
59.9999988477
60.0
60.0000010236
60.0000009648
60.0
59.9999991429
59.9999991922
60.0
60.0000007176
60.0000006763
60.0
59.9999993992
59.9999994337
60.0
60.000000503
60.0000004741
60.0
59.9999995788
59.999999603
60.0
60.0000003526
60.0000003324
60.0
59.9999997047
59.9999997217
60.0
60.0000002472
60.000000233
60.0
59.999999793
59.9999998049
60.0
60.0000001733
60.0000001633
60.0
59.9999998549
59.9999998632
60.0
60.0000001215
60.0000001145
60.0
59.9999998983
59.9999999041
60.0
60.0000000852
60.0000000803
60.0
59.9999999287
59.9999999328
60.0
60.0000000597
60.0000000563
60.0
59.99999995
59.9999999529
60.0
60.0000000419
60.0000000394
60.0
59.999999965
59.999999967
60.0
60.0000000293
60.0000000277
60.0
59.9999999754
59.9999999768
60.0
60.0000000206
60.0000000194
60.0
59.9999999828
59.9999999838
60.0
60.0000000144
60.0000000136
60.0
59.9999999879
59.9999999886
60.0
60.0000000101
60.0000000095
60.0
59.9999999915
59.999999992
60.0
60.0000000071
60.0000000067
60.0
59.9999999941
59.9999999944
60.0
60.000000005
60.0000000047
60.0
59.9999999958
59.9999999961
60.0
60.0000000035
60.0000000033
60.0
59.9999999971
59.9999999973
60.0
60.0000000024
60.0000000023
60.0
59.999999998
59.9999999981
60.0
60.0000000017
60.0000000016
60.0
59.9999999986
59.9999999986
60.0
60.0000000012
60.0000000011
60.0
59.999999999
59.9999999991
60.0
60.0000000008
60.0000000008
60.0
59.9999999993
59.9999999993
60.0
60.0000000006
60.0000000006
60.0
59.9999999995
59.9999999995
60.0
60.0000000004
60.0000000004
60.0
59.9999999997
59.9999999997
60.0
60.0000000003
60.0000000003
60.0
59.9999999998
59.9999999998
60.0
60.0000000002
60.0000000002
60.0
59.9999999998
59.9999999998
60.0
60.0000000001
60.0000000001
60.0
59.9999999999
59.9999999999
60.0
60.0000000001
60.0000000001
60.0
59.9999999999
59.9999999999
60.0
60.0000000001
60.0000000001
60.0
59.9999999999
59.9999999999
60.0
60.0
60.0
60.0
60.0
60.0
60.0
60.0
60.0
60.0
60.0
60.0
60.0
60.0
60.0
60.0
60.0
60.0
60.0
60.0
60.0
60.0
60.0
60.0
60.0
60.0
60.0
60.0
60.0
60.0
60.0
60.0
60.0
60.0
60.0
60.0
60.0
60.0
60.0
60.0
60.0
60.0
60.0
60.0
60.0
60.0
60.0
60.0
60.0
60.0
60.0
60.0
60.0
60.0
60.0
60.0
60.0
60.0
60.0
60.0
60.0
60.0
60.0
60.0
60.0
60.0
60.0
60.0
60.0
60.0
60.0
60.0
60.0
60.0
60.0
60.0
60.0
60.0
60.0
60.0
60.0
60.0
60.0
60.0
60.0
60.0
60.0
60.0
60.0
60.0
60.0
60.0
60.0
60.0
60.0
60.0
60.0
60.0
60.0
60.0
60.0
60.0
60.0
60.0
60.0
60.0
60.0
60.0
60.0
60.0
60.0
60.0
60.0
60.0
60.0
60.0
60.0
60.0
60.0
60.0
60.0
60.0
60.0
60.0
60.0
60.0
60.0
60.0
60.0
60.0
60.0
60.0
60.0
60.0
60.0
60.0
60.0
60.0
60.0
60.0
60.0
60.0
60.0
60.0
60.0
60.0
60.0
60.0
60.0
60.0
60.0
60.0
60.0
60.0
60.0
60.0
60.0
60.0
60.0
60.0
60.0
60.0
60.0
60.0
60.0
60.0
60.0
60.0
60.0
60.0
60.0
60.0
60.0
60.0
60.0
60.0
60.0
60.0
60.0
60.0
60.0
60.0
60.0
60.0
60.0
60.0
60.0
60.0
60.0
60.0
60.0
60.0
60.0
60.0
60.0
60.0
60.0
60.0
60.0
60.0
60.0
60.0
60.0
60.0
60.0
60.0
60.0
60.0
60.0
60.0
60.0
60.0
60.0
60.0
60.0
60.0
60.0
60.0
60.0
60.0
60.0
60.0
60.0
60.0
60.0
60.0
60.0
60.0
60.0
60.0
60.0
60.0
60.0
60.0
60.0
60.0
60.0
60.0
60.0
60.0
60.0
60.0
60.0
60.0
60.0
60.0
60.0
60.0
60.0
60.0
60.0
60.0
60.0
60.0
60.0
60.0
60.0
60.0
60.0
60.0
60.0
60.0
60.0
60.0
60.0
60.0
60.0
60.0
60.0
60.0
60.0
60.0
60.0
60.0
60.0
60.0
60.0
60.0
60.0
60.0
60.0
60.0
60.0
60.0
60.0
60.0
60.0
60.0
60.0
60.0
60.0
60.0
60.0
60.0
60.0
60.0
60.0
60.0
60.0
60.0
60.0
60.0
60.0
60.0
60.0
60.0
60.0
60.0
60.0
60.0
60.0
60.0
60.0
60.0
60.0
60.0
60.0
60.0
60.0
60.0
60.0
60.0
60.0
60.0
60.0
60.0
60.0
60.0
60.0
60.0
60.0
60.0
60.0
60.0
60.0
60.0
60.0
60.0
60.0
60.0
60.0
60.0
60.0
60.0
60.0
60.0
60.0
60.0
60.0
60.0
60.0
60.0
60.0
60.0
60.0
60.0
60.0
60.0
60.0
60.0
60.0
60.0
60.0
60.0
60.0
60.0
60.0
60.0
60.0
60.0
60.0
60.0
60.0
60.0
60.0
60.0
60.0
60.0
60.0
60.0
60.0
60.0
60.0
60.0
60.0
60.0
60.0
60.0
60.0
60.0
60.0
60.0
60.0
60.0
60.0
60.0
60.0
60.0
60.0
60.0
60.0
60.0
60.0
60.0
60.0
60.0
60.0
60.0
60.0
60.0
60.0
60.0
60.0
60.0
60.0
60.0
60.0
60.0
60.0
60.0
60.0
60.0
60.0
60.0
60.0
60.0
60.0
60.0
60.0
60.0
60.0
60.0
60.0
60.0
60.0
60.0
60.0
60.0
60.0
60.0
60.0
60.0
60.0
60.0
60.0
60.0
60.0
60.0
60.0
60.0
60.0
60.0
60.0
60.0
60.0
60.0
60.0
60.0
60.0
60.0
60.0
60.0
60.0
60.0
60.0
60.0
60.0
60.0
60.0
60.0
60.0
60.0
60.0
60.0
60.0
60.0
60.0
60.0
60.0
60.0
60.0
60.0
60.0
60.0
60.0
60.0
60.0
60.0
60.0
60.0
60.0
60.0
60.0
60.0
60.0
60.0
60.0
60.0
60.0
60.0
60.0
60.0
60.0
60.0
60.0
60.0
60.0
60.0
60.0
60.0
60.0
60.0
60.0
60.0
60.0
60.0
60.0
60.0
60.0
60.0
60.0
60.0
60.0
60.0
60.0
60.0
60.0
60.0
60.0
60.0
60.0
60.0
60.0
60.0
60.0
60.0
60.0
60.0
60.0
60.0
60.0
60.0
60.0
60.0
60.0
60.0
60.0
60.0
60.0
60.0
60.0
60.0
60.0
60.0
60.0
60.0
60.0
60.0
60.0
60.0
60.0
60.0
60.0
60.0
60.0
60.0
60.0
60.0
60.0
60.0
60.0
60.0
60.0
60.0
60.0
60.0
60.0
60.0
60.0
60.0
60.0
60.0
60.0
60.0
60.0
60.0
60.0
60.0
60.0
60.0
60.0
60.0
60.0
60.0
60.0
60.0
60.0
60.0
60.0
60.0
60.0
60.0
60.0
60.0
60.0
60.0
60.0
60.0
60.0
60.0
60.0
60.0
60.0
60.0
60.0
60.0
60.0
60.0
60.0
60.0
60.0
60.0
60.0
60.0
60.0
60.0
60.0
60.0
60.0
60.0
60.0
60.0
60.0
60.0
60.0
60.0
60.0
60.0
60.0
60.0
60.0
60.0
60.0
60.0
60.0
60.0
60.0
60.0
60.0
60.0
60.0
60.0
60.0
60.0
60.0
60.0
60.0
60.0
60.0
60.0
60.0
60.0
60.0
60.0
60.0
60.0
60.0
60.0
60.0
60.0
60.0
60.0
60.0
60.0
60.0
60.0
60.0
60.0
60.0
60.0
60.0
60.0
60.0
60.0
60.0
60.0
60.0
60.0
60.0
60.0
60.0
60.0
60.0
60.0
60.0
60.0
60.0
60.0
60.0
60.0
60.0
60.0
60.0
60.0
60.0
60.0
60.0
60.0
60.0
60.0
60.0
60.0
60.0
60.0
60.0
60.0
60.0
60.0
60.0
60.0
60.0
60.0
60.0
60.0
60.0
60.0
60.0
60.0
60.0
60.0
60.0
60.0
60.0
60.0
60.0
60.0
60.0
60.0
60.0
60.0
60.0
60.0
60.0
60.0
60.0
60.0
60.0
60.0
60.0
60.0
60.0
60.0
60.0
60.0
60.0
60.0
60.0
60.0
60.0
60.0
60.0
60.0
60.0
60.0
60.0
60.0
60.0
60.0
60.0
60.0
60.0
60.0
60.0
60.0
60.0
60.0
60.0
60.0
60.0
60.0
60.0
60.0
60.0
60.0
60.0
60.0
60.0
60.0
60.0
60.0
60.0
60.0
60.0
60.0
60.0
60.0
60.0
60.0
60.0
60.0
60.0
60.0
60.0
60.0
60.0
60.0
60.0
60.0
60.0
60.0
60.0
60.0
60.0
60.0
60.0
60.0
60.0
60.0
60.0
60.0
60.0
60.0
60.0
60.0
60.0
60.0
60.0
60.0
60.0
60.0
60.0
60.0
60.0
60.0
60.0
60.0
60.0
60.0
60.0
60.0
60.0
60.0
60.0
60.0
60.0
60.0
60.0
60.0
60.0
60.0
60.0
60.0
60.0
60.0
60.0
60.0
60.0
60.0
60.0
60.0
60.0
60.0
60.0
60.0
60.0
60.0
60.0
60.0
60.0
60.0
60.0
60.0
60.0
60.0
60.0
60.0
60.0
60.0
60.0
60.0
60.0
60.0
60.0
60.0
60.0
60.0
60.0
60.0
60.0
60.0
60.0
60.0
60.0
60.0
60.0
60.0
60.0
60.0
60.0
60.0
60.0
60.0
60.0
60.0
60.0
60.0
60.0
60.0
60.0
60.0
60.0
60.0
60.0
60.0
60.0
60.0
60.0
60.0
60.0
60.0
60.0
60.0
59.9999999999
59.9999999999
60.0
60.0000000001
60.0000000001
60.0
59.9999999999
59.9999999999
60.0
60.0000000001
60.0000000001
60.0
59.9999999999
59.9999999999
60.0
60.0000000001
60.0000000001
60.0
59.9999999998
59.9999999998
60.0
60.0000000002
60.0000000002
60.0
59.9999999998
59.9999999998
60.0
60.0000000003
60.0000000003
60.0
59.9999999997
59.9999999997
60.0
60.0000000004
60.0000000004
60.0
59.9999999995
59.9999999995
60.0
60.0000000006
60.0000000006
60.0
59.9999999993
59.9999999993
60.0
60.0000000008
60.0000000008
60.0
59.9999999991
59.999999999
60.0
60.0000000011
60.0000000012
60.0
59.9999999987
59.9999999986
60.0
60.0000000016
60.0000000017
60.0
59.9999999981
59.999999998
60.0
60.0000000023
60.0000000024
60.0
59.9999999973
59.9999999971
60.0
60.0000000033
60.0000000035
60.0
59.9999999961
59.9999999959
60.0
60.0000000047
60.0000000049
60.0
59.9999999944
59.9999999941
60.0
60.0000000066
60.000000007
60.0
59.9999999921
59.9999999916
60.0
60.0000000095
60.0000000101
60.0
59.9999999887
59.999999988
60.0
60.0000000135
60.0000000143
60.0
59.9999999839
59.9999999829
60.0
60.0000000193
60.0000000205
60.0
59.999999977
59.9999999756
60.0
60.0000000275
60.0000000292
60.0
59.9999999671
59.9999999651
60.0
60.0000000392
60.0000000416
60.0
59.9999999531
59.9999999503
60.0
60.000000056
60.0000000594
60.0
59.9999999331
59.9999999291
60.0
60.0000000798
60.0000000847
60.0
59.9999999046
59.9999998988
60.0
60.0000001139
60.0000001208
60.0
59.999999864
59.9999998557
60.0
60.0000001625
60.0000001724
60.0
59.999999806
59.9999997941
60.0
60.0000002318
60.0000002459
60.0
59.9999997232
59.9999997063
60.0
60.0000003306
60.0000003508
60.0
59.9999996051
59.9999995811
60.0
60.0000004716
60.0000005004
60.0
59.9999994367
59.9999994024
60.0
60.0000006727
60.0000007138
60.0
59.9999991965
59.9999991475
60.0
60.0000009596
60.0000010182
60.0
59.9999988538
59.9999987839
60.0
60.0000013689
60.0000014524
60.0
59.999998365
59.9999982653
60.0
60.0000019527
60.0000020718
60.0
59.9999976677
59.9999975255
60.0
60.0000027856
60.0000029555
60.0
59.999996673
59.9999964701
60.0
60.0000039736
60.0000042159
60.0
59.9999952541
59.9999949647
60.0
60.0000056683
60.000006014
60.0
59.9999932301
59.9999928172
60.0
60.0000080857
60.0000085788
60.0
59.9999903428
59.9999897538
60.0
60.0000115341
60.0000122376
60.0
59.9999862241
59.9999853839
60.0
60.0000164534
60.0000174569
60.0
59.9999803488
59.9999791502
60.0
60.0000234706
60.0000249022
60.0
59.9999719675
59.9999702578
60.0
60.000033481
60.0000355231
60.0
59.9999600114
59.9999575723
60.0
60.0000477614
60.0000506747
60.0
59.9999429546
59.9999394749
60.0
60.0000681346
60.000072291
60.0
59.9999186195
59.9999136545
60.0
60.0000972034
60.0001031345
60.0
59.9998838942
59.9998768083
60.0
60.0001386893
60.0001471558
60.0
59.9998343256
59.9998242077
60.0
60.0001979255
60.0002100198
60.0
59.9997635193
59.9997490574
60.0
60.0002825909
60.0002998925
60.0
59.9996622323
59.9996415187
60.0
60.0004038473
60.000428671
60.0
59.9995169247
59.9994871325
60.0
60.0005782235
60.0006140522
60.0
59.9993072428
59.999264029
60.0
60.0008310819
60.0008834184
60.0
59.9990010785
59.9989373234
60.0
60.0012039199
60.0012822234
60.0
59.9985433684
59.9984460888
60.0
60.001772213
60.001895006
60.0
59.9978265753
59.9976681442
60.0
60.0026961953
60.0029068004
60.0
59.9965995228
59.996308082
60.0
60.0043928045
60.0048182919
60.0
59.9941229921
59.9934561393
60.0
60.0082802596
60.0094288412
60.0
59.9873901394
59.9851410674
60.0
60.0216560519
60.026941946
60.0
59.9548046986
59.9383345253
60.0
60.133509845
60.2188572661
