-15.8560766059
-9.53707830653
-3.86194746944
1.17324816529e-10
1.56879350287
1.22713200509
-4.16548573412e-10
-0.968812835219
-0.969235408072
8.65838956088e-10
1.37861010771
2.49389422596
2.99999999861
3.01962316592
2.92986838397
3.00000000191
3.18590363165
3.23714052224
2.9999999976
2.63238864363
2.52709845812
3.00000000282
4.0117771673
5.16774249454
5.99999999683
6.29352431214
6.18879363274
6.00000000344
5.9367518114
5.98099027775
5.99999999633
5.9437829953
5.90774002403
6.00000000386
6.17168569829
6.22032235558
5.99999999597
5.63957321378
5.52379600644
6.00000000413
7.04886940901
8.23116860828
8.99999999588
9.13805568255
8.94519490267
9.000000004
9.68385544712
10.8643866049
11.9999999962
12.5685260274
12.4567153264
12.0000000034
11.6724730766
11.7137656279
11.999999997
12.2268777416
12.2046332829
12.0000000026
11.8305727091
11.8448067193
11.9999999978
12.1314724462
12.1214680431
12.0000000019
11.8957206076
11.9031571732
11.9999999984
12.0838205015
12.0780951277
12.0000000013
11.9320542855
11.9365633086
11.9999999989
12.0553790021
12.0517745975
12.0000000009
11.9547009912
11.9576109489
11.9999999992
12.0371423925
12.0347774542
12.0000000006
11.9694967794
11.9714273693
11.9999999995
12.0250777571
12.0234969926
12.0000000004
11.9793677379
11.9806647016
11.9999999997
12.0169831425
12.0159175609
12.0000000003
11.9860159333
11.9868922294
11.9999999998
12.0115171931
12.0107961023
12.0000000002
11.9905130618
11.9911066912
11.9999999998
12.0078153863
12.0073265456
12.0000000001
11.9935611943
11.9939638234
11.9999999999
12.0053049452
12.004973279
12.0000000001
11.9956291033
11.9959023387
11.9999999999
12.0036013864
12.003376274
12.0000000001
11.9970326047
11.9972180775
11.9999999999
12.0024450373
12.0022922198
12.0
11.9979853546
11.9981112688
12.0
12.0016600219
12.0015562734
12.0
11.9986321752
11.9987176607
12.0
12.001127063
12.0010566252
12.0
11.9990713187
11.9991293578
12.0
12.0007652193
12.0007173963
12.0
11.9993694699
11.9994088751
12.0
12.0005195489
12.0004870799
12.0
11.9995718972
11.999598651
12.0
12.0003527532
12.0003307088
12.0
11.999709333
11.999727497
12.0
12.0002395098
12.0002245432
12.0
11.999802642
11.9998149739
12.0
12.0001626267
12.0001524659
12.0
11.9998659899
11.9998743617
12.0
12.0001104322
12.0001035347
12.0
11.9999089935
11.9999146762
12.0
12.0000750026
12.0000703211
12.0
11.9999381813
11.9999420376
12.0
12.0000509592
12.0000477831
12.0
11.9999579843
11.9999605997
12.0
12.0000346519
12.000032499
12.0
11.9999714089
11.9999731803
12.0
12.0000236052
12.0000221487
12.0
11.9999804931
11.9999816895
12.0
12.000016142
12.0000151608
12.0
11.9999866159
11.9999874189
12.0
12.0000111294
12.0000104745
12.0
11.9999907069
11.9999912383
12.0
12.0000078063
12.0000073783
12.0
11.9999933871
11.9999937276
12.0
12.0000056683
12.0000054022
12.0
11.9999950633
11.9999952648
12.0
12.0000043907
12.0000042463
12.0
11.9999959901
11.999996083
12.0
12.0000037798
12.000003735
12.0
11.9999963082
11.9999963066
12.0
12.0000037427
12.0000037907
12.0
11.9999960657
11.9999959695
12.0
12.0000042739
12.000004422
12.0
11.9999952258
11.9999950203
12.0
12.000005454
12.0000057248
12.0
11.9999936608
11.9999933147
12.0
12.0000074629
12.0000078976
12.0
11.9999911322
11.9999905926
12.0
12.000010607
12.000011272
12.0
11.9999872534
11.9999864376
12.0
12.0000153684
12.0000163663
12.0
11.9999814268
11.9999802082
12.0
12.0000224857
12.0000239727
12.0
11.9999727399
11.9999709248
12.0
12.0000330892
12.0000353068
12.0
11.9999597845
11.9999570697
12.0
12.0000489486
12.000052283
12.0
11.9999403083
11.9999361926
12.0
12.0000729825
12.0000780991
12.0
11.9999104397
11.9999040136
12.0
12.0001104773
12.0001186632
12.0
11.9998627098
11.9998520821
12.0
12.0001723904
12.0001865334
12.0
11.99978041
11.9997610035
12.0
12.0002851707
12.0003127763
12.0
11.9996202085
11.9995793365
12.0
12.0005220263
12.000585134
12.0
11.9992549326
11.9991532997
12.0
12.0011098323
12.0012804416
12.0
11.9982683137
11.9979697051
12.0
12.0028381682
12.0033849128
12.0
11.9950959717
11.9940389797
12.0
12.0090038299
12.01120452
12.0000000001
11.9821134046
11.9769785791
11.9999999999
12.0400900682
12.0546943169
12.0000000002
11.8871558835
11.8245608229
11.9999999996
12.5900214668
13.64063176
15.0000000005
16.3634737447
17.4182237886
17.9999999993
18.1586685845
18.0916099977
18.0000000009
17.9760970135
17.9959073566
17.9999999989
17.9753911182
17.96363195
18.0000000012
18.0586191815
18.0701803145
17.9999999986
17.9032659181
17.8869832482
18.0000000015
18.1567960296
18.1881320353
17.9999999984
17.7084653692
17.613543436
18.0000000016
18.9068975091
20.0538957248
20.9999999985
21.4263306687
21.332087648
21.0000000014
20.7692046859
20.7990681633
20.9999999988
21.1610931152
21.1473760368
21.0000000009
20.8724768989
20.87966415
20.9999999994
21.109878308
21.1062314611
21.0000000003
20.8984774347
20.8996725627
21.0
21.1001007839
21.1010681156
20.9999999997
20.8946866578
20.891278085
21.0000000005
21.1186836407
21.1256105698
20.9999999992
20.8550897254
20.8416690915
21.0000000011
21.1975267544
21.2270388851
20.9999999987
20.6724462848
20.5786368548
21.0000000014
21.9401562722
23.0865954174
23.9999999985
24.3942597503
24.3000964941
24.0000000014
23.8014927572
23.8317321766
23.9999999987
24.1272138626
24.1126500177
24.0000000012
23.9094045011
23.9179634636
23.999999999
24.0682363963
24.0625883178
24.0000000009
23.946883127
23.9508923926
23.9999999992
24.0422102498
24.0392257025
24.0000000006
23.9659960906
23.968288459
23.9999999995
24.0276562345
24.0258592593
24.0000000004
23.9773420005
23.9787686765
23.9999999996
24.0186794882
24.0175388253
24.0000000003
23.9845047916
23.9854189143
23.9999999998
24.0129442156
24.0122131902
24.0000000002
23.9890920041
23.9896724165
23.9999999998
24.0092975199
24.0088431306
24.0000000001
23.9919546733
23.9923016595
23.9999999999
24.0071005009
24.0068470196
24.0000000001
23.9935746066
23.9937445831
24.0
24.0059934562
24.0059003416
24.0
23.9942121642
23.9942320409
24.0
24.0058005242
24.0058531015
24.0
23.993968038
23.9938409932
24.0
24.0064910417
24.0066974538
23.9999999999
23.9928044913
23.9925106987
24.0000000001
24.0081727981
24.0085654871
23.9999999999
23.9905386021
23.9900313996
24.0000000002
24.0111129109
24.0117552333
23.9999999998
23.9868048879
23.9860005265
24.0000000003
24.0157965335
24.0167981783
23.9999999997
23.9809664793
23.9797208131
24.0000000004
24.0230615041
24.024614621
23.9999999995
23.9719061928
23.9699565704
24.0000000006
24.0344345958
24.0369115834
23.9999999993
23.9574601319
23.9542520054
24.0000000008
24.0531378851
24.0574181803
23.999999999
23.9325130572
23.9265361589
24.0000000011
24.0879889448
24.0969471488
23.9999999987
23.8801177447
23.8650687458
24.0000000015
24.1770558272
24.2078854149
23.9999999984
23.6892221264
23.5943399527
24.0000000017
24.9263938462
26.0737104701
26.9999999983
27.4055544254
27.3106709407
27.0000000016
26.7922254839
26.823057743
26.9999999985
27.1348109087
27.1197577777
27.0000000013
26.9031871682
26.9121511204
26.9999999988
27.0733105024
27.0673260234
27.000000001
26.9427599458
26.9470499388
26.9999999992
27.0455383838
27.0423180775
27.0000000007
26.9633373935
26.9658295008
26.9999999994
27.029745725
27.0277774744
27.0000000005
26.975743005
26.9773189591
26.9999999996
27.0198481922
27.018574621
27.0000000003
26.9837223913
26.9847580582
26.9999999997
27.0133697537
27.0125239733
27.0000000002
26.9890073173
26.9897000137
26.9999999998
27.0090445408
27.008476114
27.0000000002
26.9925548373
26.9930219057
26.9999999999
27.0061305673
27.0057464392
27.0000000001
26.9949508153
26.9952669238
26.9999999999
27.0041591607
27.0038989196
27.0000000001
26.9965736363
26.9967879438
26.9999999999
27.0028228684
27.0026463533
27.0
26.9976742247
26.9978196307
27.0
27.0019162776
27.0017964875
27.0
26.9984210867
26.9985197795
27.0
27.0013009613
27.0012196469
27.0
26.9989280495
26.9989950475
27.0
27.0008832588
27.0008280556
27.0
26.9992722149
26.9993177003
27.0
27.0005996801
27.0005622015
27.0
26.9995058747
26.9995367561
27.0
27.0004071506
27.000381705
27.0
26.9996645147
26.9996854814
27.0
27.0002764345
27.0002591583
27.0
26.9997722223
26.9997864576
27.0
27.0001876853
27.0001759556
27.0
26.9998453502
26.9998550152
27.0
27.0001274291
27.0001194652
27.0
26.9998950004
26.9999015625
27.0
27.0000865181
27.0000811111
27.0
26.9999287104
26.9999331657
27.0
27.0000587416
27.0000550704
27.0
26.9999515978
26.9999546228
27.0
27.0000398827
27.0000373901
27.0
26.9999671373
26.9999691911
27.0
27.0000270784
27.0000253861
27.0
26.9999776878
26.9999790822
27.0
27.0000183849
27.0000172359
27.0
26.9999848511
26.9999857979
27.0
27.0000124824
27.0000117023
27.0
26.9999897146
26.9999903574
27.0
27.000008475
27.0000079453
27.0
26.9999930167
26.9999934532
27.0
27.0000057541
27.0000053945
27.0
26.9999952587
26.999995555
27.0
27.0000039067
27.0000036626
27.0
26.9999967809
26.9999969821
27.0
27.0000026525
27.0000024867
27.0
26.9999978144
26.999997951
27.0
27.0000018009
27.0000016884
27.0
26.9999985161
26.9999986088
27.0
27.0000012227
27.0000011463
27.0
26.9999989925
26.9999990554
27.0
27.0000008302
27.0000007783
27.0
26.9999993159
26.9999993587
27.0
27.0000005636
27.0000005284
27.0
26.9999995356
26.9999995646
27.0
27.0000003827
27.0000003588
27.0
26.9999996847
26.9999997044
27.0
27.0000002598
27.0000002436
27.0
26.9999997859
26.9999997993
27.0
27.0000001764
27.0000001654
27.0
26.9999998546
26.9999998637
27.0
27.0000001198
27.0000001123
27.0
26.9999999013
26.9999999075
27.0
27.0000000813
27.0000000762
27.0
26.999999933
26.9999999372
27.0
27.0000000552
27.0000000518
27.0
26.9999999545
26.9999999573
27.0
27.0000000375
27.0000000351
27.0
26.9999999691
26.999999971
27.0
27.0000000254
27.0000000239
27.0
26.999999979
26.9999999803
27.0
27.0000000173
27.0000000162
27.0
26.9999999858
26.9999999866
27.0
27.0000000117
27.000000011
27.0
26.9999999903
26.9999999909
27.0
27.000000008
27.0000000075
27.0
26.9999999934
26.9999999938
27.0
27.0000000054
27.0000000051
27.0
26.9999999955
26.9999999958
27.0
27.0000000037
27.0000000034
27.0
26.999999997
26.9999999972
27.0
27.0000000025
27.0000000023
27.0
26.9999999979
26.9999999981
27.0
27.0000000017
27.0000000016
27.0
26.9999999986
26.9999999987
27.0
27.0000000011
27.0000000011
27.0
26.9999999991
26.9999999991
27.0
27.0000000008
27.0000000007
27.0
26.9999999994
26.9999999994
27.0
27.0000000005
27.0000000005
27.0
26.9999999996
26.9999999996
27.0
27.0000000004
27.0000000003
27.0
26.9999999997
26.9999999997
27.0
27.0000000002
27.0000000002
27.0
26.9999999998
26.9999999998
27.0
27.0000000002
27.0000000002
27.0
26.9999999999
26.9999999999
27.0
27.0000000001
27.0000000001
27.0
26.9999999999
26.9999999999
27.0
27.0000000001
27.0000000001
27.0
26.9999999999
26.9999999999
27.0
27.0
27.0
27.0
27.0
27.0
27.0
27.0
27.0
27.0
27.0
27.0
27.0
27.0
27.0
27.0
27.0
27.0
27.0
27.0
27.0
27.0
27.0
27.0
27.0
27.0
27.0
27.0
27.0
27.0
27.0
27.0
27.0
27.0
27.0
27.0
27.0
27.0
27.0
27.0
27.0
27.0
27.0
27.0
27.0
27.0
27.0
27.0
27.0
27.0
27.0
27.0
27.0
27.0
27.0
27.0
27.0
27.0
27.0
27.0
27.0
27.0
27.0
27.0
27.0
27.0
27.0
27.0
27.0
27.0
27.0
27.0
27.0
27.0
27.0
27.0
27.0
27.0
27.0
27.0
27.0
27.0
27.0
27.0
27.0
27.0
27.0
27.0
27.0
27.0
27.0
27.0
27.0
27.0
27.0
27.0
27.0
27.0
27.0
27.0
27.0
27.0
27.0
27.0
27.0
27.0
27.0
27.0
27.0
27.0
27.0
27.0
27.0
27.0
27.0
27.0
27.0
27.0
27.0
27.0
27.0
27.0
27.0
27.0
27.0
27.0
27.0
27.0
27.0
27.0
27.0
27.0
27.0
27.0
27.0
27.0
27.0
27.0
27.0
27.0
27.0
27.0
27.0
27.0
27.0
27.0
27.0
27.0
27.0
27.0
27.0
27.0
27.0
27.0
27.0
27.0
27.0
27.0
27.0
27.0
27.0
27.0
27.0
27.0
27.0
27.0
27.0
27.0
27.0
27.0
27.0
27.0
27.0
27.0
27.0
27.0
27.0
27.0
27.0
27.0
27.0
27.0
27.0
27.0
27.0
27.0
27.0
27.0
27.0
27.0
27.0
27.0
27.0
27.0
27.0
27.0
27.0
27.0
27.0
27.0
27.0
27.0
27.0
27.0
27.0
27.0
27.0
27.0
27.0
27.0
27.0
27.0
27.0
27.0
27.0
27.0
27.0
27.0
27.0
27.0
27.0
27.0
27.0
27.0
27.0
27.0
27.0
27.0
27.0
27.0
27.0
27.0
27.0
27.0
27.0
27.0
27.0
27.0
27.0
27.0
27.0
27.0
27.0
27.0
27.0
27.0
27.0
27.0
27.0
27.0
27.0
27.0
27.0
27.0
27.0
27.0
27.0
27.0
27.0
27.0
27.0
27.0
27.0
27.0
27.0
27.0
27.0
27.0
27.0
27.0
27.0
27.0
27.0
27.0
27.0
27.0
27.0
27.0
27.0
27.0
27.0
27.0
27.0
27.0
27.0
27.0
27.0
27.0
27.0
27.0
27.0
27.0
27.0
27.0
27.0
27.0
27.0
27.0
27.0
27.0
27.0
27.0
27.0
27.0
27.0
27.0
27.0
27.0
27.0
27.0
27.0
27.0
27.0
27.0
27.0
27.0
27.0
27.0
27.0
27.0
27.0
27.0
27.0
27.0
27.0
27.0
27.0
27.0
27.0
27.0
27.0
27.0
27.0
27.0
27.0
27.0
27.0
27.0
27.0
27.0
27.0
27.0
27.0
27.0
27.0
27.0
27.0
27.0
27.0
27.0
27.0
27.0
27.0
27.0
27.0
27.0
27.0
27.0
27.0
27.0
27.0
27.0
27.0
27.0
27.0
27.0
27.0
27.0
27.0
27.0
27.0
27.0
27.0
27.0
27.0
27.0
27.0
27.0
27.0
27.0
27.0
27.0
27.0
27.0
27.0
27.0
27.0
27.0
27.0
27.0
27.0
27.0
27.0
27.0
27.0
27.0
27.0
27.0
27.0
27.0
27.0
27.0
27.0
27.0
27.0
27.0
27.0
27.0
27.0
27.0
27.0
27.0
27.0
27.0
27.0
27.0
27.0
27.0
27.0
27.0
27.0
27.0
27.0
27.0
27.0
27.0
27.0
27.0
27.0
27.0
27.0
27.0
27.0
27.0
27.0
27.0
27.0
27.0
27.0
27.0
27.0
27.0
27.0
27.0
27.0
27.0
27.0
27.0
27.0
27.0
27.0
27.0
27.0
27.0
27.0
27.0
27.0
27.0
27.0
27.0
27.0
27.0
27.0
27.0
27.0
27.0
27.0
27.0
27.0
27.0
27.0
27.0
27.0
27.0
27.0
27.0
27.0
27.0
27.0
27.0
27.0
27.0
27.0
27.0
27.0
27.0
27.0
27.0
27.0
27.0
27.0
27.0
27.0
27.0
27.0
27.0
27.0
27.0
27.0
27.0
27.0
27.0
27.0
27.0
27.0
27.0
27.0
27.0
27.0
27.0
27.0
27.0
27.0
27.0
27.0
27.0
27.0
27.0
27.0
27.0
27.0
27.0
27.0
27.0
27.0
27.0
27.0
27.0
27.0
27.0
27.0
27.0
27.0
27.0
27.0
27.0
27.0
27.0
27.0
27.0
27.0
27.0
27.0
27.0
27.0
27.0
27.0
27.0
27.0
27.0
27.0
27.0
27.0
27.0
27.0
27.0
27.0
27.0
27.0
27.0
27.0
27.0
27.0
27.0
27.0
27.0
27.0
27.0
27.0
27.0
27.0
27.0
27.0
27.0
27.0
27.0
27.0
27.0
27.0
27.0
27.0
27.0
27.0
27.0
27.0
27.0
27.0
27.0
27.0
27.0
27.0
27.0
27.0
27.0
27.0
27.0
27.0
27.0
27.0
27.0
27.0
27.0
27.0
27.0
27.0
27.0
27.0
27.0
27.0
27.0
27.0
27.0
27.0
27.0
27.0
27.0
27.0
27.0
27.0
27.0
27.0
27.0
27.0
27.0
27.0
27.0
27.0
27.0
27.0
27.0
27.0
27.0
27.0
27.0
27.0
27.0
27.0
27.0
27.0
27.0
27.0
27.0
27.0
27.0
27.0
27.0
27.0
27.0
27.0
27.0
27.0
27.0
27.0
27.0
27.0
27.0
27.0
27.0
27.0
27.0
27.0
27.0
27.0
27.0
27.0
27.0
27.0
27.0
27.0
27.0
27.0
27.0
27.0
27.0
27.0
27.0
27.0
27.0
27.0
27.0
27.0
27.0
27.0
27.0
27.0
27.0
27.0
27.0
27.0
27.0
27.0
27.0
27.0
27.0
27.0
27.0
27.0
27.0
27.0
27.0
27.0
27.0
27.0
27.0
27.0
27.0
27.0
27.0
27.0
27.0
27.0
27.0
27.0
27.0
27.0
27.0
27.0
27.0
27.0
27.0
27.0
27.0
27.0
27.0
27.0
27.0
27.0
27.0
27.0
27.0
27.0
27.0
27.0
27.0
27.0
27.0
27.0
27.0
27.0
27.0
27.0
27.0
27.0
27.0
27.0
27.0
27.0
27.0
27.0
27.0
27.0
27.0
27.0
27.0
27.0
27.0
27.0
27.0
27.0
27.0
27.0
27.0
27.0
27.0
27.0
27.0
27.0
27.0
27.0
27.0
27.0
27.0
27.0
27.0
27.0
27.0
27.0
27.0
27.0
27.0
27.0
27.0
27.0
27.0
27.0
27.0
27.0
27.0
27.0
27.0
27.0
27.0
27.0
27.0
27.0
27.0
27.0
27.0
27.0
27.0
27.0
27.0
27.0
27.0
27.0
27.0
27.0
27.0
27.0
27.0
27.0
27.0
27.0
27.0
27.0
27.0
27.0
27.0
27.0
27.0
27.0
27.0
27.0
27.0
27.0
27.0
27.0
27.0
27.0
27.0
27.0
27.0
27.0
27.0
27.0
27.0
27.0
27.0
27.0
27.0
27.0
27.0
27.0
27.0
27.0
27.0
27.0
27.0
27.0
27.0
27.0
27.0
27.0
27.0
27.0
27.0
27.0
27.0
27.0
27.0
27.0
27.0
27.0
27.0
27.0
27.0
27.0
27.0
27.0
27.0
27.0
27.0
27.0
27.0
27.0
27.0
27.0
27.0
27.0
27.0
27.0
27.0
27.0
27.0
27.0
27.0
27.0
27.0
27.0
27.0
27.0
27.0
27.0
27.0
27.0
27.0
27.0
27.0
27.0
27.0
27.0
27.0
27.0
27.0
27.0
27.0
27.0
27.0
27.0
27.0
27.0
27.0
27.0
26.9999999999
26.9999999999
27.0
27.0000000001
27.0000000001
27.0
26.9999999999
26.9999999999
27.0
27.0000000001
27.0000000001
27.0
26.9999999999
26.9999999999
27.0
27.0000000001
27.0000000002
27.0
26.9999999998
26.9999999998
27.0
27.0000000002
27.0000000002
27.0
26.9999999997
26.9999999997
27.0
27.0000000003
27.0000000003
27.0
26.9999999996
26.9999999996
27.0
27.0000000005
27.0000000005
27.0
26.9999999994
26.9999999994
27.0
27.0000000007
27.0000000007
27.0
26.9999999992
26.9999999991
27.0
27.000000001
27.0000000011
27.0
26.9999999987
26.9999999987
27.0
27.0000000015
27.0000000016
27.0
26.9999999982
26.999999998
27.0
27.0000000022
27.0000000024
27.0
26.9999999973
26.9999999971
27.0
27.0000000033
27.0000000035
27.0
26.999999996
26.9999999957
27.0
27.0000000048
27.0000000052
27.0
26.9999999941
26.9999999937
27.0
27.0000000071
27.0000000076
27.0
26.9999999913
26.9999999908
27.0
27.0000000105
27.0000000112
27.0
26.9999999873
26.9999999864
27.0
27.0000000155
27.0000000165
27.0
26.9999999812
26.99999998
27.0
27.0000000228
27.0000000243
27.0
26.9999999724
26.9999999705
27.0
27.0000000335
27.0000000358
27.0
26.9999999593
26.9999999566
27.0
27.0000000494
27.0000000527
27.0
26.99999994
26.9999999361
27.0
27.0000000728
27.0000000776
27.0
26.9999999117
26.9999999058
27.0
27.0000001072
27.0000001143
27.0
26.99999987
26.9999998613
27.0
27.0000001578
27.0000001683
27.0
26.9999998085
26.9999997957
27.0
27.0000002325
27.0000002479
27.0
26.9999997179
26.9999996991
27.0
27.0000003424
27.0000003652
27.0
26.9999995845
26.9999995568
27.0
27.0000005043
27.0000005379
27.0
26.999999388
26.9999993472
27.0
27.0000007427
27.0000007922
27.0
26.9999990986
26.9999990385
27.0
27.0000010939
27.0000011668
27.0
26.9999986724
26.9999985839
27.0
27.0000016112
27.0000017186
27.0
26.9999980446
26.9999979143
27.0
27.000002373
27.0000025312
27.0
26.99999712
26.9999969281
27.0
27.0000034952
27.0000037282
27.0
26.9999957582
26.9999954754
27.0
27.0000051479
27.0000054911
27.0
26.9999937524
26.999993336
27.0
27.0000075821
27.0000080876
27.0
26.9999907982
26.9999901848
27.0
27.0000111674
27.0000119119
27.0
26.999986447
26.9999855435
27.0
27.0000164481
27.0000175446
27.0
26.9999800382
26.9999787075
27.0
27.000024226
27.000025841
27.0
26.9999705987
26.9999686387
27.0
27.0000356822
27.0000380611
27.0
26.9999566948
26.9999538076
27.0
27.0000525572
27.0000560614
27.0
26.9999362134
26.9999319601
27.0
27.0000774167
27.0000825795
27.0
26.9999060381
26.9998997709
27.0
27.0001140474
27.0001216565
27.0
26.9998615654
26.9998523257
27.0
27.0001680508
27.0001792739
27.0
26.9997959712
26.9997823337
27.0
27.0002477551
27.0002643364
27.0
26.9996990653
26.9996788873
27.0
27.0003656759
27.0003902622
27.0
26.9995553915
26.9995253775
27.0
27.0005410509
27.0005777919
27.0
26.9993407392
26.999295582
27.0
27.0008048229
27.0008606518
27.0
26.9990147211
26.9989451058
27.0
27.0012111939
27.0012990795
27.0
26.9985019593
26.9983890239
27.0
27.0018696836
27.002018509
27.0
26.9976348455
26.9974316733
27.0
27.0030526525
27.0033439191
27.0
26.995939253
26.9954927899
27.0
27.0056550113
27.0064047307
26.9999999999
26.9915481555
26.9901204784
27.0000000001
27.0141275258
27.0173825962
26.9999999999
26.9715703489
26.961761698
27.0
27.0801846554
27.1291530699
