-5.09395282042
-4.67499573933
-4.25822712291
-3.8436355395
-3.43120961715
-3.02093804332
-2.61280956453
-2.20681298612
-1.80293717189
-1.40117104381
-1.00150358173
-0.603923823055
-0.208420862449
0.18501614845
0.57639800134
0.965735431545
1.35303911832
1.73831968511
2.12158769991
2.50285367548
2.88212806968
3.25942128572
3.6347436725
4.00810552484
4.37951708379
4.74898853691
5.11653001853
5.48215161006
5.84586334023
6.2076751854
6.56759706982
6.92563886587
7.2818103944
7.63612142494
7.98858167598
8.33920081526
8.68798846001
9.03495417723
9.38010748395
9.72345784746
10.0650146856
10.4047873671
10.7427852117
11.0790174903
11.4134934256
11.746222192
12.0772129161
12.4064746767
12.7340165051
13.0598473857
13.3839762558
13.7064120059
14.0271634803
14.3462394769
14.6636487478
14.9793999993
15.2935018921
15.605963042
15.9167920195
16.2259973503
16.5335875159
16.8395709531
17.1439560549
17.4467511704
17.7479646049
18.0476046206
18.3456794364
18.6421972283
18.9371661294
19.2305942307
19.5224895807
19.8128601857
20.1017140106
20.3890589782
20.6749029704
20.9592538276
21.2421193494
21.5235072944
21.8034253811
22.0818812874
22.3588826511
22.6344370701
22.9085521028
23.1812352679
23.4524940449
23.7223358742
23.9907681575
24.2577982576
24.523433499
24.7876811678
25.0505485122
25.3120427424
25.5721710311
25.8309405134
26.0883582871
26.3444314131
26.5991669152
26.8525717806
27.1046529601
27.355417368
27.6048718828
27.8530233466
28.0998785662
28.3454443125
28.5897273214
28.8327342933
29.0744718937
29.3149467532
29.5541654681
29.7921345997
30.0288606756
30.2643501889
30.4986095989
30.7316453311
30.9634637777
31.1940712972
31.4234742149
31.6516788233
31.8786913819
32.1045181174
32.3291652242
32.552638864
32.7749451667
32.99609023
33.2160801197
33.4349208699
33.6526184833
33.8691789312
34.0846081538
34.29891206
34.5120965281
34.7241674055
34.9351305093
35.144991626
35.3537565119
35.5614308934
35.7680204667
35.9735308984
36.1779678257
36.381336856
36.5836435676
36.7848935096
36.9850922022
37.1842451367
37.3823577757
37.5794355533
37.7754838752
37.9705081189
38.1645136337
38.3575057411
38.5494897347
38.7404708805
38.9304544169
39.1194455552
39.3074494791
39.4944713455
39.6805162843
39.8655893986
40.0496957647
40.2328404326
40.4150284258
40.5962647416
40.7765543512
40.9559021998
41.1343132067
41.3117922657
41.488344245
41.663973987
41.8386863094
42.0124860043
42.1853778389
42.3573665556
42.5284568717
42.6986534803
42.8679610498
43.036384224
43.2039276227
43.3705958415
43.5363934521
43.7013250021
43.8653950154
44.0286079924
44.19096841
44.3524807214
44.513149357
44.6729787238
44.8319732056
44.9901371638
45.1474749364
45.3039908394
45.4596891656
45.614574186
45.7686501487
45.9219212801
46.0743917843
46.2260658433
46.3769476175
46.5270412456
46.6763508444
46.8248805094
46.9726343147
47.1196163131
47.2658305361
47.4112809944
47.5559716774
47.6999065541
47.8430895723
47.9855246596
48.1272157229
48.2681666485
48.4083813027
48.5478635315
48.6866171607
48.8246459964
48.9619538244
49.0985444112
49.2344215032
49.3695888275
49.5040500915
49.6378089836
49.7708691726
49.9032343082
50.0349080212
50.1658939232
50.2961956071
50.4258166469
50.5547605982
50.6830309977
50.8106313638
50.9375651965
51.0638359774
51.1894471702
51.3144022202
51.4387045549
51.5623575838
51.6853646985
51.8077292732
51.9294546641
52.0505442101
52.1710012327
52.2908290358
52.4100309063
52.5286101137
52.6465699107
52.7639135327
52.8806441985
52.9967651098
53.1122794518
53.227190393
53.3415010852
53.455214664
53.5683342484
53.6808629412
53.792803829
53.9041599822
54.0149344554
54.1251302868
54.2347504992
54.3437980994
54.4522760784
54.5601874116
54.6675350592
54.7743219654
54.8805510594
54.986225255
55.0913474508
55.1959205301
55.2999473614
55.403430798
55.5063736785
55.6087788263
55.7106490506
55.8119871454
55.9127958904
56.0130780508
56.1128363771
56.2120736058
56.3107924587
56.4089956438
56.5066858545
56.6038657706
56.7005380576
56.7967053671
56.8923703369
56.9875355911
57.0822037399
57.1763773802
57.2700590948
57.3632514536
57.4559570127
57.5481783148
57.6399178897
57.7311782537
57.8219619099
57.9122713485
58.0021090466
58.0914774685
58.1803790653
58.2688162756
58.3567915253
58.4443072273
58.5313657822
58.617969578
58.70412099
58.7898223815
58.875076103
58.9598844932
59.0442498781
59.1281745719
59.2116608766
59.2947110821
59.3773274665
59.4595122959
59.5412678244
59.6225962947
59.7034999376
59.783980972
59.8640416057
59.9436840345
60.022910443
60.1017230044
60.1801238804
60.2581152215
60.335699167
60.4128778448
60.4896533721
60.5660278546
60.6420033872
60.717582054
60.792765928
60.8675570714
60.9419575357
61.0159693617
61.0895945794
61.1628352084
61.2356932575
61.3081707252
61.3802695995
61.4519918581
61.5233394682
61.5943143869
61.6649185609
61.7351539268
61.8050224112
61.8745259306
61.9436663912
62.0124456897
62.0808657125
62.1489283365
62.2166354284
62.2839888455
62.3509904353
62.4176420354
62.4839454742
62.5499025702
62.6155151327
62.6807849613
62.7457138464
62.8103035689
62.8745559004
62.9384726034
63.0020554311
63.0653061274
63.1282264273
63.1908180566
63.2530827322
63.315022162
63.376638045
63.4379320711
63.4989059217
63.5595612692
63.6198997774
63.6799231013
63.7396328873
63.7990307732
63.8581183882
63.916897353
63.9753692801
64.0335357731
64.0913984275
64.1489588305
64.2062185609
64.2631791893
64.3198422782
64.3762093816
64.4322820458
64.4880618088
64.5435502005
64.598748743
64.6536589503
64.7082823286
64.7626203762
64.8166745835
64.8704464332
64.9239374001
64.9771489516
65.0300825472
65.0827396388
65.1351216707
65.1872300799
65.2390662954
65.2906317393
65.3419278258
65.392955962
65.4437175477
65.494213975
65.5444466291
65.5944168879
65.644126122
65.6935756949
65.742766963
65.7917012754
65.8403799746
65.8888043956
65.9369758668
65.9848957095
66.0325652379
66.0799857598
66.1271585758
66.1740849798
66.220766259
66.2672036939
66.3133985581
66.3593521187
66.4050656363
66.4505403647
66.4957775512
66.5407784367
66.5855442556
66.6300762357
66.6743755984
66.718443559
66.7622813261
66.8058901022
66.8492710835
66.8924254598
66.9353544149
66.9780591262
67.0205407652
67.062800497
67.1048394808
67.1466588698
67.1882598109
67.2296434453
67.2708109082
67.3117633286
67.3525018299
67.3930275295
67.4333415391
67.4734449643
67.5133389052
67.5530244561
67.5925027056
67.6317747363
67.6708416257
67.7097044452
67.7483642609
67.7868221331
67.8250791167
67.8631362611
67.9009946101
67.9386552022
67.9761190705
68.0133872424
68.0504607402
68.0873405809
68.124027776
68.1605233319
68.1968282495
68.2329435247
68.2688701481
68.3046091051
68.3401613761
68.3755279363
68.4107097556
68.4457077991
68.4805230268
68.5151563936
68.5496088496
68.5838813397
68.6179748039
68.6518901775
68.6856283907
68.7191903689
68.7525770328
68.785789298
68.8188280756
68.8516942718
68.8843887882
68.9169125214
68.9492663636
68.9814512022
69.0134679201
69.0453173954
69.0770005017
69.1085181082
69.1398710792
69.1710602748
69.2020865505
69.2329507573
69.2636537418
69.2941963462
69.3245794082
69.3548037612
69.3848702342
69.414779652
69.4445328349
69.474130599
69.5035737562
69.5328631141
69.5619994761
69.5909836414
69.6198164049
69.6484985576
69.6770308861
69.7054141732
69.7336491973
69.7617367329
69.7896775504
69.8174724162
69.8451220927
69.8726273383
69.8999889075
69.9272075508
69.9542840148
69.9812190421
70.0080133715
70.0346677381
70.0611828729
70.0875595032
70.1137983525
70.1399001406
70.1658655833
70.1916953928
70.2173902778
70.2429509429
70.2683780893
70.2936724145
70.3188346122
70.3438653726
70.3687653822
70.3935353242
70.4181758779
70.4426877191
70.4670715203
70.4913279502
70.5154576742
70.5394613542
70.5633396485
70.5870932121
70.6107226965
70.63422875
70.6576120172
70.6808731396
70.7040127551
70.7270314985
70.7499300012
70.7727088913
70.7953687935
70.8179103294
70.8403341173
70.8626407723
70.8848309062
70.9069051277
70.9288640423
70.9507082523
70.9724383568
70.994054952
71.0155586307
71.0369499827
71.0582295948
71.0793980508
71.1004559311
71.1214038135
71.1422422726
71.1629718798
71.1835932038
71.2041068102
71.2245132618
71.2448131182
71.2650069362
71.2850952698
71.3050786699
71.3249576848
71.3447328596
71.3644047367
71.3839738558
71.4034407537
71.4228059642
71.4420700186
71.4612334453
71.4802967699
71.4992605152
71.5181252016
71.5368913463
71.5555594642
71.5741300673
71.5926036649
71.6109807639
71.6292618682
71.6474474793
71.665538096
71.6835342146
71.7014363286
71.7192449291
71.7369605046
71.754583541
71.7721145217
71.7895539275
71.8069022369
71.8241599256
71.841327467
71.858405332
71.875393989
71.8922939041
71.9091055408
71.9258293602
71.942465821
71.9590153796
71.9754784899
71.9918556035
72.0081471696
72.024353635
72.0404754443
72.0565130398
72.0724668612
72.0883373462
72.1041249301
72.119830046
72.1354531247
72.1509945946
72.166454882
72.1818344111
72.1971336037
72.2123528794
72.2274926556
72.2425533477
72.2575353688
72.2724391297
72.2872650394
72.3020135044
72.3166849293
72.3312797166
72.3457982665
72.3602409772
72.3746082451
72.388900464
72.4031180261
72.4172613213
72.4313307376
72.4453266609
72.459249475
72.473099562
72.4868773016
72.5005830717
72.5142172484
72.5277802056
72.5412723154
72.5546939477
72.5680454708
72.5813272508
72.5945396521
72.6076830371
72.6207577663
72.6337641984
72.64670269
72.6595735961
72.6723772697
72.685114062
72.6977843225
72.7103883985
72.7229266358
72.7353993785
72.7478069684
72.7601497461
72.7724280501
72.784642217
72.7967925821
72.8088794784
72.8209032377
72.8328641896
72.8447626623
72.8565989821
72.8683734737
72.88008646
72.8917382624
72.9033292004
72.914859592
72.9263297534
72.9377399993
72.9490906426
72.9603819946
72.9716143651
72.9827880623
72.9939033924
73.0049606606
73.0159601699
73.0269022222
73.0377871176
73.0486151547
73.0593866304
73.0701018402
73.080761078
73.0913646362
73.1019128057
73.1124058757
73.1228441342
73.1332278673
73.1435573599
73.1538328954
73.1640547556
73.1742232209
73.1843385701
73.1944010809
73.204411029
73.2143686892
73.2242743346
73.2341282368
73.2439306662
73.2536818915
73.2633821804
73.2730317988
73.2826310115
73.2921800817
73.3016792714
73.3111288411
73.32052905
73.329880156
73.3391824155
73.3484360837
73.3576414145
73.3667986603
73.3759080723
73.3849699003
73.393984393
73.4029517975
73.41187236
73.4207463249
73.4295739358
73.4383554348
73.4470910627
73.4557810593
73.4644256627
73.4730251101
73.4815796375
73.4900894795
73.4985548694
73.5069760395
73.5153532208
73.523686643
73.5319765347
73.5402231234
73.5484266352
73.5565872951
73.5647053269
73.5727809534
73.5808143961
73.5888058752
73.5967556101
73.6046638187
73.6125307179
73.6203565237
73.6281414505
73.635885712
73.6435895206
73.6512530875
73.658876623
73.6664603363
73.6740044352
73.6815091267
73.6889746168
73.6964011101
73.7037888103
73.7111379202
73.7184486412
73.725721174
73.7329557179
73.7401524715
73.7473116321
73.7544333961
73.7615179589
73.7685655147
73.7755762569
73.7825503777
73.7894880686
73.7963895197
73.8032549204
73.810084459
73.8168783228
73.8236366981
73.8303597704
73.8370477241
73.8437007425
73.8503190083
73.8569027028
73.8634520068
73.8699670998
73.8764481606
73.8828953669
73.8893088955
73.8956889224
73.9020356227
73.9083491703
73.9146297384
73.9208774993
73.9270926245
73.9332752843
73.9394256484
73.9455438854
73.9516301632
73.9576846486
73.9637075079
73.9696989062
73.9756590078
73.9815879762
73.987485974
73.993353163
73.9991897042
74.0049957576
74.0107714826
74.0165170374
74.0222325797
74.0279182664
74.0335742532
74.0392006955
74.0447977475
74.0503655627
74.0559042938
74.0614140928
74.0668951109
74.0723474983
74.0777714045
74.0831669785
74.0885343681
74.0938737207
74.0991851826
74.1044688995
74.1097250164
74.1149536774
74.120155026
74.1253292049
74.1304763559
74.1355966202
74.1406901383
74.1457570499
74.1507974939
74.1558116088
74.1607995318
74.1657614
74.1706973493
74.1756075152
74.1804920323
74.1853510347
74.1901846556
74.1949930276
74.1997762825
74.2045345517
74.2092679655
74.2139766539
74.218660746
74.2233203702
74.2279556545
74.2325667258
74.2371537108
74.2417167351
74.2462559241
74.2507714021
74.2552632931
74.2597317202
74.2641768061
74.2685986726
74.272997441
74.2773732321
74.2817261657
74.2860563613
74.2903639378
74.2946490131
74.298911705
74.3031521302
74.3073704052
74.3115666456
74.3157409664
74.3198934823
74.3240243071
74.3281335542
74.3322213361
74.3362877651
74.3403329528
74.3443570099
74.348360047
74.3523421739
74.3563034996
74.360244133
74.3641641821
74.3680637545
74.371942957
74.3758018961
74.3796406777
74.383459407
74.3872581887
74.3910371272
74.394796326
74.3985358882
74.4022559165
74.4059565128
74.4096377786
74.413299815
74.4169427224
74.4205666007
74.4241715493
74.4277576671
74.4313250524
74.4348738031
74.4384040166
74.4419157897
74.4454092186
74.4488843993
74.452341427
74.4557803966
74.4592014023
74.4626045381
74.4659898973
74.4693575727
74.4727076568
74.4760402413
74.4793554177
74.482653277
74.4859339095
74.4891974054
74.492443854
74.4956733445
74.4988859654
74.5020818049
74.5052609506
74.5084234897
74.5115695089
74.5146990946
74.5178123326
74.5209093083
74.5239901066
74.5270548121
74.5301035087
74.5331362802
74.5361532097
74.53915438
74.5421398733
74.5451097716
74.5480641564
74.5510031086
74.5539267089
74.5568350375
74.5597281741
74.5626061982
74.5654691885
74.5683172238
74.5711503821
74.5739687411
74.5767723781
74.57956137
74.5823357933
74.5850957242
74.5878412383
74.5905724109
74.593289317
74.595992031
74.5986806271
74.6013551791
74.6040157602
74.6066624436
74.6092953017
74.6119144069
74.6145198309
74.6171116451
74.6196899208
74.6222547286
74.6248061389
74.6273442216
74.6298690464
74.6323806825
74.6348791988
74.6373646639
74.6398371459
74.6422967126
74.6447434315
74.6471773698
74.6495985941
74.6520071709
74.6544031663
74.656786646
74.6591576753
74.6615163192
74.6638626426
74.6661967097
74.6685185846
74.670828331
74.6731260121
74.6754116911
74.6776854306
74.679947293
74.6821973403
74.6844356342
74.6866622363
74.6888772074
74.6910806084
74.6932724997
74.6954529415
74.6976219935
74.6997797152
74.7019261659
74.7040614043
74.7061854892
74.7082984786
74.7104004306
74.7124914029
74.7145714528
74.7166406373
74.7186990132
74.720746637
74.7227835649
74.7248098526
74.7268255558
74.7288307298
74.7308254295
74.7328097097
74.7347836249
74.7367472291
74.7387005762
74.7406437198
74.7425767132
74.7444996094
74.7464124612
74.748315321
74.750208241
74.7520912731
74.7539644691
74.7558278802
74.7576815576
74.7595255521
74.7613599144
74.7631846946
74.7649999429
74.7668057092
74.7686020428
74.770388993
74.772166609
74.7739349394
74.7756940327
74.7774439373
74.779184701
74.7809163717
74.7826389968
74.7843526236
74.7860572992
74.7877530701
74.7894399831
74.7911180843
74.7927874197
74.7944480352
74.7960999763
74.7977432884
74.7993780164
74.8010042053
74.8026218996
74.8042311437
74.8058319817
74.8074244576
74.8090086151
74.8105844976
74.8121521482
74.8137116101
74.815262926
74.8168061384
74.8183412897
74.819868422
74.8213875772
74.8228987969
74.8244021226
74.8258975955
74.8273852566
74.8288651468
74.8303373067
74.8318017766
74.8332585966
74.8347078069
74.836149447
74.8375835566
74.8390101749
74.8404293412
74.8418410943
74.843245473
74.8446425158
74.8460322609
74.8474147466
74.8487900108
74.8501580911
74.8515190251
74.8528728501
74.8542196033
74.8555593216
74.8568920417
74.8582178003
74.8595366335
74.8608485778
74.862153669
74.8634519428
74.8647434351
74.8660281811
74.867306216
74.8685775751
74.8698422931
74.8711004046
74.8723519444
74.8735969465
74.8748354453
74.8760674747
74.8772930684
74.8785122601
74.8797250832
74.880931571
74.8821317567
74.883325673
74.8845133528
74.8856948286
74.8868701329
74.8880392978
74.8892023555
74.8903593379
74.8915102766
74.8926552033
74.8937941493
74.8949271459
74.8960542243
74.8971754152
74.8982907494
74.8994002576
74.9005039702
74.9016019174
74.9026941294
74.9037806361
74.9048614673
74.9059366527
74.9070062218
74.9080702038
74.909128628
74.9101815235
74.911228919
74.9122708434
74.9133073251
74.9143383927
74.9153640744
74.9163843984
74.9173993926
74.9184090849
74.9194135029
74.9204126743
74.9214066263
74.9223953864
74.9233789816
74.9243574389
74.9253307851
74.9262990469
74.927262251
74.9282204236
74.9291735911
74.9301217797
74.9310650152
74.9320033238
74.9329367309
74.9338652623
74.9347889435
74.9357077996
74.9366218561
74.9375311379
74.9384356699
74.9393354771
74.940230584
74.9411210152
74.9420067952
74.9428879482
74.9437644984
74.9446364699
74.9455038866
74.9463667722
74.9472251504
74.9480790448
74.9489284788
74.9497734757
74.9506140587
74.9514502508
74.9522820749
74.953109554
74.9539327106
74.9547515674
74.9555661468
74.9563764712
74.9571825627
74.9579844436
74.9587821357
74.9595756611
74.9603650413
74.9611502982
74.9619314532
74.9627085277
74.9634815431
74.9642505206
74.9650154813
74.9657764461
74.9665334359
74.9672864716
74.9680355736
74.9687807627
74.9695220592
74.9702594834
74.9709930557
74.971722796
74.9724487245
74.973170861
74.9738892254
74.9746038373
74.9753147163
74.9760218821
74.9767253538
74.9774251509
74.9781212926
74.9788137979
74.9795026858
74.9801879752
74.980869685
74.9815478338
74.9822224402
74.9828935227
74.9835610997
74.9842251896
74.9848858106
74.9855429807
74.9861967181
74.9868470406
74.987493966
74.9881375122
74.9887776967
74.9894145372
74.9900480511
74.9906782558
74.9913051685
74.9919288064
74.9925491868
74.9931663265
74.9937802425
74.9943909517
74.9949984708
74.9956028164
74.9962040052
74.9968020536
74.997396978
74.9979887948
74.9985775202
74.9991631703
74.9997457612
75.0003253089
75.0009018293
75.0014753381
75.0020458512
75.0026133841
75.0031779525
75.0037395718
75.0042982574
75.0048540246
75.0054068888
75.005956865
75.0065039684
75.0070482139
75.0075896164
75.008128191
75.0086639522
75.0091969148
75.0097270934
75.0102545026
75.0107791568
75.0113010704
75.0118202578
75.0123367331
75.0128505106
75.0133616043
75.0138700283
75.0143757964
75.0148789226
75.0153794207
75.0158773044
75.0163725873
75.0168652831
75.0173554052
75.0178429672
75.0183279823
75.0188104638
75.0192904251
75.0197678793
75.0202428394
75.0207153185
75.0211853296
75.0216528855
75.0221179991
75.0225806832
75.0230409503
75.0234988133
75.0239542845
75.0244073765
75.0248581017
75.0253064726
75.0257525013
75.0261962001
75.0266375813
75.0270766568
75.0275134388
75.0279479392
75.02838017
75.0288101429
75.0292378699
75.0296633626
75.0300866326
75.0305076917
75.0309265513
75.031343223
75.0317577181
75.0321700481
75.0325802243
75.0329882578
75.03339416
75.0337979418
75.0341996145
75.034599189
75.0349966763
75.0353920873
75.0357854328
75.0361767236
75.0365659704
75.036953184
75.037338375
75.0377215539
75.0381027312
75.0384819173
75.0388591228
75.0392343579
75.0396076329
75.039978958
75.0403483436
75.0407157995
75.0410813361
75.0414449632
75.0418066909
75.0421665291
75.0425244876
75.0428805763
75.0432348049
75.0435871832
75.0439377207
75.0442864273
75.0446333123
75.0449783853
75.0453216558
75.0456631332
75.0460028268
75.0463407461
75.0466769001
75.0470112983
75.0473439496
75.0476748634
75.0480040485
75.0483315142
75.0486572693
75.0489813227
75.0493036835
75.0496243604
75.0499433621
75.0502606976
75.0505763754
75.0508904042
75.0512027927
75.0515135494
75.0518226828
75.0521302014
75.0524361137
75.052740428
75.0530431526
75.053344296
75.0536438663
75.0539418718
75.0542383206
75.0545332209
75.0548265808
75.0551184082
75.0554087113
75.0556974979
75.0559847761
75.0562705536
75.0565548383
75.056837638
75.0571189605
75.0573988135
75.0576772046
75.0579541415
75.0582296319
75.0585036831
75.0587763029
75.0590474986
75.0593172776
75.0595856475
75.0598526155
75.0601181889
75.0603823751
75.0606451813
75.0609066147
75.0611666825
75.0614253918
75.0616827497
75.0619387633
75.0621934395
75.0624467854
75.062698808
75.0629495141
75.0631989105
75.0634470043
75.0636938021
75.0639393107
75.0641835369
75.0644264874
75.0646681687
75.0649085876
75.0651477507
75.0653856645
75.0656223355
75.0658577702
75.0660919752
75.0663249567
75.0665567212
75.0667872751
75.0670166247
75.0672447762
75.0674717359
75.0676975101
75.067922105
75.0681455267
75.0683677813
75.0685888749
75.0688088136
75.0690276034
75.0692452504
75.0694617605
75.0696771396
75.0698913937
75.0701045285
75.0703165501
75.0705274641
75.0707372764
75.0709459928
75.0711536188
75.0713601604
75.071565623
75.0717700124
75.0719733341
75.0721755937
75.0723767969
75.072576949
75.0727760556
75.0729741222
75.0731711541
75.0733671568
75.0735621357
75.0737560961
75.0739490433
75.0741409826
75.0743319194
75.0745218587
75.0747108059
75.0748987661
75.0750857444
75.0752717461
75.0754567762
75.0756408397
75.0758239418
75.0760060874
75.0761872816
75.0763675292
75.0765468354
75.0767252049
75.0769026427
75.0770791536
75.0772547425
75.0774294141
75.0776031734
75.077776025
75.0779479737
75.0781190243
75.0782891813
75.0784584495
75.0786268335
75.0787943379
75.0789609673
75.0791267264
75.0792916196
75.0794556514
75.0796188264
75.0797811491
75.0799426238
75.0801032551
75.0802630473
75.0804220048
75.080580132
75.0807374331
75.0808939126
75.0810495747
75.0812044237
75.0813584639
75.0815116993
75.0816641344
75.0818157732
75.0819666198
75.0821166785
75.0822659534
75.0824144485
75.082562168
75.0827091158
75.082855296
75.0830007126
75.0831453696
75.083289271
75.0834324208
75.0835748227
75.0837164808
75.083857399
75.083997581
75.0841370308
75.0842757521
75.0844137489
75.0845510248
75.0846875836
75.0848234291
75.0849585649
75.0850929949
75.0852267227
75.085359752
75.0854920863
75.0856237294
75.0857546848
75.0858849562
75.0860145471
75.086143461
75.0862717016
75.0863992723
75.0865261766
75.086652418
75.086778
75.086902926
75.0870271994
75.0871508237
75.0872738022
75.0873961383
75.0875178353
75.0876388967
75.0877593257
75.0878791257
75.0879982998
75.0881168514
75.0882347838
75.0883521001
75.0884688036
75.0885848975
75.088700385
75.0888152692
75.0889295533
75.0890432405
75.0891563337
75.0892688362
75.0893807511
75.0894920813
75.0896028301
75.0897130002
75.089822595
75.0899316172
75.0900400699
75.0901479562
75.0902552789
75.0903620409
75.0904682453
75.0905738949
75.0906789927
75.0907835414
75.0908875441
75.0909910034
75.0910939224
75.0911963037
75.0912981502
75.0913994647
75.09150025
75.0916005089
75.091700244
75.0917994581
75.091898154
75.0919963344
75.0920940019
75.0921911592
75.092287809
75.0923839539
75.0924795966
75.0925747397
75.0926693859
75.0927635376
75.0928571975
75.0929503682
75.0930430522
75.0931352521
75.0932269703
75.0933182094
75.093408972
75.0934992604
75.0935890772
75.0936784248
75.0937673058
75.0938557224
75.0939436772
75.0940311725
75.0941182108
75.0942047945
75.0942909259
75.0943766073
75.0944618412
75.0945466299
75.0946309756
75.0947148808
75.0947983477
75.0948813786
75.0949639758
75.0950461415
75.095127878
75.0952091875
75.0952900724
75.0953705347
75.0954505767
75.0955302006
75.0956094086
75.0956882028
75.0957665854
75.0958445586
75.0959221245
75.0959992853
75.0960760429
75.0961523996
75.0962283575
75.0963039186
75.096379085
75.0964538587
75.0965282419
75.0966022365
75.0966758446
75.0967490682
75.0968219093
75.0968943699
75.096966452
75.0970381576
75.0971094886
75.097180447
75.0972510347
75.0973212538
75.097391106
75.0974605934
75.0975297177
75.097598481
75.0976668851
75.0977349319
75.0978026233
75.097869961
75.097936947
75.0980035831
75.0980698711
75.0981358129
75.0982014102
75.0982666649
75.0983315786
75.0983961533
75.0984603907
75.0985242926
75.0985878606
75.0986510966
75.0987140022
75.0987765793
75.0988388295
75.0989007545
75.0989623561
75.0990236358
75.0990845955
75.0991452368
75.0992055612
75.0992655706
75.0993252665
75.0993846506
75.0994437244
75.0995024897
75.099560948
75.099619101
75.0996769502
75.0997344972
75.0997917436
75.099848691
75.0999053409
75.0999616949
75.1000177545
75.1000735213
75.1001289968
75.1001841825
75.1002390799
75.1002936906
75.100348016
75.1004020577
75.100455817
75.1005092955
75.1005624947
75.100615416
75.1006680608
75.1007204307
75.100772527
75.1008243511
75.1008759046
75.1009271887
75.100978205
75.1010289548
75.1010794395
75.1011296604
75.1011796191
75.1012293167
75.1012787548
75.1013279346
75.1013768576
75.1014255249
75.1014739381
75.1015220984
75.1015700071
75.1016176655
75.101665075
75.1017122368
75.1017591523
75.1018058227
75.1018522494
75.1018984335
75.1019443764
75.1019900792
75.1020355434
75.1020807701
75.1021257605
75.1021705159
75.1022150375
75.1022593266
75.1023033843
75.1023472118
75.1023908105
75.1024341814
75.1024773257
75.1025202447
75.1025629395
75.1026054112
75.1026476611
75.1026896903
75.1027315
75.1027730912
75.1028144653
75.1028556231
75.102896566
75.1029372951
75.1029778113
75.103018116
75.1030582101
75.1030980947
75.103137771
75.1031772401
75.103216503
75.1032555608
75.1032944146
75.1033330654
75.1033715143
75.1034097624
75.1034478107
75.1034856603
75.1035233121
75.1035607672
75.1035980268
75.1036350916
75.1036719629
75.1037086415
75.1037451286
75.1037814251
75.103817532
75.1038534502
75.1038891809
75.1039247249
75.1039600832
75.1039952568
75.1040302467
75.1040650539
75.1040996792
75.1041341236
75.1041683881
75.1042024737
75.1042363812
75.1042701115
75.1043036657
75.1043370446
75.1043702491
75.1044032802
75.1044361388
75.1044688257
75.1045013419
75.1045336882
75.1045658655
75.1045978748
75.1046297169
75.1046613926
75.1046929029
75.1047242486
75.1047554305
75.1047864496
75.1048173066
75.1048480024
75.1048785379
75.1049089139
75.1049391313
75.1049691907
75.1049990932
75.1050288395
75.1050584303
75.1050878666
75.1051171492
75.1051462788
75.1051752562
75.1052040823
75.1052327577
75.1052612834
75.1052896601
75.1053178886
75.1053459696
75.1053739039
75.1054016923
75.1054293355
75.1054568344
75.1054841896
75.1055114019
75.1055384721
75.1055654008
75.1055921889
75.1056188371
75.1056453461
75.1056717166
75.1056979493
75.105724045
75.1057500044
75.1057758282
75.1058015171
75.1058270718
75.1058524931
75.1058777815
75.1059029379
75.1059279628
75.105952857
75.1059776212
75.106002256
75.1060267622
75.1060511403
75.1060753911
75.1060995152
75.1061235133
75.106147386
75.1061711341
75.1061947581
75.1062182586
75.1062416365
75.1062648922
75.1062880264
75.1063110398
75.106333933
75.1063567066
75.1063793612
75.1064018975
75.1064243161
75.1064466175
75.1064688025
75.1064908716
75.1065128254
75.1065346645
75.1065563896
75.1065780011
75.1065994998
75.1066208862
75.1066421609
75.1066633244
75.1066843774
75.1067053204
75.106726154
75.1067468788
75.1067674953
75.1067880041
75.1068084059
75.106828701
75.1068488901
75.1068689738
75.1068889525
75.1069088269
75.1069285975
75.1069482648
75.1069678294
75.1069872917
75.1070066524
75.107025912
75.107045071
75.1070641299
75.1070830892
75.1071019495
75.1071207113
75.1071393751
75.1071579413
75.1071764106
75.1071947835
75.1072130603
75.1072312417
75.1072493281
75.10726732
75.107285218
75.1073030224
75.1073207339
75.1073383528
75.1073558797
75.1073733151
75.1073906594
75.107407913
75.1074250766
75.1074421505
75.1074591352
75.1074760312
75.1074928389
75.1075095588
75.1075261914
75.1075427371
75.1075591964
75.1075755697
75.1075918575
75.1076080602
75.1076241782
75.1076402121
75.1076561622
75.107672029
75.1076878129
75.1077035144
75.1077191338
75.1077346717
75.1077501284
75.1077655043
75.1077808
75.1077960157
75.1078111519
75.1078262091
75.1078411877
75.107856088
75.1078709104
75.1078856555
75.1079003235
75.1079149149
75.10792943
75.1079438694
75.1079582333
75.1079725222
75.1079867365
75.1080008765
75.1080149426
75.1080289353
75.1080428549
75.1080567017
75.1080704763
75.1080841788
75.1080978098
75.1081113697
75.1081248586
75.1081382771
75.1081516256
75.1081649042
75.1081781136
75.1081912539
75.1082043256
75.108217329
75.1082302645
75.1082431324
75.1082559331
75.1082686669
75.1082813342
75.1082939354
75.1083064707
75.1083189405
75.1083313452
75.1083436851
75.1083559606
75.1083681719
75.1083803195
75.1083924035
75.1084044245
75.1084163827
75.1084282784
75.1084401119
75.1084518837
75.108463594
75.1084752431
75.1084868313
75.108498359
75.1085098265
75.1085212341
75.1085325821
75.1085438708
75.1085551006
75.1085662717
75.1085773844
75.1085884391
75.1085994361
75.1086103756
75.1086212579
75.1086320835
75.1086428524
75.1086535651
75.1086642219
75.108674823
75.1086853687
75.1086958593
75.1087062952
75.1087166765
75.1087270036
75.1087372767
75.1087474962
75.1087576623
75.1087677753
75.1087778355
75.1087878431
75.1087977984
75.1088077018
75.1088175534
75.1088273535
75.1088371025
75.1088468005
75.1088564479
75.1088660449
75.1088755917
75.1088850887
75.1088945361
75.1089039341
75.108913283
75.1089225831
75.1089318346
75.1089410378
75.1089501929
75.1089593002
75.10896836
75.1089773724
75.1089863377
75.1089952562
75.1090041281
75.1090129536
75.1090217331
75.1090304667
75.1090391546
75.1090477972
75.1090563947
75.1090649472
75.1090734551
75.1090819185
75.1090903377
75.109098713
75.1091070444
75.1091153324
75.1091235771
75.1091317787
75.1091399374
75.1091480536
75.1091561273
75.1091641589
75.1091721485
75.1091800964
75.1091880028
75.1091958678
75.1092036918
75.1092114749
75.1092192174
75.1092269194
75.1092345812
75.109242203
75.1092497849
75.1092573273
75.1092648302
75.109272294
75.1092797187
75.1092871047
75.1092944521
75.1093017611
75.109309032
75.1093162648
75.1093234599
75.1093306174
75.1093377375
75.1093448204
75.1093518663
75.1093588755
75.109365848
75.109372784
75.1093796839
75.1093865477
75.1093933756
75.1094001679
75.1094069247
75.1094136462
75.1094203326
75.1094269841
75.1094336008
75.109440183
75.1094467308
75.1094532443
75.1094597239
75.1094661696
75.1094725816
75.1094789602
75.1094853054
75.1094916175
75.1094978966
75.1095041429
75.1095103566
75.1095165378
75.1095226867
75.1095288036
75.1095348884
75.1095409415
75.109546963
75.109552953
75.1095589117
75.1095648393
75.1095707359
75.1095766017
75.1095824369
75.1095882416
75.109594016
75.1095997602
75.1096054744
75.1096111588
75.1096168134
75.1096224386
75.1096280343
75.1096336009
75.1096391383
75.1096446468
75.1096501266
75.1096555777
75.1096610003
75.1096663946
75.1096717608
75.1096770989
75.1096824091
75.1096876916
75.1096929465
75.1096981739
75.1097033741
75.1097085471
75.109713693
75.1097188121
75.1097239044
75.1097289701
75.1097340094
75.1097390224
75.1097440091
75.1097489698
75.1097539046
75.1097588137
75.1097636971
75.1097685549
75.1097733874
75.1097781947
75.1097829768
75.109787734
75.1097924663
75.1097971739
75.1098018569
75.1098065154
75.1098111496
75.1098157596
75.1098203456
75.1098249075
75.1098294456
75.1098339601
75.1098384509
75.1098429183
75.1098473624
75.1098517832
75.1098561809
75.1098605557
75.1098649076
75.1098692368
75.1098735434
75.1098778275
75.1098820892
75.1098863286
75.1098905459
75.1098947412
75.1098989145
75.1099030661
75.1099071959
75.1099113042
75.1099153911
75.1099194565
75.1099235008
75.1099275239
75.109931526
75.1099355072
75.1099394676
75.1099434073
75.1099473265
75.1099512251
75.1099551034
75.1099589615
75.1099627994
75.1099666172
75.1099704151
75.1099741932
75.1099779515
75.1099816902
75.1099854094
75.1099891091
75.1099927895
75.1099964507
75.1100000927
75.1100037158
75.1100073199
75.1100109052
75.1100144717
75.1100180197
75.110021549
75.11002506
75.1100285526
75.110032027
75.1100354832
75.1100389214
75.1100423416
75.1100457439
75.1100491285
75.1100524954
75.1100558447
75.1100591765
75.1100624909
75.110065788
75.1100690679
75.1100723306
75.1100755763
75.1100788051
75.1100820169
75.110085212
75.1100883904
75.1100915522
75.1100946975
75.1100978264
75.1101009389
75.1101040351
75.1101071152
75.1101101792
75.1101132272
75.1101162593
75.1101192755
75.110122276
75.1101252608
75.11012823
75.1101311837
75.1101341219
75.1101370449
75.1101399525
75.110142845
75.1101457223
75.1101485847
75.110151432
75.1101542645
75.1101570822
75.1101598852
75.1101626736
75.1101654473
75.1101682066
75.1101709515
75.110173682
75.1101763983
75.1101791004
75.1101817884
75.1101844623
75.1101871223
75.1101897683
75.1101924006
75.1101950191
75.1101976239
75.1102002151
75.1102027928
75.110205357
75.1102079078
75.1102104453
75.1102129695
75.1102154806
75.1102179785
75.1102204634
75.1102229353
75.1102253943
75.1102278405
75.1102302738
75.1102326945
75.1102351025
75.110237498
75.1102398809
75.1102422514
75.1102446095
75.1102469552
75.1102492888
75.1102516101
75.1102539193
75.1102562164
75.1102585016
75.1102607748
75.1102630361
75.1102652857
75.1102675234
75.1102697495
75.110271964
75.1102741669
75.1102763582
75.1102785382
75.1102807067
75.1102828639
75.1102850099
75.1102871446
75.1102892682
75.1102913807
75.1102934822
75.1102955727
75.1102976522
75.1102997209
75.1103017788
75.110303826
75.1103058624
75.1103078883
75.1103099035
75.1103119082
75.1103139024
75.1103158863
75.1103178597
75.1103198229
75.1103217758
75.1103237184
75.110325651
75.1103275734
75.1103294858
75.1103313883
75.1103332807
75.1103351633
75.1103370361
75.1103388991
75.1103407523
75.1103425959
75.1103444298
75.1103462542
75.110348069
75.1103498744
75.1103516703
75.1103534568
75.110355234
75.1103570019
75.1103587606
75.1103605101
75.1103622505
75.1103639817
75.110365704
75.1103674172
75.1103691215
75.1103708168
75.1103725034
75.1103741811
75.11037585
75.1103775102
75.1103791618
75.1103808047
75.1103824391
75.1103840649
75.1103856822
75.1103872911
75.1103888915
75.1103904837
75.1103920674
75.110393643
75.1103952102
75.1103967693
75.1103983203
75.1103998631
75.1104013979
75.1104029247
75.1104044435
75.1104059544
75.1104074574
75.1104089525
75.1104104398
75.1104119194
75.1104133912
75.1104148553
75.1104163118
75.1104177607
75.110419202
75.1104206357
75.110422062
75.1104234809
75.1104248923
75.1104262963
75.1104276931
75.1104290825
75.1104304646
75.1104318396
75.1104332073
75.110434568
75.1104359215
75.1104372679
75.1104386073
75.1104399397
75.1104412652
75.1104425837
75.1104438953
75.1104452001
75.1104464981
75.1104477893
75.1104490737
75.1104503515
75.1104516225
75.110452887
75.1104541448
75.110455396
75.1104566407
75.110457879
75.1104591107
75.110460336
75.1104615549
75.1104627675
75.1104639737
75.1104651736
75.1104663672
75.1104675546
75.1104687358
75.1104699108
75.1104710797
75.1104722425
75.1104733992
75.1104745499
75.1104756946
75.1104768333
75.110477966
75.1104790928
75.1104802137
75.1104813288
75.1104824381
75.1104835415
75.1104846392
75.1104857312
75.1104868174
75.110487898
75.1104889729
75.1104900423
75.110491106
75.1104921642
75.1104932168
75.110494264
75.1104953056
75.1104963419
75.1104973727
75.1104983982
75.1104994182
75.110500433
75.1105014425
75.1105024466
75.1105034456
75.1105044393
75.1105054278
75.1105064112
75.1105073894
75.1105083626
75.1105093306
75.1105102936
75.1105112515
75.1105122045
75.1105131524
75.1105140954
75.1105150335
75.1105159667
75.110516895
75.1105178185
75.1105187372
75.110519651
75.1105205601
75.1105214644
75.110522364
75.1105232589
75.1105241491
75.1105250347
75.1105259156
75.110526792
75.1105276637
75.110528531
75.1105293936
75.1105302518
75.1105311055
75.1105319548
75.1105327996
75.1105336399
75.1105344759
75.1105353076
75.1105361349
75.1105369578
75.1105377765
75.1105385909
75.110539401
75.1105402069
75.1105410086
75.1105418061
75.1105425995
75.1105433887
75.1105441737
75.1105449547
75.1105457316
75.1105465044
75.1105472732
75.110548038
75.1105487988
75.1105495556
75.1105503085
75.1105510574
75.1105518024
75.1105525435
75.1105532808
75.1105540142
75.1105547438
75.1105554695
75.1105561915
75.1105569097
75.1105576241
75.1105583349
75.1105590419
75.1105597452
75.1105604448
75.1105611408
75.1105618331
75.1105625219
75.110563207
75.1105638885
75.1105645665
75.110565241
75.1105659119
75.1105665793
75.1105672433
75.1105679037
75.1105685607
75.1105692143
75.1105698645
75.1105705113
75.1105711547
75.1105717947
75.1105724314
75.1105730648
75.1105736948
75.1105743216
75.1105749451
75.1105755653
75.1105761823
75.1105767961
75.1105774067
75.110578014
75.1105786182
75.1105792193
75.1105798172
75.110580412
75.1105810037
75.1105815923
75.1105821778
75.1105827602
75.1105833396
75.110583916
75.1105844894
75.1105850598
75.1105856272
75.1105861916
75.1105867531
75.1105873117
75.1105878673
75.11058842
75.1105889699
75.1105895169
75.110590061
75.1105906023
75.1105911407
75.1105916763
75.1105922092
75.1105927392
75.1105932665
75.110593791
75.1105943128
75.1105948319
75.1105953483
75.1105958619
75.1105963729
75.1105968812
75.1105973869
75.1105978899
75.1105983902
75.110598888
75.1105993832
75.1105998758
75.1106003658
75.1106008532
75.1106013381
75.1106018205
75.1106023003
75.1106027777
75.1106032525
75.1106037249
75.1106041948
75.1106046622
75.1106051273
75.1106055898
75.11060605
75.1106065077
75.1106069631
75.1106074161
75.1106078667
75.110608315
75.1106087609
75.1106092045
75.1106096458
75.1106100848
75.1106105214
75.1106109558
75.110611388
75.1106118178
75.1106122455
75.1106126709
75.110613094
75.110613515
75.1106139338
75.1106143503
75.1106147647
75.110615177
75.110615587
75.110615995
75.1106164008
75.1106168045
75.1106172061
75.1106176055
75.1106180029
75.1106183983
75.1106187915
75.1106191827
75.1106195719
75.110619959
75.1106203441
75.1106207272
75.1106211083
75.1106214874
75.1106218645
75.1106222396
75.1106226128
75.1106229841
75.1106233534
75.1106237207
75.1106240862
75.1106244497
75.1106248114
75.1106251711
75.110625529
75.110625885
75.1106262391
75.1106265914
75.1106269419
75.1106272905
75.1106276373
75.1106279823
75.1106283255
75.1106286669
75.1106290065
75.1106293444
75.1106296804
75.1106300148
75.1106303473
75.1106306782
75.1106310073
75.1106313347
75.1106316604
75.1106319843
75.1106323066
75.1106326272
75.1106329461
75.1106332634
75.110633579
75.110633893
75.1106342053
75.110634516
75.110634825
75.1106351325
75.1106354383
75.1106357426
75.1106360452
75.1106363463
75.1106366458
75.1106369437
75.1106372401
75.1106375349
75.1106378282
75.11063812
75.1106384102
75.1106386989
75.1106389862
75.1106392719
75.1106395561
75.1106398388
75.1106401201
75.1106403999
75.1106406782
75.1106409551
75.1106412305
75.1106415045
75.110641777
75.1106420482
75.1106423179
75.1106425862
75.1106428531
75.1106431186
75.1106433827
75.1106436455
75.1106439068
75.1106441669
75.1106444255
75.1106446828
75.1106449388
75.1106451934
75.1106454467
75.1106456986
75.1106459493
75.1106461986
75.1106464466
75.1106466934
75.1106469388
75.110647183
75.1106474259
75.1106476675
75.1106479079
75.110648147
75.1106483849
75.1106486215
75.1106488569
75.110649091
75.1106493239
75.1106495556
75.1106497861
75.1106500154
75.1106502435
75.1106504704
75.1106506962
75.1106509207
75.1106511441
75.1106513663
75.1106515873
75.1106518072
75.1106520259
75.1106522435
75.11065246
75.1106526753
75.1106528895
75.1106531026
75.1106533146
75.1106535255
75.1106537352
75.1106539439
75.1106541515
75.110654358
75.1106545634
75.1106547677
75.110654971
75.1106551732
75.1106553744
75.1106555745
75.1106557735
75.1106559715
75.1106561685
75.1106563645
75.1106565594
75.1106567533
75.1106569462
75.1106571381
75.110657329
75.1106575189
75.1106577078
75.1106578957
75.1106580827
75.1106582686
75.1106584536
75.1106586376
75.1106588207
75.1106590028
75.110659184
75.1106593642
75.1106595434
75.1106597218
75.1106598992
75.1106600756
75.1106602512
75.1106604258
75.1106605995
75.1106607723
75.1106609442
75.1106611153
75.1106612854
75.1106614546
75.1106616229
75.1106617904
75.110661957
75.1106621227
75.1106622876
75.1106624516
75.1106626147
75.110662777
75.1106629384
75.110663099
75.1106632588
75.1106634177
75.1106635758
75.1106637331
75.1106638895
75.1106640451
75.1106641999
75.1106643539
75.1106645071
75.1106646595
75.1106648111
75.110664962
75.110665112
75.1106652612
75.1106654097
75.1106655574
75.1106657043
75.1106658504
75.1106659958
75.1106661404
75.1106662843
75.1106664274
75.1106665698
75.1106667114
75.1106668523
75.1106669924
75.1106671319
75.1106672705
75.1106674085
75.1106675458
75.1106676823
75.1106678181
75.1106679532
75.1106680876
75.1106682213
75.1106683543
75.1106684866
75.1106686182
75.1106687491
75.1106688794
75.1106690089
75.1106691378
75.110669266
75.1106693936
75.1106695204
75.1106696467
75.1106697722
75.1106698971
75.1106700214
75.110670145
75.1106702679
75.1106703902
75.1106705119
75.1106706329
75.1106707533
75.1106708731
75.1106709922
75.1106711108
75.1106712287
75.1106713459
75.1106714626
75.1106715787
75.1106716942
75.110671809
75.1106719233
75.1106720369
75.11067215
75.1106722625
75.1106723744
75.1106724857
75.1106725964
75.1106727065
75.1106728161
75.1106729251
75.1106730335
75.1106731414
75.1106732487
75.1106733554
75.1106734616
75.1106735672
75.1106736723
75.1106737768
75.1106738808
75.1106739842
75.1106740871
75.1106741895
75.1106742913
75.1106743926
75.1106744934
75.1106745936
75.1106746933
75.1106747925
75.1106748912
75.1106749893
75.110675087
75.1106751841
75.1106752807
75.1106753769
75.1106754725
75.1106755676
75.1106756622
75.1106757564
75.11067585
75.1106759431
75.1106760358
75.110676128
75.1106762197
75.1106763109
75.1106764016
75.1106764919
75.1106765817
75.110676671
75.1106767599
75.1106768483
75.1106769362
75.1106770237
75.1106771107
75.1106771973
75.1106772834
75.1106773691
75.1106774543
75.110677539
75.1106776234
75.1106777072
75.1106777907
75.1106778737
75.1106779563
75.1106780384
75.1106781202
75.1106782014
75.1106782823
75.1106783628
75.1106784428
75.1106785224
75.1106786016
75.1106786803
75.1106787587
75.1106788367
75.1106789142
75.1106789914
75.1106790681
75.1106791444
75.1106792204
75.1106792959
75.1106793711
75.1106794458
75.1106795202
75.1106795942
75.1106796678
75.110679741
75.1106798138
75.1106798862
75.1106799583
75.11068003
75.1106801013
75.1106801722
75.1106802428
75.110680313
75.1106803829
75.1106804523
75.1106805214
75.1106805902
75.1106806586
75.1106807266
75.1106807943
75.1106808616
75.1106809286
75.1106809952
75.1106810615
75.1106811274
75.110681193
75.1106812582
75.1106813231
75.1106813877
75.1106814519
75.1106815158
75.1106815793
75.1106816425
75.1106817054
75.110681768
75.1106818302
75.1106818921
75.1106819537
75.110682015
75.1106820759
75.1106821366
75.1106821969
75.1106822569
75.1106823166
75.1106823759
75.110682435
75.1106824937
75.1106825522
75.1106826103
75.1106826682
75.1106827257
75.1106827829
75.1106828399
75.1106828965
75.1106829528
75.1106830089
75.1106830646
75.1106831201
75.1106831753
75.1106832302
75.1106832848
75.1106833391
75.1106833931
75.1106834469
75.1106835003
75.1106835535
75.1106836064
75.110683659
75.1106837114
75.1106837635
75.1106838153
75.1106838668
75.1106839181
75.1106839691
75.1106840199
75.1106840703
75.1106841205
75.1106841705
75.1106842202
75.1106842696
75.1106843188
75.1106843677
75.1106844163
75.1106844647
75.1106845129
75.1106845608
75.1106846084
75.1106846558
75.110684703
75.1106847499
75.1106847965
75.110684843
75.1106848891
75.1106849351
75.1106849808
75.1106850262
75.1106850714
75.1106851164
75.1106851612
75.1106852057
75.1106852499
75.110685294
75.1106853378
75.1106853814
75.1106854248
75.1106854679
75.1106855108
75.1106855535
75.1106855959
75.1106856382
75.1106856802
75.110685722
75.1106857636
75.1106858049
75.1106858461
75.110685887
75.1106859278
75.1106859683
75.1106860086
75.1106860486
75.1106860885
75.1106861282
75.1106861676
75.1106862069
75.1106862459
75.1106862848
75.1106863234
75.1106863619
75.1106864001
75.1106864381
75.110686476
75.1106865136
75.1106865511
75.1106865883
75.1106866254
75.1106866622
75.1106866989
75.1106867354
75.1106867717
75.1106868078
75.1106868437
75.1106868794
75.110686915
75.1106869503
75.1106869855
75.1106870204
75.1106870552
75.1106870899
75.1106871243
75.1106871586
75.1106871926
75.1106872265
75.1106872603
75.1106872938
75.1106873272
75.1106873604
75.1106873934
75.1106874262
75.1106874589
75.1106874914
75.1106875238
75.1106875559
75.1106875879
75.1106876198
75.1106876514
75.110687683
75.1106877143
75.1106877455
75.1106877765
75.1106878073
75.110687838
75.1106878685
75.1106878989
75.1106879291
75.1106879592
75.1106879891
75.1106880188
75.1106880484
75.1106880778
75.1106881071
75.1106881362
75.1106881652
75.110688194
75.1106882227
75.1106882512
75.1106882796
75.1106883078
75.1106883359
75.1106883638
75.1106883916
75.1106884192
75.1106884467
75.1106884741
75.1106885013
75.1106885283
75.1106885552
75.110688582
75.1106886087
75.1106886352
75.1106886615
75.1106886878
75.1106887139
75.1106887398
75.1106887656
75.1106887913
75.1106888169
75.1106888423
75.1106888676
75.1106888927
75.1106889177
75.1106889426
75.1106889674
75.110688992
75.1106890165
75.1106890409
75.1106890651
75.1106890892
75.1106891132
75.1106891371
75.1106891608
75.1106891845
75.110689208
75.1106892313
75.1106892546
75.1106892777
75.1106893007
75.1106893236
75.1106893464
75.110689369
75.1106893915
75.110689414
75.1106894363
75.1106894584
75.1106894805
75.1106895024
75.1106895243
75.110689546
75.1106895676
75.1106895891
75.1106896105
75.1106896318
75.1106896529
75.110689674
75.1106896949
75.1106897157
75.1106897364
75.1106897571
75.1106897776
75.110689798
75.1106898183
75.1106898384
75.1106898585
75.1106898785
75.1106898984
75.1106899181
75.1106899378
75.1106899573
75.1106899768
75.1106899962
75.1106900154
75.1106900346
75.1106900536
75.1106900726
75.1106900914
75.1106901102
75.1106901289
75.1106901474
75.1106901659
75.1106901842
75.1106902025
75.1106902207
75.1106902388
75.1106902568
75.1106902747
75.1106902925
75.1106903102
75.1106903278
75.1106903453
75.1106903627
75.1106903801
75.1106903973
75.1106904145
75.1106904316
75.1106904485
75.1106904654
75.1106904822
75.110690499
75.1106905156
75.1106905321
75.1106905486
75.1106905649
75.1106905812
75.1106905974
75.1106906135
75.1106906296
75.1106906455
75.1106906614
75.1106906772
75.1106906929
75.1106907085
75.110690724
75.1106907395
75.1106907548
75.1106907701
75.1106907853
75.1106908005
75.1106908155
75.1106908305
75.1106908454
75.1106908602
75.110690875
75.1106908896
75.1106909042
75.1106909187
75.1106909332
75.1106909475
75.1106909618
75.110690976
75.1106909902
75.1106910042
75.1106910182
75.1106910321
75.110691046
75.1106910597
75.1106910734
75.1106910871
75.1106911006
75.1106911141
75.1106911275
75.1106911409
75.1106911541
75.1106911674
75.1106911805
75.1106911936
75.1106912066
75.1106912195
75.1106912324
75.1106912452
75.1106912579
75.1106912705
75.1106912831
75.1106912957
75.1106913081
75.1106913205
75.1106913329
75.1106913452
75.1106913574
75.1106913695
75.1106913816
75.1106913936
75.1106914056
75.1106914175
75.1106914293
75.1106914411
75.1106914528
75.1106914644
75.110691476
75.1106914875
75.110691499
75.1106915104
75.1106915217
75.110691533
75.1106915442
75.1106915554
75.1106915665
75.1106915776
75.1106915886
75.1106915995
75.1106916104
75.1106916212
75.110691632
75.1106916427
75.1106916533
75.1106916639
75.1106916745
75.110691685
75.1106916954
75.1106917058
75.1106917161
75.1106917264
75.1106917366
75.1106917468
75.1106917569
75.1106917669
75.1106917769
75.1106917869
75.1106917968
75.1106918066
75.1106918164
75.1106918262
75.1106918359
75.1106918455
75.1106918551
75.1106918647
75.1106918742
75.1106918836
75.110691893
75.1106919023
75.1106919116
75.1106919209
75.1106919301
75.1106919393
75.1106919484
75.1106919574
75.1106919664
75.1106919754
75.1106919843
75.1106919932
75.110692002
75.1106920108
75.1106920195
75.1106920282
75.1106920368
75.1106920454
75.110692054
75.1106920625
75.1106920709
75.1106920794
75.1106920877
75.1106920961
75.1106921044
75.1106921126
75.1106921208
75.110692129
75.1106921371
75.1106921451
75.1106921532
75.1106921612
75.1106921691
75.110692177
75.1106921849
75.1106921927
75.1106922005
75.1106922082
75.1106922159
75.1106922236
75.1106922312
75.1106922388
75.1106922463
75.1106922538
75.1106922613
75.1106922687
75.1106922761
75.1106922834
75.1106922907
75.110692298
75.1106923052
75.1106923124
75.1106923196
75.1106923267
75.1106923338
75.1106923408
75.1106923478
75.1106923548
75.1106923617
75.1106923686
75.1106923755
75.1106923823
75.1106923891
75.1106923959
75.1106924026
75.1106924093
75.1106924159
75.1106924225
75.1106924291
75.1106924357
75.1106924422
75.1106924487
75.1106924551
75.1106924615
75.1106924679
75.1106924742
75.1106924805
75.1106924868
75.1106924931
75.1106924993
75.1106925055
75.1106925116
75.1106925177
75.1106925238
75.1106925299
75.1106925359
75.1106925419
75.1106925478
75.1106925538
75.1106925596
75.1106925655
75.1106925713
75.1106925772
75.1106925829
75.1106925887
75.1106925944
75.1106926001
75.1106926057
75.1106926113
75.1106926169
75.1106926225
75.110692628
75.1106926335
75.110692639
75.1106926445
75.1106926499
75.1106926553
75.1106926607
75.110692666
75.1106926713
75.1106926766
75.1106926818
75.1106926871
75.1106926923
75.1106926974
75.1106927026
75.1106927077
75.1106927128
75.1106927178
75.1106927229
75.1106927279
75.1106927329
75.1106927378
75.1106927428
75.1106927477
75.1106927526
75.1106927574
75.1106927623
75.1106927671
75.1106927718
75.1106927766
75.1106927813
75.110692786
75.1106927907
75.1106927954
75.1106928
75.1106928046
75.1106928092
75.1106928138
75.1106928183
75.1106928228
75.1106928273
75.1106928318
75.1106928362
75.1106928406
75.110692845
75.1106928494
75.1106928538
75.1106928581
75.1106928624
75.1106928667
75.1106928709
75.1106928752
75.1106928794
75.1106928836
75.1106928878
75.1106928919
75.110692896
75.1106929001
75.1106929042
75.1106929083
75.1106929123
75.1106929164
75.1106929204
75.1106929243
75.1106929283
75.1106929322
75.1106929362
75.11069294
75.1106929439
75.1106929478
75.1106929516
75.1106929554
75.1106929592
75.110692963
75.1106929668
75.1106929705
75.1106929742
75.1106929779
75.1106929816
75.1106929853
75.1106929889
75.1106929925
75.1106929961
75.1106929997
75.1106930033
75.1106930068
75.1106930104
75.1106930139
75.1106930174
75.1106930208
75.1106930243
75.1106930277
75.1106930311
75.1106930345
75.1106930379
75.1106930413
75.1106930446
75.110693048
75.1106930513
75.1106930546
75.1106930579
75.1106930611
75.1106930644
75.1106930676
75.1106930708
75.110693074
75.1106930772
75.1106930803
75.1106930835
75.1106930866
75.1106930897
75.1106930928
75.1106930959
75.110693099
75.110693102
75.110693105
75.1106931081
75.1106931111
75.110693114
75.110693117
75.11069312
75.1106931229
75.1106931258
75.1106931287
75.1106931316
75.1106931345
75.1106931374
75.1106931402
75.110693143
75.1106931459
75.1106931487
75.1106931514
75.1106931542
75.110693157
75.1106931597
75.1106931625
75.1106931652
75.1106931679
75.1106931706
75.1106931732
75.1106931759
75.1106931785
75.1106931812
75.1106931838
75.1106931864
75.110693189
75.1106931916
75.1106931941
75.1106931967
75.1106931992
75.1106932017
75.1106932042
75.1106932067
75.1106932092
75.1106932117
75.1106932142
75.1106932166
75.110693219
75.1106932215
75.1106932239
75.1106932263
75.1106932286
75.110693231
75.1106932334
75.1106932357
75.110693238
75.1106932404
75.1106932427
75.110693245
75.1106932473
75.1106932495
75.1106932518
75.110693254
75.1106932563
75.1106932585
75.1106932607
75.1106932629
75.1106932651
75.1106932673
75.1106932695
75.1106932716
75.1106932738
75.1106932759
75.110693278
75.1106932801
75.1106932822
75.1106932843
75.1106932864
75.1106932885
75.1106932905
75.1106932926
75.1106932946
75.1106932966
75.1106932986
75.1106933006
75.1106933026
75.1106933046
75.1106933066
75.1106933086
75.1106933105
75.1106933125
75.1106933144
75.1106933163
75.1106933182
75.1106933201
75.110693322
75.1106933239
75.1106933258
75.1106933276
75.1106933295
75.1106933313
75.1106933332
75.110693335
75.1106933368
75.1106933386
75.1106933404
75.1106933422
75.110693344
75.1106933457
75.1106933475
75.1106933492
75.110693351
75.1106933527
75.1106933544
75.1106933561
75.1106933578
75.1106933595
75.1106933612
75.1106933629
75.1106933646
75.1106933662
75.1106933679
75.1106933695
75.1106933712
75.1106933728
75.1106933744
75.110693376
75.1106933776
75.1106933792
75.1106933808
75.1106933824
75.1106933839
75.1106933855
75.110693387
75.1106933886
75.1106933901
75.1106933916
75.1106933932
75.1106933947
75.1106933962
75.1106933977
75.1106933992
75.1106934006
75.1106934021
75.1106934036
75.110693405
75.1106934065
75.1106934079
75.1106934094
75.1106934108
75.1106934122
75.1106934136
75.110693415
75.1106934164
75.1106934178
75.1106934192
75.1106934206
75.1106934219
75.1106934233
75.1106934246
75.110693426
75.1106934273
75.1106934287
75.11069343
75.1106934313
75.1106934326
75.1106934339
75.1106934352
75.1106934365
75.1106934378
75.1106934391
75.1106934403
75.1106934416
75.1106934429
75.1106934441
75.1106934453
75.1106934466
75.1106934478
75.110693449
75.1106934503
75.1106934515
75.1106934527
75.1106934539
75.1106934551
75.1106934563
75.1106934574
75.1106934586
75.1106934598
75.1106934609
75.1106934621
75.1106934633
75.1106934644
75.1106934655
75.1106934667
75.1106934678
75.1106934689
75.11069347
75.1106934711
75.1106934722
75.1106934733
75.1106934744
75.1106934755
75.1106934766
75.1106934777
75.1106934787
75.1106934798
75.1106934809
75.1106934819
75.110693483
75.110693484
75.110693485
75.1106934861
75.1106934871
75.1106934881
75.1106934891
75.1106934901
75.1106934911
75.1106934921
75.1106934931
75.1106934941
75.1106934951
75.1106934961
75.1106934971
75.110693498
75.110693499
75.1106934999
75.1106935009
75.1106935018
75.1106935028
75.1106935037
75.1106935047
75.1106935056
75.1106935065
75.1106935074
75.1106935083
75.1106935093
75.1106935102
75.1106935111
75.110693512
75.1106935128
75.1106935137
75.1106935146
75.1106935155
75.1106935164
75.1106935172
75.1106935181
75.1106935189
75.1106935198
75.1106935206
75.1106935215
75.1106935223
75.1106935232
75.110693524
75.1106935248
75.1106935256
75.1106935265
75.1106935273
75.1106935281
75.1106935289
75.1106935297
75.1106935305
75.1106935313
75.1106935321
75.1106935329
75.1106935336
75.1106935344
75.1106935352
75.110693536
75.1106935367
75.1106935375
75.1106935382
75.110693539
75.1106935397
75.1106935405
75.1106935412
75.110693542
75.1106935427
75.1106935434
75.1106935442
75.1106935449
75.1106935456
75.1106935463
75.110693547
75.1106935477
75.1106935484
75.1106935491
75.1106935498
75.1106935505
75.1106935512
75.1106935519
75.1106935526
75.1106935532
75.1106935539
75.1106935546
75.1106935553
75.1106935559
75.1106935566
75.1106935572
75.1106935579
75.1106935585
75.1106935592
75.1106935598
75.1106935605
75.1106935611
75.1106935617
75.1106935624
75.110693563
75.1106935636
75.1106935642
75.1106935649
75.1106935655
75.1106935661
75.1106935667
75.1106935673
75.1106935679
75.1106935685
75.1106935691
75.1106935697
75.1106935703
75.1106935709
75.1106935714
75.110693572
75.1106935726
75.1106935732
75.1106935737
75.1106935743
75.1106935749
75.1106935754
75.110693576
75.1106935765
75.1106935771
75.1106935776
75.1106935782
75.1106935787
75.1106935793
75.1106935798
75.1106935804
75.1106935809
75.1106935814
75.1106935819
75.1106935825
75.110693583
75.1106935835
75.110693584
75.1106935845
75.110693585
75.1106935856
75.1106935861
75.1106935866
75.1106935871
75.1106935876
75.1106935881
75.1106935885
75.110693589
75.1106935895
75.11069359
75.1106935905
75.110693591
75.1106935915
75.1106935919
75.1106935924
75.1106935929
75.1106935933
75.1106935938
75.1106935943
75.1106935947
75.1106935952
75.1106935956
75.1106935961
75.1106935965
75.110693597
75.1106935974
75.1106935979
75.1106935983
75.1106935988
75.1106935992
75.1106935996
75.1106936001
75.1106936005
75.1106936009
75.1106936013
75.1106936018
75.1106936022
75.1106936026
75.110693603
75.1106936034
75.1106936038
75.1106936043
75.1106936047
75.1106936051
75.1106936055
75.1106936059
75.1106936063
75.1106936067
75.1106936071
75.1106936075
75.1106936079
75.1106936082
75.1106936086
75.110693609
75.1106936094
75.1106936098
75.1106936102
75.1106936105
75.1106936109
75.1106936113
75.1106936117
75.110693612
75.1106936124
75.1106936128
75.1106936131
75.1106936135
75.1106936138
75.1106936142
75.1106936146
75.1106936149
75.1106936153
75.1106936156
75.110693616
75.1106936163
75.1106936166
75.110693617
75.1106936173
75.1106936177
75.110693618
75.1106936183
75.1106936187
75.110693619
75.1106936193
75.1106936197
75.11069362
75.1106936203
75.1106936207
75.110693621
75.1106936213
75.1106936216
75.1106936219
75.1106936222
75.1106936226
75.1106936229
75.1106936232
75.1106936235
75.1106936238
75.1106936241
75.1106936244
75.1106936247
75.110693625
75.1106936253
75.1106936256
75.1106936259
75.1106936262
75.1106936265
75.1106936268
75.1106936271
75.1106936274
75.1106936277
75.1106936279
75.1106936282
75.1106936285
75.1106936288
75.1106936291
75.1106936293
75.1106936296
75.1106936299
75.1106936302
75.1106936304
75.1106936307
75.110693631
75.1106936312
75.1106936315
75.1106936318
75.110693632
75.1106936323
75.1106936326
75.1106936328
75.1106936331
75.1106936333
75.1106936336
75.1106936339
75.1106936341
75.1106936344
75.1106936346
75.1106936349
75.1106936351
75.1106936354
75.1106936356
75.1106936358
75.1106936361
75.1106936363
75.1106936366
75.1106936368
75.110693637
75.1106936373
75.1106936375
75.1106936378
75.110693638
75.1106936382
75.1106936384
75.1106936387
75.1106936389
75.1106936391
75.1106936394
75.1106936396
75.1106936398
75.11069364
75.1106936402
75.1106936405
75.1106936407
75.1106936409
75.1106936411
75.1106936413
75.1106936416
75.1106936418
75.110693642
75.1106936422
75.1106936424
75.1106936426
75.1106936428
75.110693643
75.1106936432
75.1106936434
75.1106936436
75.1106936438
75.110693644
75.1106936442
75.1106936444
75.1106936446
75.1106936448
75.110693645
75.1106936452
75.1106936454
75.1106936456
75.1106936458
75.110693646
75.1106936462
75.1106936464
75.1106936466
75.1106936467
75.1106936469
75.1106936471
75.1106936473
75.1106936475
75.1106936477
75.1106936478
75.110693648
75.1106936482
75.1106936484
75.1106936486
75.1106936487
75.1106936489
75.1106936491
75.1106936493
75.1106936494
75.1106936496
75.1106936498
75.1106936499
75.1106936501
75.1106936503
75.1106936504
75.1106936506
75.1106936508
75.1106936509
75.1106936511
75.1106936513
75.1106936514
75.1106936516
75.1106936518
75.1106936519
75.1106936521
75.1106936522
75.1106936524
75.1106936525
75.1106936527
75.1106936529
75.110693653
75.1106936532
75.1106936533
75.1106936535
75.1106936536
75.1106936538
75.1106936539
75.1106936541
75.1106936542
75.1106936544
75.1106936545
75.1106936547
75.1106936548
75.1106936549
75.1106936551
75.1106936552
75.1106936554
75.1106936555
75.1106936557
75.1106936558
75.1106936559
75.1106936561
75.1106936562
75.1106936563
75.1106936565
75.1106936566
75.1106936567
75.1106936569
75.110693657
75.1106936571
75.1106936573
75.1106936574
75.1106936575
75.1106936577
75.1106936578
75.1106936579
75.1106936581
75.1106936582
75.1106936583
75.1106936584
75.1106936586
75.1106936587
75.1106936588
75.1106936589
75.110693659
75.1106936592
75.1106936593
75.1106936594
75.1106936595
75.1106936596
75.1106936598
75.1106936599
75.11069366
75.1106936601
75.1106936602
75.1106936604
75.1106936605
75.1106936606
75.1106936607
75.1106936608
75.1106936609
75.110693661
75.1106936611
75.1106936613
75.1106936614
75.1106936615
75.1106936616
75.1106936617
75.1106936618
75.1106936619
75.110693662
75.1106936621
75.1106936622
75.1106936623
75.1106936624
75.1106936625
75.1106936626
75.1106936627
75.1106936628
75.1106936629
75.110693663
75.1106936631
75.1106936632
75.1106936633
75.1106936634
75.1106936635
75.1106936636
75.1106936637
75.1106936638
75.1106936639
75.110693664
75.1106936641
75.1106936642
75.1106936643
75.1106936644
75.1106936645
75.1106936646
75.1106936647
75.1106936648
75.1106936649
75.110693665
75.1106936651
75.1106936651
75.1106936652
75.1106936653
75.1106936654
75.1106936655
75.1106936656
75.1106936657
75.1106936658
75.1106936659
75.1106936659
75.110693666
75.1106936661
75.1106936662
75.1106936663
75.1106936664
75.1106936664
75.1106936665
75.1106936666
75.1106936667
75.1106936668
75.1106936669
75.1106936669
75.110693667
75.1106936671
75.1106936672
75.1106936673
75.1106936673
75.1106936674
75.1106936675
75.1106936676
75.1106936676
75.1106936677
75.1106936678
75.1106936679
75.110693668
75.110693668
75.1106936681
75.1106936682
75.1106936682
75.1106936683
75.1106936684
75.1106936685
75.1106936685
75.1106936686
75.1106936687
75.1106936688
75.1106936688
75.1106936689
75.110693669
75.110693669
75.1106936691
75.1106936692
75.1106936692
75.1106936693
75.1106936694
75.1106936694
75.1106936695
75.1106936696
75.1106936696
75.1106936697
75.1106936698
75.1106936698
75.1106936699
75.11069367
75.11069367
75.1106936701
75.1106936702
75.1106936702
75.1106936703
75.1106936704
75.1106936704
75.1106936705
75.1106936705
75.1106936706
75.1106936707
75.1106936707
75.1106936708
75.1106936709
75.1106936709
75.110693671
75.110693671
75.1106936711
75.1106936711
75.1106936712
75.1106936713
75.1106936713
75.1106936714
75.1106936714
75.1106936715
75.1106936716
75.1106936716
75.1106936717
75.1106936717
75.1106936718
75.1106936718
75.1106936719
75.1106936719
75.110693672
75.110693672
75.1106936721
75.1106936722
75.1106936722
75.1106936723
75.1106936723
75.1106936724
75.1106936724
75.1106936725
75.1106936725
75.1106936726
75.1106936726
75.1106936727
75.1106936727
75.1106936728
75.1106936728
75.1106936729
75.1106936729
75.110693673
75.110693673
75.1106936731
75.1106936731
75.1106936732
75.1106936732
75.1106936733
75.1106936733
75.1106936734
75.1106936734
75.1106936735
75.1106936735
75.1106936735
75.1106936736
75.1106936736
75.1106936737
75.1106936737
75.1106936738
75.1106936738
75.1106936739
75.1106936739
75.1106936739
75.110693674
75.110693674
75.1106936741
75.1106936741
75.1106936742
75.1106936742
75.1106936742
75.1106936743
75.1106936743
75.1106936744
75.1106936744
75.1106936745
75.1106936745
75.1106936745
75.1106936746
75.1106936746
75.1106936747
75.1106936747
75.1106936747
75.1106936748
75.1106936748
75.1106936749
75.1106936749
75.1106936749
75.110693675
75.110693675
75.1106936751
75.1106936751
75.1106936751
75.1106936752
75.1106936752
75.1106936752
75.1106936753
75.1106936753
75.1106936754
75.1106936754
75.1106936754
75.1106936755
75.1106936755
75.1106936755
75.1106936756
75.1106936756
75.1106936756
75.1106936757
75.1106936757
75.1106936757
75.1106936758
75.1106936758
75.1106936758
75.1106936759
75.1106936759
75.1106936759
75.110693676
75.110693676
75.110693676
75.1106936761
75.1106936761
75.1106936761
75.1106936762
75.1106936762
75.1106936762
75.1106936763
75.1106936763
75.1106936763
75.1106936764
75.1106936764
75.1106936764
75.1106936765
75.1106936765
75.1106936765
75.1106936766
75.1106936766
75.1106936766
75.1106936766
75.1106936767
75.1106936767
75.1106936767
75.1106936768
75.1106936768
75.1106936768
75.1106936768
75.1106936769
75.1106936769
75.1106936769
75.110693677
75.110693677
75.110693677
75.110693677
75.1106936771
75.1106936771
75.1106936771
75.1106936772
75.1106936772
75.1106936772
75.1106936772
75.1106936773
75.1106936773
75.1106936773
75.1106936773
75.1106936774
75.1106936774
75.1106936774
75.1106936774
75.1106936775
75.1106936775
75.1106936775
75.1106936775
75.1106936776
75.1106936776
75.1106936776
75.1106936776
75.1106936777
75.1106936777
75.1106936777
75.1106936777
75.1106936778
75.1106936778
75.1106936778
75.1106936778
75.1106936779
75.1106936779
75.1106936779
75.1106936779
75.110693678
75.110693678
75.110693678
75.110693678
75.110693678
75.1106936781
75.1106936781
75.1106936781
75.1106936781
75.1106936782
75.1106936782
75.1106936782
75.1106936782
75.1106936782
75.1106936783
75.1106936783
75.1106936783
75.1106936783
75.1106936783
75.1106936784
75.1106936784
75.1106936784
75.1106936784
75.1106936785
75.1106936785
75.1106936785
75.1106936785
75.1106936785
75.1106936786
75.1106936786
75.1106936786
75.1106936786
75.1106936786
75.1106936786
75.1106936787
75.1106936787
75.1106936787
75.1106936787
75.1106936787
75.1106936788
75.1106936788
75.1106936788
75.1106936788
75.1106936788
75.1106936789
75.1106936789
75.1106936789
75.1106936789
75.1106936789
75.1106936789
75.110693679
75.110693679
75.110693679
75.110693679
75.110693679
75.110693679
75.1106936791
75.1106936791
75.1106936791
75.1106936791
75.1106936791
75.1106936792
75.1106936792
75.1106936792
75.1106936792
75.1106936792
75.1106936792
75.1106936792
75.1106936793
75.1106936793
75.1106936793
75.1106936793
75.1106936793
75.1106936793
75.1106936794
75.1106936794
75.1106936794
75.1106936794
75.1106936794
75.1106936794
75.1106936795
75.1106936795
75.1106936795
75.1106936795
75.1106936795
75.1106936795
75.1106936795
75.1106936796
75.1106936796
75.1106936796
75.1106936796
75.1106936796
75.1106936796
75.1106936796
75.1106936797
75.1106936797
75.1106936797
75.1106936797
75.1106936797
75.1106936797
75.1106936797
75.1106936798
75.1106936798
75.1106936798
75.1106936798
75.1106936798
75.1106936798
75.1106936798
75.1106936798
75.1106936799
75.1106936799
75.1106936799
75.1106936799
75.1106936799
75.1106936799
75.1106936799
75.1106936799
75.11069368
75.11069368
75.11069368
75.11069368
75.11069368
75.11069368
75.11069368
75.11069368
75.1106936801
75.1106936801
75.1106936801
75.1106936801
75.1106936801
75.1106936801
75.1106936801
75.1106936801
75.1106936802
75.1106936802
75.1106936802
75.1106936802
75.1106936802
75.1106936802
75.1106936802
75.1106936802
75.1106936802
75.1106936803
75.1106936803
75.1106936803
75.1106936803
75.1106936803
75.1106936803
75.1106936803
75.1106936803
75.1106936803
75.1106936803
75.1106936804
75.1106936804
75.1106936804
75.1106936804
75.1106936804
75.1106936804
75.1106936804
75.1106936804
75.1106936804
75.1106936804
75.1106936805
75.1106936805
75.1106936805
75.1106936805
75.1106936805
75.1106936805
75.1106936805
75.1106936805
75.1106936805
75.1106936805
75.1106936806
75.1106936806
75.1106936806
75.1106936806
75.1106936806
75.1106936806
75.1106936806
75.1106936806
75.1106936806
75.1106936806
75.1106936806
75.1106936807
75.1106936807
75.1106936807
75.1106936807
75.1106936807
75.1106936807
75.1106936807
75.1106936807
75.1106936807
75.1106936807
75.1106936807
75.1106936807
75.1106936808
75.1106936808
75.1106936808
75.1106936808
75.1106936808
75.1106936808
75.1106936808
75.1106936808
75.1106936808
75.1106936808
75.1106936808
75.1106936808
75.1106936809
75.1106936809
75.1106936809
75.1106936809
75.1106936809
75.1106936809
75.1106936809
75.1106936809
75.1106936809
75.1106936809
75.1106936809
75.1106936809
75.1106936809
75.110693681
75.110693681
75.110693681
75.110693681
75.110693681
75.110693681
75.110693681
75.110693681
75.110693681
75.110693681
75.110693681
75.110693681
75.110693681
75.110693681
75.110693681
75.1106936811
75.1106936811
75.1106936811
75.1106936811
75.1106936811
75.1106936811
75.1106936811
75.1106936811
75.1106936811
75.1106936811
75.1106936811
75.1106936811
75.1106936811
75.1106936811
75.1106936811
75.1106936812
75.1106936812
75.1106936812
75.1106936812
75.1106936812
75.1106936812
75.1106936812
75.1106936812
75.1106936812
75.1106936812
75.1106936812
75.1106936812
75.1106936812
75.1106936812
75.1106936812
75.1106936812
75.1106936812
75.1106936813
75.1106936813
75.1106936813
75.1106936813
75.1106936813
75.1106936813
75.1106936813
75.1106936813
75.1106936813
75.1106936813
75.1106936813
75.1106936813
75.1106936813
75.1106936813
75.1106936813
75.1106936813
75.1106936813
75.1106936813
75.1106936813
75.1106936814
75.1106936814
75.1106936814
75.1106936814
75.1106936814
75.1106936814
75.1106936814
75.1106936814
75.1106936814
75.1106936814
75.1106936814
75.1106936814
75.1106936814
75.1106936814
75.1106936814
75.1106936814
75.1106936814
75.1106936814
75.1106936814
75.1106936814
75.1106936815
75.1106936815
75.1106936815
75.1106936815
75.1106936815
75.1106936815
75.1106936815
75.1106936815
75.1106936815
75.1106936815
75.1106936815
75.1106936815
75.1106936815
75.1106936815
75.1106936815
75.1106936815
75.1106936815
75.1106936815
75.1106936815
75.1106936815
75.1106936815
75.1106936815
75.1106936815
75.1106936816
75.1106936816
75.1106936816
75.1106936816
75.1106936816
75.1106936816
75.1106936816
75.1106936816
75.1106936816
75.1106936816
75.1106936816
75.1106936816
75.1106936816
75.1106936816
75.1106936816
75.1106936816
75.1106936816
75.1106936816
75.1106936816
75.1106936816
75.1106936816
75.1106936816
75.1106936816
75.1106936816
75.1106936816
75.1106936816
75.1106936817
75.1106936817
75.1106936817
75.1106936817
75.1106936817
75.1106936817
75.1106936817
75.1106936817
75.1106936817
75.1106936817
75.1106936817
75.1106936817
75.1106936817
75.1106936817
75.1106936817
75.1106936817
75.1106936817
75.1106936817
75.1106936817
75.1106936817
75.1106936817
75.1106936817
75.1106936817
75.1106936817
75.1106936817
75.1106936817
75.1106936817
75.1106936817
75.1106936817
75.1106936817
75.1106936818
75.1106936818
75.1106936818
75.1106936818
75.1106936818
75.1106936818
75.1106936818
75.1106936818
75.1106936818
75.1106936818
75.1106936818
75.1106936818
75.1106936818
75.1106936818
75.1106936818
75.1106936818
75.1106936818
75.1106936818
75.1106936818
75.1106936818
75.1106936818
75.1106936818
75.1106936818
75.1106936818
75.1106936818
75.1106936818
75.1106936818
75.1106936818
75.1106936818
75.1106936818
75.1106936818
75.1106936818
75.1106936818
75.1106936818
75.1106936818
75.1106936818
75.1106936819
75.1106936819
75.1106936819
75.1106936819
75.1106936819
75.1106936819
75.1106936819
75.1106936819
75.1106936819
75.1106936819
75.1106936819
75.1106936819
75.1106936819
75.1106936819
75.1106936819
75.1106936819
75.1106936819
75.1106936819
75.1106936819
75.1106936819
75.1106936819
75.1106936819
75.1106936819
75.1106936819
75.1106936819
75.1106936819
75.1106936819
75.1106936819
75.1106936819
75.1106936819
75.1106936819
75.1106936819
75.1106936819
75.1106936819
75.1106936819
75.1106936819
75.1106936819
75.1106936819
75.1106936819
75.1106936819
75.1106936819
75.1106936819
75.1106936819
75.1106936819
75.110693682
75.110693682
75.110693682
75.110693682
75.110693682
75.110693682
75.110693682
75.110693682
75.110693682
75.110693682
75.110693682
75.110693682
75.110693682
75.110693682
75.110693682
75.110693682
75.110693682
75.110693682
75.110693682
75.110693682
75.110693682
75.110693682
75.110693682
75.110693682
75.110693682
75.110693682
75.110693682
75.110693682
75.110693682
75.110693682
75.110693682
75.110693682
75.110693682
75.110693682
75.110693682
75.110693682
75.110693682
75.110693682
75.110693682
75.110693682
75.110693682
75.110693682
75.110693682
75.110693682
75.110693682
75.110693682
75.110693682
75.110693682
75.110693682
75.110693682
75.110693682
75.110693682
75.110693682
75.110693682
75.110693682
75.110693682
75.110693682
75.110693682
75.1106936821
75.1106936821
75.1106936821
75.1106936821
75.1106936821
75.1106936821
75.1106936821
75.1106936821
75.1106936821
75.1106936821
75.1106936821
75.1106936821
75.1106936821
75.1106936821
75.1106936821
75.1106936821
75.1106936821
75.1106936821
75.1106936821
75.1106936821
75.1106936821
75.1106936821
75.1106936821
75.1106936821
75.1106936821
75.1106936821
75.1106936821
75.1106936821
75.1106936821
75.1106936821
75.1106936821
75.1106936821
75.1106936821
75.1106936821
75.1106936821
75.1106936821
75.1106936821
75.1106936821
75.1106936821
75.1106936821
75.1106936821
75.1106936821
75.1106936821
75.1106936821
75.1106936821
75.1106936821
75.1106936821
75.1106936821
75.1106936821
75.1106936821
75.1106936821
75.1106936821
75.1106936821
75.1106936821
75.1106936821
75.1106936821
75.1106936821
75.1106936821
75.1106936821
75.1106936821
75.1106936821
75.1106936821
75.1106936821
75.1106936821
75.1106936821
75.1106936821
75.1106936821
75.1106936821
75.1106936821
75.1106936821
75.1106936821
75.1106936821
75.1106936821
75.1106936821
75.1106936821
75.1106936821
75.1106936821
75.1106936821
75.1106936821
75.1106936821
75.1106936821
75.1106936821
75.1106936821
75.1106936822
75.1106936822
75.1106936822
75.1106936822
75.1106936822
75.1106936822
75.1106936822
75.1106936822
75.1106936822
75.1106936822
75.1106936822
75.1106936822
75.1106936822
75.1106936822
75.1106936822
75.1106936822
75.1106936822
75.1106936822
75.1106936822
75.1106936822
75.1106936822
75.1106936822
75.1106936822
75.1106936822
75.1106936822
75.1106936822
75.1106936822
75.1106936822
75.1106936822
75.1106936822
75.1106936822
75.1106936822
75.1106936822
75.1106936822
75.1106936822
75.1106936822
75.1106936822
75.1106936822
75.1106936822
75.1106936822
75.1106936822
75.1106936822
75.1106936822
75.1106936822
75.1106936822
75.1106936822
75.1106936822
75.1106936822
75.1106936822
75.1106936822
75.1106936822
75.1106936822
75.1106936822
75.1106936822
75.1106936822
75.1106936822
75.1106936822
75.1106936822
75.1106936822
75.1106936822
75.1106936822
75.1106936822
75.1106936822
75.1106936822
75.1106936822
75.1106936822
75.1106936822
75.1106936822
75.1106936822
75.1106936822
75.1106936822
75.1106936822
75.1106936822
75.1106936822
75.1106936822
75.1106936822
75.1106936822
75.1106936822
75.1106936822
75.1106936822
75.1106936822
75.1106936822
75.1106936822
75.1106936822
75.1106936822
75.1106936822
75.1106936822
75.1106936822
75.1106936822
75.1106936822
75.1106936822
75.1106936822
75.1106936822
75.1106936822
75.1106936822
75.1106936822
75.1106936822
75.1106936822
75.1106936822
75.1106936822
75.1106936822
75.1106936822
75.1106936822
75.1106936822
75.1106936822
