-2.70824422887
-1.84280753996
-0.982686759369
-0.127849234344
0.721737487286
1.56610565836
2.4052873336
3.23931437085
4.06821843224
4.89203098545
5.71078330483
6.52450647268
7.33323138033
8.1369887294
8.93580903289
9.72972261641
10.5187596193
11.3029499957
12.0823235158
12.856909767
13.6267381548
14.3918379043
15.1522380609
15.9079674917
16.6590548863
17.4055287584
18.1474174462
18.8847491141
19.6175517533
20.3458531833
21.0696810525
21.7890628396
22.5040258544
23.2145972392
23.9208039692
24.6226728542
25.3202305392
26.0135035056
26.702518072
27.3873003956
28.0678764727
28.74427214
29.4165130755
30.0846247994
30.7486326752
31.4085619108
32.0644375588
32.7162845184
33.3641275356
34.0079912044
34.6478999679
35.2838781187
35.9159498007
36.544139009
37.1684695916
37.78896525
38.40564954
39.0185458729
39.6276775159
40.2330675934
40.834739088
41.4327148409
42.027017553
42.6176697857
43.2046939621
43.7881123672
44.3679471494
44.944220321
45.5169537589
46.0861692059
46.6518882711
47.2141324308
47.7729230294
48.3282812805
48.8802282669
49.4287849423
49.9739721314
50.5158105313
51.0543207117
51.589523116
52.1214380622
52.6500857433
53.1754862284
53.6976594631
54.2166252708
54.732403353
55.24501329
55.7544745422
56.2608064502
56.7640282357
57.2641590028
57.7612177377
58.2552233103
58.7461944746
59.2341498692
59.7191080184
60.2010873327
60.6801061093
61.1561825334
61.6293346782
62.0995805058
62.5669378684
63.0314245081
63.4930580582
63.9518560437
64.407835882
64.8610148834
65.3114102519
65.7590390859
66.2039183787
66.6460650192
67.0854957926
67.5222273811
67.9562763642
68.3876592198
68.8163923244
69.242491954
69.6659742847
70.086855393
70.5051512569
70.9208777561
71.3340506728
71.7446856924
72.1527984037
72.5584042999
72.961518779
73.3621571444
73.7603346056
74.1560662786
74.5493671864
74.9402522601
75.3287363387
75.7148341703
76.0985604122
76.4799296319
76.8589563073
77.2356548273
77.6100394926
77.9821245159
78.3519240226
78.7194520515
79.084722555
79.4477493999
79.8085463676
80.1671271553
80.5235053756
80.8776945578
81.2297081478
81.5795595093
81.9272619235
82.2728285903
82.6162726285
82.9576070762
83.2968448914
83.6339989527
83.9690820594
84.3021069323
84.633086214
84.9620324694
85.2889581863
85.6138757758
85.9367975728
86.2577358362
86.5767027499
86.8937104229
87.2087708895
87.5218961106
87.8330979732
88.1423882916
88.4497788072
88.7552811895
89.0589070364
89.3606678743
89.660575159
89.9586402759
90.2548745404
90.5492891985
90.8418954269
91.1327043339
91.4217269595
91.7089742759
91.9944571877
92.2781865328
92.5601730824
92.8404275415
93.1189605494
93.3957826801
93.6709044426
93.9443362812
94.2160885763
94.4861716444
94.7545957387
95.0213710493
95.2865077039
95.5500157677
95.8119052444
96.072186076
96.3308681437
96.5879612676
96.8434752079
97.0974196646
97.3498042782
97.60063863
97.8499322423
98.0976945792
98.3439350464
98.5886629919
98.8318877063
99.0736184233
99.3138643194
99.5526345154
99.7899380754
100.025784008
100.260181268
100.493138752
100.724665304
100.954769715
101.183460719
101.410746998
101.63663718
101.861139842
102.084263505
102.306016641
102.526407668
102.745444952
102.963136809
103.179491503
103.394517247
103.608222205
103.820614489
104.031702162
104.241493238
104.449995682
104.657217407
104.863166283
105.067850126
105.271276707
105.473453749
105.674388927
105.874089869
106.072564156
106.269819324
106.46586286
106.660702207
106.854344762
107.046797875
107.238068853
107.428164957
107.617093404
107.804861366
107.991475971
108.176944304
108.361273405
108.544470273
108.726541862
108.907495084
109.087336808
109.266073862
109.443713031
109.620261059
109.795724648
109.97011046
110.143425114
110.31567519
110.486867227
110.657007724
110.826103141
110.994159896
111.16118437
111.327182903
111.492161797
111.656127315
111.819085681
111.981043083
112.142005668
112.301979548
112.460970795
112.618985444
112.776029496
112.93210891
113.087229614
113.241397495
113.394618407
113.546898166
113.698242552
113.848657312
113.998148156
114.146720759
114.294380761
114.441133767
114.586985349
114.731941044
114.876006355
115.019186751
115.161487667
115.302914506
115.443472636
115.583167394
115.722004083
115.859987973
115.997124304
116.13341828
116.268875076
116.403499834
116.537297666
116.67027365
116.802432834
116.933780237
117.064320843
117.19405961
117.323001461
117.451151293
117.578513969
117.705094326
117.830897169
117.955927272
118.080189384
118.203688221
118.326428471
118.448414795
118.569651822
118.690144157
118.809896372
118.928913015
119.047198602
119.164757626
119.281594548
119.397713804
119.513119803
119.627816925
119.741809525
119.85510193
119.967698442
120.079603334
120.190820855
120.301355227
120.411210646
120.520391284
120.628901283
120.736744765
120.843925822
120.950448525
121.056316916
121.161535015
121.266106816
121.37003629
121.473327381
121.575984011
121.678010077
121.779409452
121.880185986
121.980343504
122.079885809
122.178816679
122.277139871
122.374859117
122.471978126
122.568500586
122.664430161
122.759770492
122.854525199
122.94869788
123.042292109
123.135311439
123.227759403
123.319639508
123.410955244
123.501710076
123.591907451
123.681550792
123.770643503
123.859188966
123.947190542
124.034651572
124.121575376
124.207965255
124.293824487
124.379156332
124.463964031
124.548250801
124.632019844
124.715274339
124.798017447
124.880252308
124.961982046
125.043209762
125.12393854
125.204171445
125.283911523
125.363161801
125.441925287
125.520204972
125.598003827
125.675324806
125.752170844
125.828544859
125.90444975
125.979888398
126.054863667
126.129378404
126.203435437
126.277037578
126.350187621
126.422888343
126.495142503
126.566952846
126.638322097
126.709252965
126.779748143
126.849810307
126.919442118
126.988646218
127.057425235
127.12578178
127.193718447
127.261237817
127.328342451
127.395034898
127.46131769
127.527193342
127.592664356
127.657733217
127.722402396
127.786674346
127.850551509
127.914036309
127.977131156
128.039838446
128.102160559
128.164099861
128.225658704
128.286839424
128.347644344
128.408075772
128.468136003
128.527827316
128.587151979
128.646112241
128.704710343
128.762948509
128.820828949
128.878353861
128.935525428
128.992345822
129.048817198
129.104941702
129.160721463
129.2161586
129.271255216
129.326013404
129.380435241
129.434522795
129.488278118
129.541703252
129.594800224
129.64757105
129.700017733
129.752142265
129.803946624
129.855432777
129.906602679
129.957458272
130.008001486
130.058234241
130.108158443
130.157775987
130.207088759
130.256098628
130.304807457
130.353217093
130.401329376
130.44914613
130.496669173
130.543900307
130.590841326
130.637494011
130.683860135
130.729941456
130.775739725
130.82125668
130.866494049
130.911453549
130.956136888
131.000545761
131.044681854
131.088546844
131.132142394
131.175470161
131.218531789
131.261328912
131.303863156
131.346136135
131.388149454
131.429904708
131.471403483
131.512647352
131.553637883
131.594376632
131.634865144
131.675104957
131.715097599
131.754844588
131.794347433
131.833607633
131.872626679
131.911406053
131.949947225
131.98825166
132.026320812
132.064156125
132.101759037
132.139130974
132.176273356
132.213187592
132.249875085
132.286337225
132.322575399
132.358590981
132.394385339
132.429959832
132.46531581
132.500454615
132.535377582
132.570086035
132.604581294
132.638864667
132.672937456
132.706800954
132.740456447
132.773905212
132.80714852
132.840187632
132.873023803
132.905658279
132.938092299
132.970327095
133.00236389
133.0342039
133.065848334
133.097298394
133.128555273
133.159620157
133.190494228
133.221178655
133.251674605
133.281983234
133.312105694
133.342043128
133.371796673
133.401367458
133.430756605
133.459965231
133.488994445
133.517845347
133.546519034
133.575016594
133.603339109
133.631487654
133.659463298
133.687267103
133.714900124
133.742363411
133.769658005
133.796784943
133.823745256
133.850539965
133.87717009
133.90363664
133.92994062
133.956083029
133.98206486
134.007887098
134.033550724
134.059056713
134.084406032
134.109599644
134.134638505
134.159523566
134.184255772
134.208836061
134.233265367
134.257544616
134.281674732
134.305656629
134.329491219
134.353179405
134.376722088
134.400120161
134.423374512
134.446486025
134.469455575
134.492284037
134.514972275
134.537521152
134.559931524
134.58220424
134.604340148
134.626340086
134.648204891
134.669935393
134.691532415
134.712996779
134.734329299
134.755530784
134.776602041
134.797543868
134.818357061
134.83904241
134.8596007
134.880032711
134.90033922
134.920520997
134.940578808
134.960513414
134.980325574
135.000016038
135.019585554
135.039034865
135.05836471
135.077575822
135.09666893
135.11564476
135.134504032
135.153247461
135.171875759
135.190389635
135.208789789
135.227076921
135.245251725
135.263314892
135.281267106
135.299109049
135.316841399
135.334464829
135.351980007
135.3693876
135.386688267
135.403882665
135.420971447
135.437955263
135.454834756
135.471610567
135.488283334
135.504853689
135.521322261
135.537689675
135.553956554
135.570123514
135.586191169
135.602160129
135.618031001
135.633804386
135.649480884
135.66506109
135.680545595
135.695934987
135.71122985
135.726430766
135.74153831
135.756553057
135.771475576
135.786306435
135.801046195
135.815695418
135.830254658
135.844724468
135.859105398
135.873397994
135.887602799
135.901720351
135.915751186
135.929695838
135.943554835
135.957328704
135.971017968
135.984623145
135.998144754
136.011583307
136.024939314
136.038213282
136.051405715
136.064517115
136.077547978
136.0904988
136.103370071
136.116162282
136.128875917
136.141511459
136.154069388
136.16655018
136.178954309
136.191282247
136.203534461
136.215711416
136.227813574
136.239841396
136.251795337
136.263675852
136.275483391
136.287218403
136.298881333
136.310472624
136.321992716
136.333442046
136.344821049
136.356130157
136.3673698
136.378540403
136.389642392
136.400676187
136.411642207
136.422540869
136.433372586
136.44413777
136.45483683
136.465470171
136.476038197
136.486541309
136.496979907
136.507354385
136.517665139
136.52791256
136.538097036
136.548218955
136.5582787
136.568276654
136.578213195
136.588088702
136.597903549
136.607658108
136.617352751
136.626987845
136.636563755
136.646080846
136.655539479
136.664940012
136.674282803
136.683568206
136.692796574
136.701968257
136.711083604
136.72014296
136.729146669
136.738095073
136.746988512
136.755827324
136.764611843
136.773342404
136.782019338
136.790642974
136.79921364
136.807731661
136.81619736
136.824611059
136.832973078
136.841283733
136.84954334
136.857752212
136.865910663
136.874019
136.882077532
136.890086565
136.898046403
136.905957347
136.9138197
136.921633757
136.929399818
136.937118176
136.944789124
136.952412953
136.959989954
136.967520413
136.975004617
136.982442849
136.989835392
136.997182527
137.004484532
137.011741685
137.018954262
137.026122535
137.033246778
137.04032726
137.04736425
137.054358017
137.061308824
137.068216936
137.075082616
137.081906123
137.088687717
137.095427656
137.102126195
137.108783588
137.115400088
137.121975947
137.128511414
137.135006738
137.141462163
137.147877937
137.154254302
137.160591501
137.166889774
137.173149359
137.179370496
137.185553419
137.191698364
137.197805564
137.203875251
137.209907655
137.215903005
137.221861529
137.227783453
137.233669002
137.239518399
137.245331867
137.251109625
137.256851894
137.262558892
137.268230834
137.273867936
137.279470413
137.285038477
137.290572339
137.29607221
137.301538298
137.306970811
137.312369955
137.317735935
137.323068954
137.328369216
137.333636921
137.33887227
137.34407546
137.34924669
137.354386156
137.359494054
137.364570576
137.369615915
137.374630264
137.379613813
137.38456675
137.389489264
137.394381542
137.399243769
137.40407613
137.408878809
137.413651987
137.418395847
137.423110567
137.427796327
137.432453305
137.437081678
137.441681622
137.44625331
137.450796917
137.455312615
137.459800576
137.464260969
137.468693965
137.473099731
137.477478435
137.481830243
137.486155321
137.490453831
137.494725938
137.498971804
137.50319159
137.507385456
137.511553562
137.515696065
137.519813122
137.523904891
137.527971527
137.532013183
137.536030014
137.540022171
137.543989807
137.547933072
137.551852115
137.555747086
137.559618132
137.5634654
137.567289037
137.571089187
137.574865995
137.578619604
137.582350157
137.586057795
137.589742659
137.593404888
137.597044623
137.600662001
137.604257159
137.607830234
137.611381362
137.614910676
137.618418313
137.621904404
137.625369081
137.628812477
137.632234722
137.635635946
137.639016278
137.642375847
137.64571478
137.649033203
137.652331243
137.655609025
137.658866673
137.662104312
137.665322063
137.66852005
137.671698393
137.674857213
137.67799663
137.681116763
137.684217732
137.687299652
137.690362642
137.693406818
137.696432295
137.699439188
137.702427612
137.705397679
137.708349502
137.711283195
137.714198867
137.71709663
137.719976593
137.722838866
137.725683558
137.728510777
137.731320629
137.734113222
137.736888662
137.739647053
137.742388502
137.745113111
137.747820984
137.750512225
137.753186934
137.755845214
137.758487166
137.76111289
137.763722485
137.766316051
137.768893686
137.771455488
137.774001555
137.776531982
137.779046866
137.781546303
137.784030387
137.786499212
137.788952873
137.791391463
137.793815073
137.796223797
137.798617725
137.800996948
137.803361558
137.805711642
137.808047292
137.810368594
137.812675639
137.814968512
137.817247302
137.819512094
137.821762974
137.824000029
137.826223343
137.828433
137.830629084
137.832811679
137.834980868
137.837136732
137.839279354
137.841408816
137.843525197
137.845628578
137.847719039
137.84979666
137.851861519
137.853913695
137.855953265
137.857980307
137.859994899
137.861997115
137.863987034
137.865964729
137.867930276
137.86988375
137.871825225
137.873754775
137.875672472
137.87757839
137.879472601
137.881355177
137.883226189
137.885085709
137.886933806
137.888770552
137.890596015
137.892410266
137.894213373
137.896005404
137.897786428
137.899556512
137.901315723
137.903064128
137.904801794
137.906528786
137.908245171
137.909951012
137.911646376
137.913331326
137.915005926
137.916670239
137.91832433
137.919968261
137.921602094
137.923225891
137.924839714
137.926443625
137.928037683
137.92962195
137.931196485
137.932761349
137.934316601
137.9358623
137.937398505
137.938925273
137.940442663
137.941950733
137.94344954
137.94493914
137.94641959
137.947890947
137.949353266
137.950806603
137.952251012
137.95368655
137.95511327
137.956531226
137.957940472
137.959341063
137.96073305
137.962116487
137.963491426
137.96485792
137.96621602
137.967565778
137.968907245
137.970240472
137.97156551
137.972882409
137.974191219
137.97549199
137.976784771
137.978069611
137.979346559
137.980615663
137.981876972
137.983130533
137.984376394
137.985614603
137.986845206
137.98806825
137.989283782
137.990491847
137.991692492
137.992885762
137.994071702
137.995250358
137.996421773
137.997585994
137.998743063
137.999893025
138.001035924
138.002171802
138.003300703
138.00442267
138.005537745
138.006645971
138.00774739
138.008842043
138.009929973
138.01101122
138.012085825
138.01315383
138.014215274
138.015270199
138.016318644
138.017360649
138.018396253
138.019425496
138.020448417
138.021465055
138.022475448
138.023479635
138.024477654
138.025469542
138.026455338
138.027435078
138.028408801
138.029376543
138.03033834
138.031294229
138.032244247
138.033188429
138.034126812
138.035059431
138.035986321
138.036907518
138.037823057
138.038732972
138.039637297
138.040536068
138.041429319
138.042317082
138.043199393
138.044076283
138.044947788
138.04581394
138.046674771
138.047530314
138.048380603
138.049225668
138.050065543
138.050900259
138.051729848
138.052554341
138.053373769
138.054188164
138.054997557
138.055801978
138.056601458
138.057396028
138.058185716
138.058970554
138.059750572
138.060525798
138.061296262
138.062061993
138.062823022
138.063579375
138.064331083
138.065078173
138.065820675
138.066558615
138.067292023
138.068020926
138.068745352
138.069465328
138.070180881
138.07089204
138.07159883
138.072301278
138.072999412
138.073693258
138.074382841
138.075068189
138.075749327
138.076426282
138.077099078
138.077767741
138.078432298
138.079092772
138.079749189
138.080401575
138.081049953
138.081694348
138.082334785
138.082971289
138.083603883
138.084232591
138.084857437
138.085478445
138.086095639
138.086709041
138.087318676
138.087924566
138.088526734
138.089125204
138.089719998
138.090311138
138.090898647
138.091482547
138.092062861
138.09263961
138.093212816
138.093782502
138.094348688
138.094911397
138.095470649
138.096026466
138.096578868
138.097127878
138.097673516
138.098215802
138.098754757
138.099290401
138.099822755
138.10035184
138.100877674
138.101400278
138.101919673
138.102435877
138.10294891
138.103458792
138.103965542
138.10446918
138.104969724
138.105467193
138.105961606
138.106452983
138.106941342
138.1074267
138.107909078
138.108388492
138.108864962
138.109338505
138.109809139
138.110276882
138.110741752
138.111203767
138.111662944
138.112119301
138.112572854
138.113023621
138.11347162
138.113916867
138.114359378
138.114799172
138.115236264
138.115670672
138.116102411
138.116531498
138.11695795
138.117381782
138.117803011
138.118221652
138.118637722
138.119051236
138.11946221
138.11987066
138.120276601
138.120680048
138.121081017
138.121479524
138.121875582
138.122269208
138.122660416
138.123049221
138.123435638
138.123819681
138.124201365
138.124580705
138.124957714
138.125332408
138.1257048
138.126074905
138.126442737
138.126808309
138.127171636
138.127532731
138.127891608
138.12824828
138.128602762
138.128955066
138.129305207
138.129653196
138.129999048
138.130342776
138.130684392
138.13102391
138.131361343
138.131696703
138.132030003
138.132361255
138.132690473
138.133017669
138.133342855
138.133666043
138.133987247
138.134306477
138.134623747
138.134939067
138.135252451
138.13556391
138.135873456
138.1361811
138.136486855
138.136790732
138.137092742
138.137392897
138.137691208
138.137987687
138.138282345
138.138575193
138.138866242
138.139155503
138.139442988
138.139728706
138.14001267
138.140294889
138.140575375
138.140854138
138.141131189
138.141406538
138.141680196
138.141952172
138.142222479
138.142491124
138.14275812
138.143023476
138.143287201
138.143549307
138.143809803
138.144068699
138.144326004
138.144581729
138.144835883
138.145088476
138.145339518
138.145589017
138.145836984
138.146083428
138.146328358
138.146571784
138.146813714
138.147054159
138.147293126
138.147530626
138.147766666
138.148001257
138.148234407
138.148466125
138.148696419
138.148925299
138.149152773
138.14937885
138.149603538
138.149826846
138.150048782
138.150269355
138.150488573
138.150706445
138.150922978
138.151138182
138.151352063
138.151564631
138.151775893
138.151985857
138.152194532
138.152401925
138.152608044
138.152812897
138.153016491
138.153218835
138.153419936
138.153619802
138.153818441
138.154015859
138.154212064
138.154407064
138.154600867
138.154793479
138.154984908
138.155175161
138.155364245
138.155552168
138.155738937
138.155924559
138.15610904
138.156292388
138.15647461
138.156655713
138.156835703
138.157014588
138.157192374
138.157369068
138.157544676
138.157719206
138.157892664
138.158065056
138.158236389
138.15840667
138.158575906
138.158744101
138.158911264
138.159077399
138.159242514
138.159406615
138.159569708
138.159731799
138.159892895
138.160053001
138.160212123
138.160370269
138.160527442
138.160683651
138.1608389
138.160993195
138.161146542
138.161298948
138.161450417
138.161600956
138.16175057
138.161899266
138.162047048
138.162193922
138.162339894
138.162484969
138.162629154
138.162772452
138.162914871
138.163056414
138.163197089
138.163336899
138.16347585
138.163613948
138.163751198
138.163887604
138.164023173
138.164157909
138.164291817
138.164424903
138.164557171
138.164688627
138.164819276
138.164949121
138.16507817
138.165206425
138.165333893
138.165460578
138.165586485
138.165711618
138.165835983
138.165959584
138.166082426
138.166204513
138.16632585
138.166446442
138.166566293
138.166685408
138.166803791
138.166921447
138.167038381
138.167154596
138.167270097
138.167384889
138.167498976
138.167612362
138.167725051
138.167837048
138.167948358
138.168058983
138.16816893
138.1682782
138.1683868
138.168494733
138.168602002
138.168708613
138.168814569
138.168919874
138.169024532
138.169128547
138.169231924
138.169334665
138.169436775
138.169538258
138.169639118
138.169739358
138.169838983
138.169937996
138.1700364
138.1701342
138.170231399
138.170328001
138.17042401
138.170519429
138.170614262
138.170708513
138.170802184
138.17089528
138.170987805
138.171079761
138.171171152
138.171261982
138.171352253
138.171441971
138.171531137
138.171619756
138.17170783
138.171795363
138.171882359
138.17196882
138.17205475
138.172140152
138.17222503
138.172309387
138.172393225
138.172476548
138.17255936
138.172641662
138.17272346
138.172804754
138.17288555
138.172965849
138.173045655
138.173124971
138.173203799
138.173282144
138.173360007
138.173437391
138.173514301
138.173590738
138.173666706
138.173742207
138.173817244
138.17389182
138.173965938
138.174039601
138.174112812
138.174185572
138.174257886
138.174329756
138.174401184
138.174472174
138.174542727
138.174612847
138.174682536
138.174751798
138.174820633
138.174889046
138.174957039
138.175024614
138.175091774
138.175158522
138.175224859
138.17529079
138.175356315
138.175421437
138.17548616
138.175550485
138.175614415
138.175677952
138.175741099
138.175803858
138.175866232
138.175928222
138.175989832
138.176051063
138.176111918
138.176172399
138.176232509
138.17629225
138.176351624
138.176410633
138.176469279
138.176527565
138.176585494
138.176643066
138.176700285
138.176757152
138.17681367
138.176869841
138.176925667
138.17698115
138.177036292
138.177091095
138.177145562
138.177199694
138.177253494
138.177306963
138.177360104
138.177412918
138.177465408
138.177517576
138.177569423
138.177620952
138.177672164
138.177723062
138.177773647
138.177823921
138.177873886
138.177923545
138.177972898
138.178021949
138.178070698
138.178119147
138.178167299
138.178215156
138.178262718
138.178309988
138.178356968
138.178403659
138.178450063
138.178496183
138.178542019
138.178587573
138.178632848
138.178677845
138.178722565
138.178767011
138.178811183
138.178855084
138.178898716
138.17894208
138.178985177
138.179028009
138.179070579
138.179112886
138.179154934
138.179196724
138.179238257
138.179279535
138.17932056
138.179361332
138.179401854
138.179442127
138.179482153
138.179521932
138.179561468
138.179600761
138.179639812
138.179678623
138.179717196
138.179755532
138.179793633
138.179831499
138.179869133
138.179906536
138.179943709
138.179980654
138.180017372
138.180053864
138.180090132
138.180126177
138.180162001
138.180197605
138.18023299
138.180268158
138.18030311
138.180337847
138.180372371
138.180406683
138.180440784
138.180474675
138.180508358
138.180541835
138.180575105
138.180608172
138.180641035
138.180673697
138.180706157
138.180738419
138.180770482
138.180802348
138.180834019
138.180865495
138.180896778
138.180927868
138.180958768
138.180989478
138.181019999
138.181050332
138.18108048
138.181110442
138.18114022
138.181169815
138.181199229
138.181228461
138.181257515
138.181286389
138.181315087
138.181343608
138.181371954
138.181400125
138.181428124
138.181455951
138.181483607
138.181511093
138.18153841
138.181565559
138.181592542
138.181619359
138.181646011
138.181672499
138.181698825
138.181724989
138.181750992
138.181776836
138.181802521
138.181828048
138.181853418
138.181878632
138.181903692
138.181928597
138.18195335
138.181977951
138.1820024
138.1820267
138.18205085
138.182074851
138.182098706
138.182122413
138.182145975
138.182169393
138.182192666
138.182215797
138.182238785
138.182261633
138.18228434
138.182306907
138.182329336
138.182351627
138.182373781
138.1823958
138.182417682
138.182439431
138.182461046
138.182482528
138.182503878
138.182525097
138.182546186
138.182567145
138.182587975
138.182608678
138.182629253
138.182649702
138.182670025
138.182690223
138.182710298
138.182730249
138.182750077
138.182769784
138.18278937
138.182808835
138.182828181
138.182847408
138.182866517
138.182885508
138.182904383
138.182923142
138.182941786
138.182960315
138.18297873
138.182997033
138.183015222
138.1830333
138.183051268
138.183069124
138.183086871
138.183104509
138.183122039
138.183139461
138.183156776
138.183173984
138.183191087
138.183208085
138.183224979
138.183241768
138.183258455
138.183275039
138.183291521
138.183307902
138.183324182
138.183340362
138.183356443
138.183372426
138.18338831
138.183404096
138.183419785
138.183435378
138.183450876
138.183466278
138.183481585
138.183496799
138.183511919
138.183526946
138.183541881
138.183556724
138.183571476
138.183586137
138.183600708
138.18361519
138.183629583
138.183643887
138.183658104
138.183672233
138.183686276
138.183700232
138.183714102
138.183727887
138.183741588
138.183755204
138.183768737
138.183782187
138.183795554
138.183808839
138.183822042
138.183835164
138.183848206
138.183861168
138.183874049
138.183886852
138.183899576
138.183912222
138.183924791
138.183937282
138.183949696
138.183962034
138.183974297
138.183986484
138.183998596
138.184010633
138.184022597
138.184034488
138.184046305
138.18405805
138.184069722
138.184081323
138.184092853
138.184104311
138.1841157
138.184127018
138.184138267
138.184149447
138.184160558
138.184171601
138.184182576
138.184193484
138.184204325
138.184215099
138.184225806
138.184236449
138.184247025
138.184257537
138.184267984
138.184278367
138.184288687
138.184298943
138.184309135
138.184319266
138.184329334
138.18433934
138.184349285
138.184359168
138.184368991
138.184378754
138.184388457
138.1843981
138.184407684
138.184417208
138.184426675
138.184436083
138.184445434
138.184454727
138.184463963
138.184473142
138.184482265
138.184491332
138.184500343
138.184509299
138.184518199
138.184527046
138.184535837
138.184544575
138.184553259
138.18456189
138.184570468
138.184578993
138.184587465
138.184595886
138.184604255
138.184612573
138.184620839
138.184629055
138.18463722
138.184645335
138.1846534
138.184661416
138.184669382
138.1846773
138.184685168
138.184692989
138.184700761
138.184708486
138.184716163
138.184723794
138.184731377
138.184738914
138.184746404
138.184753848
138.184761247
138.1847686
138.184775908
138.184783171
138.18479039
138.184797564
138.184804694
138.18481178
138.184818823
138.184825823
138.184832779
138.184839693
138.184846565
138.184853394
138.184860181
138.184866926
138.18487363
138.184880293
138.184886915
138.184893497
138.184900037
138.184906538
138.184912999
138.18491942
138.184925802
138.184932144
138.184938448
138.184944712
138.184950939
138.184957127
138.184963277
138.184969389
138.184975464
138.184981501
138.184987501
138.184993465
138.184999392
138.185005282
138.185011136
138.185016954
138.185022737
138.185028484
138.185034196
138.185039872
138.185045514
138.185051121
138.185056694
138.185062232
138.185067737
138.185073207
138.185078644
138.185084048
138.185089418
138.185094756
138.18510006
138.185105332
138.185110572
138.18511578
138.185120955
138.185126099
138.185131211
138.185136292
138.185141341
138.18514636
138.185151347
138.185156304
138.185161231
138.185166127
138.185170993
138.18517583
138.185180636
138.185185414
138.185190161
138.18519488
138.18519957
138.18520423
138.185208863
138.185213466
138.185218042
138.185222589
138.185227109
138.1852316
138.185236064
138.185240501
138.18524491
138.185249293
138.185253648
138.185257977
138.185262279
138.185266554
138.185270804
138.185275027
138.185279224
138.185283396
138.185287542
138.185291662
138.185295758
138.185299828
138.185303873
138.185307893
138.185311888
138.185315859
138.185319806
138.185323728
138.185327626
138.1853315
138.185335351
138.185339178
138.185342981
138.185346761
138.185350517
138.185354251
138.185357962
138.18536165
138.185365315
138.185368958
138.185372578
138.185376176
138.185379752
138.185383306
138.185386838
138.185390349
138.185393838
138.185397306
138.185400752
138.185404177
138.185407581
138.185410964
138.185414326
138.185417668
138.185420989
138.18542429
138.18542757
138.185430831
138.185434071
138.185437291
138.185440492
138.185443673
138.185446835
138.185449977
138.185453099
138.185456203
138.185459287
138.185462353
138.185465399
138.185468427
138.185471437
138.185474428
138.1854774
138.185480354
138.185483291
138.185486209
138.185489109
138.185491991
138.185494856
138.185497703
138.185500532
138.185503345
138.185506139
138.185508917
138.185511678
138.185514422
138.185517148
138.185519859
138.185522552
138.185525229
138.185527889
138.185530534
138.185533161
138.185535773
138.185538369
138.185540949
138.185543513
138.185546061
138.185548593
138.18555111
138.185553612
138.185556098
138.185558569
138.185561024
138.185563465
138.185565891
138.185568301
138.185570697
138.185573078
138.185575445
138.185577797
138.185580135
138.185582458
138.185584767
138.185587062
138.185589342
138.185591609
138.185593862
138.185596101
138.185598326
138.185600537
138.185602735
138.185604919
138.18560709
138.185609248
138.185611392
138.185613524
138.185615642
138.185617747
138.185619839
138.185621918
138.185623985
138.185626039
138.18562808
138.185630109
138.185632125
138.185634129
138.185636121
138.1856381
138.185640067
138.185642022
138.185643965
138.185645896
138.185647816
138.185649723
138.185651619
138.185653503
138.185655376
138.185657237
138.185659086
138.185660925
138.185662752
138.185664567
138.185666372
138.185668165
138.185669948
138.185671719
138.18567348
138.18567523
138.185676969
138.185678697
138.185680415
138.185682122
138.185683819
138.185685506
138.185687182
138.185688847
138.185690503
138.185692148
138.185693783
138.185695408
138.185697023
138.185698629
138.185700224
138.18570181
138.185703386
138.185704952
138.185706508
138.185708055
138.185709593
138.185711121
138.185712639
138.185714149
138.185715649
138.18571714
138.185718621
138.185720094
138.185721557
138.185723012
138.185724457
138.185725894
138.185727322
138.185728741
138.185730152
138.185731553
138.185732946
138.185734331
138.185735707
138.185737075
138.185738434
138.185739785
138.185741127
138.185742462
138.185743788
138.185745106
138.185746416
138.185747718
138.185749011
138.185750297
138.185751575
138.185752846
138.185754108
138.185755362
138.185756609
138.185757849
138.18575908
138.185760304
138.185761521
138.18576273
138.185763931
138.185765126
138.185766313
138.185767492
138.185768665
138.18576983
138.185770988
138.185772139
138.185773283
138.185774419
138.185775549
138.185776672
138.185777788
138.185778897
138.18578
138.185781095
138.185782184
138.185783266
138.185784342
138.185785411
138.185786473
138.185787529
138.185788578
138.185789621
138.185790657
138.185791687
138.185792711
138.185793729
138.18579474
138.185795745
138.185796744
138.185797736
138.185798723
138.185799704
138.185800678
138.185801647
138.185802609
138.185803566
138.185804517
138.185805462
138.185806401
138.185807334
138.185808262
138.185809184
138.1858101
138.185811011
138.185811916
138.185812815
138.185813709
138.185814598
138.185815481
138.185816359
138.185817231
138.185818098
138.185818959
138.185819815
138.185820666
138.185821512
138.185822353
138.185823188
138.185824018
138.185824844
138.185825664
138.185826479
138.185827289
138.185828094
138.185828894
138.185829689
138.18583048
138.185831265
138.185832046
138.185832822
138.185833593
138.185834359
138.185835121
138.185835878
138.18583663
138.185837378
138.185838121
138.185838859
138.185839593
138.185840323
138.185841048
138.185841769
138.185842485
138.185843196
138.185843904
138.185844607
138.185845306
138.185846
138.18584669
138.185847376
138.185848058
138.185848735
138.185849409
138.185850078
138.185850743
138.185851404
138.185852061
138.185852714
138.185853363
138.185854008
138.185854649
138.185855286
138.185855919
138.185856548
138.185857173
138.185857795
138.185858413
138.185859027
138.185859637
138.185860243
138.185860846
138.185861445
138.18586204
138.185862632
138.18586322
138.185863804
138.185864385
138.185864962
138.185865536
138.185866106
138.185866672
138.185867236
138.185867795
138.185868352
138.185868904
138.185869454
138.18587
138.185870543
138.185871082
138.185871618
138.185872151
138.185872681
138.185873207
138.18587373
138.18587425
138.185874766
138.18587528
138.18587579
138.185876297
138.185876801
138.185877302
138.1858778
138.185878295
138.185878787
138.185879276
138.185879761
138.185880244
138.185880724
138.185881201
138.185881675
138.185882146
138.185882614
138.185883079
138.185883541
138.185884001
138.185884458
138.185884912
138.185885363
138.185885811
138.185886257
138.1858867
138.18588714
138.185887577
138.185888012
138.185888444
138.185888874
138.1858893
138.185889725
138.185890146
138.185890565
138.185890982
138.185891395
138.185891807
138.185892216
138.185892622
138.185893026
138.185893427
138.185893826
138.185894222
138.185894616
138.185895008
138.185895397
138.185895783
138.185896168
138.18589655
138.185896929
138.185897307
138.185897682
138.185898054
138.185898425
138.185898793
138.185899159
138.185899523
138.185899884
138.185900243
138.1859006
138.185900955
138.185901307
138.185901658
138.185902006
138.185902352
138.185902696
138.185903038
138.185903378
138.185903716
138.185904051
138.185904385
138.185904716
138.185905046
138.185905373
138.185905699
138.185906022
138.185906344
138.185906663
138.185906981
138.185907296
138.18590761
138.185907922
138.185908232
138.185908539
138.185908845
138.18590915
138.185909452
138.185909752
138.185910051
138.185910348
138.185910642
138.185910935
138.185911227
138.185911516
138.185911804
138.18591209
138.185912374
138.185912657
138.185912937
138.185913216
138.185913494
138.185913769
138.185914043
138.185914315
138.185914586
138.185914855
138.185915122
138.185915387
138.185915651
138.185915914
138.185916174
138.185916434
138.185916691
138.185916947
138.185917201
138.185917454
138.185917705
138.185917955
138.185918203
138.18591845
138.185918695
138.185918939
138.185919181
138.185919421
138.185919661
138.185919898
138.185920135
138.185920369
138.185920603
138.185920835
138.185921065
138.185921294
138.185921522
138.185921748
138.185921973
138.185922196
138.185922419
138.185922639
138.185922859
138.185923077
138.185923293
138.185923509
138.185923723
138.185923936
138.185924147
138.185924357
138.185924566
138.185924774
138.18592498
138.185925185
138.185925389
138.185925591
138.185925792
138.185925993
138.185926191
138.185926389
138.185926585
138.18592678
138.185926974
138.185927167
138.185927359
138.185927549
138.185927738
138.185927926
138.185928113
138.185928299
138.185928484
138.185928667
138.18592885
138.185929031
138.185929211
138.18592939
138.185929568
138.185929745
138.185929921
138.185930095
138.185930269
138.185930441
138.185930613
138.185930783
138.185930953
138.185931121
138.185931288
138.185931455
138.18593162
138.185931784
138.185931947
138.18593211
138.185932271
138.185932431
138.18593259
138.185932749
138.185932906
138.185933062
138.185933218
138.185933372
138.185933525
138.185933678
138.18593383
138.18593398
138.18593413
138.185934279
138.185934427
138.185934574
138.18593472
138.185934865
138.185935009
138.185935153
138.185935295
138.185935437
138.185935578
138.185935718
138.185935857
138.185935995
138.185936132
138.185936269
138.185936404
138.185936539
138.185936673
138.185936807
138.185936939
138.18593707
138.185937201
138.185937331
138.18593746
138.185937589
138.185937716
138.185937843
138.185937969
138.185938094
138.185938219
138.185938343
138.185938465
138.185938588
138.185938709
138.18593883
138.18593895
138.185939069
138.185939187
138.185939305
138.185939422
138.185939539
138.185939654
138.185939769
138.185939883
138.185939997
138.185940109
138.185940222
138.185940333
138.185940444
138.185940554
138.185940663
138.185940772
138.18594088
138.185940987
138.185941094
138.1859412
138.185941305
138.18594141
138.185941514
138.185941618
138.18594172
138.185941823
138.185941924
138.185942025
138.185942125
138.185942225
138.185942324
138.185942423
138.185942521
138.185942618
138.185942715
138.185942811
138.185942906
138.185943001
138.185943095
138.185943189
138.185943282
138.185943375
138.185943467
138.185943558
138.185943649
138.18594374
138.185943829
138.185943919
138.185944007
138.185944095
138.185944183
138.18594427
138.185944357
138.185944443
138.185944528
138.185944613
138.185944698
138.185944781
138.185944865
138.185944948
138.18594503
138.185945112
138.185945193
138.185945274
138.185945355
138.185945434
138.185945514
138.185945593
138.185945671
138.185945749
138.185945826
138.185945903
138.18594598
138.185946056
138.185946132
138.185946207
138.185946281
138.185946355
138.185946429
138.185946502
138.185946575
138.185946648
138.18594672
138.185946791
138.185946862
138.185946933
138.185947003
138.185947073
138.185947142
138.185947211
138.185947279
138.185947347
138.185947415
138.185947482
138.185947549
138.185947615
138.185947681
138.185947747
138.185947812
138.185947877
138.185947941
138.185948005
138.185948069
138.185948132
138.185948195
138.185948257
138.185948319
138.185948381
138.185948442
138.185948503
138.185948564
138.185948624
138.185948684
138.185948743
138.185948802
138.185948861
138.185948919
138.185948977
138.185949035
138.185949092
138.185949149
138.185949206
138.185949262
138.185949318
138.185949373
138.185949428
138.185949483
138.185949538
138.185949592
138.185949646
138.185949699
138.185949752
138.185949805
138.185949858
138.18594991
138.185949962
138.185950014
138.185950065
138.185950116
138.185950166
138.185950217
138.185950267
138.185950316
138.185950366
138.185950415
138.185950464
138.185950512
138.18595056
138.185950608
138.185950656
138.185950703
138.18595075
138.185950797
138.185950843
138.185950889
138.185950935
138.185950981
138.185951026
138.185951071
138.185951116
138.185951161
138.185951205
138.185951249
138.185951292
138.185951336
138.185951379
138.185951422
138.185951464
138.185951507
138.185951549
138.185951591
138.185951632
138.185951673
138.185951715
138.185951755
138.185951796
138.185951836
138.185951876
138.185951916
138.185951956
138.185951995
138.185952034
138.185952073
138.185952111
138.18595215
138.185952188
138.185952226
138.185952264
138.185952301
138.185952338
138.185952375
138.185952412
138.185952448
138.185952485
138.185952521
138.185952557
138.185952592
138.185952628
138.185952663
138.185952698
138.185952733
138.185952767
138.185952802
138.185952836
138.18595287
138.185952903
138.185952937
138.18595297
138.185953003
138.185953036
138.185953069
138.185953101
138.185953134
138.185953166
138.185953198
138.185953229
138.185953261
138.185953292
138.185953323
138.185953354
138.185953385
138.185953415
138.185953446
138.185953476
138.185953506
138.185953536
138.185953565
138.185953595
138.185953624
138.185953653
138.185953682
138.185953711
138.185953739
138.185953768
138.185953796
138.185953824
138.185953852
138.185953879
138.185953907
138.185953934
138.185953961
138.185953988
138.185954015
138.185954042
138.185954068
138.185954095
138.185954121
138.185954147
138.185954173
138.185954199
138.185954224
138.185954249
138.185954275
138.1859543
138.185954325
138.185954349
138.185954374
138.185954399
138.185954423
138.185954447
138.185954471
138.185954495
138.185954519
138.185954542
138.185954566
138.185954589
138.185954612
138.185954635
138.185954658
138.185954681
138.185954703
138.185954726
138.185954748
138.18595477
138.185954792
138.185954814
138.185954836
138.185954858
138.185954879
138.1859549
138.185954922
138.185954943
138.185954964
138.185954985
138.185955005
138.185955026
138.185955046
138.185955067
138.185955087
138.185955107
138.185955127
138.185955147
138.185955167
138.185955186
138.185955206
138.185955225
138.185955244
138.185955263
138.185955282
138.185955301
138.18595532
138.185955339
138.185955357
138.185955376
138.185955394
138.185955412
138.18595543
138.185955448
138.185955466
138.185955484
138.185955502
138.185955519
138.185955537
138.185955554
138.185955571
138.185955588
138.185955605
138.185955622
138.185955639
138.185955656
138.185955672
138.185955689
138.185955705
138.185955721
138.185955738
138.185955754
138.18595577
138.185955786
138.185955801
138.185955817
138.185955833
138.185955848
138.185955864
138.185955879
138.185955894
138.185955909
138.185955924
138.185955939
138.185955954
138.185955969
138.185955984
138.185955998
138.185956013
138.185956027
138.185956041
138.185956056
138.18595607
138.185956084
138.185956098
138.185956112
138.185956125
138.185956139
138.185956153
138.185956166
138.18595618
138.185956193
138.185956206
138.18595622
138.185956233
138.185956246
138.185956259
138.185956272
138.185956285
138.185956297
138.18595631
138.185956323
138.185956335
138.185956347
138.18595636
138.185956372
138.185956384
138.185956396
138.185956408
138.18595642
138.185956432
138.185956444
138.185956456
138.185956468
138.185956479
138.185956491
138.185956502
138.185956514
138.185956525
138.185956536
138.185956547
138.185956559
138.18595657
138.185956581
138.185956591
138.185956602
138.185956613
138.185956624
138.185956634
138.185956645
138.185956656
138.185956666
138.185956676
138.185956687
138.185956697
138.185956707
138.185956717
138.185956727
138.185956737
138.185956747
138.185956757
138.185956767
138.185956777
138.185956787
138.185956796
138.185956806
138.185956815
138.185956825
138.185956834
138.185956844
138.185956853
138.185956862
138.185956871
138.18595688
138.18595689
138.185956899
138.185956908
138.185956916
138.185956925
138.185956934
138.185956943
138.185956952
138.18595696
138.185956969
138.185956977
138.185956986
138.185956994
138.185957003
138.185957011
138.185957019
138.185957027
138.185957036
138.185957044
138.185957052
138.18595706
138.185957068
138.185957076
138.185957084
138.185957091
138.185957099
138.185957107
138.185957115
138.185957122
138.18595713
138.185957137
138.185957145
138.185957152
138.18595716
138.185957167
138.185957174
138.185957182
138.185957189
138.185957196
138.185957203
138.18595721
138.185957217
138.185957224
138.185957231
138.185957238
138.185957245
138.185957252
138.185957259
138.185957265
138.185957272
138.185957279
138.185957285
138.185957292
138.185957299
138.185957305
138.185957312
138.185957318
138.185957324
138.185957331
138.185957337
138.185957343
138.18595735
138.185957356
138.185957362
138.185957368
138.185957374
138.18595738
138.185957386
138.185957392
138.185957398
138.185957404
138.18595741
138.185957416
138.185957421
138.185957427
138.185957433
138.185957439
138.185957444
138.18595745
138.185957455
138.185957461
138.185957466
138.185957472
138.185957477
138.185957483
138.185957488
138.185957493
138.185957499
138.185957504
138.185957509
138.185957515
138.18595752
138.185957525
138.18595753
138.185957535
138.18595754
138.185957545
138.18595755
138.185957555
138.18595756
138.185957565
138.18595757
138.185957575
138.185957579
138.185957584
138.185957589
138.185957594
138.185957598
138.185957603
138.185957608
138.185957612
138.185957617
138.185957621
138.185957626
138.18595763
138.185957635
138.185957639
138.185957644
138.185957648
138.185957653
138.185957657
138.185957661
138.185957665
138.18595767
138.185957674
138.185957678
138.185957682
138.185957686
138.185957691
138.185957695
138.185957699
138.185957703
138.185957707
138.185957711
138.185957715
138.185957719
138.185957723
138.185957727
138.18595773
138.185957734
138.185957738
138.185957742
138.185957746
138.185957749
138.185957753
138.185957757
138.185957761
138.185957764
138.185957768
138.185957772
138.185957775
138.185957779
138.185957782
138.185957786
138.185957789
138.185957793
138.185957796
138.1859578
138.185957803
138.185957807
138.18595781
138.185957813
138.185957817
138.18595782
138.185957823
138.185957827
138.18595783
138.185957833
138.185957836
138.185957839
138.185957843
138.185957846
138.185957849
138.185957852
138.185957855
138.185957858
138.185957861
138.185957864
138.185957867
138.18595787
138.185957873
138.185957876
138.185957879
138.185957882
138.185957885
138.185957888
138.185957891
138.185957894
138.185957897
138.1859579
138.185957902
138.185957905
138.185957908
138.185957911
138.185957913
138.185957916
138.185957919
138.185957922
138.185957924
138.185957927
138.18595793
138.185957932
138.185957935
138.185957937
138.18595794
138.185957943
138.185957945
138.185957948
138.18595795
138.185957953
138.185957955
138.185957958
138.18595796
138.185957963
138.185957965
138.185957967
138.18595797
138.185957972
138.185957975
138.185957977
138.185957979
138.185957982
138.185957984
138.185957986
138.185957988
138.185957991
138.185957993
138.185957995
138.185957997
138.185958
138.185958002
138.185958004
138.185958006
138.185958008
138.185958011
138.185958013
138.185958015
138.185958017
138.185958019
138.185958021
138.185958023
138.185958025
138.185958027
138.185958029
138.185958031
138.185958033
138.185958035
138.185958037
138.185958039
138.185958041
138.185958043
138.185958045
138.185958047
138.185958049
138.185958051
138.185958053
138.185958055
138.185958056
138.185958058
138.18595806
138.185958062
138.185958064
138.185958066
138.185958067
138.185958069
138.185958071
138.185958073
138.185958074
138.185958076
138.185958078
138.18595808
138.185958081
138.185958083
138.185958085
138.185958086
138.185958088
138.18595809
138.185958091
138.185958093
138.185958095
138.185958096
138.185958098
138.185958099
138.185958101
138.185958103
138.185958104
138.185958106
138.185958107
138.185958109
138.18595811
138.185958112
138.185958113
138.185958115
138.185958116
138.185958118
138.185958119
138.185958121
138.185958122
138.185958124
138.185958125
138.185958127
138.185958128
138.185958129
138.185958131
138.185958132
138.185958134
138.185958135
138.185958136
138.185958138
138.185958139
138.18595814
138.185958142
138.185958143
138.185958144
138.185958146
138.185958147
138.185958148
138.18595815
138.185958151
138.185958152
138.185958153
138.185958155
138.185958156
138.185958157
138.185958158
138.18595816
138.185958161
138.185958162
138.185958163
138.185958164
138.185958166
138.185958167
138.185958168
138.185958169
138.18595817
138.185958171
138.185958173
138.185958174
138.185958175
138.185958176
138.185958177
138.185958178
138.185958179
138.18595818
138.185958181
138.185958183
138.185958184
138.185958185
138.185958186
138.185958187
138.185958188
138.185958189
138.18595819
138.185958191
138.185958192
138.185958193
138.185958194
138.185958195
138.185958196
138.185958197
138.185958198
138.185958199
138.1859582
138.185958201
138.185958202
138.185958203
138.185958204
138.185958205
138.185958206
138.185958207
138.185958208
138.185958208
138.185958209
138.18595821
138.185958211
138.185958212
138.185958213
138.185958214
138.185958215
138.185958216
138.185958217
138.185958217
138.185958218
138.185958219
138.18595822
138.185958221
138.185958222
138.185958223
138.185958223
138.185958224
138.185958225
138.185958226
138.185958227
138.185958227
138.185958228
138.185958229
138.18595823
138.185958231
138.185958231
138.185958232
138.185958233
138.185958234
138.185958234
138.185958235
138.185958236
138.185958237
138.185958237
138.185958238
138.185958239
138.18595824
138.18595824
138.185958241
138.185958242
138.185958243
138.185958243
138.185958244
138.185958245
138.185958245
138.185958246
138.185958247
138.185958247
138.185958248
138.185958249
138.185958249
138.18595825
138.185958251
138.185958251
138.185958252
138.185958253
138.185958253
138.185958254
138.185958255
138.185958255
138.185958256
138.185958257
138.185958257
138.185958258
138.185958258
138.185958259
138.18595826
138.18595826
138.185958261
138.185958261
138.185958262
138.185958263
138.185958263
138.185958264
138.185958264
138.185958265
138.185958265
138.185958266
138.185958267
138.185958267
138.185958268
138.185958268
138.185958269
138.185958269
138.18595827
138.18595827
138.185958271
138.185958272
138.185958272
138.185958273
138.185958273
138.185958274
138.185958274
138.185958275
138.185958275
138.185958276
138.185958276
138.185958277
138.185958277
138.185958278
138.185958278
138.185958279
138.185958279
138.18595828
138.18595828
138.185958281
138.185958281
138.185958282
138.185958282
138.185958282
138.185958283
138.185958283
138.185958284
138.185958284
138.185958285
138.185958285
138.185958286
138.185958286
138.185958287
138.185958287
138.185958287
138.185958288
138.185958288
138.185958289
138.185958289
138.18595829
138.18595829
138.18595829
138.185958291
138.185958291
138.185958292
138.185958292
138.185958292
138.185958293
138.185958293
138.185958294
138.185958294
138.185958294
138.185958295
138.185958295
138.185958296
138.185958296
138.185958296
138.185958297
138.185958297
138.185958297
138.185958298
138.185958298
138.185958299
138.185958299
138.185958299
138.1859583
138.1859583
138.1859583
138.185958301
138.185958301
138.185958301
138.185958302
138.185958302
138.185958302
138.185958303
138.185958303
138.185958303
138.185958304
138.185958304
138.185958304
138.185958305
138.185958305
138.185958305
138.185958306
138.185958306
138.185958306
138.185958307
138.185958307
138.185958307
138.185958308
138.185958308
138.185958308
138.185958309
138.185958309
138.185958309
138.185958309
138.18595831
138.18595831
138.18595831
138.185958311
138.185958311
138.185958311
138.185958311
138.185958312
138.185958312
138.185958312
138.185958313
138.185958313
138.185958313
138.185958313
138.185958314
138.185958314
138.185958314
138.185958315
138.185958315
138.185958315
138.185958315
138.185958316
138.185958316
138.185958316
138.185958316
138.185958317
138.185958317
138.185958317
138.185958317
138.185958318
138.185958318
138.185958318
138.185958318
138.185958319
138.185958319
138.185958319
138.185958319
138.18595832
138.18595832
138.18595832
138.18595832
138.18595832
138.185958321
138.185958321
138.185958321
138.185958321
138.185958322
138.185958322
138.185958322
138.185958322
138.185958322
138.185958323
138.185958323
138.185958323
138.185958323
138.185958324
138.185958324
138.185958324
138.185958324
138.185958324
138.185958325
138.185958325
138.185958325
138.185958325
138.185958325
138.185958326
138.185958326
138.185958326
138.185958326
138.185958326
138.185958327
138.185958327
138.185958327
138.185958327
138.185958327
138.185958328
138.185958328
138.185958328
138.185958328
138.185958328
138.185958328
138.185958329
138.185958329
138.185958329
138.185958329
138.185958329
138.18595833
138.18595833
138.18595833
138.18595833
138.18595833
138.18595833
138.185958331
138.185958331
138.185958331
138.185958331
138.185958331
138.185958331
138.185958332
138.185958332
138.185958332
138.185958332
138.185958332
138.185958332
138.185958332
138.185958333
138.185958333
138.185958333
138.185958333
138.185958333
138.185958333
138.185958334
138.185958334
138.185958334
138.185958334
138.185958334
138.185958334
138.185958334
138.185958335
138.185958335
138.185958335
138.185958335
138.185958335
138.185958335
138.185958335
138.185958336
138.185958336
138.185958336
138.185958336
138.185958336
138.185958336
138.185958336
138.185958336
138.185958337
138.185958337
138.185958337
138.185958337
138.185958337
138.185958337
138.185958337
138.185958338
138.185958338
138.185958338
138.185958338
138.185958338
138.185958338
138.185958338
138.185958338
138.185958338
138.185958339
138.185958339
138.185958339
138.185958339
138.185958339
138.185958339
138.185958339
138.185958339
138.18595834
138.18595834
138.18595834
138.18595834
138.18595834
138.18595834
138.18595834
138.18595834
138.18595834
138.185958341
138.185958341
138.185958341
138.185958341
138.185958341
138.185958341
138.185958341
138.185958341
138.185958341
138.185958341
138.185958342
138.185958342
138.185958342
138.185958342
138.185958342
138.185958342
138.185958342
138.185958342
138.185958342
138.185958342
138.185958343
138.185958343
138.185958343
138.185958343
138.185958343
138.185958343
138.185958343
138.185958343
138.185958343
138.185958343
138.185958343
138.185958344
138.185958344
138.185958344
138.185958344
138.185958344
138.185958344
138.185958344
138.185958344
138.185958344
138.185958344
138.185958344
138.185958344
138.185958345
138.185958345
138.185958345
138.185958345
138.185958345
138.185958345
138.185958345
138.185958345
138.185958345
138.185958345
138.185958345
138.185958345
138.185958345
138.185958346
138.185958346
138.185958346
138.185958346
138.185958346
138.185958346
138.185958346
138.185958346
138.185958346
138.185958346
138.185958346
138.185958346
138.185958346
138.185958346
138.185958347
138.185958347
138.185958347
138.185958347
138.185958347
138.185958347
138.185958347
138.185958347
138.185958347
138.185958347
138.185958347
138.185958347
138.185958347
138.185958347
138.185958347
138.185958348
138.185958348
138.185958348
138.185958348
138.185958348
138.185958348
138.185958348
138.185958348
138.185958348
138.185958348
138.185958348
138.185958348
138.185958348
138.185958348
138.185958348
138.185958348
138.185958349
138.185958349
138.185958349
138.185958349
138.185958349
138.185958349
138.185958349
138.185958349
138.185958349
138.185958349
138.185958349
138.185958349
138.185958349
138.185958349
138.185958349
138.185958349
138.185958349
138.185958349
138.185958349
138.18595835
138.18595835
138.18595835
138.18595835
138.18595835
138.18595835
138.18595835
138.18595835
138.18595835
138.18595835
138.18595835
138.18595835
138.18595835
138.18595835
138.18595835
138.18595835
138.18595835
138.18595835
138.18595835
138.18595835
138.185958351
138.185958351
138.185958351
138.185958351
138.185958351
138.185958351
138.185958351
138.185958351
138.185958351
138.185958351
138.185958351
138.185958351
138.185958351
138.185958351
138.185958351
138.185958351
138.185958351
138.185958351
138.185958351
138.185958351
138.185958351
138.185958351
138.185958351
138.185958351
138.185958352
138.185958352
138.185958352
138.185958352
138.185958352
138.185958352
138.185958352
138.185958352
138.185958352
138.185958352
138.185958352
138.185958352
138.185958352
138.185958352
138.185958352
138.185958352
138.185958352
138.185958352
138.185958352
138.185958352
138.185958352
138.185958352
138.185958352
138.185958352
138.185958352
138.185958352
138.185958352
138.185958352
138.185958352
138.185958353
138.185958353
138.185958353
138.185958353
138.185958353
138.185958353
138.185958353
138.185958353
138.185958353
138.185958353
138.185958353
138.185958353
138.185958353
138.185958353
138.185958353
138.185958353
138.185958353
138.185958353
138.185958353
138.185958353
138.185958353
138.185958353
138.185958353
138.185958353
138.185958353
138.185958353
138.185958353
138.185958353
138.185958353
138.185958353
138.185958353
138.185958353
138.185958353
138.185958353
138.185958354
138.185958354
138.185958354
138.185958354
138.185958354
138.185958354
138.185958354
138.185958354
138.185958354
138.185958354
138.185958354
138.185958354
138.185958354
138.185958354
138.185958354
138.185958354
138.185958354
138.185958354
138.185958354
138.185958354
138.185958354
138.185958354
138.185958354
138.185958354
138.185958354
138.185958354
138.185958354
138.185958354
138.185958354
138.185958354
138.185958354
138.185958354
138.185958354
138.185958354
138.185958354
138.185958354
138.185958354
138.185958354
138.185958354
138.185958354
138.185958354
138.185958354
138.185958354
138.185958355
138.185958355
138.185958355
138.185958355
138.185958355
138.185958355
138.185958355
138.185958355
138.185958355
138.185958355
138.185958355
138.185958355
138.185958355
138.185958355
138.185958355
138.185958355
138.185958355
138.185958355
138.185958355
138.185958355
138.185958355
138.185958355
138.185958355
138.185958355
138.185958355
138.185958355
138.185958355
138.185958355
138.185958355
138.185958355
138.185958355
138.185958355
138.185958355
138.185958355
138.185958355
138.185958355
138.185958355
138.185958355
138.185958355
138.185958355
138.185958355
138.185958355
138.185958355
138.185958355
138.185958355
138.185958355
138.185958355
138.185958355
138.185958355
138.185958355
138.185958355
138.185958355
138.185958355
138.185958355
138.185958355
138.185958355
138.185958355
138.185958355
138.185958356
138.185958356
138.185958356
138.185958356
138.185958356
138.185958356
138.185958356
138.185958356
138.185958356
138.185958356
138.185958356
138.185958356
138.185958356
138.185958356
138.185958356
138.185958356
138.185958356
138.185958356
138.185958356
138.185958356
138.185958356
138.185958356
138.185958356
138.185958356
138.185958356
138.185958356
138.185958356
138.185958356
138.185958356
138.185958356
138.185958356
138.185958356
138.185958356
138.185958356
138.185958356
138.185958356
138.185958356
138.185958356
138.185958356
138.185958356
138.185958356
138.185958356
138.185958356
138.185958356
138.185958356
138.185958356
138.185958356
138.185958356
138.185958356
138.185958356
138.185958356
138.185958356
138.185958356
138.185958356
138.185958356
138.185958356
138.185958356
138.185958356
138.185958356
138.185958356
138.185958356
138.185958356
138.185958356
138.185958356
138.185958356
138.185958356
138.185958356
138.185958356
138.185958356
138.185958356
138.185958356
138.185958356
138.185958356
138.185958356
138.185958356
138.185958356
138.185958356
138.185958356
138.185958356
138.185958356
138.185958356
138.185958356
138.185958356
138.185958356
138.185958356
138.185958356
138.185958356
138.185958356
138.185958356
138.185958356
138.185958356
138.185958356
138.185958356
138.185958357
138.185958357
138.185958357
138.185958357
138.185958357
138.185958357
138.185958357
138.185958357
138.185958357
138.185958357
138.185958357
138.185958357
138.185958357
138.185958357
138.185958357
138.185958357
138.185958357
138.185958357
138.185958357
138.185958357
138.185958357
138.185958357
138.185958357
138.185958357
138.185958357
138.185958357
138.185958357
138.185958357
138.185958357
138.185958357
138.185958357
138.185958357
138.185958357
138.185958357
138.185958357
138.185958357
138.185958357
138.185958357
138.185958357
138.185958357
138.185958357
138.185958357
138.185958357
138.185958357
138.185958357
138.185958357
138.185958357
138.185958357
138.185958357
138.185958357
138.185958357
138.185958357
138.185958357
138.185958357
138.185958357
138.185958357
138.185958357
138.185958357
138.185958357
138.185958357
138.185958357
138.185958357
138.185958357
138.185958357
138.185958357
138.185958357
138.185958357
138.185958357
138.185958357
138.185958357
138.185958357
138.185958357
138.185958357
138.185958357
138.185958357
138.185958357
138.185958357
138.185958357
138.185958357
138.185958357
138.185958357
138.185958357
138.185958357
138.185958357
138.185958357
138.185958357
138.185958357
138.185958357
138.185958357
138.185958357
138.185958357
138.185958357
138.185958357
138.185958357
138.185958357
138.185958357
138.185958357
138.185958357
138.185958357
138.185958357
138.185958357
138.185958357
138.185958357
138.185958357
138.185958357
138.185958357
138.185958357
138.185958357
138.185958357
138.185958357
138.185958357
138.185958357
138.185958357
138.185958357
138.185958357
138.185958357
138.185958357
138.185958357
138.185958357
138.185958357
138.185958357
138.185958357
138.185958357
138.185958357
138.185958357
138.185958357
138.185958357
138.185958357
138.185958357
138.185958357
138.185958357
138.185958357
138.185958357
138.185958357
138.185958357
138.185958357
138.185958357
138.185958357
138.185958357
138.185958357
138.185958357
138.185958357
138.185958357
138.185958357
138.185958357
138.185958357
138.185958357
138.185958357
138.185958357
138.185958357
138.185958357
138.185958357
138.185958357
138.185958357
138.185958357
138.185958357
138.185958357
138.185958357
138.185958357
138.185958357
138.185958357
138.185958357
138.185958357
138.185958357
138.185958357
138.185958357
138.185958357
138.185958357
138.185958357
138.185958357
138.185958357
138.185958357
138.185958357
138.185958357
138.185958357
138.185958357
138.185958357
138.185958357
138.185958357
138.185958357
138.185958357
138.185958357
138.185958357
138.185958357
138.185958357
138.185958357
138.185958357
138.185958357
138.185958357
138.185958357
138.185958357
138.185958357
138.185958357
138.185958357
138.185958357
138.185958357
138.185958357
138.185958357
138.185958357
138.185958357
138.185958357
138.185958357
138.185958357
138.185958357
138.185958357
138.185958357
138.185958357
138.185958357
138.185958357
138.185958357
138.185958357
138.185958357
138.185958357
138.185958357
138.185958357
138.185958357
138.185958357
138.185958357
138.185958357
138.185958357
138.185958357
138.185958357
138.185958357
138.185958357
138.185958357
138.185958357
138.185958357
138.185958357
138.185958357
138.185958357
138.185958357
138.185958357
138.185958357
138.185958357
138.185958357
138.185958357
138.185958357
138.185958357
138.185958357
138.185958357
138.185958357
138.185958358
138.185958358
138.185958358
138.185958358
138.185958358
138.185958358
138.185958358
138.185958358
138.185958358
138.185958358
138.185958358
138.185958358
138.185958358
138.185958358
138.185958358
138.185958358
138.185958358
138.185958358
138.185958358
138.185958358
138.185958358
138.185958358
138.185958358
138.185958358
138.185958358
138.185958358
138.185958358
138.185958358
138.185958358
138.185958358
138.185958358
138.185958358
138.185958358
138.185958358
138.185958358
138.185958358
138.185958358
138.185958358
138.185958358
138.185958358
138.185958358
138.185958358
138.185958358
138.185958358
138.185958358
138.185958358
138.185958358
138.185958358
138.185958358
138.185958358
138.185958358
138.185958358
138.185958358
138.185958358
138.185958358
138.185958358
138.185958358
138.185958358
138.185958358
138.185958358
138.185958358
138.185958358
138.185958358
138.185958358
138.185958358
138.185958358
138.185958358
138.185958358
138.185958358
138.185958358
138.185958358
138.185958358
138.185958358
138.185958358
138.185958358
138.185958358
138.185958358
138.185958358
138.185958358
138.185958358
138.185958358
138.185958358
138.185958358
138.185958358
138.185958358
138.185958358
138.185958358
138.185958358
138.185958358
138.185958358
138.185958358
138.185958358
138.185958358
138.185958358
138.185958358
138.185958358
138.185958358
138.185958358
138.185958358
138.185958358
138.185958358
138.185958358
138.185958358
138.185958358
138.185958358
138.185958358
138.185958358
138.185958358
138.185958358
138.185958358
138.185958358
138.185958358
138.185958358
138.185958358
138.185958358
138.185958358
138.185958358
138.185958358
138.185958358
138.185958358
138.185958358
138.185958358
138.185958358
138.185958358
138.185958358
138.185958358
138.185958358
138.185958358
138.185958358
138.185958358
138.185958358
138.185958358
138.185958358
138.185958358
138.185958358
138.185958358
138.185958358
138.185958358
138.185958358
138.185958358
138.185958358
138.185958358
138.185958358
138.185958358
138.185958358
138.185958358
138.185958358
138.185958358
138.185958358
138.185958358
138.185958358
138.185958358
138.185958358
138.185958358
138.185958358
138.185958358
138.185958358
138.185958358
138.185958358
138.185958358
138.185958358
138.185958358
138.185958358
138.185958358
138.185958358
138.185958358
138.185958358
138.185958358
138.185958358
138.185958358
138.185958358
138.185958358
138.185958358
138.185958358
138.185958358
138.185958358
138.185958358
138.185958358
138.185958358
138.185958358
138.185958358
138.185958358
138.185958358
138.185958358
138.185958358
138.185958358
138.185958358
138.185958358
138.185958358
138.185958358
138.185958358
138.185958358
138.185958358
138.185958358
138.185958358
138.185958358
138.185958358
138.185958358
138.185958358
138.185958358
138.185958358
138.185958358
138.185958358
138.185958358
138.185958358
138.185958358
138.185958358
138.185958358
138.185958358
138.185958358
138.185958358
138.185958358
138.185958358
138.185958358
138.185958358
138.185958358
138.185958358
138.185958358
138.185958358
138.185958358
138.185958358
138.185958358
138.185958358
138.185958358
138.185958358
138.185958358
138.185958358
138.185958358
138.185958358
138.185958358
138.185958358
138.185958358
138.185958358
138.185958358
138.185958358
138.185958358
138.185958358
138.185958358
138.185958358
138.185958358
138.185958358
138.185958358
138.185958358
138.185958358
138.185958358
138.185958358
138.185958358
138.185958358
138.185958358
138.185958358
138.185958358
138.185958358
138.185958358
138.185958358
138.185958358
138.185958358
138.185958358
138.185958358
138.185958358
138.185958358
138.185958358
138.185958358
138.185958358
138.185958358
138.185958358
138.185958358
138.185958358
138.185958358
138.185958358
138.185958358
138.185958358
138.185958358
138.185958358
138.185958358
138.185958358
138.185958358
138.185958358
138.185958358
138.185958358
138.185958358
138.185958358
138.185958358
138.185958358
138.185958358
138.185958358
138.185958358
138.185958358
138.185958358
138.185958358
138.185958358
138.185958358
138.185958358
138.185958358
138.185958358
138.185958358
138.185958358
138.185958358
138.185958358
138.185958358
138.185958358
138.185958358
138.185958358
138.185958358
138.185958358
138.185958358
138.185958358
138.185958358
138.185958358
138.185958358
138.185958358
138.185958358
138.185958358
138.185958358
138.185958358
138.185958358
138.185958358
138.185958358
138.185958358
138.185958358
138.185958358
138.185958358
138.185958358
138.185958358
138.185958358
138.185958358
138.185958358
138.185958358
138.185958358
138.185958358
138.185958358
138.185958358
138.185958358
138.185958358
138.185958358
138.185958358
138.185958358
138.185958358
138.185958358
138.185958358
138.185958358
138.185958358
138.185958358
138.185958358
138.185958358
138.185958358
138.185958358
138.185958358
138.185958358
138.185958358
138.185958358
138.185958358
138.185958358
138.185958358
138.185958358
138.185958358
138.185958358
138.185958358
138.185958358
138.185958358
138.185958358
138.185958358
138.185958358
138.185958358
138.185958358
138.185958358
138.185958358
138.185958358
138.185958358
138.185958358
138.185958358
138.185958358
138.185958358
138.185958358
138.185958358
138.185958358
138.185958358
138.185958358
138.185958358
138.185958358
138.185958358
138.185958358
138.185958358
138.185958358
138.185958358
138.185958358
138.185958358
138.185958358
138.185958358
138.185958358
138.185958358
138.185958358
138.185958358
138.185958358
138.185958358
138.185958358
138.185958358
138.185958358
138.185958358
138.185958358
138.185958358
138.185958358
138.185958358
138.185958358
138.185958358
138.185958358
138.185958358
138.185958358
138.185958358
138.185958358
138.185958358
138.185958358
138.185958358
138.185958358
138.185958358
138.185958358
138.185958358
138.185958358
138.185958358
138.185958358
138.185958358
138.185958358
138.185958358
138.185958358
138.185958358
138.185958358
138.185958358
138.185958358
138.185958358
138.185958358
138.185958358
138.185958358
138.185958358
138.185958358
138.185958358
138.185958358
138.185958358
138.185958358
138.185958358
138.185958358
138.185958358
138.185958358
138.185958358
138.185958358
138.185958358
138.185958358
138.185958358
138.185958358
138.185958358
138.185958358
138.185958358
138.185958358
138.185958358
138.185958358
138.185958358
138.185958358
138.185958358
138.185958358
138.185958358
138.185958358
138.185958358
138.185958358
138.185958358
138.185958358
138.185958358
138.185958358
138.185958358
138.185958358
138.185958358
138.185958358
138.185958358
138.185958358
138.185958358
138.185958358
138.185958358
138.185958358
138.185958358
138.185958358
138.185958358
138.185958358
138.185958358
138.185958358
138.185958358
138.185958358
138.185958358
138.185958358
138.185958358
138.185958358
138.185958358
138.185958358
138.185958358
138.185958358
138.185958358
138.185958358
138.185958358
138.185958358
138.185958358
138.185958358
138.185958358
138.185958358
138.185958358
138.185958358
138.185958358
138.185958358
138.185958358
138.185958358
138.185958358
138.185958358
138.185958358
138.185958358
138.185958358
138.185958358
138.185958358
138.185958358
138.185958358
138.185958358
138.185958358
138.185958358
138.185958358
138.185958358
138.185958358
138.185958358
138.185958358
138.185958358
138.185958358
138.185958358
138.185958358
138.185958358
138.185958358
138.185958358
138.185958358
138.185958358
138.185958358
138.185958358
138.185958358
138.185958358
138.185958358
138.185958358
138.185958358
138.185958358
138.185958358
138.185958358
138.185958358
138.185958358
138.185958358
138.185958358
138.185958358
138.185958358
138.185958358
138.185958358
138.185958358
138.185958358
138.185958358
138.185958358
138.185958358
138.185958358
138.185958358
138.185958358
138.185958358
138.185958358
138.185958358
138.185958358
138.185958358
138.185958358
138.185958358
138.185958358
138.185958358
138.185958358
138.185958358
138.185958358
138.185958358
138.185958358
138.185958358
138.185958358
138.185958358
138.185958358
138.185958358
138.185958358
138.185958358
138.185958358
138.185958358
138.185958358
138.185958358
138.185958358
138.185958358
138.185958358
138.185958358
138.185958358
138.185958358
138.185958358
138.185958358
138.185958358
138.185958358
138.185958358
138.185958358
138.185958358
138.185958358
138.185958358
138.185958358
138.185958358
138.185958358
138.185958358
138.185958358
138.185958358
138.185958358
138.185958358
138.185958358
138.185958358
138.185958358
138.185958358
138.185958358
138.185958358
138.185958358
138.185958358
138.185958358
138.185958358
138.185958358
138.185958358
138.185958358
138.185958358
138.185958358
138.185958358
138.185958358
138.185958358
138.185958358
138.185958358
138.185958358
138.185958358
138.185958358
138.185958358
138.185958358
138.185958358
138.185958358
138.185958358
138.185958358
138.185958358
138.185958358
138.185958358
138.185958358
138.185958358
138.185958358
138.185958358
138.185958358
138.185958358
138.185958358
138.185958358
138.185958358
138.185958358
138.185958358
138.185958358
138.185958358
138.185958358
138.185958358
138.185958358
138.185958358
138.185958358
138.185958358
138.185958358
138.185958358
138.185958358
138.185958358
138.185958358
138.185958358
138.185958358
138.185958358
138.185958358
138.185958358
138.185958358
138.185958358
138.185958358
138.185958358
138.185958358
138.185958358
138.185958358
138.185958358
138.185958358
138.185958358
138.185958358
138.185958358
138.185958358
138.185958358
138.185958358
138.185958358
138.185958358
138.185958358
138.185958358
138.185958358
138.185958358
138.185958358
138.185958358
138.185958358
138.185958358
138.185958358
138.185958358
138.185958358
138.185958358
138.185958358
138.185958358
138.185958358
138.185958358
138.185958358
138.185958358
138.185958358
138.185958358
138.185958358
138.185958358
138.185958358
138.185958358
138.185958358
138.185958358
138.185958358
138.185958358
138.185958358
138.185958358
138.185958358
138.185958358
138.185958358
138.185958358
138.185958358
138.185958358
138.185958358
138.185958358
138.185958358
138.185958358
138.185958358
138.185958358
138.185958358
138.185958358
138.185958358
138.185958358
138.185958358
138.185958358
138.185958358
138.185958358
138.185958358
138.185958358
138.185958358
138.185958358
138.185958358
138.185958358
138.185958358
138.185958358
138.185958358
138.185958358
138.185958358
138.185958358
138.185958358
138.185958358
138.185958358
138.185958358
138.185958358
138.185958358
138.185958358
138.185958358
138.185958358
138.185958358
138.185958358
138.185958358
138.185958358
138.185958358
138.185958358
138.185958358
138.185958358
138.185958358
138.185958358
138.185958358
138.185958358
138.185958358
138.185958358
138.185958358
138.185958358
138.185958358
138.185958358
138.185958358
138.185958358
138.185958358
138.185958358
138.185958358
138.185958358
138.185958358
138.185958358
138.185958358
138.185958358
138.185958358
138.185958358
138.185958358
138.185958358
138.185958358
138.185958358
138.185958358
138.185958358
138.185958358
138.185958358
138.185958358
138.185958358
138.185958358
138.185958358
138.185958358
138.185958358
138.185958358
138.185958358
138.185958358
138.185958358
138.185958358
138.185958358
138.185958358
138.185958358
138.185958358
138.185958358
138.185958358
138.185958358
138.185958358
138.185958358
138.185958358
138.185958358
138.185958358
138.185958358
138.185958358
138.185958358
138.185958358
138.185958358
138.185958358
138.185958358
138.185958358
138.185958358
138.185958358
138.185958358
138.185958358
138.185958358
138.185958358
138.185958358
138.185958358
138.185958358
138.185958358
138.185958358
138.185958358
138.185958358
138.185958358
138.185958358
138.185958358
138.185958358
138.185958358
138.185958358
138.185958358
138.185958358
138.185958358
138.185958358
138.185958358
138.185958358
138.185958358
138.185958358
138.185958358
138.185958358
138.185958358
138.185958358
138.185958358
138.185958358
138.185958358
138.185958358
138.185958358
138.185958358
138.185958358
138.185958358
138.185958358
138.185958358
138.185958358
138.185958358
138.185958358
138.185958358
138.185958358
138.185958358
138.185958358
138.185958358
138.185958358
138.185958358
138.185958358
138.185958358
138.185958358
138.185958358
138.185958358
138.185958358
138.185958358
138.185958358
138.185958358
138.185958358
138.185958358
138.185958358
138.185958358
138.185958358
138.185958358
138.185958358
138.185958358
138.185958358
138.185958358
138.185958358
138.185958358
138.185958358
138.185958358
138.185958358
138.185958358
138.185958358
138.185958358
138.185958358
138.185958358
138.185958358
138.185958358
138.185958358
138.185958358
138.185958358
138.185958358
138.185958358
138.185958358
138.185958358
138.185958358
138.185958358
138.185958358
138.185958358
138.185958358
138.185958358
138.185958358
138.185958358
138.185958358
138.185958358
138.185958358
138.185958358
138.185958358
138.185958358
138.185958358
138.185958358
138.185958358
138.185958358
138.185958358
138.185958358
138.185958358
138.185958358
138.185958358
138.185958358
138.185958358
138.185958358
138.185958358
138.185958358
138.185958358
138.185958358
138.185958358
138.185958358
138.185958358
138.185958358
138.185958358
138.185958358
138.185958358
138.185958358
138.185958358
138.185958358
138.185958358
138.185958358
138.185958358
138.185958358
138.185958358
138.185958358
138.185958358
138.185958358
138.185958358
138.185958358
138.185958358
138.185958358
138.185958358
138.185958358
138.185958358
138.185958358
138.185958358
138.185958358
138.185958358
138.185958358
138.185958358
138.185958358
138.185958358
138.185958358
138.185958358
138.185958358
138.185958358
138.185958358
138.185958358
138.185958358
138.185958358
138.185958358
138.185958358
138.185958358
138.185958358
138.185958358
138.185958358
138.185958358
138.185958358
138.185958358
138.185958358
138.185958358
138.185958358
138.185958358
138.185958358
138.185958358
138.185958358
138.185958358
138.185958358
138.185958358
138.185958358
138.185958358
138.185958358
138.185958358
138.185958358
138.185958358
138.185958358
138.185958358
138.185958358
138.185958358
138.185958358
138.185958358
138.185958358
138.185958358
138.185958358
138.185958358
138.185958358
138.185958358
138.185958358
138.185958358
138.185958358
138.185958358
138.185958358
138.185958358
138.185958358
138.185958358
138.185958358
138.185958358
138.185958358
138.185958358
138.185958358
138.185958358
138.185958358
138.185958358
138.185958358
138.185958358
138.185958358
138.185958358
138.185958358
138.185958358
138.185958358
138.185958358
138.185958358
138.185958358
138.185958358
138.185958358
138.185958358
138.185958358
138.185958358
138.185958358
138.185958358
138.185958358
138.185958358
138.185958358
138.185958358
138.185958358
138.185958358
138.185958358
138.185958358
138.185958358
138.185958358
138.185958358
138.185958358
138.185958358
138.185958358
138.185958358
138.185958358
138.185958358
138.185958358
138.185958358
138.185958358
138.185958358
138.185958358
138.185958358
138.185958358
138.185958358
138.185958358
138.185958358
138.185958358
138.185958358
138.185958358
138.185958358
138.185958358
138.185958358
138.185958358
138.185958358
138.185958358
138.185958358
138.185958358
138.185958358
138.185958358
138.185958358
138.185958358
138.185958358
138.185958358
138.185958358
138.185958358
138.185958358
138.185958358
138.185958358
138.185958358
138.185958358
138.185958358
138.185958358
138.185958358
138.185958358
138.185958358
138.185958358
138.185958358
138.185958358
138.185958358
138.185958358
138.185958358
138.185958358
138.185958358
138.185958358
138.185958358
138.185958358
138.185958358
138.185958358
138.185958358
138.185958358
138.185958358
138.185958358
138.185958358
138.185958358
138.185958358
138.185958358
138.185958358
138.185958358
138.185958358
138.185958358
138.185958358
138.185958358
138.185958358
138.185958358
138.185958358
138.185958358
138.185958358
138.185958358
138.185958358
138.185958358
138.185958358
138.185958358
138.185958358
138.185958358
138.185958358
138.185958358
138.185958358
138.185958358
138.185958358
138.185958358
138.185958358
138.185958358
138.185958358
138.185958358
138.185958358
138.185958358
138.185958358
138.185958358
138.185958358
138.185958358
138.185958358
138.185958358
138.185958358
138.185958358
138.185958358
138.185958358
138.185958358
138.185958358
138.185958358
138.185958358
138.185958358
138.185958358
138.185958358
138.185958358
138.185958358
138.185958358
138.185958358
138.185958358
138.185958358
138.185958358
138.185958358
138.185958358
138.185958358
138.185958358
138.185958358
138.185958358
138.185958358
138.185958358
138.185958358
138.185958358
138.185958358
138.185958358
138.185958358
138.185958358
138.185958358
138.185958358
138.185958358
138.185958358
138.185958358
138.185958358
138.185958358
138.185958358
138.185958358
138.185958358
138.185958358
138.185958358
138.185958358
138.185958358
138.185958358
138.185958358
138.185958358
138.185958358
138.185958358
138.185958358
138.185958358
138.185958358
138.185958358
138.185958358
138.185958358
138.185958358
138.185958358
138.185958358
138.185958358
138.185958358
138.185958358
138.185958358
138.185958358
138.185958358
138.185958358
138.185958358
138.185958358
138.185958358
138.185958358
138.185958358
138.185958358
138.185958358
138.185958358
138.185958358
138.185958358
138.185958358
138.185958358
138.185958358
138.185958358
138.185958358
138.185958358
138.185958358
138.185958358
138.185958358
138.185958358
138.185958358
138.185958358
138.185958358
138.185958358
138.185958358
138.185958358
138.185958358
138.185958358
138.185958358
138.185958358
138.185958358
138.185958358
138.185958358
138.185958358
138.185958358
138.185958358
138.185958358
138.185958358
138.185958358
138.185958358
138.185958358
138.185958358
138.185958358
138.185958358
138.185958358
138.185958358
138.185958358
138.185958358
138.185958358
138.185958358
138.185958358
138.185958358
138.185958358
138.185958358
138.185958358
138.185958358
138.185958358
138.185958358
138.185958358
138.185958358
138.185958358
138.185958358
138.185958358
138.185958358
138.185958358
138.185958358
138.185958358
138.185958358
138.185958358
138.185958358
138.185958358
138.185958358
138.185958358
138.185958358
138.185958358
138.185958358
138.185958358
138.185958358
138.185958358
138.185958358
138.185958358
138.185958358
138.185958358
138.185958358
138.185958358
138.185958358
138.185958358
138.185958358
138.185958358
138.185958358
138.185958358
138.185958358
138.185958358
138.185958358
138.185958358
138.185958358
138.185958358
138.185958358
138.185958358
138.185958358
138.185958358
138.185958358
138.185958358
138.185958358
138.185958358
138.185958358
138.185958358
138.185958358
138.185958358
138.185958358
138.185958358
138.185958358
138.185958358
138.185958358
138.185958358
138.185958358
138.185958358
138.185958358
138.185958358
138.185958358
138.185958358
138.185958358
138.185958358
138.185958358
138.185958358
138.185958358
138.185958358
138.185958358
138.185958358
138.185958358
138.185958358
138.185958358
138.185958358
138.185958358
138.185958358
138.185958358
138.185958358
138.185958358
138.185958358
138.185958358
138.185958358
138.185958358
138.185958358
138.185958358
138.185958358
138.185958358
138.185958358
138.185958358
138.185958358
138.185958358
138.185958358
138.185958358
138.185958358
138.185958358
138.185958358
138.185958358
138.185958358
138.185958358
138.185958358
138.185958358
138.185958358
138.185958358
138.185958358
138.185958358
138.185958358
138.185958358
138.185958358
138.185958358
138.185958358
138.185958358
138.185958358
138.185958358
138.185958358
138.185958358
138.185958358
138.185958358
138.185958358
138.185958358
138.185958358
138.185958358
138.185958358
138.185958358
138.185958358
138.185958358
138.185958358
138.185958358
138.185958358
138.185958358
138.185958358
138.185958358
138.185958358
138.185958358
138.185958358
138.185958358
138.185958358
138.185958358
138.185958358
138.185958358
138.185958358
138.185958358
138.185958358
138.185958358
138.185958358
138.185958358
138.185958358
138.185958358
138.185958358
138.185958358
138.185958358
138.185958358
138.185958358
138.185958358
138.185958358
138.185958358
138.185958358
138.185958358
138.185958358
138.185958358
138.185958358
138.185958358
138.185958358
138.185958358
138.185958358
138.185958358
138.185958358
138.185958358
138.185958358
138.185958358
138.185958358
138.185958358
138.185958358
138.185958358
138.185958358
138.185958358
138.185958358
138.185958358
138.185958358
138.185958358
138.185958358
138.185958358
138.185958358
138.185958358
138.185958358
138.185958358
138.185958358
138.185958358
138.185958358
138.185958358
138.185958358
138.185958358
138.185958358
138.185958358
138.185958358
138.185958358
138.185958358
138.185958358
138.185958358
138.185958358
138.185958358
138.185958358
138.185958358
138.185958358
138.185958358
138.185958358
138.185958358
138.185958358
138.185958358
138.185958358
138.185958358
138.185958358
138.185958358
138.185958358
138.185958358
138.185958358
138.185958358
138.185958358
138.185958358
138.185958358
138.185958358
138.185958358
138.185958358
138.185958358
138.185958358
138.185958358
138.185958358
138.185958358
138.185958358
138.185958358
138.185958358
138.185958358
138.185958358
138.185958358
138.185958358
138.185958358
138.185958358
138.185958358
138.185958358
138.185958358
138.185958358
138.185958358
138.185958358
138.185958358
138.185958358
138.185958358
138.185958358
138.185958358
138.185958358
138.185958358
138.185958358
138.185958358
138.185958358
138.185958358
138.185958358
138.185958358
138.185958358
138.185958358
138.185958358
138.185958358
138.185958358
138.185958358
138.185958358
138.185958358
138.185958358
138.185958358
138.185958358
138.185958358
138.185958358
138.185958358
138.185958358
138.185958358
138.185958358
138.185958358
138.185958358
138.185958358
138.185958358
138.185958358
138.185958358
138.185958358
138.185958358
138.185958358
138.185958358
138.185958358
138.185958358
138.185958358
138.185958358
138.185958358
138.185958358
138.185958358
138.185958358
138.185958358
138.185958358
138.185958358
138.185958358
138.185958358
138.185958358
138.185958358
138.185958358
138.185958358
138.185958358
138.185958358
138.185958358
138.185958358
138.185958358
138.185958358
138.185958358
138.185958358
138.185958358
138.185958358
138.185958358
138.185958358
138.185958358
138.185958358
138.185958358
138.185958358
138.185958358
138.185958358
138.185958358
138.185958358
138.185958358
138.185958358
138.185958358
138.185958358
138.185958358
138.185958358
138.185958358
138.185958358
138.185958358
138.185958358
138.185958358
138.185958358
138.185958358
138.185958358
138.185958358
138.185958358
138.185958358
138.185958358
138.185958358
138.185958358
138.185958358
138.185958358
138.185958358
138.185958358
138.185958358
138.185958358
138.185958358
138.185958358
138.185958358
138.185958358
138.185958358
138.185958358
138.185958358
138.185958358
138.185958358
138.185958358
138.185958358
138.185958358
138.185958358
138.185958358
138.185958358
138.185958358
138.185958358
138.185958358
138.185958358
138.185958358
138.185958358
138.185958358
138.185958358
138.185958358
138.185958358
138.185958358
138.185958358
138.185958358
138.185958358
138.185958358
138.185958358
138.185958358
138.185958358
138.185958358
138.185958358
138.185958358
138.185958358
138.185958358
138.185958358
138.185958358
138.185958358
138.185958358
138.185958358
138.185958358
138.185958358
138.185958358
138.185958358
138.185958358
138.185958358
138.185958358
138.185958358
138.185958358
138.185958358
138.185958358
138.185958358
138.185958358
138.185958358
138.185958358
138.185958358
138.185958358
138.185958358
138.185958358
138.185958358
138.185958358
138.185958358
138.185958358
138.185958358
138.185958358
138.185958358
138.185958358
138.185958358
138.185958358
138.185958358
138.185958358
138.185958358
138.185958358
138.185958358
138.185958358
138.185958358
138.185958358
138.185958358
138.185958358
138.185958358
138.185958358
138.185958358
138.185958358
138.185958358
138.185958358
138.185958358
138.185958358
138.185958358
138.185958358
138.185958358
138.185958358
138.185958358
138.185958358
138.185958358
138.185958358
138.185958358
138.185958358
138.185958358
138.185958358
138.185958358
138.185958358
138.185958358
138.185958358
138.185958358
138.185958358
138.185958358
138.185958358
138.185958358
138.185958358
138.185958358
138.185958358
138.185958358
138.185958358
138.185958358
138.185958358
138.185958358
138.185958358
138.185958358
138.185958358
138.185958358
138.185958358
138.185958358
138.185958358
138.185958358
138.185958358
138.185958358
138.185958358
138.185958358
138.185958358
138.185958358
138.185958358
138.185958358
138.185958358
138.185958358
138.185958358
138.185958358
138.185958358
138.185958358
138.185958358
138.185958358
138.185958358
138.185958358
138.185958358
138.185958358
138.185958358
138.185958358
138.185958358
138.185958358
138.185958358
138.185958358
138.185958358
138.185958358
138.185958358
138.185958358
138.185958358
138.185958358
138.185958358
138.185958358
138.185958358
138.185958358
138.185958358
138.185958358
138.185958358
138.185958358
138.185958358
138.185958358
138.185958358
138.185958358
138.185958358
138.185958358
138.185958358
138.185958358
138.185958358
138.185958358
138.185958358
138.185958358
138.185958358
138.185958358
138.185958358
138.185958358
138.185958358
138.185958358
138.185958358
138.185958358
138.185958358
138.185958358
138.185958358
138.185958358
138.185958358
138.185958358
138.185958358
138.185958358
138.185958358
138.185958358
138.185958358
138.185958358
138.185958358
138.185958358
138.185958358
138.185958358
138.185958358
138.185958358
138.185958358
138.185958358
138.185958358
138.185958358
138.185958358
138.185958358
138.185958358
138.185958358
138.185958358
138.185958358
138.185958358
138.185958358
138.185958358
138.185958358
138.185958358
138.185958358
138.185958358
138.185958358
138.185958358
138.185958358
138.185958358
138.185958358
138.185958358
138.185958358
138.185958358
138.185958358
138.185958358
138.185958358
138.185958358
138.185958358
138.185958358
138.185958358
138.185958358
138.185958358
138.185958358
138.185958358
138.185958358
138.185958358
138.185958358
138.185958358
138.185958358
138.185958358
138.185958358
138.185958358
138.185958358
138.185958358
138.185958358
138.185958358
138.185958358
138.185958358
138.185958358
138.185958358
138.185958358
138.185958358
138.185958358
138.185958358
138.185958358
138.185958358
138.185958358
138.185958358
138.185958358
138.185958358
138.185958358
138.185958358
138.185958358
138.185958358
138.185958358
138.185958358
138.185958358
138.185958358
138.185958358
138.185958358
138.185958358
138.185958358
138.185958358
138.185958358
138.185958358
138.185958358
138.185958358
138.185958358
138.185958358
138.185958358
138.185958358
138.185958358
138.185958358
138.185958358
138.185958358
138.185958358
138.185958358
138.185958358
138.185958358
138.185958358
138.185958358
138.185958358
138.185958358
138.185958358
138.185958358
138.185958358
138.185958358
138.185958358
138.185958358
138.185958358
138.185958358
138.185958358
138.185958358
138.185958358
138.185958358
138.185958358
138.185958358
138.185958358
138.185958358
138.185958358
138.185958358
138.185958358
138.185958358
138.185958358
138.185958358
138.185958358
138.185958358
138.185958358
138.185958358
138.185958358
138.185958358
138.185958358
138.185958358
138.185958358
138.185958358
138.185958358
138.185958358
138.185958358
138.185958358
138.185958358
138.185958358
138.185958358
138.185958358
138.185958358
138.185958358
138.185958358
138.185958358
138.185958358
138.185958358
138.185958358
138.185958358
138.185958358
138.185958358
138.185958358
138.185958358
138.185958358
138.185958358
138.185958358
138.185958358
138.185958358
138.185958358
138.185958358
138.185958358
138.185958358
138.185958358
138.185958358
138.185958358
138.185958358
138.185958358
138.185958358
138.185958358
138.185958358
138.185958358
138.185958358
138.185958358
138.185958358
138.185958358
138.185958358
138.185958358
138.185958358
138.185958358
138.185958358
138.185958358
138.185958358
138.185958358
138.185958358
138.185958358
138.185958358
138.185958358
138.185958358
138.185958358
138.185958358
138.185958358
138.185958358
138.185958358
138.185958358
138.185958358
138.185958358
138.185958358
138.185958358
138.185958358
138.185958358
138.185958358
138.185958358
138.185958358
138.185958358
138.185958358
138.185958358
138.185958358
138.185958358
138.185958358
138.185958358
138.185958358
138.185958358
138.185958358
138.185958358
138.185958358
138.185958358
138.185958358
138.185958358
138.185958358
138.185958358
138.185958358
138.185958358
138.185958358
138.185958358
138.185958358
138.185958358
138.185958358
138.185958358
138.185958358
138.185958358
138.185958358
138.185958358
138.185958358
138.185958358
138.185958358
138.185958358
138.185958358
138.185958358
138.185958358
138.185958358
138.185958358
138.185958358
138.185958358
138.185958358
138.185958358
138.185958358
138.185958358
138.185958358
138.185958358
138.185958358
138.185958358
138.185958358
138.185958358
138.185958358
