-10.993183904	-10.3426612176	-11.6437065905
-10.5551410967	-9.9112301824	-11.1990515265
-10.1214344646	-9.48406971572	-10.758798254
-9.69202108395	-9.06113754486	-10.322903198
-9.26685845597	-8.64239181555	-9.89132321521
-8.84590450255	-8.22779108783	-9.46401558912
-8.42911756214	-7.81729433193	-9.04093802625
-8.01645638558	-7.41086092424	-8.62204865179
-7.60788013203	-7.00845064324	-8.20730600544
-7.20334836494	-6.61002366556	-7.79666903731
-6.80282104802	-6.21554056203	-7.39009710392
-6.40625854134	-5.82496229377	-6.98754996409
-6.01362159731	-5.43825020832	-6.58898777504
-5.62487135691	-5.05536603585	-6.19437108839
-5.23996934573	-4.67627188532	-5.80366084626
-4.85887747026	-4.30093024078	-5.41681837744
-4.48155801405	-3.92930395762	-5.03380539353
-4.10797363402	-3.56135625893	-4.65458398515
-3.73808735673	-3.19705073182	-4.27911661821
-3.37186257475	-2.83635132386	-3.90736613018
-3.00926304304	-2.47922233946	-3.53929572642
-2.65025287532	-2.12562843638	-3.17486897652
-2.29479654058	-1.77553462224	-2.81404981071
-1.9428588595	-1.42890625099	-2.4568025163
-1.59440500102	-1.08570901958	-2.10309173412
-1.24940047885	-0.745908964473	-1.75288245503
-0.907811148111	-0.409472458341	-1.40614001647
-0.569603201897	-0.0763662067178	-1.062830099
-0.234743167965	0.253442755295	-0.722918722936
0.096802094587	0.579987066289	-0.38637224496
0.425065398601	0.903299041777	-0.0531573548049
0.750079232105	1.2234106774	0.276758928049
1.07187576153	1.54035365207	0.603409257635
1.39048683489	1.85415933114	0.926825964733
1.70594398494	2.16485876949	1.24704106007
2.01827843228	2.47248271458	1.56408623749
2.32752108849	2.77706160953	1.87799287707
2.63370255911	3.07862559611	2.18879204829
2.93685314676	3.37720451774	2.49651451301
3.23700285408	3.6728279224	2.80119072861
3.53418138669	3.96552506562	3.10285085093
3.8284181562	4.25532491332	3.4015247373
4.11974228304	4.54225614471	3.6972419495
4.4081825994	4.8263471551	3.99003175663
4.69376765203	5.10762605876	4.27992313808
4.97652570513	5.38612069162	4.56694478635
5.25648474311	5.66185861411	4.8511251099
5.53367247333	5.93486711383	5.13249223597
5.80811632891	6.20517320828	5.41107401335
6.07984347141	6.47280364752	5.68689801515
6.34888079349	6.73778491683	5.95999154154
6.61525492162	7.00014323931	6.23038162241
6.8789922187	7.25990457849	6.4980950201
7.14011878665	7.51709464091	6.76315823199
7.39866046902	7.77173887864	7.02559749317
7.65464285352	8.02386249181	7.28543877903
7.90809127459	8.2734904311	7.5427078078
8.15903081587	8.52064740022	7.79743004313
8.4074863127	8.76535785835	8.04963069659
8.65348235457	9.00764602255	8.29933473018
8.89704328757	9.24753587016	8.54656685878
9.13819321678	9.48505114121	8.79135155262
9.37695600867	9.72021534068	9.03371303969
9.61335529346	9.95305174095	9.27367530814
9.84741446744	10.183583384	9.51126210864
10.0791566953	10.4118330837	9.74649695675
10.3086049125	10.6378234281	9.97940313526
10.5357818273	10.8615767817	10.2100036965
10.7607099233	11.0831152877	10.4383214644
10.9834114616	11.3024608699	10.6643790373
11.2039084827	11.5196352352	10.8881987895
11.4222228091	11.7346598758	11.1098028741
11.6383760473	11.9475560707	11.3292132245
11.8523895898	12.1583448888	11.5464515575
12.0642846174	12.3670471902	11.7615393744
12.2740821013	12.5736836284	11.9744979641
12.4818028049	12.7782746526	12.1853484044
12.6874672863	12.9808405096	12.3941115646
12.8910959	13.1814012458	12.6008081074
13.092708799	13.3799767089	12.805458491
13.2923259367	13.5765865506	13.0080829709
13.4899670693	13.7712502277	13.2087016024
13.685651757	13.9639870046	13.407334242
13.8793993668	14.1548159548	13.6040005496
14.0712290736	14.3437559633	13.7987199907
14.2611598628	14.5308257279	13.9915118379
14.4492105317	14.7160437614	14.1823951732
14.6353996916	14.8994283935	14.3713888896
14.8197457696	15.0809977721	14.558511693
15.0022670101	15.260769866	14.7437821043
15.1829814773	15.4387624655	14.9272184609
15.3619070563	15.6149931854	15.1088389187
15.5390614554	15.7894794657	15.288661454
15.7144622074	15.9622385739	15.466703865
15.8881266715	16.1332876068	15.6429837737
16.0600720353	16.3026434916	15.8175186277
16.2303153162	16.4703229882	15.990325702
16.3988733629	16.6363426904	16.1614221004
16.5657628575	16.8007190281	16.3308247575
16.7310003171	16.963468268	16.4985504402
16.8946020951	17.1246065164	16.6646157494
17.056584383	17.2841497198	16.8290371217
17.2169632122	17.4421136668	16.9918308311
17.3757544553	17.59851399	17.1530129903
17.5329738276	17.753366167	17.3125995526
17.6886368892	17.9066855224	17.4706063133
17.8427590459	18.0584872289	17.6270489115
17.9953555511	18.2087863093	17.7819428313
18.1464415072	18.3575976373	17.9353034036
18.2960318671	18.5049359396	18.0871458075
18.4441414356	18.6508157973	18.237485072
18.590784871	18.7952516468	18.386336077
18.7359766867	18.9382577818	18.5337135554
18.8797312521	19.0798483546	18.6796320942
19.0220627945	19.2200373772	18.8241061358
19.1629854004	19.3588387231	18.9671499798
19.3025130168	19.4962661282	19.1087777842
19.4406594528	19.6323331927	19.249003567
19.5774383805	19.7670533822	19.3878412071
19.7128633369	19.9004400287	19.5253044463
19.8469477249	20.0325063325	19.6614068902
19.9797048149	20.1632653632	19.7961620098
20.1111477456	20.292730061	19.9295831428
20.2412895259	20.4209132379	20.0616834947
20.3701430358	20.5478275793	20.1924761404
20.497721028	20.6734856448	20.3219740252
20.6240361288	20.7978998699	20.4501899666
20.7491008394	20.9210825668	20.5771366548
20.8729275374	21.0430459259	20.7028266547
20.995528478	21.163802017	20.8272724066
21.1169157948	21.2833627905	20.9504862277
21.2371015015	21.4017400782	21.0724803135
21.3560974928	21.518945595	21.1932667383
21.4739155457	21.6349909399	21.3128574574
21.5905673205	21.7498875969	21.4312643073
21.7060643622	21.8636469364	21.5484990076
21.8204181015	21.9762802164	21.6645731618
21.9336398559	22.0877985832	21.7794982586
22.0457408308	22.1982130729	21.8932856728
22.156732121	22.3075346124	22.0059466668
22.266624711	22.4157740204	22.1174923914
22.375429477	22.5229420085	22.227933887
22.4831571872	22.6290491822	22.3372820847
22.5898185034	22.7341060421	22.4455478076
22.6954239818	22.838122985	22.5527417712
22.7999840741	22.9411103044	22.6588745855
22.9035091286	23.0430781923	22.763956755
23.0060093911	23.1440367396	22.8679986804
23.107495006	23.2439959375	22.9710106595
23.2079760172	23.3429656779	23.073002888
23.3074623693	23.4409557553	23.1739854609
23.4059639084	23.537975867	23.2739683729
23.5034903832	23.6340356141	23.3729615202
23.6000514458	23.7291445031	23.4709747008
23.6956566527	23.8233119461	23.5680176156
23.790315466	23.916547262	23.6640998696
23.884037254	24.0088596778	23.7592309728
23.9768312923	24.1002583287	23.8534203409
24.0687067646	24.1907522598	23.9466772965
24.1596727639	24.2803504266	24.0390110698
24.2497382929	24.3690616959	24.1304307998
24.3389122655	24.4568948467	24.2209455348
24.427203507	24.5438585712	24.3105642338
24.5146207557	24.6299614755	24.3992957668
24.6011726631	24.7152120806	24.4871489163
24.6868677954	24.799618823	24.5741323776
24.7717146335	24.8831900558	24.6602547601
24.8557215749	24.9659340494	24.7455245879
24.9388969336	25.0478589922	24.8299503007
25.0212489414	25.1289729918	24.9135402548
25.1027857487	25.2092840754	24.9963027235
25.1835154251	25.2888001908	25.0782458984
25.2634459604	25.3675292069	25.1593778901
25.3425852652	25.445478915	25.2397067286
25.420941172	25.5226570292	25.3192403647
25.4985214356	25.5990711872	25.3979866703
25.575333734	25.674728951	25.4759534395
25.6513856693	25.749637808	25.5531483892
25.7266847684	25.8238051713	25.6295791599
25.8012384834	25.8972383806	25.7052533165
25.8750541931	25.969944703	25.7801783489
25.9481392029	26.0419313337	25.8543616729
26.0205007459	26.1132053967	25.9278106311
26.0921459837	26.1837739454	26.0005324931
26.163082007	26.2536439634	26.0725344567
26.2333158364	26.3228223652	26.1438236484
26.3028544228	26.3913159968	26.2144071242
26.3717046484	26.4591316365	26.2842918702
26.4398733273	26.5262759955	26.3534848034
26.5073672061	26.5927557185	26.4219927723
26.5741929646	26.6585773845	26.4898225575
26.6403572166	26.7237475074	26.5569808727
26.7058665102	26.7882725365	26.6234743649
26.7707273289	26.8521588573	26.6893096155
26.8349460919	26.9154127922	26.7544931405
26.898529155	26.978040601	26.8190313918
26.9614828108	27.0400484814	26.8829307569
27.0238132899	27.1014425698	26.9461975606
27.0855267611	27.1622289419	27.0088380647
27.1466293322	27.2224136133	27.0708584692
27.2071270504	27.28200254	27.1322649126
27.2670259031	27.341001619	27.1930634729
27.3263318186	27.399416689	27.2532601675
27.3850506662	27.4572535309	27.3128609546
27.4431882573	27.5145178683	27.3718717333
27.5007503459	27.5712153683	27.4302983443
27.5577426287	27.6273516416	27.4881465704
27.6141707463	27.6829322438	27.5454221373
27.6700402834	27.7379626752	27.602130714
27.7253567692	27.7924483816	27.6582779131
27.7801256785	27.8463947552	27.7138692921
27.8343524316	27.8998071345	27.7689103532
27.8880423955	27.9526908054	27.8234065441
27.9412008837	28.0050510014	27.8773632587
27.9938331573	28.056892904	27.9307858375
28.0459444253	28.1082216438	27.9836795681
28.0975398451	28.1590423003	28.0360496856
28.1486245231	28.2093599029	28.0879013736
28.1992035151	28.2591794309	28.1392397641
28.2492818269	28.3085058149	28.1900699385
28.2988644147	28.357343936	28.2403969277
28.3479561857	28.4056986275	28.290225713
28.3965619984	28.4535746747	28.3395612262
28.4446866633	28.5009768155	28.3884083504
28.4923349434	28.5479097409	28.4367719204
28.5395115543	28.5943780954	28.484656723
28.586221165	28.6403864777	28.5320674976
28.6324683984	28.6859394409	28.5790089369
28.6782578316	28.7310414929	28.625485687
28.7235939963	28.7756970973	28.6715023479
28.7684813794	28.8199106731	28.7170634743
28.8129244234	28.8636865959	28.7621735756
28.8569275268	28.9070291978	28.8068371168
28.9004950445	28.9499427681	28.8510585183
28.9436312884	28.9924315535	28.8948421572
28.9863405277	29.034499759	28.938192367
29.0286269892	29.0761515477	28.9811134384
29.0704948581	29.1173910414	29.0236096195
29.1119482779	29.1582223214	29.0656851165
29.1529913514	29.1986494283	29.1073440939
29.1936281405	29.2386763631	29.1485906749
29.2338626669	29.2783070867	29.189428942
29.2736989128	29.3175455211	29.2298629372
29.3131408206	29.3563955495	29.2698966626
29.352192294	29.3948610165	29.3095340806
29.3908571977	29.4329457288	29.3487791143
29.4291393585	29.4706534553	29.387635648
29.4670425651	29.5079879276	29.4261075278
29.5045705688	29.5449528405	29.4641985614
29.5417270837	29.581551852	29.5019125189
29.5785157872	29.6177885841	29.5392531331
29.6149403201	29.6536666229	29.5762241
29.6510042875	29.6891895188	29.6128290786
29.6867112586	29.7243607874	29.6490716922
29.7220647672	29.7591839092	29.6849555278
29.7570683123	29.7936623305	29.7204841372
29.7917253581	29.8277994632	29.7556610368
29.8260393347	29.8615986857	29.7904897083
29.860013638	29.8950633428	29.824973599
29.8936516306	29.9281967463	29.859116122
29.9269566415	29.961002175	29.8929206565
29.9599319668	29.9934828755	29.9263905484
29.9925808702	30.0256420621	29.9595291106
30.024906583	30.0574829175	29.9923396229
30.0569123042	30.0890085925	30.0248253327
30.0886012016	30.1202222071	30.0569894555
30.1199764114	30.1511268503	30.0888351748
30.1510410388	30.1817255803	30.1203656424
30.1817981581	30.2120214254	30.1515839792
30.2122508135	30.2420173837	30.1824932752
30.2424020187	30.2717164237	30.2130965895
30.2722547579	30.3011214843	30.2433969512
30.3018119856	30.3302354757	30.2733973594
30.331076627	30.3590612789	30.3031007833
30.3600515784	30.3876017467	30.332510163
30.3887397074	30.4158597035	30.3616284092
30.4171438534	30.4438379457	30.390458404
30.4452668274	30.4715392421	30.419003001
30.4731114128	30.4989663342	30.4472650252
30.5006803653	30.5261219361	30.4752472741
30.5279764134	30.5530087352	30.5029525172
30.5550022586	30.5796293924	30.5303834967
30.5817605756	30.6059865419	30.5575429277
30.6082540126	30.6320827923	30.5844334982
30.6344851918	30.657920726	30.6110578698
30.6604567091	30.6835029001	30.6374186777
30.6861711351	30.7088318461	30.6635185311
30.7116310145	30.7339100706	30.6893600131
30.7368388672	30.7587400556	30.7149456815
30.761797188	30.7833242582	30.7402780688
30.786508447	30.8076651113	30.7653596821
30.8109750899	30.8317650237	30.790193004
30.835199538	30.8556263804	30.8147804924
30.8591841889	30.8792515429	30.839124581
30.8829314163	30.9026428489	30.8632276791
30.9064435705	30.9258026136	30.8870921725
30.9297229784	30.9487331287	30.9107204232
30.9527719441	30.9714366635	30.9341147698
30.9755927486	30.9939154648	30.9572775278
30.9981876505	31.0161717572	30.9802109898
31.020558886	31.0382077432	31.0029174257
31.0427086692	31.0600256035	31.0253990829
31.0646391922	31.0816274973	31.0476581865
31.0863526255	31.1030155623	31.0696969397
31.1078511181	31.1241919151	31.0915175238
31.1291367976	31.1451586515	31.1131220985
31.1502117706	31.1659178462	31.1345128023
31.1710781231	31.1864715538	31.1556917521
31.19173792	31.2068218081	31.1766610444
31.212193206	31.2269706232	31.1974227545
31.2324460057	31.2469199929	31.2179789374
31.2524983234	31.2666718916	31.2383316277
31.2723521438	31.2862282739	31.2584828398
31.2920094316	31.3055910752	31.2784345682
31.3114721324	31.3247622116	31.2981887876
31.3307421724	31.3437435803	31.3177474534
31.3498214587	31.3625370599	31.3371125012
31.3687118797	31.38114451	31.3562858479
31.3874153048	31.3995677723	31.3752693911
31.4059335852	31.4178086698	31.3940650098
31.4242685535	31.4358690077	31.4126745643
31.4424220245	31.4537505734	31.4310998965
31.4603957947	31.4714551364	31.44934283
31.4781916429	31.4889844487	31.4674051706
31.4958113305	31.5063402452	31.4852887059
31.5132566013	31.5235242435	31.5029952061
31.5305291817	31.5405381439	31.5205264236
31.5476307813	31.5573836304	31.5378840936
31.5645630925	31.5740623699	31.5550699341
31.5813277912	31.5905760131	31.5720856462
31.5979265366	31.6069261941	31.588932914
31.6143609713	31.623114531	31.6056134049
31.6306327221	31.6391426258	31.62212877
31.6467433991	31.6550120648	31.6384806439
31.6626945969	31.6707244183	31.6546706451
31.6784878942	31.6862812413	31.6707003759
31.6941248541	31.7016840734	31.686571423
31.7096070241	31.7169344388	31.7022853572
31.7249359364	31.7320338468	31.7178437338
31.7401131082	31.7469837915	31.7332480928
31.7551400415	31.7617857526	31.7484999588
31.7700182236	31.7764411948	31.7636008414
31.784749127	31.7909515684	31.7785522353
31.7993342094	31.8053183095	31.7933556202
31.8137749145	31.8195428398	31.8080124614
31.8280726714	31.833626567	31.8225242095
31.8422288952	31.8475708848	31.8368923009
31.8562449868	31.8613771732	31.8511181577
31.8701223335	31.8750467986	31.865203188
31.8838623087	31.8885811136	31.8791487857
31.8974662722	31.9019814577	31.8929563312
31.9109355703	31.9152491569	31.9066271912
31.9242715363	31.9283855244	31.9201627186
31.9374754898	31.9413918601	31.9335642533
31.9505487377	31.954269451	31.9468331216
31.9634925738	31.9670195717	31.959970637
31.9763082792	31.9796434839	31.9729780995
31.9889971223	31.9921424369	31.9858567968
32.0015603588	32.0045176676	31.9986080035
32.0139992321	32.0167704007	32.0112329817
32.0263149734	32.0289018488	32.0237329809
32.0385088014	32.0409132123	32.0361092384
32.0505819229	32.05280568	32.0483629792
32.062535533	32.0645804288	32.0604954159
32.0743708146	32.0762386239	32.0725077496
32.0860889389	32.0877814191	32.0844011691
32.0976910659	32.0992099566	32.0961768516
32.1091783437	32.1105253674	32.1078359627
32.1205519092	32.1217287714	32.1193796562
32.131812888	32.1328212772	32.1308090748
32.1429623947	32.1438039826	32.1421253497
32.1540015327	32.1546779745	32.153329601
32.1649313946	32.1654443289	32.1644229375
32.175753062	32.1761041114	32.1754064574
32.186467606	32.1866583768	32.1862812477
32.1970760869	32.1971081697	32.1970483847
32.2075795548	32.2074545241	32.2077089342
32.2179790491	32.2176984639	32.2182639513
32.228275599	32.227841003	32.2287144807
32.2384702237	32.237883145	32.2390615567
32.248563932	32.2478258837	32.2493062035
32.2585577229	32.2576702031	32.2594494351
32.2684525855	32.2674170774	32.2694922555
32.2782494992	32.2770674712	32.2794356585
32.2879494334	32.2866223395	32.2892806284
32.2975533482	32.2960826278	32.2990281396
32.3070621941	32.3054492724	32.3086791569
32.3164769121	32.3147232003	32.3182346354
32.3257984341	32.3239053291	32.3276955211
32.3350276826	32.3329965676	32.3370627502
32.3441655709	32.3419978154	32.34633725
32.3532130036	32.3509099634	32.3555199383
32.3621708759	32.3597338935	32.3646117241
32.3710400744	32.3684704789	32.3736135072
32.379821477	32.3771205842	32.3825261786
32.3885159526	32.3856850656	32.3913506205
32.3971243619	32.3941647704	32.4000877062
32.4056475567	32.4025605379	32.4087383005
32.4140863807	32.410873199	32.4173032597
32.4224416689	32.4191035762	32.4257834314
32.4307142483	32.4272524842	32.434179655
32.4389049377	32.4353207293	32.4424927616
32.4470145476	32.4433091099	32.4507235738
32.4550438807	32.4512184167	32.4588729065
32.4629937316	32.4590494323	32.4669415662
32.4708648871	32.4668029317	32.4749303515
32.4786581263	32.4744796822	32.4828400531
32.4863742203	32.4820804436	32.4906714538
32.494013933	32.4896059679	32.4984253289
32.5015780203	32.4970570001	32.5061024457
32.5090672309	32.5044342773	32.5137035641
32.5164823059	32.5117385297	32.5212294365
32.5238239794	32.5189704802	32.5286808077
32.5310929777	32.5261308444	32.5360584153
32.5382900205	32.5332203309	32.5433629894
32.5454158199	32.5402396414	32.5505952531
32.5524710811	32.5471894704	32.5577559221
32.5594565026	32.5540705058	32.5648457052
32.5663727754	32.5608834284	32.5718653042
32.5732205843	32.5676289126	32.5788154138
32.5800006069	32.5743076258	32.5856967219
32.5867135142	32.5809202291	32.5925099096
32.5933599706	32.5874673767	32.5992556512
32.5999406339	32.5939497167	32.6059346144
32.6064561553	32.6003678905	32.6125474603
32.6129071798	32.6067225333	32.6190948434
32.6192943457	32.613014274	32.6255774118
32.6256182853	32.6192437351	32.631995807
32.6318796243	32.6254115333	32.6383506643
32.6380789824	32.6315182788	32.6446426127
32.6442169733	32.6375645759	32.650872275
32.6502942043	32.6435510232	32.6570402678
32.656311277	32.6494782129	32.6631472015
32.6622687868	32.6553467316	32.6691936805
32.6681673234	32.6611571602	32.6751803035
32.6740074705	32.6669100736	32.6811076628
32.6797898062	32.6726060411	32.6869763452
32.6855149026	32.6782456265	32.6927869315
32.6911833264	32.6838293878	32.6985399969
32.6967956387	32.6893578776	32.7042361107
32.7023523948	32.694831643	32.7098758367
32.7078541447	32.7002512257	32.7154597332
32.7133014329	32.7056171621	32.7209883527
32.7186947986	32.7109299832	32.7264622426
32.7240347754	32.7161902147	32.7318819446
32.729321892	32.7213983773	32.7372479952
32.7345566715	32.7265549862	32.7425609254
32.739739632	32.7316605519	32.747821261
32.7448712866	32.7367155795	32.7530295229
32.749952143	32.7417205694	32.7581862264
32.7549827042	32.7466760169	32.7632918819
32.7599634679	32.7515824123	32.7683469948
32.7648949272	32.7564402411	32.7733520654
32.7697775701	32.7612499843	32.7783075892
32.7746118798	32.7660121176	32.7832140565
32.7793983349	32.7707271124	32.788071953
32.7841374089	32.7753954354	32.7928817596
32.7888295709	32.7800175484	32.7976439523
32.7934752853	32.7845939089	32.8023590024
32.798075012	32.7891249697	32.8070273766
32.802629206	32.7936111794	32.811649537
32.8071383182	32.7980529818	32.816225941
32.8116027948	32.8024508166	32.8207570417
32.8160230776	32.8068051188	32.8252432875
32.8203996042	32.8111163196	32.8296851224
32.8247328076	32.8153848454	32.8340829861
32.8290231168	32.8196111187	32.8384373139
32.8332709563	32.8237955578	32.8427485366
32.8374767465	32.8279385768	32.8470170811
32.8416409037	32.8320405856	32.8512433699
32.8457638401	32.8361019903	32.8554278212
32.8498459635	32.8401231926	32.8595708491
32.8538876782	32.8441045906	32.8636728639
32.857889384	32.8480465784	32.8677342713
32.861851477	32.8519495459	32.8717554736
32.8657743494	32.8558138794	32.8757368686
32.8696583893	32.8596399614	32.8796788504
32.8735039812	32.8634281706	32.8835818092
32.8773115057	32.8671788817	32.8874461313
32.8810813396	32.8708924659	32.8912721991
32.884813856	32.8745692908	32.8950603914
32.8885094243	32.8782097203	32.8988110832
32.8921684103	32.8818141146	32.9025246455
32.8957911761	32.8853828303	32.906201446
32.8993780802	32.8889162208	32.9098418486
32.9029294776	32.8924146356	32.9134462137
32.9064457198	32.8958784209	32.9170148979
32.9099271548	32.8993079195	32.9205482545
32.9133741272	32.9027034709	32.9240466332
32.9167869781	32.906065411	32.9275103802
32.9201660452	32.9093940726	32.9309398385
32.9235116631	32.9126897851	32.9343353474
32.9268241627	32.9159528746	32.9376972429
32.9301038721	32.919183664	32.941025858
32.9333511156	32.9223824731	32.9443215219
32.9365662148	32.9255496184	32.947584561
32.9397494877	32.9286854134	32.9508152981
32.9429012496	32.9317901683	32.9540140531
32.9460218122	32.9348641905	32.9571811425
32.9491114844	32.9379077841	32.9603168798
32.9521705721	32.9409212504	32.9634215754
32.9551993779	32.9439048876	32.9664955365
32.9581982016	32.9468589909	32.9695390674
32.9611673401	32.9497838526	32.9725524695
32.9641070871	32.9526797623	32.9755360408
32.9670177336	32.9555470065	32.9784900767
32.9698995677	32.958385869	32.9814148696
32.9727528747	32.9611966306	32.9843107091
32.9755779368	32.9639795697	32.9871778816
32.9783750336	32.9667349614	32.990016671
32.9811444421	32.9694630787	32.9928273582
32.9838864363	32.9721641913	32.9956102216
32.9866012875	32.9748385667	32.9983655364
32.9892892645	32.9774864695	33.0010935754
32.9919506333	32.9801081617	33.0037946086
32.9945856573	32.9827039029	33.0064689034
32.9971945972	32.9852739497	33.0091167244
32.9997777112	32.9878185567	33.0117383338
33.0023352551	32.9903379756	33.0143339909
33.004867482	32.9928324558	33.0169039528
33.0073746423	32.995302244	33.0194484737
33.0098569844	32.9977475848	33.0219678056
33.0123147538	33.0001687201	33.0244621977
33.0147481938	33.0025658895	33.026931897
33.0171575453	33.0049393303	33.0293771479
33.0195430466	33.0072892773	33.0317981924
33.0219049339	33.0096159631	33.0341952702
33.024243441	33.0119196179	33.0365686186
33.0265587992	33.0142004698	33.0389184723
33.0288512378	33.0164587443	33.041245064
33.0311209835	33.0186946651	33.043548624
33.0333682611	33.0209084534	33.0458293803
33.035593293	33.0231003283	33.0480875586
33.0377962993	33.0252705066	33.0503233825
33.0399774981	33.0274192032	33.0525370731
33.0421371053	33.0295466306	33.0547288497
33.0442753346	33.0316529995	33.0568989291
33.0463923976	33.0337385182	33.0590475262
33.0484885038	33.0358033933	33.0611748536
33.0505638607	33.0378478289	33.0632811219
33.0526186738	33.0398720274	33.0653665395
33.0546531462	33.0418761892	33.0674313128
33.0566674795	33.0438605125	33.0694756463
33.058661873	33.0458251939	33.0714997422
33.060636524	33.0477704275	33.0735038008
33.062591628	33.0496964061	33.0754880207
33.0645273784	33.0516033202	33.077452598
33.0664439669	33.0534913585	33.0793977274
33.0683415832	33.0553607078	33.0813236012
33.0702204149	33.0572115531	33.0832304102
33.0720806482	33.0590440776	33.085118343
33.0739224671	33.0608584627	33.0869875865
33.0757460538	33.0626548879	33.0888383258
33.0775515889	33.064433531	33.0906707439
33.0793392511	33.066194568	33.0924850224
33.0811092172	33.0679381731	33.0942813406
33.0828616625	33.069664519	33.0960598766
33.0845967604	33.0713737765	33.0978208061
33.0863146826	33.0730661147	33.0995643037
33.0880155991	33.0747417011	33.1012905417
33.0896996783	33.0764007015	33.1029996912
33.0913670868	33.0780432801	33.1046919212
33.0930179897	33.0796695994	33.1063673992
33.0946525503	33.0812798205	33.1080262911
33.0962709304	33.0828741026	33.1096687611
33.0978732903	33.0844526035	33.1112949717
33.0994597884	33.0860154794	33.1129050839
33.1010305818	33.0875628851	33.114499257
33.102585826	33.0890949735	33.1160776489
33.1041256749	33.0906118965	33.1176404158
33.1056502808	33.092113804	33.1191877123
33.1071597947	33.0936008446	33.1207196916
33.1086543659	33.0950731657	33.1222365053
33.1101341425	33.0965309128	33.1237383035
33.1115992707	33.0979742303	33.1252252349
33.1130498957	33.0994032609	33.1266974467
33.114486161	33.1008181461	33.1281550846
33.1159082087	33.1022190258	33.1295982928
33.1173161796	33.1036060389	33.1310272142
33.118710213	33.1049793224	33.1324419903
33.120090447	33.1063390123	33.1338427609
33.121457018	33.1076852432	33.1352296649
33.1228100614	33.1090181482	33.1366028395
33.124149711	33.1103378594	33.1379624205
33.1254760995	33.1116445072	33.1393085426
33.1267893581	33.112938221	33.1406413389
33.1280896168	33.1142191289	33.1419609415
33.1293770042	33.1154873576	33.1432674808
33.1306516478	33.1167430325	33.1445610863
33.1319136738	33.117986278	33.1458418859
33.133163207	33.1192172171	33.1471100065
33.1344003711	33.1204359716	33.1483655735
33.1356252885	33.1216426622	33.1496087112
33.1368380805	33.1228374081	33.1508395427
33.1380388671	33.1240203278	33.1520581898
33.1392277672	33.1251915382	33.1532647731
33.1404048984	33.1263511552	33.1544594119
33.1415703771	33.1274992936	33.1556422247
33.1427243189	33.1286360671	33.1568133284
33.1438668377	33.1297615881	33.1579728389
33.1449980468	33.1308759679	33.1591208711
33.1461180582	33.131979317	33.1602575384
33.1472269825	33.1330717444	33.1613829536
33.1483249296	33.1341533584	33.1624972278
33.1494120082	33.1352242658	33.1636004715
33.1504883258	33.1362845728	33.1646927938
33.151553989	33.1373343841	33.1657743029
33.1526091031	33.1383738039	33.1668451057
33.1536537728	33.1394029347	33.1679053082
33.1546881013	33.1404218787	33.1689550155
33.155712191	33.1414307365	33.1699943313
33.1567261432	33.142429608	33.1710233587
33.1577300584	33.143418592	33.1720421993
33.1587240358	33.1443977865	33.1730509541
33.1597081739	33.1453672883	33.1740497228
33.16068257	33.1463271934	33.1750386044
33.1616473206	33.1472775968	33.1760176968
33.1626025211	33.1482185925	33.1769870967
33.1635482662	33.1491502737	33.1779469003
33.1644846493	33.1500727325	33.1788972024
33.1654117632	33.1509860602	33.1798380972
33.1663296996	33.1518903473	33.1807696777
33.1672385494	33.1527856831	33.1816920362
33.1681384025	33.1536721564	33.182605264
33.169029348	33.1545498549	33.1835094514
33.169911474	33.1554188653	33.184404688
33.1707848679	33.1562792737	33.1852910623
33.1716496161	33.1571311653	33.186168662
33.1725058042	33.1579746244	33.1870375742
33.1733535168	33.1588097343	33.1878978846
33.174192838	33.1596365779	33.1887496786
33.1750238508	33.1604552368	33.1895930404
33.1758466374	33.1612657922	33.1904280534
33.1766612792	33.1620683241	33.1912548004
33.177467857	33.1628629122	33.1920733631
33.1782664504	33.1636496349	33.1928838226
33.1790571386	33.1644285701	33.193686259
33.1798399998	33.165199795	33.1944807519
33.1806151114	33.1659633858	33.1952673798
33.1813825503	33.1667194181	33.1960462207
33.1821423922	33.1674679668	33.1968173515
33.1828947126	33.1682091058	33.1975808486
33.1836395857	33.1689429086	33.1983367876
33.1843770853	33.1696694478	33.1990852433
33.1851072845	33.1703887953	33.1998262898
33.1858302554	33.1711010222	33.2005600005
33.1865460697	33.171806199	33.2012864478
33.1872547981	33.1725043956	33.2020057039
33.1879565109	33.173195681	33.2027178397
33.1886512774	33.1738801236	33.2034229259
33.1893391664	33.1745577912	33.2041210322
33.190020246	33.1752287509	33.2048122278
33.1906945837	33.1758930689	33.2054965809
33.1913622461	33.1765508112	33.2061741594
33.1920232993	33.1772020427	33.2068450303
33.1926778087	33.1778468279	33.20750926
33.1933258392	33.1784852306	33.2081669143
33.1939674549	33.1791173141	33.2088180583
33.1946027192	33.1797431407	33.2094627564
33.1952316951	33.1803627726	33.2101010723
33.1958544447	33.180976271	33.2107330694
33.1964710297	33.1815836966	33.2113588101
33.1970815112	33.1821851095	33.2119783564
33.1976859496	33.1827805693	33.2125917696
33.1982844046	33.1833701348	33.2131991104
33.1988769355	33.1839538645	33.213800439
33.199463601	33.184531816	33.2143958147
33.2000444591	33.1851040467	33.2149852967
33.2006195673	33.185670613	33.2155689432
33.2011889825	33.1862315711	33.2161468119
33.2017527611	33.1867869765	33.2167189602
33.2023109589	33.1873368842	33.2172854445
33.2028636311	33.1878813485	33.2178463211
33.2034108324	33.1884204235	33.2184016453
33.2039526169	33.1889541623	33.2189514722
33.2044890383	33.1894826178	33.2194958561
33.2050201498	33.1900058424	33.220034851
33.2055460037	33.1905238877	33.2205685103
33.2060666523	33.1910368052	33.2210968866
33.2065821469	33.1915446454	33.2216200324
33.2070925387	33.1920474588	33.2221379994
33.2075978781	33.192545295	33.2226508388
33.2080982152	33.1930382033	33.2231586015
33.2085935995	33.1935262325	33.2236613376
33.2090840799	33.1940094309	33.224159097
33.2095697052	33.1944878463	33.2246519289
33.2100505232	33.194961526	33.2251398821
33.2105265816	33.195430517	33.2256230049
33.2109979275	33.1958948656	33.2261013451
33.2114646076	33.1963546178	33.2265749501
33.211926668	33.1968098191	33.2270438666
33.2123841545	33.1972605146	33.2275081412
33.2128371124	33.1977067487	33.2279678198
33.2132855864	33.1981485658	33.2284229479
33.213729621	33.1985860095	33.2288735705
33.2141692601	33.1990191231	33.2293197322
33.2146045473	33.1994479495	33.2297614773
33.2150355255	33.1998725312	33.2301988493
33.2154622375	33.20029291	33.2306318917
33.2158847255	33.2007091277	33.2310606472
33.2163030313	33.2011212254	33.2314851583
33.2167171962	33.2015292439	33.231905467
33.2171272614	33.2019332235	33.232321615
33.2175332674	33.2023332044	33.2327336434
33.2179352543	33.202729226	33.233141593
33.2183332619	33.2031213275	33.2335455041
33.2187273297	33.2035095478	33.2339454168
33.2191174966	33.2038939252	33.2343413706
33.2195038013	33.2042744978	33.2347334047
33.2198862819	33.2046513033	33.235121558
33.2202649764	33.2050243789	33.2355058687
33.2206399222	33.2053937616	33.2358863751
33.2210111564	33.2057594879	33.2362631147
33.2213787158	33.2061215941	33.2366361249
33.2217426367	33.2064801159	33.2370054424
33.2221029551	33.2068350888	33.237371104
33.2224597068	33.207186548	33.2377331458
33.222812927	33.2075345282	33.2380916036
33.2231626507	33.2078790639	33.2384465129
33.2235089125	33.2082201892	33.2387979088
33.2238517466	33.2085579378	33.2391458262
33.2241911871	33.2088923431	33.2394902993
33.2245272674	33.2092234384	33.2398313625
33.2248600209	33.2095512562	33.2401690493
33.2251894804	33.2098758291	33.2405033933
33.2255156787	33.2101971892	33.2408344275
33.2258386479	33.2105153682	33.2411621846
33.22615842	33.2108303977	33.2414866972
33.2264750268	33.2111423089	33.2418079973
33.2267884994	33.2114511326	33.2421261168
33.227098869	33.2117568993	33.242441087
33.2274061662	33.2120596394	33.2427529393
33.2277104216	33.2123593828	33.2430617045
33.2280116651	33.2126561592	33.2433674131
33.2283099266	33.2129499978	33.2436700953
33.2286052356	33.2132409279	33.2439697813
33.2288976214	33.2135289782	33.2442665005
33.2291871128	33.2138141771	33.2445602824
33.2294737386	33.214096553	33.244851156
33.2297575271	33.2143761338	33.2451391502
33.2300385063	33.2146529471	33.2454242935
33.2303167042	33.2149270203	33.245706614
33.2305921481	33.2151983806	33.2459861397
33.2308648655	33.2154670548	33.2462628983
33.2311348832	33.2157330695	33.2465369172
33.2314022281	33.215996451	33.2468082235
33.2316669265	33.2162572254	33.247076844
33.2319290046	33.2165154185	33.2473428054
33.2321884885	33.2167710559	33.2476061339
33.2324454037	33.2170241628	33.2478668556
33.2326997758	33.2172747643	33.2481249964
33.2329516298	33.2175228852	33.2483805817
33.2332009907	33.21776855	33.2486336369
33.2334478832	33.2180117831	33.248884187
33.2336923317	33.2182526085	33.2491322569
33.2339343604	33.2184910501	33.249377871
33.2341739933	33.2187271314	33.2496210537
33.2344112541	33.2189608759	33.2498618291
33.2346461662	33.2191923066	33.2501002209
33.2348787529	33.2194214465	33.2503362529
33.2351090373	33.2196483182	33.2505699482
33.2353370421	33.2198729442	33.2508013301
33.2355627899	33.2200953467	33.2510304216
33.235786303	33.2203155477	33.2512572451
33.2360076035	33.2205335691	33.2514818232
33.2362267134	33.2207494323	33.2517041782
33.2364436544	33.2209631588	33.251924332
33.2366584478	33.2211747697	33.2521423064
33.236871115	33.2213842859	33.2523581231
33.237081677	33.2215917282	33.2525718033
33.2372901547	33.2217971172	33.2527833681
33.2374965687	33.222000473	33.2529928387
33.2377009393	33.222201816	33.2532002356
33.2379032869	33.2224011659	33.2534055794
33.2381036315	33.2225985425	33.2536088905
33.2383019929	33.2227939654	33.2538101889
33.2384983907	33.2229874538	33.2540094946
33.2386928444	33.223179027	33.2542068273
33.2388853731	33.2233687039	33.2544022065
33.2390759961	33.2235565032	33.2545956516
33.239264732	33.2237424436	33.2547871817
33.2394515997	33.2239265434	33.2549768158
33.2396366175	33.2241088209	33.2551645727
33.2398198039	33.2242892941	33.2553504709
33.2400011769	33.2244679809	33.2555345288
33.2401807546	33.2246448989	33.2557167646
33.2403585545	33.2248200657	33.2558971965
33.2405345945	33.2249934986	33.2560758422
33.2407088918	33.2251652147	33.2562527194
33.2408814638	33.2253352311	33.2564278457
33.2410523275	33.2255035645	33.2566012383
33.2412214998	33.2256702317	33.2567729144
33.2413889974	33.2258352491	33.2569428911
33.241554837	33.2259986331	33.2571111851
33.241719035	33.2261603998	33.2572778131
33.2418816076	33.2263205652	33.2574427916
33.2420425709	33.2264791452	33.2576061369
33.2422019408	33.2266361555	33.2577678652
33.2423597331	33.2267916116	33.2579279925
33.2425159634	33.2269455289	33.2580865347
33.2426706472	33.2270979226	33.2582435074
33.2428237998	33.2272488079	33.2583989261
33.2429754363	33.2273981996	33.2585528064
33.2431255718	33.2275461125	33.2587051633
33.2432742211	33.2276925613	33.2588560119
33.243421399	33.2278375604	33.2590053673
33.2435671199	33.2279811243	33.2591532442
33.2437113983	33.2281232671	33.2592996571
33.2438542486	33.2282640028	33.2594446207
33.2439956847	33.2284033455	33.2595881493
33.2441357208	33.2285413089	33.259730257
33.2442743707	33.2286779066	33.2598709579
33.244411648	33.2288131522	33.260010266
33.2445475665	33.228947059	33.260148195
33.2446821395	33.2290796404	33.2602847586
33.2448153804	33.2292109094	33.2604199703
33.2449473023	33.229340879	33.2605538435
33.2450779184	33.2294695621	33.2606863915
33.2452072414	33.2295969714	33.2608176273
33.2453352843	33.2297231195	33.260947564
33.2454620598	33.229848019	33.2610762144
33.2455875802	33.2299716821	33.2612035912
33.2457118582	33.2300941211	33.2613297071
33.2458349059	33.2302153481	33.2614545745
33.2459567356	33.2303353752	33.2615782059
33.2460773593	33.2304542142	33.2617006133
33.2461967889	33.2305718768	33.261821809
33.2463150363	33.2306883747	33.261941805
33.2464321132	33.2308037195	33.262060613
33.2465480311	33.2309179225	33.262178245
33.2466628016	33.231030995	33.2622947124
33.2467764359	33.2311429483	33.2624100269
33.2468889454	33.2312537934	33.2625241999
33.2470003412	33.2313635413	33.2626372426
33.2471106342	33.2314722028	33.2627491663
33.2472198355	33.2315797888	33.262859982
33.2473279558	33.2316863098	33.2629697008
33.2474350058	33.2317917764	33.2630783333
33.2475409961	33.231896199	33.2631858905
33.2476459372	33.2319995879	33.2632923829
33.2477498396	33.2321019535	33.2633978212
33.2478527134	33.2322033058	33.2635022156
33.2479545688	33.2323036548	33.2636055767
33.248055416	33.2324030106	33.2637079145
33.2481552649	33.2325013828	33.2638092392
33.2482541254	33.2325987813	33.2639095609
33.2483520073	33.2326952157	33.2640088895
33.2484489202	33.2327906955	33.2641072348
33.2485448738	33.2328852302	33.2642046065
33.2486398776	33.2329788291	33.2643010143
33.2487339409	33.2330715015	33.2643964678
33.2488270731	33.2331632567	33.2644909763
33.2489192834	33.2332541035	33.2645845493
33.2490105809	33.2333440511	33.2646771959
33.2491009746	33.2334331084	33.2647689254
33.2491904736	33.2335212841	33.2648597468
33.2492790866	33.2336085869	33.2649496692
33.2493668224	33.2336950256	33.2650387014
33.2494536897	33.2337806087	33.2651268522
33.2495396971	33.2338653447	33.2652141304
33.2496248531	33.2339492418	33.2653005446
33.2497091662	33.2340323085	33.2653861034
33.2497926447	33.234114553	33.2654708152
33.2498752968	33.2341959833	33.2655546883
33.2499571307	33.2342766076	33.2656377313
33.2500381546	33.2343564338	33.2657199521
33.2501183764	33.2344354699	33.265801359
33.2501978041	33.2345137236	33.26588196
33.2502764456	33.2345912027	33.2659617631
33.2503543086	33.2346679149	33.2660407763
33.2504314008	33.2347438677	33.2661190072
33.2505077299	33.2348190687	33.2661964637
33.2505833034	33.2348935253	33.2662731535
33.2506581288	33.2349672449	33.2663490841
33.2507322135	33.2350402348	33.266424263
33.2508055648	33.2351125022	33.2664986977
33.25087819	33.2351840542	33.2665723955
33.2509500964	33.235254898	33.2666453638
33.2510212909	33.2353250405	33.2667176097
33.2510917807	33.2353944887	33.2667891405
33.2511615727	33.2354632495	33.2668599631
33.2512306738	33.2355313296	33.2669300846
33.2512990909	33.2355987358	33.266999512
33.2513668307	33.2356654748	33.2670682521
33.2514339	33.2357315532	33.2671363117
33.2515003054	33.2357969775	33.2672036976
33.2515660534	33.2358617541	33.2672704164
33.2516311506	33.2359258896	33.2673364747
33.2516956034	33.2359893902	33.2674018791
33.2517594181	33.2360522623	33.2674666361
33.2518226012	33.236114512	33.267530752
33.2518851588	33.2361761455	33.2675942331
33.2519470972	33.236237169	33.2676570859
33.2520084224	33.2362975884	33.2677193164
33.2520691406	33.2363574097	33.267780931
33.2521292578	33.2364166389	33.2678419355
33.2521887798	33.2364752818	33.2679023362
33.2522477126	33.2365333442	33.2679621389
33.2523060621	33.2365908318	33.2680213497
33.2523638339	33.2366477504	33.2680799743
33.2524210339	33.2367041057	33.2681380185
33.2524776677	33.236759903	33.2681954881
33.2525337408	33.2368151481	33.2682523889
33.2525892589	33.2368698463	33.2683087263
33.2526442274	33.236924003	33.2683645061
33.2526986517	33.2369776237	33.2684197336
33.2527525373	33.2370307136	33.2684744145
33.2528058896	33.237083278	33.268528554
33.2528587136	33.2371353221	33.2685821576
33.2529110148	33.2371868511	33.2686352306
33.2529627982	33.2372378699	33.2686877781
33.2530140691	33.2372883837	33.2687398055
33.2530648324	33.2373383976	33.2687913179
33.2531150932	33.2373879163	33.2688423203
33.2531648565	33.2374369449	33.2688928178
33.2532141271	33.2374854882	33.2689428154
33.2532629101	33.237533551	33.2689923181
33.2533112101	33.237581138	33.2690413307
33.253359032	33.2376282539	33.2690898582
33.2534063806	33.2376749035	33.2691379052
33.2534532604	33.2377210913	33.2691854767
33.2534996762	33.237766822	33.2692325772
33.2535456325	33.2378120999	33.2692792114
33.2535911338	33.2378569297	33.269325384
33.2536361848	33.2379013157	33.2693710995
33.2536807898	33.2379452623	33.2694163624
33.2537249533	33.237988774	33.2694611773
33.2537686796	33.2380318549	33.2695055485
33.253811973	33.2380745094	33.2695494805
33.2538548379	33.2381167417	33.2695929776
33.2538972784	33.2381585559	33.2696360441
33.2539392989	33.2381999562	33.2696786843
33.2539809034	33.2382409467	33.2697209024
33.254022096	33.2382815315	33.2697627025
33.2540628809	33.2383217145	33.2698040889
33.254103262	33.2383614998	33.2698450655
33.2541432434	33.2384008913	33.2698856365
33.2541828291	33.2384398928	33.2699258059
33.2542220229	33.2384785083	33.2699655776
33.2542608287	33.2385167416	33.2700049556
33.2542992503	33.2385545964	33.2700439438
33.2543372917	33.2385920764	33.2700825461
33.2543749564	33.2386291855	33.2701207662
33.2544122484	33.2386659273	33.2701586079
33.2544491711	33.2387023053	33.270196075
33.2544857284	33.2387383233	33.2702331713
33.2545219238	33.2387739847	33.2702699003
33.2545577609	33.2388092931	33.2703062657
33.2545932432	33.2388442521	33.2703422711
33.2546283743	33.238878865	33.2703779201
33.2546631577	33.2389131352	33.2704132162
33.2546975967	33.2389470663	33.2704481629
33.2547316948	33.2389806614	33.2704827637
33.2547654554	33.2390139241	33.2705170219
33.2547988818	33.2390468574	33.2705509409
33.2548319773	33.2390794648	33.2705845242
33.2548647451	33.2391117494	33.2706177751
33.2548971886	33.2391437145	33.2706506968
33.254929311	33.2391753631	33.2706832926
33.2549611154	33.2392066984	33.2707155657
33.2549926049	33.2392377236	33.2707475193
33.2550237828	33.2392684417	33.2707791566
33.255054652	33.2392988557	33.2708104807
33.2550852156	33.2393289686	33.2708414948
33.2551154767	33.2393587835	33.2708722018
33.2551454382	33.2393883032	33.2709026048
33.2551751031	33.2394175307	33.2709327069
33.2552044744	33.239446469	33.2709625109
33.255233555	33.2394751207	33.27099202
33.2552623476	33.2395034889	33.2710212369
33.2552908553	33.2395315763	33.2710501646
33.2553190808	33.2395593856	33.2710788059
33.2553470268	33.2395869197	33.2711071637
33.2553746962	33.2396141812	33.2711352407
33.2554020918	33.2396411728	33.2711630398
33.2554292161	33.2396678973	33.2711905638
33.2554560719	33.2396943572	33.2712178152
33.2554826619	33.2397205553	33.2712447969
33.2555089887	33.239746494	33.2712715115
33.2555350548	33.2397721759	33.2712979616
33.255560863	33.2397976036	33.2713241499
33.2555864156	33.2398227797	33.271350079
33.2556117153	33.2398477065	33.2713757513
33.2556367646	33.2398723866	33.2714011696
33.2556615659	33.2398968224	33.2714263362
33.2556861217	33.2399210163	33.2714512536
33.2557104345	33.2399449707	33.2714759244
33.2557345065	33.239968688	33.271500351
33.2557583403	33.2399921705	33.2715245358
33.2557819381	33.2400154206	33.2715484811
33.2558053024	33.2400384405	33.2715721894
33.2558284353	33.2400612326	33.2715956631
33.2558513393	33.2400837991	33.2716189043
33.2558740165	33.2401061422	33.2716419155
33.2558964693	33.2401282641	33.2716646988
33.2559186998	33.2401501671	33.2716872567
33.2559407102	33.2401718532	33.2717095912
33.2559625028	33.2401933247	33.2717317046
33.2559840796	33.2402145836	33.2717535992
33.2560054429	33.2402356321	33.2717752769
33.2560265946	33.2402564723	33.2717967401
33.256047537	33.2402771062	33.2718179908
33.2560682721	33.2402975358	33.2718390312
33.256088802	33.2403177632	33.2718598632
33.2561091286	33.2403377903	33.2718804891
33.2561292539	33.2403576193	33.2719009107
33.2561491801	33.2403772519	33.2719211302
33.256168909	33.2403966902	33.2719411495
33.2561884427	33.2404159361	33.2719609707
33.2562077829	33.2404349915	33.2719805956
33.2562269317	33.2404538583	33.2720000263
33.256245891	33.2404725383	33.2720192646
33.2562646626	33.2404910334	33.2720383125
33.2562832484	33.2405093455	33.2720571718
33.2563016501	33.2405274763	33.2720758444
33.2563198698	33.2405454276	33.2720943322
33.256337909	33.2405632012	33.2721126369
33.2563557697	33.2405807988	33.2721307605
33.2563734536	33.2405982223	33.2721487046
33.2563909625	33.2406154733	33.2721664711
33.256408298	33.2406325536	33.2721840617
33.2564254619	33.2406494648	33.2722014782
33.2564424559	33.2406662086	33.2722187223
33.2564592817	33.2406827866	33.2722357956
33.256475941	33.2406992006	33.2722527
33.2564924353	33.240715452	33.272269437
33.2565087663	33.2407315426	33.2722860083
33.2565249357	33.240747474	33.2723024156
33.256540945	33.2407632476	33.2723186605
33.2565567959	33.2407788651	33.2723347445
33.2565724898	33.240794328	33.2723506693
33.2565880284	33.2408096378	33.2723664365
33.2566034132	33.2408247961	33.2723820476
33.2566186457	33.2408398044	33.2723975042
33.2566337274	33.2408546641	33.2724128077
33.2566486598	33.2408693767	33.2724279598
33.2566634444	33.2408839436	33.2724429618
33.2566780826	33.2408983664	33.2724578154
33.2566925759	33.2409126464	33.2724725219
33.2567069258	33.2409267851	33.2724870828
33.2567211336	33.2409407838	33.2725014996
33.2567352008	33.2409546439	33.2725157736
33.2567491287	33.2409683668	33.2725299064
33.2567629187	33.2409819539	33.2725438992
33.2567765723	33.2409954065	33.2725577536
33.2567900907	33.241008726	33.2725714707
33.2568034752	33.2410219136	33.2725850521
33.2568167273	33.2410349707	33.2725984991
33.2568298482	33.2410478985	33.2726118129
33.2568428392	33.2410606983	33.2726249949
33.2568557016	33.2410733715	33.2726380465
33.2568684367	33.2410859192	33.2726509688
33.2568810457	33.2410983427	33.2726637632
33.2568935299	33.2411106432	33.272676431
33.2569058905	33.2411228219	33.2726889733
33.2569181288	33.2411348801	33.2727013915
33.2569302459	33.241146819	33.2727136868
33.2569422431	33.2411586397	33.2727258603
33.2569541215	33.2411703433	33.2727379134
33.2569658823	33.2411819311	33.2727498471
33.2569775267	33.2411934042	33.2727616627
33.2569890559	33.2412047638	33.2727733613
33.2570004709	33.2412160109	33.2727849441
33.2570117729	33.2412271466	33.2727964123
33.257022963	33.2412381722	33.2728077669
33.2570340424	33.2412490886	33.2728190091
33.2570450121	33.2412598969	33.27283014
33.2570558732	33.2412705983	33.2728411607
33.2570666268	33.2412811937	33.2728520724
33.2570772739	33.2412916843	33.272862876
33.2570878157	33.241302071	33.2728735727
33.2570982531	33.2413123549	33.2728841635
33.2571085871	33.2413225369	33.2728946494
33.2571188189	33.2413326183	33.2729050315
33.2571289494	33.2413425998	33.2729153109
33.2571389796	33.2413524825	33.2729254885
33.2571489105	33.2413622674	33.2729355653
33.2571587431	33.2413719554	33.2729455424
33.2571684784	33.2413815475	33.2729554208
33.2571781173	33.2413910447	33.2729652013
33.2571876608	33.2414004479	33.272974885
33.2571971099	33.241409758	33.2729844729
33.2572064654	33.2414189759	33.2729939658
33.2572157282	33.2414281026	33.2730033648
33.2572248994	33.241437139	33.2730126707
33.2572339798	33.2414460859	33.2730218845
33.2572429703	33.2414549442	33.2730310071
33.2572518719	33.2414637149	33.2730400394
33.2572606853	33.2414723987	33.2730489823
33.2572694114	33.2414809966	33.2730578366
33.2572780512	33.2414895094	33.2730666033
33.2572866055	33.2414979379	33.2730752832
33.257295075	33.241506283	33.2730838772
33.2573034608	33.2415145454	33.2730923861
33.2573117635	33.2415227261	33.2731008108
33.257319984	33.2415308258	33.2731091521
33.2573281232	33.2415388454	33.2731174108
33.2573361818	33.2415467855	33.2731255877
33.2573441606	33.2415546471	33.2731336837
33.2573520605	33.2415624308	33.2731416996
33.2573598821	33.2415701375	33.2731496361
33.2573676263	33.2415777679	33.273157494
33.2573752939	33.2415853228	33.2731652741
33.2573828855	33.2415928029	33.2731729773
33.257390402	33.2416002089	33.2731806041
33.2573978441	33.2416075417	33.2731881555
33.2574052125	33.2416148018	33.2731956321
33.257412508	33.2416219901	33.2732030347
33.2574197313	33.2416291073	33.2732103641
33.2574268831	33.2416361539	33.2732176208
33.257433964	33.2416431309	33.2732248058
33.2574409749	33.2416500387	33.2732319196
33.2574479164	33.2416568782	33.273238963
33.2574547892	33.24166365	33.2732459366
33.2574615939	33.2416703548	33.2732528412
33.2574683313	33.2416769932	33.2732596775
33.2574750019	33.2416835659	33.2732664461
33.2574816066	33.2416900735	33.2732731477
33.2574881458	33.2416965167	33.273279783
33.2574946204	33.2417028961	33.2732863525
33.2575010308	33.2417092124	33.2732928571
33.2575073778	33.2417154662	33.2732992972
33.257513662	33.241721658	33.2733056736
33.2575198839	33.2417277886	33.2733119869
33.2575260443	33.2417338584	33.2733182376
33.2575321436	33.2417398682	33.2733244265
33.2575381826	33.2417458185	33.2733305542
33.2575441619	33.24175171	33.2733366211
33.2575500819	33.241757543	33.273342628
33.2575559433	33.2417633184	33.2733485755
33.2575617467	33.2417690366	33.273354464
33.2575674927	33.2417746982	33.2733602943
33.2575731818	33.2417803037	33.2733660669
33.2575788145	33.2417858537	33.2733717823
33.2575843915	33.2417913489	33.2733774411
33.2575899133	33.2417967896	33.2733830439
33.2575953805	33.2418021764	33.2733885913
33.2576007935	33.24180751	33.2733940837
33.2576061529	33.2418127907	33.2733995218
33.2576114593	33.2418180192	33.273404906
33.2576167132	33.2418231959	33.273410237
33.257621915	33.2418283214	33.2734155151
33.2576270654	33.2418333961	33.273420741
33.2576321648	33.2418384206	33.2734259152
33.2576372136	33.2418433954	33.2734310382
33.2576422126	33.241848321	33.2734361104
33.257647162	33.2418531977	33.2734411324
33.2576520624	33.2418580262	33.2734461048
33.2576569144	33.2418628069	33.2734510278
33.2576617183	33.2418675403	33.2734559022
33.2576664746	33.2418722268	33.2734607283
33.2576711839	33.241876867	33.2734655066
33.2576758465	33.2418814612	33.2734702377
33.257680463	33.2418860099	33.2734749219
33.2576850338	33.2418905136	33.2734795597
33.2576895593	33.2418949728	33.2734841516
33.2576940401	33.2418993877	33.273488698
33.2576984765	33.241903759	33.2734931995
33.2577028689	33.241908087	33.2734976564
33.2577072179	33.2419123722	33.2735020691
33.2577115239	33.241916615	33.2735064382
33.2577157872	33.2419208157	33.2735107641
33.2577200083	33.2419249749	33.2735150471
33.2577241876	33.2419290929	33.2735192877
33.2577283256	33.2419331702	33.2735234863
33.2577324226	33.241937207	33.2735276434
33.257736479	33.241941204	33.2735317593
33.2577404953	33.2419451613	33.2735358345
33.2577444719	33.2419490795	33.2735398693
33.257748409	33.2419529589	33.2735438642
33.2577523072	33.2419567999	33.2735478195
33.2577561668	33.2419606029	33.2735517357
33.2577599882	33.2419643682	33.2735556131
33.2577637718	33.2419680963	33.2735594521
33.2577675179	33.2419717875	33.2735632532
33.257771227	33.2419754421	33.2735670166
33.2577748993	33.2419790606	33.2735707427
33.2577785352	33.2419826432	33.273574432
33.2577821352	33.2419861904	33.2735780847
33.2577856996	33.2419897024	33.2735817013
33.2577892286	33.2419931797	33.2735852821
33.2577927227	33.2419966226	33.2735888274
33.2577961823	33.2420000314	33.2735923376
33.2577996076	33.2420034064	33.2735958131
33.2578029989	33.2420067481	33.2735992542
33.2578063568	33.2420100566	33.2736026612
33.2578096813	33.2420133325	33.2736060345
33.257812973	33.2420165758	33.2736093744
33.2578162321	33.2420197871	33.2736126812
33.2578194589	33.2420229666	33.2736159553
33.2578226538	33.2420261147	33.273619197
33.257825817	33.2420292315	33.2736224066
33.2578289489	33.2420323175	33.2736255844
33.2578320499	33.242035373	33.2736287308
33.2578351201	33.2420383982	33.273631846
33.2578381599	33.2420413935	33.2736349304
33.2578411697	33.2420443591	33.2736379842
33.2578441497	33.2420472954	33.2736410078
33.2578471001	33.2420502026	33.2736440015
33.2578500214	33.242053081	33.2736469655
33.2578529137	33.2420559309	33.2736499002
33.2578557774	33.2420587527	33.2736528059
33.2578586128	33.2420615465	33.2736556828
33.2578614201	33.2420643126	33.2736585312
33.2578641996	33.2420670514	33.2736613514
33.2578669515	33.242069763	33.2736641437
33.2578696763	33.2420724478	33.2736669084
33.2578723741	33.242075106	33.2736696456
33.2578750451	33.242077738	33.2736723558
33.2578776898	33.2420803438	33.2736750392
33.2578803082	33.2420829239	33.273677696
33.2578829007	33.2420854784	33.2736803265
33.2578854676	33.2420880077	33.2736829309
33.257888009	33.2420905119	33.2736855096
33.2578905253	33.2420929913	33.2736880627
33.2578930167	33.2420954462	33.2736905906
33.2578954835	33.2420978767	33.2736930934
33.2578979258	33.2421002833	33.2736955715
33.2579003439	33.242102666	33.273698025
33.2579027381	33.2421050251	33.2737004543
33.2579051086	33.2421073608	33.2737028595
33.2579074556	33.2421096735	33.2737052409
33.2579097794	33.2421119632	33.2737075987
33.2579120802	33.2421142303	33.2737099332
33.2579143582	33.2421164749	33.2737122445
33.2579166137	33.2421186974	33.273714533
33.2579188468	33.2421208978	33.2737167989
33.2579210579	33.2421230764	33.2737190423
33.257923247	33.2421252335	33.2737212634
33.2579254145	33.2421273692	33.2737234626
33.2579275605	33.2421294838	33.2737256401
33.2579296853	33.2421315775	33.273727796
33.257931789	33.2421336504	33.2737299305
33.257933872	33.2421357028	33.2737320439
33.2579359343	33.2421377349	33.2737341364
33.2579379761	33.2421397469	33.2737362082
33.2579399978	33.2421417389	33.2737382594
33.2579419995	33.2421437113	33.2737402904
33.2579439813	33.2421456641	33.2737423012
33.2579459436	33.2421475976	33.2737442922
33.2579478864	33.2421495119	33.2737462634
33.2579498099	33.2421514073	33.2737482151
33.2579517145	33.242153284	33.2737501475
33.2579536001	33.242155142	33.2737520608
33.2579554672	33.2421569817	33.2737539551
33.2579573157	33.2421588032	33.2737558307
33.2579591459	33.2421606066	33.2737576877
33.257960958	33.2421623922	33.2737595263
33.2579627522	33.2421641601	33.2737613468
33.2579645286	33.2421659105	33.2737631492
33.2579662875	33.2421676436	33.2737649337
33.2579680289	33.2421693595	33.2737667006
33.2579697531	33.2421710584	33.27376845
33.2579714602	33.2421727406	33.2737701821
33.2579731504	33.242174406	33.2737718971
33.2579748239	33.242176055	33.273773595
33.2579764808	33.2421776877	33.2737752762
33.2579781213	33.2421793042	33.2737769407
33.2579797456	33.2421809047	33.2737785887
33.2579813538	33.2421824893	33.2737802204
33.2579829461	33.2421840583	33.273781836
33.2579845226	33.2421856118	33.2737834356
33.2579860835	33.2421871498	33.2737850193
33.257987629	33.2421886727	33.2737865874
33.2579891591	33.2421901804	33.2737881399
33.2579906741	33.2421916733	33.2737896771
33.2579921741	33.2421931513	33.273791199
33.2579936593	33.2421946148	33.2737927059
33.2579951298	33.2421960637	33.2737941979
33.2579965857	33.2421974983	33.2737956751
33.2579980272	33.2421989187	33.2737971377
33.2579994544	33.2422003251	33.2737985858
33.2580008675	33.2422017175	33.2738000195
33.2580022666	33.2422030961	33.2738014391
33.2580036519	33.2422044611	33.2738028446
33.2580050235	33.2422058126	33.2738042362
33.2580063814	33.2422071507	33.2738056141
33.258007726	33.2422084755	33.2738069782
33.2580090572	33.2422097873	33.2738083289
33.2580103752	33.2422110861	33.2738096662
33.2580116802	33.242212372	33.2738109903
33.2580129723	33.2422136451	33.2738123013
33.2580142516	33.2422149057	33.2738135993
33.2580155182	33.2422161538	33.2738148844
33.2580167723	33.2422173895	33.2738161568
33.258018014	33.242218613	33.2738174167
33.2580192434	33.2422198244	33.273818664
33.2580204606	33.2422210238	33.273819899
33.2580216657	33.2422222114	33.2738211218
33.258022859	33.2422233872	33.2738223325
33.2580240404	33.2422245513	33.2738235311
33.2580252101	33.2422257039	33.273824718
33.2580263683	33.2422268451	33.273825893
33.2580275149	33.242227975	33.2738270565
33.2580286503	33.2422290938	33.2738282084
33.2580297744	33.2422302014	33.2738293489
33.2580308873	33.2422312981	33.2738304781
33.2580319893	33.2422323839	33.2738315962
33.2580330803	33.242233459	33.2738327032
33.2580341606	33.2422345235	33.2738337992
33.2580352301	33.2422355774	33.2738348844
33.2580362891	33.2422366208	33.2738359588
33.2580373375	33.242237654	33.2738370226
33.2580383756	33.2422386769	33.2738380759
33.2580394035	33.2422396897	33.2738391187
33.2580404211	33.2422406925	33.2738401512
33.2580414287	33.2422416853	33.2738411735
33.2580424263	33.2422426683	33.2738421857
33.258043414	33.2422436416	33.2738431878
33.258044392	33.2422446052	33.2738441801
33.2580453602	33.2422455594	33.2738451625
33.2580463189	33.242246504	33.2738461352
33.2580472681	33.2422474393	33.2738470982
33.2580482079	33.2422483654	33.2738480517
33.2580491384	33.2422492823	33.2738489958
33.2580500597	33.2422501901	33.2738499306
33.2580509718	33.2422510889	33.273850856
33.258051875	33.2422519788	33.2738517724
33.2580527691	33.24225286	33.2738526796
33.2580536545	33.2422537324	33.2738535779
33.2580545311	33.2422545961	33.2738544673
33.258055399	33.2422554513	33.2738553478
33.2580562583	33.2422562981	33.2738562197
33.2580571091	33.2422571365	33.2738570829
33.2580579515	33.2422579665	33.2738579376
33.2580587855	33.2422587884	33.2738587838
33.2580596113	33.2422596021	33.2738596217
33.2580604289	33.2422604078	33.2738604512
33.2580612384	33.2422612054	33.2738612725
33.2580620399	33.2422619952	33.2738620857
33.2580628335	33.2422627772	33.2738628909
33.2580636192	33.2422635514	33.2738636881
33.2580643971	33.242264318	33.2738644774
33.2580651674	33.242265077	33.2738652589
33.25806593	33.2422658285	33.2738660326
33.258066685	33.2422665725	33.2738667987
33.2580674326	33.2422673092	33.2738675572
33.2580681728	33.2422680385	33.2738683082
33.2580689057	33.2422687607	33.2738690517
33.2580696313	33.2422694757	33.2738697879
33.2580703497	33.2422701836	33.2738705168
33.258071061	33.2422708845	33.2738712385
33.2580717653	33.2422715785	33.2738719531
33.2580724626	33.2422722656	33.2738726606
33.258073153	33.2422729459	33.273873361
33.2580738365	33.2422736195	33.2738740546
33.2580745133	33.2422742864	33.2738747412
33.2580751834	33.2422749467	33.2738754211
33.2580758469	33.2422756005	33.2738760943
33.2580765038	33.2422762478	33.2738767607
33.2580771542	33.2422768887	33.2738774206
33.2580777981	33.2422775232	33.273878074
33.2580784357	33.2422781515	33.2738787209
33.258079067	33.2422787736	33.2738793613
33.258079692	33.2422793894	33.2738799955
33.2580803108	33.2422799992	33.2738806233
33.2580809235	33.242280603	33.273881245
33.2580815302	33.2422812008	33.2738818605
33.2580821308	33.2422817926	33.2738824699
33.2580827255	33.2422823787	33.2738830732
33.2580833143	33.2422829589	33.2738836706
33.2580838973	33.2422835333	33.2738842621
33.2580844745	33.2422841021	33.2738848477
33.258085046	33.2422846652	33.2738854276
33.2580856118	33.2422852228	33.2738860016
33.258086172	33.2422857749	33.2738865701
33.2580867267	33.2422863215	33.2738871328
33.2580872759	33.2422868626	33.27388769
33.2580878197	33.2422873985	33.2738882417
33.2580883581	33.242287929	33.273888788
33.2580888911	33.2422884542	33.2738893288
33.2580894189	33.2422889743	33.2738898642
33.2580899414	33.2422894892	33.2738903944
33.2580904588	33.242289999	33.2738909193
33.258090971	33.2422905038	33.273891439
33.2580914782	33.2422910036	33.2738919536
33.2580919804	33.2422914984	33.2738924631
33.2580924776	33.2422919884	33.2738929675
33.2580929698	33.2422924734	33.273893467
33.2580934572	33.2422929537	33.2738939615
33.2580939398	33.2422934292	33.2738944511
33.2580944176	33.2422939001	33.2738949359
33.2580948907	33.2422943662	33.2738954158
33.2580953591	33.2422948278	33.273895891
33.2580958228	33.2422952847	33.2738963615
33.2580962819	33.2422957372	33.2738968274
33.2580967366	33.2422961852	33.2738972886
33.2580971867	33.2422966287	33.2738977453
33.2580976323	33.2422970679	33.2738981974
33.2580980736	33.2422975027	33.2738986451
33.2580985104	33.2422979332	33.2738990884
33.258098943	33.2422983594	33.2738995272
33.2580993712	33.2422987814	33.2738999617
33.2580997953	33.2422991993	33.2739003919
33.2581002151	33.242299613	33.2739008179
33.2581006308	33.2423000226	33.2739012396
33.2581010423	33.2423004281	33.2739016572
33.2581014498	33.2423008297	33.2739020706
33.2581018533	33.2423012272	33.2739024799
33.2581022527	33.2423016209	33.2739028852
33.2581026482	33.2423020106	33.2739032865
33.2581030398	33.2423023965	33.2739036838
33.2581034275	33.2423027785	33.2739040771
33.2581038114	33.2423031568	33.2739044666
33.2581041915	33.2423035313	33.2739048522
33.2581045678	33.2423039022	33.273905234
33.2581049404	33.2423042693	33.273905612
33.2581053093	33.2423046328	33.2739059863
33.2581056745	33.2423049928	33.2739063569
33.2581060362	33.2423053491	33.2739067238
33.2581063942	33.2423057019	33.273907087
33.2581067487	33.2423060513	33.2739074467
33.2581070997	33.2423063972	33.2739078028
33.2581074472	33.2423067396	33.2739081554
33.2581077913	33.2423070787	33.2739085045
33.258108132	33.2423074144	33.2739088501
33.2581084693	33.2423077468	33.2739091924
33.2581088033	33.2423080759	33.2739095312
33.2581091339	33.2423084017	33.2739098667
33.2581094613	33.2423087243	33.2739101988
33.2581097855	33.2423090437	33.2739105277
33.2581101064	33.24230936	33.2739108533
33.2581104242	33.2423096731	33.2739111757
33.2581107388	33.2423099832	33.2739114949
33.2581110503	33.2423102901	33.2739118109
33.2581113587	33.242310594	33.2739121238
33.2581116641	33.242310895	33.2739124337
33.2581119664	33.2423111929	33.2739127404
33.2581122658	33.2423114879	33.2739130441
33.2581125621	33.2423117799	33.2739133448
33.2581128556	33.2423120691	33.2739136425
33.2581131461	33.2423123554	33.2739139373
33.2581134338	33.2423126389	33.2739142292
33.2581137186	33.2423129196	33.2739145181
33.2581140006	33.2423131975	33.2739148042
33.2581142798	33.2423134726	33.2739150875
33.2581145563	33.242313745	33.273915368
33.25811483	33.2423140147	33.2739156457
33.258115101	33.2423142818	33.2739159206
33.2581153693	33.2423145462	33.2739161929
33.258115635	33.242314808	33.2739164624
33.258115898	33.2423150672	33.2739167293
33.2581161585	33.2423153238	33.2739169935
33.2581164163	33.2423155779	33.2739172551
33.2581166716	33.2423158295	33.2739175141
33.2581169244	33.2423160786	33.2739177706
33.2581171746	33.2423163252	33.2739180245
33.2581174224	33.2423165694	33.2739182759
33.2581176678	33.2423168112	33.2739185248
33.2581179107	33.2423170505	33.2739187712
33.2581181512	33.2423172875	33.2739190152
33.2581183893	33.2423175222	33.2739192568
33.2581186251	33.2423177545	33.273919496
33.2581188585	33.2423179846	33.2739197328
33.2581190896	33.2423182123	33.2739199673
33.2581193185	33.2423184378	33.2739201995
33.2581195451	33.2423186611	33.2739204294
33.2581197694	33.2423188821	33.273920657
33.2581199915	33.242319101	33.2739208823
33.2581202114	33.2423193177	33.2739211054
33.2581204291	33.2423195323	33.2739213263
33.2581206447	33.2423197447	33.273921545
33.2581208581	33.2423199551	33.2739217616
33.2581210695	33.2423201633	33.273921976
33.2581212787	33.2423203695	33.2739221883
33.2581214859	33.2423205736	33.2739223984
33.258121691	33.2423207758	33.2739226065
33.2581218941	33.2423209759	33.2739228126
33.2581220952	33.242321174	33.2739230166
33.2581222942	33.2423213702	33.2739232186
33.2581224913	33.2423215645	33.2739234185
33.2581226865	33.2423217568	33.2739236165
33.2581228797	33.2423219472	33.2739238126
33.2581230711	33.2423221357	33.2739240067
33.2581232605	33.2423223224	33.2739241989
33.258123448	33.2423225072	33.2739243891
33.2581236337	33.2423226902	33.2739245775
33.2581238176	33.2423228714	33.2739247641
33.2581239996	33.2423230508	33.2739249487
33.2581241798	33.2423232284	33.2739251316
33.2581243583	33.2423234042	33.2739253126
33.258124535	33.2423235783	33.2739254919
33.2581247099	33.2423237507	33.2739256694
33.2581248831	33.2423239214	33.2739258451
33.2581250546	33.2423240904	33.2739260191
33.2581252244	33.2423242577	33.2739261913
33.2581253925	33.2423244234	33.2739263619
33.2581255589	33.2423245874	33.2739265307
33.2581257237	33.2423247498	33.2739266979
33.2581258869	33.2423249106	33.2739268635
33.2581260484	33.2423250698	33.2739270274
33.2581262084	33.2423252274	33.2739271896
33.2581263668	33.2423253835	33.2739273503
33.2581265236	33.242325538	33.2739275094
33.2581266788	33.242325691	33.2739276669
33.2581268325	33.2423258424	33.2739278228
33.2581269847	33.2423259924	33.2739279772
33.2581271354	33.2423261409	33.2739281301
33.2581272846	33.2423262879	33.2739282815
33.2581274323	33.2423264335	33.2739284313
33.2581275785	33.2423265776	33.2739285797
33.2581277234	33.2423267203	33.2739287266
33.2581278667	33.2423268616	33.2739288721
33.2581280087	33.2423270015	33.2739290161
33.2581281492	33.24232714	33.2739291587
33.2581282884	33.2423272771	33.2739292999
33.2581284262	33.2423274129	33.2739294396
33.2581285626	33.2423275473	33.273929578
33.2581286976	33.2423276804	33.2739297151
33.2581288314	33.2423278122	33.2739298507
33.2581289638	33.2423279427	33.2739299851
33.2581290949	33.2423280719	33.2739301181
33.2581292246	33.2423281998	33.2739302497
33.2581293532	33.2423283264	33.2739303801
33.2581294804	33.2423284518	33.2739305092
33.2581296064	33.2423285759	33.273930637
33.2581297311	33.2423286989	33.2739307636
33.2581298546	33.2423288206	33.2739308888
33.2581299769	33.2423289411	33.2739310129
33.2581300979	33.2423290604	33.2739311357
33.2581302178	33.2423291785	33.2739312573
33.2581303365	33.2423292954	33.2739313777
33.258130454	33.2423294112	33.2739314969
33.2581305703	33.2423295259	33.273931615
33.2581306855	33.2423296394	33.2739317318
33.2581307996	33.2423297518	33.2739318475
33.2581309125	33.2423298631	33.2739319621
33.2581310243	33.2423299732	33.2739320755
33.258131135	33.2423300823	33.2739321878
33.2581312446	33.2423301903	33.273932299
33.2581313531	33.2423302973	33.2739324091
33.2581314605	33.2423304031	33.2739325181
33.2581315669	33.242330508	33.273932626
33.2581316722	33.2423306118	33.2739327329
33.2581317765	33.2423307145	33.2739328387
33.2581318798	33.2423308163	33.2739329434
33.258131982	33.242330917	33.2739330471
33.2581320832	33.2423310168	33.2739331498
33.2581321834	33.2423311155	33.2739332515
33.2581322826	33.2423312133	33.2739333521
33.2581323809	33.2423313101	33.2739334518
33.2581324781	33.242331406	33.2739335505
33.2581325744	33.2423315009	33.2739336482
33.2581326698	33.2423315948	33.2739337449
33.2581327642	33.2423316879	33.2739338407
33.2581328577	33.24233178	33.2739339355
33.2581329502	33.2423318712	33.2739340294
33.2581330418	33.2423319615	33.2739341224
33.2581331326	33.2423320509	33.2739342144
33.2581332224	33.2423321394	33.2739343056
33.2581333113	33.242332227	33.2739343958
33.2581333994	33.2423323138	33.2739344851
33.2581334866	33.2423323997	33.2739345736
33.2581335729	33.2423324848	33.2739346611
33.2581336584	33.242332569	33.2739347478
33.258133743	33.2423326524	33.2739348337
33.2581338268	33.242332735	33.2739349187
33.2581339097	33.2423328167	33.2739350029
33.2581339918	33.2423328977	33.2739350862
33.2581340732	33.2423329778	33.2739351687
33.2581341537	33.2423330571	33.2739352504
33.2581342334	33.2423331357	33.2739353312
33.2581343123	33.2423332135	33.2739354113
33.2581343905	33.2423332905	33.2739354906
33.2581344678	33.2423333667	33.2739355691
33.2581345445	33.2423334422	33.2739356468
33.2581346203	33.242333517	33.2739357238
33.2581346954	33.242333591	33.2739357999
33.2581347698	33.2423336643	33.2739358754
33.2581348434	33.2423337368	33.2739359501
33.2581349163	33.2423338086	33.273936024
33.2581349884	33.2423338798	33.2739360972
33.2581350599	33.2423339502	33.2739361697
33.2581351306	33.2423340199	33.2739362415
33.2581352007	33.2423340889	33.2739363125
33.25813527	33.2423341573	33.2739363829
33.2581353387	33.2423342249	33.2739364526
33.2581354067	33.2423342919	33.2739365215
33.258135474	33.2423343583	33.2739365898
33.2581355406	33.242334424	33.2739366574
33.2581356066	33.242334489	33.2739367244
33.258135672	33.2423345534	33.2739367907
33.2581357367	33.2423346171	33.2739368563
33.2581358007	33.2423346802	33.2739369213
33.2581358641	33.2423347427	33.2739369856
33.2581359269	33.2423348046	33.2739370493
33.2581359891	33.2423348659	33.2739371124
33.2581360506	33.2423349265	33.2739371748
33.2581361116	33.2423349866	33.2739372366
33.2581361719	33.242335046	33.2739372978
33.2581362316	33.2423351049	33.2739373585
33.2581362908	33.2423351632	33.2739374185
33.2581363493	33.2423352209	33.2739374779
33.2581364073	33.242335278	33.2739375367
33.2581364647	33.2423353346	33.2739375949
33.2581365216	33.2423353906	33.2739376526
33.2581365778	33.2423354461	33.2739377097
33.2581366336	33.242335501	33.2739377662
33.2581366887	33.2423355554	33.2739378222
33.2581367434	33.2423356092	33.2739378776
33.2581367974	33.2423356625	33.2739379325
33.258136851	33.2423357153	33.2739379868
33.258136904	33.2423357675	33.2739380406
33.2581369565	33.2423358193	33.2739380938
33.2581370085	33.2423358705	33.2739381466
33.2581370599	33.2423359212	33.2739381988
33.2581371109	33.2423359714	33.2739382504
33.2581371613	33.2423360211	33.2739383016
33.2581372113	33.2423360703	33.2739383523
33.2581372607	33.2423361191	33.2739384025
33.2581373097	33.2423361673	33.2739384521
33.2581373581	33.2423362151	33.2739385013
33.2581374061	33.2423362624	33.27393855
33.2581374537	33.2423363092	33.2739385982
33.2581375007	33.2423363556	33.2739386459
33.2581375473	33.2423364015	33.2739386932
33.2581375934	33.2423364469	33.27393874
33.2581376391	33.2423364919	33.2739387863
33.2581376843	33.2423365365	33.2739388322
33.2581377291	33.2423365806	33.2739388776
33.2581377734	33.2423366243	33.2739389226
33.2581378173	33.2423366676	33.2739389671
33.2581378607	33.2423367104	33.2739390112
33.2581379038	33.2423367528	33.2739390548
33.2581379464	33.2423367947	33.273939098
33.2581379885	33.2423368363	33.2739391408
33.2581380303	33.2423368775	33.2739391832
33.2581380716	33.2423369182	33.2739392251
33.2581381126	33.2423369585	33.2739392666
33.2581381531	33.2423369985	33.2739393078
33.2581381932	33.242337038	33.2739393485
33.2581382329	33.2423370772	33.2739393888
33.2581382723	33.2423371159	33.2739394287
33.2581383112	33.2423371543	33.2739394682
33.2581383498	33.2423371923	33.2739395073
33.258138388	33.24233723	33.2739395461
33.2581384258	33.2423372672	33.2739395844
33.2581384632	33.2423373041	33.2739396224
33.2581385003	33.2423373406	33.27393966
33.2581385369	33.2423373768	33.2739396972
33.2581385733	33.2423374126	33.273939734
33.2581386092	33.242337448	33.2739397705
33.2581386449	33.2423374831	33.2739398067
33.2581386801	33.2423375179	33.2739398424
33.258138715	33.2423375523	33.2739398778
33.2581387496	33.2423375863	33.2739399129
33.2581387838	33.2423376201	33.2739399476
33.2581388177	33.2423376534	33.273939982
33.2581388512	33.2423376865	33.273940016
33.2581388845	33.2423377192	33.2739400497
33.2581389173	33.2423377517	33.2739400831
33.2581389499	33.2423377837	33.2739401161
33.2581389821	33.2423378155	33.2739401488
33.2581390141	33.242337847	33.2739401812
33.2581390457	33.2423378781	33.2739402133
33.258139077	33.242337909	33.273940245
33.2581391079	33.2423379395	33.2739402765
33.2581391386	33.2423379697	33.2739403076
33.258139169	33.2423379997	33.2739403384
33.2581391991	33.2423380293	33.2739403689
33.2581392288	33.2423380586	33.2739403991
33.2581392583	33.2423380877	33.273940429
33.2581392875	33.2423381164	33.2739404586
33.2581393164	33.2423381449	33.2739404879
33.258139345	33.2423381731	33.2739405169
33.2581393733	33.242338201	33.2739405457
33.2581394014	33.2423382287	33.2739405741
33.2581394292	33.242338256	33.2739406023
33.2581394567	33.2423382831	33.2739406302
33.2581394839	33.24233831	33.2739406578
33.2581395108	33.2423383365	33.2739406852
33.2581395375	33.2423383628	33.2739407122
33.2581395639	33.2423383889	33.273940739
33.2581395901	33.2423384147	33.2739407656
33.258139616	33.2423384402	33.2739407919
33.2581396416	33.2423384655	33.2739408179
33.258139667	33.2423384905	33.2739408436
33.2581396922	33.2423385153	33.2739408691
33.2581397171	33.2423385398	33.2739408944
33.2581397417	33.2423385641	33.2739409194
33.2581397661	33.2423385881	33.2739409442
33.2581397903	33.2423386119	33.2739409687
33.2581398142	33.2423386355	33.2739409929
33.2581398379	33.2423386589	33.273941017
33.2581398613	33.242338682	33.2739410407
33.2581398845	33.2423387048	33.2739410643
33.2581399075	33.2423387275	33.2739410876
33.2581399303	33.2423387499	33.2739411107
33.2581399528	33.2423387721	33.2739411336
33.2581399751	33.2423387941	33.2739411562
33.2581399972	33.2423388159	33.2739411786
33.2581400191	33.2423388374	33.2739412008
33.2581400408	33.2423388588	33.2739412228
33.2581400622	33.2423388799	33.2739412445
33.2581400834	33.2423389008	33.2739412661
33.2581401044	33.2423389216	33.2739412874
33.2581401253	33.2423389421	33.2739413085
33.2581401459	33.2423389624	33.2739413294
33.2581401663	33.2423389825	33.2739413501
33.2581401865	33.2423390024	33.2739413706
33.2581402065	33.2423390221	33.2739413909
33.2581402263	33.2423390416	33.273941411
33.2581402459	33.2423390609	33.2739414308
33.2581402653	33.2423390801	33.2739414505
33.2581402845	33.242339099	33.27394147
33.2581403035	33.2423391178	33.2739414893
33.2581403224	33.2423391363	33.2739415084
33.258140341	33.2423391547	33.2739415274
33.2581403595	33.2423391729	33.2739415461
33.2581403778	33.2423391909	33.2739415647
33.2581403959	33.2423392088	33.273941583
33.2581404138	33.2423392264	33.2739416012
33.2581404316	33.2423392439	33.2739416192
33.2581404491	33.2423392612	33.273941637
33.2581404665	33.2423392784	33.2739416547
33.2581404837	33.2423392954	33.2739416722
33.2581405008	33.2423393122	33.2739416895
33.2581405177	33.2423393288	33.2739417066
33.2581405344	33.2423393453	33.2739417236
33.258140551	33.2423393616	33.2739417404
33.2581405674	33.2423393778	33.273941757
33.2581405836	33.2423393938	33.2739417734
33.2581405997	33.2423394096	33.2739417897
33.2581406156	33.2423394253	33.2739418059
33.2581406313	33.2423394408	33.2739418219
33.2581406469	33.2423394562	33.2739418377
33.2581406623	33.2423394714	33.2739418533
33.2581406776	33.2423394865	33.2739418689
33.2581406928	33.2423395014	33.2739418842
33.2581407078	33.2423395161	33.2739418994
33.2581407226	33.2423395308	33.2739419145
33.2581407373	33.2423395452	33.2739419294
33.2581407518	33.2423395596	33.2739419441
33.2581407662	33.2423395738	33.2739419587
33.2581407805	33.2423395878	33.2739419732
33.2581407946	33.2423396017	33.2739419875
33.2581408086	33.2423396155	33.2739420017
33.2581408224	33.2423396292	33.2739420157
33.2581408361	33.2423396427	33.2739420296
33.2581408497	33.242339656	33.2739420434
33.2581408631	33.2423396693	33.273942057
33.2581408764	33.2423396824	33.2739420705
33.2581408896	33.2423396954	33.2739420839
33.2581409026	33.2423397082	33.2739420971
33.2581409156	33.2423397209	33.2739421102
33.2581409283	33.2423397335	33.2739421232
33.258140941	33.242339746	33.273942136
33.2581409535	33.2423397583	33.2739421487
33.2581409659	33.2423397706	33.2739421613
33.2581409782	33.2423397827	33.2739421738
33.2581409904	33.2423397947	33.2739421861
33.2581410024	33.2423398065	33.2739421983
33.2581410143	33.2423398183	33.2739422104
33.2581410261	33.2423398299	33.2739422224
33.2581410378	33.2423398414	33.2739422342
33.2581410494	33.2423398528	33.273942246
33.2581410609	33.2423398641	33.2739422576
33.2581410722	33.2423398753	33.2739422691
33.2581410834	33.2423398864	33.2739422805
33.2581410945	33.2423398973	33.2739422918
33.2581411056	33.2423399082	33.273942303
33.2581411165	33.2423399189	33.273942314
33.2581411273	33.2423399296	33.273942325
33.2581411379	33.2423399401	33.2739423358
33.2581411485	33.2423399505	33.2739423465
33.258141159	33.2423399608	33.2739423572
33.2581411694	33.2423399711	33.2739423677
33.2581411796	33.2423399812	33.2739423781
33.2581411898	33.2423399912	33.2739423884
33.2581411999	33.2423400011	33.2739423986
33.2581412098	33.242340011	33.2739424087
33.2581412197	33.2423400207	33.2739424187
33.2581412295	33.2423400303	33.2739424287
33.2581412391	33.2423400398	33.2739424385
33.2581412487	33.2423400493	33.2739424482
33.2581412582	33.2423400586	33.2739424578
33.2581412676	33.2423400679	33.2739424673
33.2581412769	33.242340077	33.2739424768
33.2581412861	33.2423400861	33.2739424861
33.2581412952	33.2423400951	33.2739424953
33.2581413042	33.242340104	33.2739425045
33.2581413132	33.2423401128	33.2739425136
33.258141322	33.2423401215	33.2739425225
33.2581413308	33.2423401301	33.2739425314
33.2581413394	33.2423401387	33.2739425402
33.258141348	33.2423401472	33.2739425489
33.2581413565	33.2423401555	33.2739425576
33.2581413649	33.2423401638	33.2739425661
33.2581413733	33.242340172	33.2739425745
33.2581413815	33.2423401802	33.2739425829
33.2581413897	33.2423401882	33.2739425912
33.2581413978	33.2423401962	33.2739425994
33.2581414058	33.2423402041	33.2739426075
33.2581414137	33.2423402119	33.2739426156
33.2581414216	33.2423402196	33.2739426235
33.2581414293	33.2423402273	33.2739426314
33.258141437	33.2423402349	33.2739426392
33.2581414447	33.2423402424	33.273942647
33.2581414522	33.2423402498	33.2739426546
33.2581414597	33.2423402572	33.2739426622
33.2581414671	33.2423402645	33.2739426697
33.2581414744	33.2423402717	33.2739426771
33.2581414816	33.2423402788	33.2739426845
33.2581414888	33.2423402859	33.2739426917
33.2581414959	33.2423402929	33.273942699
33.258141503	33.2423402998	33.2739427061
33.2581415099	33.2423403067	33.2739427132
33.2581415168	33.2423403135	33.2739427202
33.2581415237	33.2423403202	33.2739427271
33.2581415304	33.2423403269	33.2739427339
33.2581415371	33.2423403335	33.2739427407
33.2581415437	33.24234034	33.2739427475
33.2581415503	33.2423403465	33.2739427541
33.2581415568	33.2423403529	33.2739427607
33.2581415632	33.2423403592	33.2739427672
33.2581415696	33.2423403655	33.2739427737
33.2581415759	33.2423403717	33.2739427801
33.2581415822	33.2423403779	33.2739427864
33.2581415883	33.242340384	33.2739427927
33.2581415945	33.24234039	33.2739427989
33.2581416005	33.242340396	33.2739428051
33.2581416065	33.2423404019	33.2739428112
33.2581416125	33.2423404078	33.2739428172
33.2581416184	33.2423404136	33.2739428231
33.2581416242	33.2423404193	33.2739428291
33.2581416299	33.242340425	33.2739428349
33.2581416357	33.2423404306	33.2739428407
33.2581416413	33.2423404362	33.2739428464
33.2581416469	33.2423404417	33.2739428521
33.2581416524	33.2423404472	33.2739428577
33.2581416579	33.2423404526	33.2739428633
33.2581416634	33.2423404579	33.2739428688
33.2581416687	33.2423404632	33.2739428743
33.2581416741	33.2423404685	33.2739428797
33.2581416793	33.2423404737	33.273942885
33.2581416846	33.2423404788	33.2739428903
33.2581416897	33.2423404839	33.2739428956
33.2581416948	33.242340489	33.2739429007
33.2581416999	33.242340494	33.2739429059
33.2581417049	33.2423404989	33.273942911
33.2581417099	33.2423405038	33.273942916
33.2581417148	33.2423405086	33.273942921
33.2581417197	33.2423405134	33.2739429259
33.2581417245	33.2423405182	33.2739429308
33.2581417293	33.2423405229	33.2739429357
33.258141734	33.2423405276	33.2739429405
33.2581417387	33.2423405322	33.2739429452
33.2581417433	33.2423405367	33.2739429499
33.2581417479	33.2423405413	33.2739429546
33.2581417525	33.2423405457	33.2739429592
33.258141757	33.2423405502	33.2739429637
33.2581417614	33.2423405546	33.2739429683
33.2581417658	33.2423405589	33.2739429727
33.2581417702	33.2423405632	33.2739429772
33.2581417745	33.2423405675	33.2739429815
33.2581417788	33.2423405717	33.2739429859
33.258141783	33.2423405759	33.2739429902
33.2581417872	33.24234058	33.2739429944
33.2581417914	33.2423405841	33.2739429987
33.2581417955	33.2423405881	33.2739430028
33.2581417995	33.2423405921	33.273943007
33.2581418036	33.2423405961	33.273943011
33.2581418076	33.2423406001	33.2739430151
33.2581418115	33.2423406039	33.2739430191
33.2581418154	33.2423406078	33.2739430231
33.2581418193	33.2423406116	33.273943027
33.2581418231	33.2423406154	33.2739430309
33.2581418269	33.2423406191	33.2739430347
33.2581418307	33.2423406228	33.2739430386
33.2581418344	33.2423406265	33.2739430423
33.2581418381	33.2423406302	33.2739430461
33.2581418418	33.2423406337	33.2739430498
33.2581418454	33.2423406373	33.2739430534
33.2581418489	33.2423406408	33.2739430571
33.2581418525	33.2423406443	33.2739430607
33.258141856	33.2423406478	33.2739430642
33.2581418595	33.2423406512	33.2739430677
33.2581418629	33.2423406546	33.2739430712
33.2581418663	33.2423406579	33.2739430747
33.2581418697	33.2423406613	33.2739430781
33.258141873	33.2423406646	33.2739430815
33.2581418763	33.2423406678	33.2739430848
33.2581418796	33.242340671	33.2739430881
33.2581418828	33.2423406742	33.2739430914
33.258141886	33.2423406774	33.2739430947
33.2581418892	33.2423406805	33.2739430979
33.2581418924	33.2423406836	33.2739431011
33.2581418955	33.2423406867	33.2739431043
33.2581418985	33.2423406897	33.2739431074
33.2581419016	33.2423406927	33.2739431105
33.2581419046	33.2423406957	33.2739431135
33.2581419076	33.2423406987	33.2739431166
33.2581419106	33.2423407016	33.2739431196
33.2581419135	33.2423407045	33.2739431225
33.2581419164	33.2423407073	33.2739431255
33.2581419193	33.2423407102	33.2739431284
33.2581419221	33.242340713	33.2739431313
33.2581419249	33.2423407157	33.2739431342
33.2581419277	33.2423407185	33.273943137
33.2581419305	33.2423407212	33.2739431398
33.2581419332	33.2423407239	33.2739431426
33.2581419359	33.2423407266	33.2739431453
33.2581419386	33.2423407292	33.273943148
33.2581419413	33.2423407318	33.2739431507
33.2581419439	33.2423407344	33.2739431534
33.2581419465	33.242340737	33.273943156
33.2581419491	33.2423407395	33.2739431586
33.2581419516	33.242340742	33.2739431612
33.2581419542	33.2423407445	33.2739431638
33.2581419567	33.242340747	33.2739431663
33.2581419591	33.2423407494	33.2739431688
33.2581419616	33.2423407518	33.2739431713
33.258141964	33.2423407542	33.2739431738
33.2581419664	33.2423407566	33.2739431762
