0.0304726993352	-3.38073990337	3.44168530204
0.776736731411	-2.6082760459	4.16174950872
1.51669242384	-1.84308952533	4.87647437301
2.25039310246	-1.08510434668	5.58589055161
2.97789164233	-0.334244864615	6.29002814927
3.69924047153	0.409564197258	6.98891674579
4.41449157496	1.14639772625	7.68258542367
5.12369649809	1.87633019992	8.37106279626
5.82690635066	2.59943566495	9.05437703637
6.52417181036	3.31578771571	9.73255590501
7.2155431265	4.02545947277	10.4056267802
7.90107012361	4.72852356126	11.073616686
8.58080220506	5.4250520895	11.7365523206
9.25478835658	6.11511662789	12.3944600853
9.92307714982	6.79878818813	13.0473661115
10.5857167459	7.47613720305	13.6952962887
11.2427548986	8.14723350708	14.3382762902
11.8942389584	8.81214631738	14.9763315995
12.5402158752	9.47094421593	15.6094875345
13.1807322022	10.1236951325	16.2377692719
13.815834099	10.7704663285	16.8612018694
14.4455673349	11.4113243822	17.4798102876
15.0699772925	12.0463351746	18.0936194104
15.6891089707	12.675563877	18.7026540644
16.3030069879	13.2990749393	19.3069390365
16.9117155856	13.9169320798	19.9064990913
17.515278631	14.529198276	20.5013589859
18.1137396206	15.1359357568	21.0915434844
18.7071416834	15.7372059957	21.677077371
19.2955275835	16.3330697057	22.2579854612
19.8789397237	16.9235868346	22.8342926128
20.4574201484	17.5088165622	23.4060237346
21.0310105464	18.0888172981	23.9732037948
21.5997522544	18.6636466809	24.5358578278
22.1636862592	19.2333615783	25.0940109402
22.7228532017	19.7980180883	25.6476883151
23.2772933787	20.3576715409	26.1969152165
23.8270467468	20.9123765018	26.7417169918
24.3721529246	21.4621867754	27.2821190738
24.9126511959	22.0071554099	27.8181469819
25.4485805123	22.5473347025	28.3498263221
25.9799794963	23.0827762054	28.8771827872
26.5068864437	23.6135307325	29.400242155
27.0293393269	24.1396483666	29.9190302872
27.547375797	24.6611784672	30.4335731268
28.061033187	25.1781696787	30.9438966952
28.5703485141	25.690669939	31.4500270893
29.075358483	26.1987264885	31.9519904774
29.5760994876	26.7023858797	32.4498130956
30.0726076147	27.2016939866	32.9435212428
30.5649186456	27.6966960147	33.4331412765
31.0530680593	28.1874365111	33.9186996076
31.537091035	28.6739593748	34.4002226952
32.0170224544	29.1563078671	34.8777370417
32.4928969043	29.6345246219	35.3512691866
32.9647486792	30.1086516569	35.8208457014
33.4326117837	30.5787303834	36.2864931839
33.8965199349	31.0448016178	36.748238252
34.356506565	31.5069055913	37.2061075386
34.8126048234	31.9650819617	37.6601276852
35.2648475795	32.4193698227	38.1103253363
35.7132674247	32.8698077156	38.5567271339
36.157896675	33.3164336386	38.9993597113
36.598767373	33.7592850582	39.4382496878
37.0359112907	34.1983989186	39.8734236628
37.4693599315	34.6338116522	40.3049082107
37.8991445322	35.0655591894	40.7327298751
38.325296066	35.4936769685	41.1569151634
38.7478452438	35.9181999454	41.5774905423
39.1668225174	36.3391626031	41.9944824317
39.5822580807	36.7565989609	42.4079172006
39.9941818727	37.1705425837	42.8178211618
40.4026235792	37.5810265911	43.2242205674
40.807612635	37.9880836661	43.627141604
41.2091782262	38.3917460638	44.0266103886
41.6073492921	38.7920456199	44.4226529643
42.0021545274	39.189013759	44.8152952957
42.3936223842	39.5826815028	45.2045632655
42.7817810741	39.9730794778	45.5904826704
43.1666585703	40.3602379233	45.9730792174
43.5482826095	40.744186699	46.3523785201
43.9266806939	41.1249552921	46.7284060957
44.3018800932	41.5025728252	47.1011873612
44.6739078466	41.8770680625	47.4707476307
45.0427907647	42.2484694172	47.8371121122
45.4085554317	42.6168049585	48.2003059048
45.7712282067	42.9821024174	48.5603539959
46.1308352262	43.3443891938	48.9172812586
46.4874024057	43.7036923621	49.2711124493
46.8409554418	44.0600386781	49.6218722055
47.1915198136	44.4134545841	49.9695850431
47.539120785	44.7639662152	50.3142753548
47.8837834064	45.1115994048	50.655967408
48.2255325162	45.4563796898	50.9946853425
48.564392743	45.7983323166	51.3304531693
48.9003885072	46.1374822456	51.6632947687
49.2335440228	46.4738541568	51.9932338887
49.563883299	46.8074724544	52.3202941436
49.8914301422	47.1383612718	52.6444990126
50.2162081573	47.4665444762	52.9658718385
50.5382407501	47.7920456735	53.2844358266
50.857551128	48.1148882121	53.6002140439
51.1741623027	48.435095188	53.9132294174
51.4880970911	48.7526894485	54.2235047337
51.7993781173	49.0676935964	54.5310626382
52.1080278142	49.3801299944	54.835925634
52.414068425	49.6900207686	55.1381160813
52.7175220048	49.9973878124	55.4376561973
53.0184104225	50.3022527904	55.7345680547
53.316755362	50.604637142	56.028873582
53.6125783238	50.9045620848	56.3205945628
53.9059006268	51.2020486181	56.6097526356
54.1967434097	51.4971175264	56.8963692929
54.4851276323	51.7897893827	57.180465882
54.7710740775	52.0800845514	57.4620636037
55.0546033524	52.3680231917	57.7411835131
55.3357358898	52.6536252607	58.0178465188
55.6144919499	52.9369105164	58.2920733833
55.8908916215	53.2178985203	58.5638847228
56.1649548239	53.4966086405	58.8333010074
56.4367013077	53.7730600545	59.100342561
56.7061506566	54.0472717518	59.3650295615
56.9733222889	54.3192625367	59.6273820411
57.2382354586	54.5890510308	59.8874198864
57.500909257	54.8566556755	60.1451628386
57.761362614	55.1220947343	60.4006304938
58.0196142996	55.3853862959	60.6538423033
58.2756829249	55.6465482757	60.9048175741
58.5295869438	55.9055984187	61.153575469
58.7813446543	56.1625543016	61.4001350071
59.0309741996	56.4174333349	61.6445150644
59.2784935696	56.6702527653	61.8867343739
59.523920602	56.9210296776	62.1268115265
59.7672729839	57.169780997	62.3647649708
60.0085682527	57.4165234909	62.6006130146
60.2478237978	57.661273771	62.8343738245
60.4850568612	57.9040482955	63.066065427
60.7202845396	58.1448633704	63.2957057089
60.953523785	58.3837351521	63.5233124179
61.1847914059	58.6206796486	63.7489031632
61.414104069	58.855712722	63.9724954161
61.6414783	59.0888500893	64.1941065107
61.8669304849	59.3201073252	64.4137536446
62.0904768712	59.5494998631	64.6314538793
62.3121335691	59.7770429969	64.8472241412
62.5319165524	60.0027518827	65.061081222
62.7498416602	60.2266415406	65.2730417797
62.9659245974	60.4487268558	65.4831223391
63.1801809365	60.6690225806	65.6913392923
63.3926261179	60.8875433358	65.8977089
63.6032754519	61.1043036119	66.1022472919
63.8121441192	61.319317771	66.3049704673
64.0192471721	61.532600048	66.5058942961
64.2245995357	61.7441645521	66.7050345194
64.4282160092	61.954025268	66.9024067503
64.6301112662	62.1621960575	67.0980264749
64.8302998567	62.3686906608	67.2919090526
65.0287962075	62.5735226977	67.4840697173
65.2256146235	62.7767056691	67.6745235779
65.4207692887	62.978252958	67.8632856194
65.614274267	63.1781778309	68.0503707031
65.8061435038	63.3764934393	68.2357935683
65.9963908262	63.5732128203	68.4195688322
66.1850299448	63.7683488985	68.6017109911
66.372074454	63.9619144866	68.7822344213
66.5575378333	64.153922287	68.9611533797
66.7414334486	64.3443848925	69.1384820047
66.9237745523	64.5333147878	69.3142343168
67.1045742853	64.7207243506	69.4884242199
67.2838456769	64.9066258524	69.6610655014
67.4616016467	65.0910314598	69.8321718336
67.6378550049	65.2739532355	70.0017567743
67.8126184533	65.4554031393	70.1698337673
67.9859045865	65.6353930292	70.3364161438
68.1577258926	65.8139346625	70.5015171227
68.3280947541	65.9910396966	70.6651498116
68.4970234489	66.1667196901	70.8273272077
68.664524151	66.3409861037	70.9880621983
68.8306089315	66.5138503012	71.1473675619
68.9952897596	66.6853235506	71.3052559687
69.1585785032	66.8554170247	71.4617399818
69.3204869299	67.0241418024	71.6168320575
69.4810267079	67.1915088692	71.7705445466
69.6402094066	67.3575291185	71.9228896946
69.7980464977	67.5222133522	72.0738796431
69.9545493559	67.6855722817	72.2235264302
70.1097292599	67.8476165287	72.3718419911
70.2635973929	68.0083566261	72.5188381596
70.4161648435	68.167803019	72.6645266681
70.5674426068	68.3259660649	72.8089191487
70.7174415847	68.4828560354	72.952027134
70.8661725871	68.6384831164	73.0938620578
71.0136463325	68.7928574091	73.234435256
71.1598734488	68.9459889307	73.373757967
71.3048644741	69.0978876154	73.5118413327
71.4486298572	69.2485633149	73.6486963994
71.5911799588	69.3980257992	73.7843341183
71.7325250519	69.5462847576	73.9187653463
71.8726753229	69.6933497991	74.0520008467
72.0116408717	69.8392304535	74.1840512899
72.1494317131	69.9839361717	74.3149272546
72.2860577772	70.1274763267	74.4446392277
72.4215289101	70.2698602144	74.5731976057
72.5558548747	70.4110970541	74.7006126952
72.6890453513	70.5511959891	74.8268947135
72.8211099385	70.6901660876	74.9520537895
72.9520581538	70.8280163434	75.0760999642
73.081899434	70.9647556764	75.1990431916
73.2106431363	71.1003929332	75.3208933393
73.3382985388	71.2349368883	75.4416601892
73.4648748411	71.3683962438	75.5613534383
73.5903811651	71.5007796311	75.6799826992
73.7148265557	71.6320956105	75.7975575008
73.838219981	71.7623526729	75.9140872892
73.9605703337	71.8915592393	76.029581428
74.081886431	72.0197236624	76.1440491995
74.2021770157	72.1468542267	76.2574998047
74.3214507567	72.2729591489	76.3699423645
74.4397162497	72.3980465791	76.4813859203
74.5569820175	72.5221246009	76.5918394341
74.6732565111	72.6452012323	76.70131179
74.78854811	72.7672844259	76.8098117942
74.9028651228	72.8883820699	76.9173481757
75.0162157879	73.0085019883	77.0239295874
75.1286082739	73.1276519417	77.1295646062
75.2400506808	73.2458396278	77.2342617337
75.3505510396	73.3630726819	77.3380293973
75.4601173138	73.4793586773	77.4408759502
75.5687573993	73.5947051263	77.5428096722
75.6764791254	73.7091194801	77.6438387707
75.7832902553	73.8226091299	77.7439713807
75.8891984864	73.935181407	77.8432155658
75.9942114511	74.0468435836	77.9415793187
76.0983367174	74.1576028732	78.0390705616
76.2015817891	74.2674664311	78.1356971471
76.3039541067	74.3764413548	78.2314668586
76.4054610478	74.4845346846	78.3263874109
76.5061099276	74.5917534044	78.4204664509
76.6059079996	74.6981044415	78.5137115577
76.7048624558	74.8035946677	78.6061302439
76.8029804274	74.9082308994	78.6977299555
76.9002689855	75.0120198982	78.7885180728
76.9967351413	75.1149683716	78.878501911
77.0923858467	75.2170829729	78.9676887205
77.187227995	75.3183703024	79.0560856876
77.2812684209	75.4188369071	79.1436999348
77.3745139018	75.5184892817	79.230538522
77.4669711574	75.6173338688	79.3166084461
77.5586468508	75.7153770595	79.4019166422
77.6495475887	75.8126251935	79.4864699839
77.739679922	75.9090845601	79.5702752839
77.8290503462	76.004761398	79.6533392943
77.9176653018	76.0996618962	79.7356687074
78.0055311751	76.1937921942	79.8172701559
78.0926542981	76.2871583825	79.8981502137
78.1790409496	76.3797665029	79.9783153962
78.264697355	76.4716225492	80.0577721608
78.3496296874	76.5627324671	80.1365269077
78.4338440674	76.6531021551	80.2145859797
78.5173465641	76.7427374647	80.2919556635
78.6001431952	76.8316442009	80.3686421896
78.6822399276	76.9198281222	80.444651733
78.7636426776	77.0072949416	80.5199904136
78.8443573116	77.0940503264	80.5946642968
78.9243896465	77.1800998991	80.6686793938
79.0037454498	77.2654492375	80.7420416622
79.0824304405	77.3501038749	80.8147570061
79.1604502891	77.4340693009	80.8868312772
79.2378106181	77.5173509614	80.9582702747
79.3145170026	77.5999542593	81.029079746
79.3905749707	77.6818845545	81.0992653868
79.4659900034	77.7631471645	81.1688328423
79.5407675357	77.8437473648	81.2377877066
79.6149129565	77.923690389	81.306135524
79.6884316092	78.0029814294	81.373881789
79.761328792	78.0816256371	81.4410319469
79.8336097583	78.1596281227	81.507591394
79.9052797172	78.2369939562	81.5735654782
79.9763438336	78.3137281678	81.6389594994
80.0468072289	78.3898357479	81.7037787099
80.1166749811	78.4653216475	81.7680283146
80.1859521252	78.5401907786	81.8317134718
80.2546436539	78.6144480144	81.8948392934
80.3227545175	78.6880981899	81.957410845
80.3902896244	78.7611461019	82.019433147
80.4572538417	78.8335965094	82.080911174
80.5236519953	78.9054541342	82.1418498564
80.5894888702	78.9767236607	82.2022540796
80.6547692109	79.0474097367	82.2621286852
80.7194977221	79.1175169733	82.321478471
80.7836790685	79.1870499456	82.3803081914
80.8473178754	79.2560131926	82.4386225581
80.9104187289	79.324411218	82.4964262398
80.9729861766	79.3922484898	82.5537238634
81.0350247274	79.4595294412	82.6105200135
81.0965388522	79.5262584708	82.6668192336
81.1575329841	79.5924399425	82.7226260257
81.2180115188	79.6580781862	82.7779448513
81.2779788146	79.723177498	82.8327801312
81.3374391933	79.7877421403	82.8871362462
81.3963969398	79.8517763422	82.9410175374
81.4548563031	79.9152842998	82.9944283064
81.5128214961	79.9782701764	83.0473728157
81.5702966961	80.040738103	83.0998552892
81.6272860452	80.1026921782	83.1518799121
81.6837936503	80.1641364687	83.203450832
81.7398235839	80.2250750095	83.2545721582
81.7953798836	80.2855118042	83.305247963
81.8504665533	80.3454508252	83.3554822814
81.9050875628	80.404896014	83.4052791116
81.9592468486	80.4638512816	83.4546424155
82.0129483135	80.5223205084	83.5035761186
82.0661958278	80.5803075448	83.5520841108
82.1189932287	80.6378162111	83.6001702463
82.1713443212	80.6948502981	83.6478383442
82.2232528779	80.7514135673	83.6950921886
82.2747226399	80.8075097507	83.741935529
82.3257573162	80.8631425517	83.7883720807
82.3763605848	80.9183156448	83.8344055247
82.4265360924	80.9730326762	83.8800395086
82.4762874551	81.0272972638	83.9252776464
82.5256182582	81.0811129974	83.970123519
82.5745320568	81.1344834392	84.0145806743
82.6230323759	81.1874121238	84.058652628
82.6711227108	81.2399025585	84.102342863
82.7188065271	81.2919582235	84.1456548307
82.7660872613	81.3435825722	84.1885919504
82.8129683207	81.3947790311	84.2311576102
82.8594530838	81.4455510007	84.273355167
82.9055449007	81.4959018549	84.3151879465
82.9512470929	81.5458349417	84.3566592441
82.9965629541	81.5953535835	84.3977723248
83.04149575	81.6444610768	84.4385304233
83.0860487188	81.693160693	84.4789367447
83.1302250712	81.7414556781	84.5189944643
83.1740279909	81.7893492534	84.5587067283
83.2174606345	81.8368446152	84.5980766537
83.260526132	81.8839449353	84.6371073288
83.3032275872	81.9306533612	84.6758018132
83.3455680772	81.9769730161	84.7141631383
83.3875506534	82.0229069994	84.7521943075
83.4291783414	82.0684583865	84.7898982962
83.470454141	82.1136302294	84.8272780525
83.5113810269	82.1584255567	84.8643364971
83.5519619485	82.2028473736	84.9010765235
83.5921998304	82.2468986624	84.9375009984
83.6320975723	82.2905823825	84.9736127621
83.6716580495	82.3339014707	85.0094146283
83.710884113	82.3768588413	85.0449093848
83.7497785897	82.4194573861	85.0800997932
83.7883442825	82.4616999752	85.1149885897
83.8265839707	82.5035894563	85.149578485
83.8645004101	82.5451286556	85.1838721646
83.9020963333	82.5863203776	85.2178722889
83.9393744495	82.6271674053	85.2515814937
83.9763374454	82.6676725006	85.2850023902
84.0129879846	82.7078384041	85.3181375651
84.0493287085	82.7476678357	85.3509895814
84.085362236	82.7871634943	85.3835609778
84.1210911639	82.8263280583	85.4158542695
84.1565180671	82.8651641857	85.4478719484
84.1916454985	82.9036745141	85.4796164829
84.2264759898	82.9418616611	85.5110903185
84.261012051	82.9797282242	85.5422958778
84.2952561711	83.0172767813	85.5732355608
84.3292108178	83.0545098904	85.6039117451
84.3628784381	83.0914300901	85.6343267862
84.3962614584	83.1280398996	85.6644830172
84.4293622844	83.164341819	85.6943827499
84.4621833017	83.2003383292	85.7240282741
84.4947268753	83.2360318923	85.7534218584
84.5269953508	83.2714249516	85.78256575
84.5589910535	83.3065199318	85.8114621752
84.5907162892	83.3413192391	85.8401133394
84.6221733443	83.3758252612	85.8685214275
84.6533644858	83.410040368	85.8966886037
84.6842919615	83.4439669109	85.924617012
84.7149580001	83.4776072237	85.9523087765
84.7453648118	83.5109636223	85.9797660013
84.7755145877	83.5440384049	86.0069907706
84.8054095008	83.5768338522	86.0339851494
84.8350517053	83.6093522277	86.060751183
84.8644433376	83.6415957773	86.0872908978
84.8935865157	83.6735667302	86.1136063011
84.9224833398	83.7052672982	86.1396993815
84.9511358926	83.7366996765	86.1655721086
84.9795462388	83.7678660436	86.191226434
85.0077164259	83.7987685611	86.2166642907
85.0356484839	83.8294093743	86.2418875936
85.063344426	83.8597906122	86.2668982398
85.0908062479	83.8899143875	86.2916981084
85.1180359288	83.9197827966	86.316289061
85.1450354311	83.9493979202	86.3406729419
85.1718067004	83.978761823	86.3648515777
85.198351666	84.0078765537	86.3888267783
85.224672241	84.0367441458	86.4126003363
85.2507703223	84.0653666168	86.4361740277
85.2766477904	84.0937459691	86.4595496118
85.3023065105	84.1218841898	86.4827288313
85.3277483316	84.1497832504	86.5057134127
85.3529750872	84.1774451079	86.5285050664
85.3779885952	84.204871704	86.5511054865
85.4027906584	84.2320649654	86.5735163515
85.4273830641	84.2590268044	86.5957393239
85.4517675847	84.2857591184	86.6177760509
85.4759459773	84.3122637904	86.6396281641
85.4999199844	84.3385426889	86.66129728
85.5236913338	84.364597668	86.6827849997
85.5472617386	84.3904305677	86.7040929096
85.5706328974	84.4160432138	86.7252225811
85.5938064945	84.4414374182	86.7461755709
85.6167841999	84.4666149787	86.7669534212
85.6395676695	84.4915776793	86.7875576597
85.6621585453	84.5163272905	86.8079898001
85.6845584553	84.540865569	86.8282513415
85.7067690137	84.5651942579	86.8483437695
85.7287918212	84.5893150871	86.8682685553
85.7506284649	84.6132297729	86.8880271569
85.7722805185	84.6369400187	86.9076210183
85.7937495424	84.6604475144	86.9270515703
85.8150370837	84.6837539372	86.9463202302
85.8361446766	84.706860951	86.9654284021
85.8570738422	84.7297702071	86.9843774772
85.8778260888	84.752483344	87.0031688336
85.8984029119	84.7750019874	87.0218038365
85.9188057945	84.7973277505	87.0402838386
85.9390362069	84.8194622339	87.0586101799
85.959095607	84.841407026	87.076784188
85.9789854404	84.8631637027	87.0948071781
85.9987071405	84.8847338276	87.1126804534
86.0182621286	84.9061189525	87.1304053048
86.037651814	84.9273206167	87.1479830113
86.0568775939	84.9483403479	87.16541484
86.075940854	84.9691796616	87.1827020464
86.0948429679	84.9898400616	87.1998458742
86.113585298	85.0103230402	87.2168475559
86.1321691949	85.0306300777	87.2337083122
86.1505959979	85.050762643	87.2504293528
86.168867035	85.0707221937	87.2670118763
86.1869836228	85.0905101756	87.2834570699
86.204947067	85.1101280236	87.2997661103
86.2227586621	85.1295771611	87.315940163
86.2404196917	85.1488590005	87.3319803829
86.2579314286	85.1679749429	87.3478879144
86.2752951349	85.1869263786	87.3636638911
86.2925120617	85.205714687	87.3793094365
86.30958345	85.2243412365	87.3948256635
86.3265105299	85.2428073848	87.4102136751
86.3432945214	85.2611144789	87.425474564
86.359936634	85.2792638552	87.4406094128
86.376438067	85.2972568397	87.4556192944
86.3928000097	85.3150947475	87.4705052719
86.4090236411	85.3327788838	87.4852683984
86.4251101305	85.3503105433	87.4999097178
86.4410606371	85.3676910102	87.5144302641
86.4568763105	85.3849215589	87.5288310622
86.4725582904	85.4020034535	87.5431131273
86.4881077069	85.418937948	87.5572774658
86.5035256807	85.4357262867	87.5713250747
86.5188133229	85.4523697038	87.5852569419
86.5339717351	85.4688694237	87.5990740465
86.5490020098	85.4852266611	87.6127773585
86.5639052302	85.5014426209	87.6263678395
86.5786824703	85.5175184986	87.639846442
86.593334795	85.53345548	87.65321411
86.6078632603	85.5492547413	87.6664717792
86.6222689131	85.5649174497	87.6796203765
86.6365527917	85.5804447626	87.6926608208
86.6507159254	85.5958378284	87.7055940224
86.6647593349	85.6110977862	87.7184208837
86.6786840323	85.6262257659	87.7311422987
86.6924910211	85.6412228885	87.7437591536
86.7061812962	85.6560902657	87.7562723266
86.7197558443	85.6708290006	87.768682688
86.7332156437	85.6854401871	87.7809911003
86.7465616643	85.6999249104	87.7931984182
86.759794868	85.7142842471	87.805305489
86.7729162084	85.7285192647	87.8173131521
86.7859266311	85.7426310225	87.8292222398
86.7988270738	85.7566205709	87.8410335766
86.8116184661	85.7704889521	87.8527479801
86.8243017298	85.7842371996	87.8643662601
86.836877779	85.7978663385	87.8758892196
86.8493475201	85.8113773857	87.8873176544
86.8617118515	85.8247713499	87.8986523532
86.8739716645	85.8380492313	87.9098940976
86.8861278424	85.8512120223	87.9210436626
86.8981812615	85.864260707	87.9321018159
86.9101327902	85.8771962615	87.9430693189
86.9219832899	85.890019654	87.9539469259
86.9337336147	85.9027318447	87.9647353848
86.9453846113	85.9153337859	87.9754354367
86.9569371194	85.9278264223	87.9860478165
86.9683919715	85.9402106906	87.9965732524
86.9797499931	85.9524875201	88.0070124661
86.9910120028	85.9646578323	88.0173661734
87.0021788122	85.9767225411	88.0276350833
87.013251226	85.9886825529	88.037819899
87.0242300421	86.0005387668	88.0479213174
87.0351160518	86.0122920742	88.0579400294
87.0459100396	86.0239433596	88.0678767197
87.0566127834	86.0354934996	88.0777320671
87.0672250544	86.0469433641	88.0875067447
87.0777476175	86.0582938155	88.0972014195
87.088181231	86.0695457093	88.1068167527
87.0985266468	86.0806998936	88.1163533999
87.1087846104	86.0917572097	88.125812011
87.1189558611	86.1027184919	88.1351932302
87.1290411319	86.1135845676	88.1444976962
87.1390411496	86.1243562572	88.153726042
87.1489566349	86.1350343744	88.1628788954
87.1587883024	86.1456197261	88.1719568786
87.1685368605	86.1561131125	88.1809606085
87.1782030119	86.166515327	88.1898906967
87.187787453	86.1768271565	88.1987477495
87.1972908747	86.1870493815	88.207532368
87.2067139619	86.1971827756	88.2162451481
87.2160573935	86.2072281062	88.2248866807
87.225321843	86.2171861343	88.2334575516
87.2345079779	86.2270576144	88.2419583415
87.2436164604	86.2368432947	88.2503896261
87.2526479468	86.2465439172	88.2587519765
87.261603088	86.2561602176	88.2670459585
87.2704825294	86.2656929254	88.2752721333
87.2792869108	86.2751427642	88.2834310574
87.2880168668	86.2845104512	88.2915232823
87.2966730264	86.2937966978	88.2995493551
87.3052560136	86.3030022093	88.3075098179
87.3137664469	86.3121276851	88.3154052087
87.3222049395	86.3211738186	88.3232360604
87.3305720996	86.3301412975	88.3310029017
87.3388685302	86.3390308036	88.3387062568
87.3470948292	86.3478430131	88.3463466453
87.3552515894	86.3565785962	88.3539245827
87.3633393987	86.3652382176	88.3614405798
87.3713588399	86.3738225364	88.3688951433
87.3793104909	86.3823322061	88.3762887757
87.3871949248	86.3907678746	88.383621975
87.3950127098	86.3991301843	88.3908952352
87.4027644092	86.4074197723	88.3981090462
87.4104505818	86.4156372701	88.4052638935
87.4180717814	86.423783304	88.4123602589
87.4256285573	86.4318584948	88.4193986199
87.4331214541	86.4398634581	88.42637945
87.4405510117	86.4477988044	88.4333032189
87.4479177655	86.4556651388	88.4401703922
87.4552222465	86.4634630613	88.4469814317
87.4624649811	86.4711931668	88.4537367954
87.4696464911	86.4788560451	88.4604369372
87.4767672943	86.4864522811	88.4670823075
87.4838279036	86.4939824544	88.4736733528
87.4908288281	86.5014471401	88.4802105161
87.4977705721	86.5088469079	88.4866942363
87.504653636	86.516182323	88.493124949
87.5114785158	86.5234539455	88.499503086
87.5182457033	86.5306623309	88.5058290757
87.5249556862	86.5378080298	88.5121033427
87.5316089481	86.5448915881	88.5183263081
87.5382059685	86.5519135472	88.5244983899
87.5447472228	86.5588744436	88.530620002
87.5512331824	86.5657748093	88.5366915554
87.5576643146	86.5726151718	88.5427134575
87.5640410831	86.5793960539	88.5486861123
87.5703639473	86.5861179741	88.5546099204
87.5766333628	86.5927814463	88.5604852793
87.5828497816	86.5993869801	88.5663125831
87.5890136516	86.6059350805	88.5720922227
87.595125417	86.6124262483	88.5778245856
87.6011855182	86.6188609801	88.5835100563
87.607194392	86.6252397679	88.5891490161
87.6131524714	86.6315630998	88.594741843
87.6190601859	86.6378314595	88.6002889122
87.6249179611	86.6440453265	88.6057905956
87.6307262191	86.6502051763	88.6112472619
87.6364853787	86.6563114802	88.6166592772
87.6421958547	86.6623647053	88.6220270042
87.6478580589	86.668365315	88.6273508028
87.6534723991	86.6743137683	88.6326310298
87.65903928	86.6802105205	88.6378680394
87.6645591028	86.6860560229	88.6430621826
87.6700322653	86.6918507229	88.6482138076
87.6754591619	86.6975950639	88.6533232598
87.6808401837	86.7032894856	88.6583908817
87.6861757185	86.7089344239	88.6634170131
87.6914661508	86.7145303107	88.6684019909
87.6967118619	86.7200775745	88.6733461493
87.7019132298	86.7255766397	88.6782498198
87.7070706293	86.7310279274	88.6831133313
87.7121844322	86.7364318548	88.6879370097
87.717255007	86.7417888354	88.6927211785
87.722282719	86.7470992794	88.6974661586
87.7272679306	86.7523635932	88.702172268
87.7322110011	86.7575821798	88.7068398224
87.7371122867	86.7627554385	88.7114691349
87.7419721406	86.7678837655	88.7160605158
87.7467909131	86.772967553	88.7206142731
87.7515689514	86.7780071904	88.7251307123
87.7563065998	86.7830030633	88.7296101364
87.7610041998	86.7879555539	88.7340528457
87.76566209	86.7928650415	88.7384591385
87.7702806059	86.7977319016	88.7428293102
87.7748600805	86.8025565068	88.7471636542
87.7794008437	86.8073392262	88.7514624612
87.7839032228	86.8120804258	88.7557260199
87.7883675423	86.8167804684	88.7599546163
87.7927941239	86.8214397136	88.7641485342
87.7971832866	86.8260585179	88.7683080553
87.8015353467	86.8306372347	88.7724334586
87.8058506178	86.8351762143	88.7765250213
87.810129411	86.8396758038	88.7805830181
87.8143720345	86.8441363476	88.7846077215
87.8185787942	86.8485581867	88.7885994017
87.8227499932	86.8529416594	88.792558327
87.8268859321	86.857287101	88.7964847632
87.830986909	86.8615948437	88.8003789742
87.8350532194	86.865865217	88.8042412217
87.8390851563	86.8700985475	88.8080717651
87.8430830103	86.8742951587	88.811870862
87.8470470696	86.8784553716	88.8156387676
87.8509776198	86.8825795042	88.8193757354
87.8548749442	86.8866678718	88.8230820165
87.8587393235	86.8907207868	88.8267578602
87.8625710364	86.8947385591	88.8304035138
87.866370359	86.8987214956	88.8340192224
87.870137565	86.9026699008	88.8376052293
87.873872926	86.9065840763	88.8411617757
87.8775767111	86.9104643213	88.844689101
87.8812491873	86.914310932	88.8481874426
87.8848906192	86.9181242025	88.8516570359
87.8885012693	86.9219044239	88.8550981146
87.8920813977	86.925651885	88.8585109104
87.8956312624	86.9293668719	88.861895653
87.8991511194	86.9330496683	88.8652525705
87.9026412222	86.9367005554	88.8685818889
87.9061018224	86.940319812	88.8718838327
87.9095331693	86.9439077143	88.8751586243
87.9129355102	86.9474645361	88.8784064844
87.9163090905	86.950990549	88.8816276319
87.919654153	86.9544860219	88.8848222841
87.922970939	86.9579512217	88.8879906563
87.9262596875	86.9613864126	88.8911329623
87.9295206354	86.9647918568	88.894249414
87.9327540177	86.9681678139	88.8973402216
87.9359600676	86.9715145415	88.9004055937
87.939139016	86.9748322947	88.9034457372
87.942291092	86.9781213266	88.9064608573
87.9454165228	86.9813818879	88.9094511576
87.9485155336	86.9846142272	88.91241684
87.9515883478	86.9878185907	88.9153581048
87.9546351868	86.9909952228	88.9182751507
87.9576562701	86.9941443655	88.9211681747
87.9606518156	86.9972662587	88.9240373724
87.963622039	87.0003611403	88.9268829377
87.9665671544	87.0034292459	88.9297050629
87.9694873742	87.0064708094	88.9325039389
87.9723829086	87.0094860622	88.935279755
87.9752539664	87.012475234	88.9380326988
87.9781007545	87.0154385524	88.9407629567
87.9809234781	87.0183762428	88.9434707134
87.9837223406	87.021288529	88.9461561521
87.9864975436	87.0241756325	88.9488194547
87.9892492872	87.027037773	88.9514608014
87.9919777697	87.0298751683	88.9540803711
87.9946831877	87.0326880341	88.9566783412
87.9973657362	87.0354765845	88.9592548879
88.0000256085	87.0382410315	88.9618101855
88.0026629963	87.0409815852	88.9643444073
88.0052780896	87.0436984541	88.9668577252
88.007871077	87.0463918446	88.9693503094
88.0104421453	87.0490619615	88.971822329
88.0129914797	87.0517090076	88.9742739518
88.015519264	87.0543331841	88.9767053439
88.0180256804	87.0569346904	88.9791166705
88.0205109095	87.0595137239	88.9815080951
88.0229751304	87.0620704807	88.9838797801
88.0254185207	87.0646051549	88.9862318865
88.0278412564	87.0671179388	88.988564574
88.0302435122	87.0696090233	88.9908780011
88.0326254612	87.0720785974	88.993172325
88.034987275	87.0745268485	88.9954477015
88.0373291239	87.0769539624	88.9977042853
88.0396511766	87.0793601232	88.9999422299
88.0419536004	87.0817455135	89.0021616873
88.0442365613	87.0841103141	89.0043628086
88.0465002239	87.0864547044	89.0065457434
88.0487447512	87.0887788621	89.0087106403
88.050970305	87.0910829634	89.0108576466
88.0531770457	87.093367183	89.0129869084
88.0553651323	87.0956316938	89.0150985707
88.0575347225	87.0978766677	89.0171927773
88.0596859727	87.1001022745	89.0192696708
88.0618190378	87.1023086829	89.0213293928
88.0639340717	87.1044960599	89.0233720835
88.0660312267	87.1066645713	89.0253978821
88.068110654	87.1088143812	89.0274069268
88.0701725034	87.1109456522	89.0293993546
88.0722169235	87.1130585459	89.0313753012
88.0742440617	87.1151532219	89.0333349016
88.0762540641	87.1172298388	89.0352782893
88.0782470754	87.1192885537	89.037205597
88.0802232393	87.1213295223	89.0391169563
88.0821826983	87.123352899	89.0410124975
88.0841255935	87.1253588367	89.0428923503
88.086052065	87.1273474871	89.0447566428
88.0879622516	87.1293190005	89.0466055026
88.0898562909	87.1312735259	89.0484390559
88.0917343195	87.133211211	89.050257428
88.0935964727	87.1351322022	89.0520607432
88.0954428847	87.1370366446	89.0538491248
88.0972736886	87.1389246819	89.0556226952
88.0990890162	87.1407964569	89.0573815755
88.1008889985	87.1426521108	89.0591258862
88.1026737651	87.1444917836	89.0608557466
88.1044434447	87.1463156143	89.062571275
88.1061981647	87.1481237404	89.064272589
88.1079380517	87.1499162984	89.0659598051
88.1096632311	87.1516934236	89.0676330386
88.1113738271	87.1534552498	89.0692924044
88.1130699631	87.1552019101	89.0709380161
88.1147517612	87.1569335362	89.0725699863
88.1164193428	87.1586502584	89.0741884271
88.1180728278	87.1603522063	89.0757934494
88.1197123356	87.1620395081	89.0773851631
88.1213379843	87.163712291	89.0789636776
88.122949891	87.165370681	89.080529101
88.1245481718	87.1670148029	89.0820815408
88.1261329421	87.1686447807	89.0836211035
88.1277043159	87.170260737	89.0851478948
88.1292624065	87.1718627935	89.0866620196
88.1308073263	87.1734510708	89.0881635817
88.1323391864	87.1750256885	89.0896526844
88.1338580975	87.176586765	89.0911294299
88.1353641688	87.1781344178	89.0925939198
88.1368575089	87.1796687633	89.0940462546
88.1383382255	87.1811899169	89.0954865342
88.1398064253	87.182697993	89.0969148577
88.1412622141	87.184193105	89.0983313232
88.1427056967	87.1856753652	89.0997360282
88.1441369772	87.1871448852	89.1011290693
88.1455561589	87.1886017753	89.1025105425
88.1469633438	87.1900461449	89.1038805427
88.1483586335	87.1914781027	89.1052391643
88.1497421285	87.1928977561	89.1065865008
88.1511139285	87.1943052118	89.1079226451
88.1524741323	87.1957005755	89.1092476892
88.1538228381	87.1970839518	89.1105617243
88.1551601429	87.1984554448	89.111864841
88.1564861432	87.1998151572	89.1131571291
88.1578009345	87.2011631911	89.1144386778
88.1591046115	87.2024996477	89.1157095753
88.1603972683	87.2038246272	89.1169699094
88.161678998	87.205138229	89.1182197669
88.1629498929	87.2064405516	89.1194592342
88.1642100446	87.2077316926	89.1206883967
88.165459544	87.2090117488	89.1219073393
88.1666984811	87.2102808162	89.123116146
88.1679269452	87.2115389899	89.1243149005
88.1691450248	87.2127863642	89.1255036855
88.1703528077	87.2140230324	89.1266825831
88.1715503809	87.2152490872	89.1278516747
88.1727378308	87.2164646205	89.1290110411
88.1739152429	87.2176697233	89.1301607625
88.1750827021	87.2188644858	89.1313009183
88.1762402924	87.2200489973	89.1324315875
88.1773880974	87.2212233467	89.1335528481
88.1785261997	87.2223876217	89.1346647777
88.1796546814	87.2235419095	89.1357674533
88.1807736238	87.2246862964	89.1368609511
88.1818831075	87.225820868	89.1379453469
88.1829832125	87.2269457092	89.1390207157
88.184074018	87.2280609041	89.1400871319
88.1851556027	87.229166536	89.1411446695
88.1862280445	87.2302626875	89.1421934016
88.1872914208	87.2313494407	89.1432334009
88.1883458081	87.2324268767	89.1442647394
88.1893912824	87.233495076	89.1452874887
88.190427919	87.2345541184	89.1463017197
88.1914557928	87.235604083	89.1473075025
88.1924749777	87.2366450483	89.1483049071
88.1934855472	87.2376770919	89.1492940025
88.1944875741	87.2387002908	89.1502748574
88.1954811306	87.2397147216	89.1512475397
88.1964662884	87.2407204598	89.1522121171
88.1974431185	87.2417175805	89.1531686565
88.1984116911	87.2427061581	89.1541172242
88.1993720763	87.2436862664	89.1550578861
88.200324343	87.2446579784	89.1559907076
88.20126856	87.2456213667	89.1569157534
88.2022047954	87.246576503	89.1578330877
88.2031331165	87.2475234586	89.1587427744
88.2040535903	87.248462304	89.1596448766
88.2049662832	87.2493931093	89.1605394571
