-5.59302471903
-5.4105024676
-5.22939188722
-5.04968205968
-4.87136215122
-4.69442141187
-4.51884917481
-4.3446348557
-4.17176795209
-4.00023804274
-3.83003478702
-3.66114792426
-3.49356727316
-3.32728273117
-3.16228427388
-2.99856195438
-2.83610590273
-2.6749063253
-2.51495350421
-2.35623779677
-2.19874963482
-2.04247952424
-1.88741804433
-1.73355584724
-1.58088365744
-1.42939227111
-1.27907255565
-1.12991544906
-0.981911959451
-0.83505316447
-0.689330210774
-0.544734313492
-0.401256755699
-0.258888887887
-0.117622127448
0.0225520418495
0.161642070367
0.299656343111
0.436603180236
0.572490837545
0.707327506991
0.841121317166
0.973880333795
1.10561256022
1.23632593789
1.36602834681
1.49472760608
1.62243147428
1.74914765001
1.87488377233
1.9996474212
2.12344611797
2.2462873258
2.36817845015
2.4891268392
2.60913978428
2.72822452034
2.84638822638
2.96363802586
3.07998098716
3.19542412398
3.30997439578
3.4236387082
3.53642391345
3.64833681077
3.75938414679
3.86957261597
3.978908861
4.08739947318
4.19505099285
4.30186990973
4.40786266339
4.51303564357
4.6173951906
4.72094759576
4.82369910168
4.92565590271
5.0268241453
5.12720992833
5.22681930354
5.32565827586
5.42373280377
5.52104879966
5.61761213021
5.7134286167
5.80850403542
5.90284411795
5.99645455157
6.08934097955
6.18150900153
6.27296417384
6.36371200982
6.45375798018
6.54310751333
6.63176599567
6.71973877196
6.80703114561
6.89364837903
6.9795956939
7.06487827155
7.1495012532
7.23346974034
7.31678879498
7.39946343998
7.48149865937
7.56289939862
7.64367056496
7.72381702764
7.80334361828
7.88225513112
7.96055632331
8.03825191524
8.11534659074
8.19184499746
8.26775174708
8.34307141562
8.4178085437
8.49196763685
8.5655531657
8.63856956636
8.71102124059
8.78291255613
8.85424784692
8.9250314134
8.99526752272
9.06496040907
9.13411427385
9.20273328598
9.27082158216
9.33838326705
9.40542241361
9.47194306326
9.53794922619
9.60344488156
9.66843397776
9.73292043264
9.79690813375
9.86040093858
9.92340267476
9.98591714034
10.047948104
10.1094993052
10.1705744547
10.2311772342
10.2913112972
10.3509802689
10.4101877464
10.468937299
10.5272324685
10.585076769
10.6424736878
10.699426685
10.7559391941
10.8120146217
10.8676563485
10.9228677288
10.977652091
11.0320127377
11.0859529461
11.139475968
11.1925850299
11.2452833335
11.2975740558
11.349460349
11.4009453411
11.4520321359
11.5027238131
11.5530234287
11.602934015
11.6524585808
11.7016001116
11.75036157
11.7987458956
11.8467560051
11.8943947929
11.9416651308
11.9885698685
12.0351118338
12.0812938322
12.1271186479
12.1725890435
12.2177077601
12.2624775177
12.3069010152
12.3509809307
12.3947199215
12.4381206244
12.4811856558
12.5239176119
12.5663190687
12.6083925825
12.6501406896
12.6915659067
12.7326707313
12.7734576413
12.8139290954
12.8540875336
12.8939353768
12.9334750272
12.9727088683
13.0116392655
13.0502685657
13.0885990975
13.1266331718
13.1643730813
13.2018211014
13.2389794894
13.2758504855
13.3124363124
13.3487391758
13.384761264
13.4205047488
13.4559717848
13.4911645103
13.5260850467
13.5607354993
13.5951179569
13.6292344923
13.6630871623
13.6966780075
13.7300090531
13.7630823083
13.795899767
13.8284634075
13.8607751931
13.8928370715
13.9246509756
13.9562188233
13.9875425177
14.0186239471
14.0494649852
14.0800674913
14.1104333103
14.1405642727
14.1704621949
14.2001288795
14.2295661148
14.2587756754
14.2877593222
14.3165188025
14.3450558501
14.3733721853
14.4014695151
14.4293495334
14.457013921
14.4844643455
14.5117024618
14.538729912
14.5655483253
14.5921593186
14.618564496
14.6447654495
14.6707637585
14.6965609903
14.7221587
14.747558431
14.7727617143
14.7977700693
14.8225850037
14.8472080134
14.8716405829
14.8958841849
14.9199402811
14.9438103217
14.9674957456
14.9909979807
15.0143184439
15.0374585411
15.0604196671
15.0832032063
15.1058105321
15.1282430073
15.1505019845
15.1725888053
15.1945048013
15.2162512938
15.2378295936
15.2592410017
15.2804868087
15.3015682956
15.3224867332
15.3432433826
15.363839495
15.3842763122
15.4045550661
15.4246769792
15.4446432646
15.4644551259
15.4841137576
15.5036203446
15.522976063
15.5421820796
15.5612395523
15.5801496298
15.5989134523
15.6175321509
15.6360068479
15.6543386572
15.6725286839
15.6905780245
15.7084877672
15.7262589916
15.7438927691
15.7613901627
15.7787522273
15.7959800095
15.8130745478
15.8300368729
15.8468680072
15.8635689656
15.8801407547
15.8965843735
15.9129008135
15.9290910582
15.9451560836
15.9610968583
15.9769143432
15.9926094918
16.0081832504
16.0236365578
16.0389703456
16.0541855382
16.0692830528
16.0842637996
16.0991286817
16.1138785952
16.1285144293
16.1430370664
16.1574473819
16.1717462446
16.1859345164
16.2000130527
16.2139827022
16.227844307
16.2415987029
16.255246719
16.268789178
16.2822268964
16.2955606842
16.3087913453
16.3219196773
16.3349464716
16.3478725136
16.3606985824
16.3734254513
16.3860538876
16.3985846525
16.4110185014
16.4233561839
16.4355984439
16.4477460192
16.4597996423
16.4717600398
16.4836279327
16.4954040364
16.5070890609
16.5186837106
16.5301886845
16.5416046762
16.5529323738
16.5641724603
16.5753256132
16.586392505
16.5973738028
16.6082701686
16.6190822592
16.6298107266
16.6404562174
16.6510193734
16.6615008314
16.6719012233
16.682221176
16.6924613118
16.7026222479
16.7127045968
16.7227089665
16.7326359599
16.7424861756
16.7522602073
16.7619586444
16.7715820713
16.7811310684
16.7906062112
16.800008071
16.8093372146
16.8185942043
16.8277795982
16.8368939501
16.8459378094
16.8549117213
16.8638162268
16.8726518627
16.8814191616
16.8901186522
16.8987508588
16.9073163019
16.9158154977
16.9242489588
16.9326171934
16.940920706
16.9491599973
16.957335564
16.9654478988
16.9734974909
16.9814848255
16.9894103841
16.9972746446
17.0050780809
17.0128211636
17.0205043595
17.0281281316
17.0356929397
17.0431992397
17.0506474842
17.0580381222
17.0653715992
17.0726483573
17.0798688352
17.0870334683
17.0941426883
17.1011969239
17.1081966003
17.1151421395
17.1220339603
17.1288724781
17.1356581051
17.1423912505
17.1490723201
17.1557017167
17.1622798399
17.1688070864
17.1752838495
17.1817105199
17.1880874847
17.1944151287
17.2006938331
17.2069239764
17.2131059344
17.2192400796
17.2253267818
17.2313664081
17.2373593224
17.243305886
17.2492064575
17.2550613926
17.2608710442
17.2666357625
17.2723558951
17.2780317868
17.2836637799
17.2892522137
17.2947974252
17.3002997488
17.305759516
17.3111770561
17.3165526956
17.3218867587
17.3271795668
17.332431439
17.3376426921
17.34281364
17.3479445946
17.3530358651
17.3580877585
17.3631005794
17.3680746299
17.3730102099
17.3779076169
17.3827671462
17.3875890907
17.3923737412
17.397121386
17.4018323114
17.4065068013
17.4111451377
17.4157476
17.4203144657
17.4248460103
17.4293425067
17.4338042262
17.4382314377
17.442624408
17.4469834021
17.4513086826
17.4556005104
17.4598591442
17.4640848406
17.4682778545
17.4724384386
17.4765668438
17.4806633189
17.4847281109
17.4887614647
17.4927636237
17.496734829
17.50067532
17.5045853343
17.5084651077
17.5123148739
17.5161348651
17.5199253116
17.5236864418
17.5274184826
17.5311216589
17.5347961939
17.5384423091
17.5420602245
17.545650158
17.5492123261
17.5527469435
17.5562542234
17.5597343771
17.5631876144
17.5666141436
17.5700141712
17.5733879021
17.5767355399
17.5800572861
17.5833533412
17.5866239038
17.5898691711
17.5930893387
17.5962846007
17.5994551499
17.6026011772
17.6057228724
17.6088204237
17.6118940177
17.6149438398
17.6179700739
17.6209729024
17.6239525062
17.6269090651
17.6298427572
17.6327537595
17.6356422474
17.638508395
17.6413523751
17.6441743592
17.6469745174
17.6497530185
17.65251003
17.6552457181
17.6579602478
17.6606537826
17.663326485
17.665978516
17.6686100356
17.6712212024
17.6738121738
17.676383106
17.678934154
17.6814654716
17.6839772114
17.6864695247
17.6889425619
17.6913964721
17.6938314031
17.6962475017
17.6986449137
17.7010237835
17.7033842546
17.7057264692
17.7080505686
17.7103566928
17.7126449809
17.7149155708
17.7171685994
17.7194042026
17.7216225151
17.7238236706
17.7260078018
17.7281750405
17.7303255172
17.7324593616
17.7345767023
17.736677667
17.7387623824
17.740830974
17.7428835667
17.7449202841
17.7469412491
17.7489465834
17.750936408
17.7529108428
17.7548700069
17.7568140183
17.7587429942
17.760657051
17.762556304
17.7644408677
17.7663108558
17.7681663809
17.770007555
17.7718344889
17.773647293
17.7754460763
17.7772309474
17.779002014
17.7807593826
17.7825031593
17.7842334493
17.7859503568
17.7876539853
17.7893444375
17.7910218153
17.79268622
17.7943377517
17.79597651
17.7976025938
17.7992161011
17.8008171292
17.8024057745
17.8039821328
17.8055462992
17.8070983679
17.8086384326
17.8101665861
17.8116829204
17.8131875271
17.8146804967
17.8161619194
17.8176318844
17.8190904803
17.8205377951
17.8219739161
17.8233989297
17.8248129219
17.8262159779
17.8276081824
17.8289896193
17.8303603718
17.8317205225
17.8330701535
17.8344093461
17.8357381812
17.8370567386
17.8383650981
17.8396633383
17.8409515377
17.8422297738
17.8434981237
17.8447566639
17.8460054703
17.8472446181
17.848474182
17.8496942362
17.8509048542
17.8521061089
17.8532980729
17.8544808179
17.8556544154
17.8568189359
17.8579744497
17.8591210265
17.8602587354
17.861387645
17.8625078234
17.863619338
17.8647222559
17.8658166436
17.866902567
17.8679800916
17.8690492823
17.8701102037
17.8711629197
17.8722074937
17.8732439887
17.8742724673
17.8752929913
17.8763056223
17.8773104215
17.8783074492
17.8792967657
17.8802784306
17.8812525031
17.8822190418
17.8831781051
17.8841297508
17.8850740362
17.8860110183
17.8869407535
17.887863298
17.8887787073
17.8896870365
17.8905883406
17.8914826737
17.8923700898
17.8932506425
17.8941243847
17.8949913693
17.8958516483
17.8967052737
17.897552297
17.8983927693
17.8992267411
17.9000542627
17.9008753841
17.9016901548
17.9024986238
17.90330084
17.9040968516
17.9048867066
17.9056704527
17.9064481372
17.9072198068
17.9079855082
17.9087452874
17.9094991904
17.9102472624
17.9109895487
17.911726094
17.9124569427
17.9131821388
17.913901726
17.9146157478
17.9153242472
17.9160272669
17.9167248492
17.9174170363
17.9181038698
17.9187853912
17.9194616416
17.9201326617
17.9207984919
17.9214591724
17.9221147431
17.9227652435
17.9234107127
17.9240511897
17.9246867131
17.9253173212
17.925943052
17.9265639433
17.9271800325
17.9277913566
17.9283979527
17.9289998572
17.9295971064
17.9301897363
17.9307777827
17.931361281
17.9319402664
17.9325147738
17.9330848378
17.9336504928
17.9342117729
17.9347687119
17.9353213434
17.9358697007
17.9364138169
17.9369537247
17.9374894568
17.9380210454
17.9385485226
17.9390719201
17.9395912696
17.9401066023
17.9406179492
17.9411253413
17.9416288091
17.942128383
17.942624093
17.9431159691
17.9436040409
17.9440883379
17.9445688891
17.9450457237
17.9455188703
17.9459883575
17.9464542136
17.9469164666
17.9473751444
17.9478302747
17.948281885
17.9487300023
17.9491746539
17.9496158663
17.9500536664
17.9504880803
17.9509191345
17.9513468547
17.9517712669
17.9521923965
17.952610269
17.9530249096
17.9534363433
17.9538445949
17.9542496889
17.9546516498
17.9550505019
17.9554462691
17.9558389754
17.9562286444
17.9566152997
17.9569989644
17.9573796618
17.9577574147
17.9581322461
17.9585041784
17.9588732341
17.9592394354
17.9596028044
17.9599633631
17.9603211331
17.960676136
17.9610283932
17.961377926
17.9617247555
17.9620689024
17.9624103877
17.9627492318
17.9630854552
17.9634190782
17.9637501209
17.9640786032
17.964404545
17.9647279658
17.9650488852
17.9653673225
17.965683297
17.9659968277
17.9663079334
17.966616633
17.966922945
17.9672268879
17.9675284801
17.9678277396
17.9681246847
17.968419333
17.9687117025
17.9690018108
17.9692896752
17.9695753133
17.9698587422
17.9701399789
17.9704190405
17.9706959438
17.9709707054
17.971243342
17.9715138699
17.9717823055
17.972048665
17.9723129643
17.9725752196
17.9728354464
17.9730936606
17.9733498778
17.9736041132
17.9738563824
17.9741067004
17.9743550825
17.9746015434
17.9748460982
17.9750887616
17.9753295481
17.9755684723
17.9758055487
17.9760407914
17.9762742147
17.9765058326
17.9767356592
17.9769637082
17.9771899934
17.9774145285
17.977637327
17.9778584023
17.9780777678
17.9782954366
17.978511422
17.9787257368
17.9789383941
17.9791494066
17.9793587872
17.9795665483
17.9797727025
17.9799772623
17.98018024
17.9803816478
17.9805814979
17.9807798023
17.9809765729
17.9811718217
17.9813655604
17.9815578006
17.9817485541
17.9819378321
17.9821256463
17.9823120079
17.9824969281
17.9826804181
17.9828624889
17.9830431515
17.9832224169
17.9834002958
17.9835767989
17.9837519369
17.9839257203
17.9840981597
17.9842692654
17.9844390477
17.9846075168
17.984774683
17.9849405563
17.9851051467
17.9852684641
17.9854305183
17.9855913192
17.9857508764
17.9859091996
17.9860662983
17.9862221819
17.9863768598
17.9865303415
17.9866826361
17.9868337528
17.9869837007
17.9871324889
17.9872801264
17.987426622
17.9875719845
17.9877162228
17.9878593455
17.9880013612
17.9881422786
17.9882821061
17.9884208521
17.9885585251
17.9886951332
17.9888306848
17.9889651879
17.9890986509
17.9892310815
17.9893624879
17.989492878
17.9896222597
17.9897506406
17.9898780286
17.9900044314
17.9901298566
17.9902543116
17.9903778041
17.9905003415
17.9906219312
17.9907425804
17.9908622966
17.9909810868
17.9910989582
17.991215918
17.9913319733
17.9914471309
17.9915613978
17.991674781
17.9917872873
17.9918989234
17.9920096961
17.992119612
17.9922286779
17.9923369002
17.9924442854
17.9925508402
17.9926565708
17.9927614836
17.9928655851
17.9929688814
17.9930713787
17.9931730834
17.9932740014
17.9933741389
17.9934735019
17.9935720964
17.9936699284
17.9937670037
17.9938633282
17.9939589077
17.994053748
17.9941478548
17.9942412337
17.9943338904
17.9944258304
17.9945170594
17.9946075828
17.9946974061
17.9947865346
17.9948749738
17.994962729
17.9950498055
17.9951362085
17.9952219433
17.9953070149
17.9953914286
17.9954751894
17.9955583024
17.9956407726
17.9957226049
17.9958038043
17.9958843757
17.9959643239
17.9960436538
17.9961223702
17.9962004777
17.9962779812
17.9963548852
17.9964311944
17.9965069134
17.9965820468
17.996656599
17.9967305747
17.9968039783
17.9968768141
17.9969490866
17.9970208001
17.9970919589
17.9971625674
17.9972326298
17.9973021503
17.9973711332
17.9974395825
17.9975075024
17.997574897
17.9976417703
17.9977081264
17.9977739693
17.997839303
17.9979041314
17.9979684583
17.9980322878
17.9980956235
17.9981584695
17.9982208293
17.9982827069
17.9983441058
17.9984050299
17.9984654828
17.9985254682
17.9985849896
17.9986440506
17.9987026548
17.9987608058
17.9988185071
17.998875762
17.9989325742
17.9989889469
17.9990448837
17.9991003878
17.9991554626
17.9992101115
17.9992643377
17.9993181445
17.9993715351
17.9994245128
17.9994770808
17.9995292422
17.9995810001
17.9996323578
17.9996833182
17.9997338846
17.9997840598
17.9998338469
17.999883249
17.999932269
17.9999809098
18.0000291745
18.0000770659
18.0001245868
18.0001717403
18.000218529
18.0002649558
18.0003110236
18.0003567351
18.000402093
18.0004471002
18.0004917592
18.0005360728
18.0005800437
18.0006236745
18.0006669679
18.0007099264
18.0007525527
18.0007948493
18.0008368187
18.0008784636
18.0009197863
18.0009607895
18.0010014755
18.0010418469
18.001081906
18.0011216553
18.0011610972
18.001200234
18.0012390681
18.0012776018
18.0013158376
18.0013537776
18.0013914241
18.0014287795
18.001465846
18.0015026258
18.0015391212
18.0015753343
18.0016112673
18.0016469223
18.0016823017
18.0017174073
18.0017522415
18.0017868063
18.0018211037
18.0018551358
18.0018889048
18.0019224125
18.0019556612
18.0019886526
18.0020213889
18.002053872
18.0020861039
18.0021180865
18.0021498217
18.0021813115
18.0022125577
18.0022435622
18.002274327
18.0023048538
18.0023351445
18.002365201
18.002395025
18.0024246183
18.0024539827
18.00248312
18.002512032
18.0025407203
18.0025691868
18.0025974331
18.0026254609
18.002653272
18.002680868
18.0027082505
18.0027354212
18.0027623818
18.0027891339
18.0028156791
18.002842019
18.0028681551
18.0028940891
18.0029198226
18.002945357
18.0029706939
18.0029958348
18.0030207813
18.0030455349
18.003070097
18.0030944691
18.0031186528
18.0031426494
18.0031664604
18.0031900872
18.0032135313
18.0032367941
18.003259877
18.0032827813
18.0033055085
18.0033280599
18.0033504369
18.0033726409
18.0033946731
18.0034165348
18.0034382276
18.0034597525
18.0034811109
18.0035023042
18.0035233335
18.0035442002
18.0035649056
18.0035854507
18.003605837
18.0036260656
18.0036461377
18.0036660547
18.0036858175
18.0037054275
18.0037248859
18.0037441937
18.0037633522
18.0037823626
18.0038012259
18.0038199433
18.0038385159
18.0038569449
18.0038752314
18.0038933765
18.0039113812
18.0039292466
18.0039469739
18.003964564
18.0039820182
18.0039993373
18.0040165225
18.0040335747
18.0040504951
18.0040672846
18.0040839442
18.004100475
18.004116878
18.0041331541
18.0041493043
18.0041653296
18.0041812309
18.0041970093
18.0042126656
18.0042282009
18.004243616
18.0042589118
18.0042740894
18.0042891496
18.0043040932
18.0043189214
18.0043336348
18.0043482344
18.0043627212
18.0043770958
18.0043913593
18.0044055125
18.0044195562
18.0044334913
18.0044473186
18.004461039
18.0044746533
18.0044881622
18.0045015667
18.0045148675
18.0045280655
18.0045411613
18.0045541559
18.00456705
18.0045798443
18.0045925397
18.0046051369
18.0046176367
18.0046300398
18.004642347
18.004654559
18.0046666765
18.0046787003
18.0046906311
18.0047024697
18.0047142166
18.0047258728
18.0047374387
18.0047489152
18.004760303
18.0047716027
18.004782815
18.0047939405
18.0048049801
18.0048159342
18.0048268036
18.004837589
18.0048482909
18.0048589101
18.0048694471
18.0048799026
18.0048902773
18.0049005717
18.0049107865
18.0049209223
18.0049309798
18.0049409594
18.0049508618
18.0049606877
18.0049704375
18.004980112
18.0049897116
18.004999237
18.0050086887
18.0050180673
18.0050273734
18.0050366075
18.0050457701
18.005054862
18.0050638834
18.0050728352
18.0050817176
18.0050905314
18.005099277
18.005107955
18.0051165659
18.0051251101
18.0051335883
18.0051420009
18.0051503485
18.0051586314
18.0051668503
18.0051750057
18.005183098
18.0051911276
18.0051990952
18.0052070012
18.005214846
18.0052226301
18.0052303541
18.0052380183
18.0052456232
18.0052531693
18.005260657
18.0052680868
18.0052754592
18.0052827745
18.0052900333
18.0052972359
18.0053043828
18.0053114745
18.0053185112
18.0053254936
18.005332422
18.0053392967
18.0053461183
18.0053528872
18.0053596037
18.0053662682
18.0053728812
18.0053794431
18.0053859542
18.0053924149
18.0053988257
18.0054051869
18.0054114989
18.0054177621
18.0054239768
18.0054301435
18.0054362624
18.0054423341
18.0054483588
18.0054543369
18.0054602687
18.0054661547
18.0054719952
18.0054777904
18.0054835409
18.0054892469
18.0054949087
18.0055005268
18.0055061014
18.0055116329
18.0055171216
18.0055225679
18.005527972
18.0055333344
18.0055386553
18.005543935
18.0055491739
18.0055543722
18.0055595304
18.0055646486
18.0055697273
18.0055747667
18.0055797671
18.0055847289
18.0055896523
18.0055945376
18.0055993851
18.0056041951
18.0056089679
18.0056137038
18.0056184031
18.005623066
18.0056276929
18.005632284
18.0056368395
18.0056413599
18.0056458452
18.0056502959
18.0056547122
18.0056590943
18.0056634425
18.0056677571
18.0056720383
18.0056762864
18.0056805016
18.0056846843
18.0056888346
18.0056929528
18.0056970391
18.0057010939
18.0057051172
18.0057091095
18.0057130709
18.0057170016
18.005720902
18.0057247722
18.0057286124
18.0057324229
18.005736204
18.0057399558
18.0057436786
18.0057473727
18.0057510381
18.0057546752
18.0057582842
18.0057618652
18.0057654186
18.0057689445
18.0057724431
18.0057759146
18.0057793593
18.0057827774
18.005786169
18.0057895344
18.0057928737
18.0057961873
18.0057994752
18.0058027376
18.0058059749
18.0058091871
18.0058123744
18.0058155372
18.0058186754
18.0058217894
18.0058248793
18.0058279453
18.0058309875
18.0058340063
18.0058370017
18.0058399739
18.0058429232
18.0058458496
18.0058487534
18.0058516348
18.0058544938
18.0058573308
18.0058601458
18.005862939
18.0058657106
18.0058684608
18.0058711897
18.0058738976
18.0058765844
18.0058792505
18.005881896
18.005884521
18.0058871257
18.0058897103
18.0058922748
18.0058948196
18.0058973446
18.0058998502
18.0059023363
18.0059048032
18.0059072511
18.00590968
18.0059120901
18.0059144816
18.0059168546
18.0059192092
18.0059215456
18.005923864
18.0059261644
18.005928447
18.005930712
18.0059329595
18.0059351895
18.0059374024
18.0059395981
18.0059417768
18.0059439387
18.0059460838
18.0059482124
18.0059503245
18.0059524203
18.0059544998
18.0059565633
18.0059586108
18.0059606425
18.0059626585
18.0059646589
18.0059666438
18.0059686133
18.0059705676
18.0059725068
18.005974431
18.0059763404
18.0059782349
18.0059801148
18.0059819802
18.0059838311
18.0059856677
18.0059874902
18.0059892985
18.0059910928
18.0059928733
18.00599464
18.005996393
18.0059981324
18.0059998584
18.0060015711
18.0060032705
18.0060049568
18.00600663
18.0060082903
18.0060099378
18.0060115725
18.0060131945
18.006014804
18.0060164011
18.0060179858
18.0060195583
18.0060211186
18.0060226668
18.0060242031
18.0060257274
18.00602724
18.0060287409
18.0060302302
18.006031708
18.0060331743
18.0060346293
18.006036073
18.0060375056
18.0060389271
18.0060403376
18.0060417371
18.0060431259
18.0060445039
18.0060458713
18.0060472281
18.0060485744
18.0060499102
18.0060512358
18.0060525511
18.0060538562
18.0060551512
18.0060564363
18.0060577113
18.0060589765
18.006060232
18.0060614777
18.0060627138
18.0060639403
18.0060651573
18.006066365
18.0060675632
18.0060687523
18.0060699321
18.0060711028
18.0060722644
18.0060734171
18.0060745608
18.0060756957
18.0060768218
18.0060779392
18.006079048
18.0060801482
18.0060812399
18.0060823231
18.006083398
18.0060844645
18.0060855228
18.0060865729
18.0060876149
18.0060886488
18.0060896748
18.0060906928
18.0060917029
18.0060927052
18.0060936998
18.0060946867
18.0060956659
18.0060966376
18.0060976017
18.0060985584
18.0060995077
18.0061004496
18.0061013843
18.0061023117
18.006103232
18.0061041451
18.0061050512
18.0061059503
18.0061068424
18.0061077276
18.006108606
18.0061094776
18.0061103424
18.0061112006
18.0061120521
18.006112897
18.0061137354
18.0061145673
18.0061153928
18.0061162119
18.0061170247
18.0061178311
18.0061186314
18.0061194254
18.0061202133
18.0061209951
18.0061217709
18.0061225406
18.0061233044
18.0061240623
18.0061248144
18.0061255606
18.006126301
18.0061270358
18.0061277648
18.0061284882
18.006129206
18.0061299183
18.006130625
18.0061313263
18.0061320222
18.0061327126
18.0061333978
18.0061340776
18.0061347522
18.0061354215
18.0061360857
18.0061367448
18.0061373987
18.0061380476
18.0061386915
18.0061393304
18.0061399643
18.0061405934
18.0061412176
18.0061418369
18.0061424515
18.0061430613
18.0061436664
18.0061442668
18.0061448626
18.0061454537
18.0061460403
18.0061466224
18.0061472
18.006147773
18.0061483417
18.0061489059
18.0061494658
18.0061500214
18.0061505727
18.0061511197
18.0061516624
18.006152201
18.0061527354
18.0061532657
18.0061537919
18.006154314
18.006154832
18.0061553461
18.0061558562
18.0061563623
18.0061568645
18.0061573629
18.0061578574
18.006158348
18.0061588349
18.006159318
18.0061597973
18.006160273
18.006160745
18.0061612133
18.006161678
18.0061621391
18.0061625967
18.0061630507
18.0061635012
18.0061639482
18.0061643917
18.0061648318
18.0061652686
18.0061657019
18.0061661319
18.0061665585
18.0061669819
18.006167402
18.0061678188
18.0061682324
18.0061686429
18.0061690501
18.0061694542
18.0061698552
18.006170253
18.0061706478
18.0061710396
18.0061714283
18.006171814
18.0061721967
18.0061725764
18.0061729532
18.0061733272
18.0061736982
18.0061740663
18.0061744316
18.0061747941
18.0061751537
18.0061755106
18.0061758647
18.0061762161
18.0061765648
18.0061769108
18.0061772541
18.0061775947
18.0061779327
18.0061782681
18.0061786009
18.0061789311
18.0061792588
18.0061795839
18.0061799066
18.0061802267
18.0061805443
18.0061808595
18.0061811723
18.0061814826
18.0061817906
18.0061820961
18.0061823993
18.0061827001
18.0061829987
18.0061832949
18.0061835888
18.0061838804
18.0061841698
18.006184457
18.0061847419
18.0061850246
18.0061853052
18.0061855836
18.0061858598
18.0061861339
18.0061864058
18.0061866757
18.0061869435
18.0061872092
18.0061874728
18.0061877344
18.006187994
18.0061882516
18.0061885071
18.0061887608
18.0061890124
18.0061892621
18.0061895099
18.0061897557
18.0061899997
18.0061902417
18.0061904819
18.0061907203
18.0061909567
18.0061911914
18.0061914242
18.0061916553
18.0061918846
18.006192112
18.0061923378
18.0061925617
18.006192784
18.0061930045
18.0061932233
18.0061934405
18.0061936559
18.0061938697
18.0061940818
18.0061942923
18.0061945012
18.0061947084
18.0061949141
18.0061951181
18.0061953206
18.0061955215
18.0061957209
18.0061959187
18.006196115
18.0061963097
18.006196503
18.0061966948
18.006196885
18.0061970739
18.0061972612
18.0061974471
18.0061976316
18.0061978146
18.0061979962
18.0061981764
18.0061983553
18.0061985327
18.0061987088
18.0061988835
18.0061990568
18.0061992288
18.0061993995
18.0061995689
18.0061997369
18.0061999037
18.0062000692
18.0062002333
18.0062003963
18.0062005579
18.0062007183
18.0062008775
18.0062010354
18.0062011921
18.0062013476
18.0062015019
18.006201655
18.0062018069
18.0062019577
18.0062021072
18.0062022557
18.0062024029
18.0062025491
18.0062026941
18.006202838
18.0062029807
18.0062031224
18.006203263
18.0062034024
18.0062035408
18.0062036782
18.0062038144
18.0062039497
18.0062040838
18.006204217
18.0062043491
18.0062044802
18.0062046102
18.0062047393
18.0062048673
18.0062049944
18.0062051205
18.0062052456
18.0062053698
18.006205493
18.0062056152
18.0062057365
18.0062058568
18.0062059763
18.0062060947
18.0062062123
18.006206329
18.0062064448
18.0062065596
18.0062066736
18.0062067867
18.006206899
18.0062070103
18.0062071208
18.0062072305
18.0062073393
18.0062074472
18.0062075543
18.0062076606
18.0062077661
18.0062078707
18.0062079746
18.0062080776
18.0062081799
18.0062082813
18.006208382
18.0062084819
18.006208581
18.0062086793
18.0062087769
18.0062088738
18.0062089699
18.0062090652
18.0062091598
18.0062092537
18.0062093468
18.0062094393
18.006209531
18.006209622
18.0062097123
18.0062098019
18.0062098908
18.006209979
18.0062100665
18.0062101534
18.0062102396
18.0062103251
18.00621041
18.0062104942
18.0062105777
18.0062106606
18.0062107429
18.0062108245
18.0062109055
18.0062109859
18.0062110657
18.0062111448
18.0062112233
18.0062113012
18.0062113785
18.0062114553
18.0062115314
18.0062116069
18.0062116819
18.0062117562
18.00621183
18.0062119032
18.0062119759
18.006212048
18.0062121195
18.0062121905
18.0062122609
18.0062123308
18.0062124002
18.006212469
18.0062125373
18.006212605
18.0062126723
18.006212739
18.0062128052
18.0062128708
18.006212936
18.0062130007
18.0062130648
18.0062131285
18.0062131917
18.0062132544
18.0062133166
18.0062133783
18.0062134396
18.0062135003
18.0062135606
18.0062136205
18.0062136798
18.0062137388
18.0062137972
18.0062138552
18.0062139128
18.0062139699
18.0062140266
18.0062140828
18.0062141386
18.006214194
18.0062142489
18.0062143034
18.0062143575
18.0062144112
18.0062144644
18.0062145173
18.0062145697
18.0062146218
18.0062146734
18.0062147246
18.0062147755
18.0062148259
18.0062148759
18.0062149256
18.0062149749
18.0062150238
18.0062150723
18.0062151205
18.0062151682
18.0062152156
18.0062152627
18.0062153093
18.0062153557
18.0062154016
18.0062154472
18.0062154925
18.0062155373
18.0062155819
18.0062156261
18.00621567
18.0062157135
18.0062157567
18.0062157995
18.006215842
18.0062158842
18.0062159261
18.0062159676
18.0062160089
18.0062160498
18.0062160904
18.0062161306
18.0062161706
18.0062162102
18.0062162496
18.0062162886
18.0062163274
18.0062163658
18.0062164039
18.0062164418
18.0062164793
18.0062165166
18.0062165536
18.0062165903
18.0062166267
18.0062166628
18.0062166986
18.0062167342
18.0062167695
18.0062168045
18.0062168393
18.0062168737
18.006216908
18.0062169419
18.0062169756
18.006217009
18.0062170422
18.0062170751
18.0062171077
18.0062171401
18.0062171723
18.0062172042
18.0062172359
18.0062172673
18.0062172984
18.0062173294
18.0062173601
18.0062173905
18.0062174207
18.0062174507
18.0062174805
18.00621751
18.0062175393
18.0062175683
18.0062175972
18.0062176258
18.0062176542
18.0062176824
18.0062177103
18.0062177381
18.0062177656
18.0062177929
18.00621782
18.0062178469
18.0062178736
18.0062179001
18.0062179263
18.0062179524
18.0062179783
18.006218004
18.0062180294
18.0062180547
18.0062180798
18.0062181047
18.0062181294
18.0062181539
18.0062181782
18.0062182023
18.0062182262
18.00621825
18.0062182736
18.0062182969
18.0062183201
18.0062183432
18.006218366
18.0062183887
18.0062184112
18.0062184335
18.0062184557
18.0062184776
18.0062184994
18.0062185211
18.0062185426
18.0062185639
18.006218585
18.006218606
18.0062186268
18.0062186474
18.0062186679
18.0062186883
18.0062187085
18.0062187285
18.0062187483
18.0062187681
18.0062187876
18.006218807
18.0062188263
18.0062188454
18.0062188644
18.0062188832
18.0062189019
18.0062189204
18.0062189388
18.006218957
18.0062189751
18.0062189931
18.0062190109
18.0062190286
18.0062190461
18.0062190635
18.0062190808
18.0062190979
18.006219115
18.0062191318
18.0062191486
18.0062191652
18.0062191817
18.0062191981
18.0062192143
18.0062192304
18.0062192464
18.0062192622
18.006219278
18.0062192936
18.0062193091
18.0062193245
18.0062193397
18.0062193549
18.0062193699
18.0062193848
18.0062193996
18.0062194143
18.0062194288
18.0062194433
18.0062194576
18.0062194719
18.006219486
18.0062195
18.0062195139
18.0062195277
18.0062195414
18.0062195549
18.0062195684
18.0062195818
18.0062195951
18.0062196082
18.0062196213
18.0062196342
18.0062196471
18.0062196599
18.0062196725
18.0062196851
18.0062196976
18.0062197099
18.0062197222
18.0062197344
18.0062197465
18.0062197585
18.0062197704
18.0062197822
18.0062197939
18.0062198055
18.0062198171
18.0062198285
18.0062198399
18.0062198512
18.0062198623
18.0062198734
18.0062198845
18.0062198954
18.0062199062
18.006219917
18.0062199277
18.0062199382
18.0062199488
18.0062199592
18.0062199695
18.0062199798
18.00621999
18.0062200001
18.0062200101
18.0062200201
18.00622003
18.0062200398
18.0062200495
18.0062200592
18.0062200687
18.0062200782
18.0062200877
18.006220097
18.0062201063
18.0062201155
18.0062201246
18.0062201337
18.0062201427
18.0062201516
18.0062201605
18.0062201693
18.006220178
18.0062201867
18.0062201953
18.0062202038
18.0062202122
18.0062202206
18.006220229
18.0062202372
18.0062202454
18.0062202536
18.0062202616
18.0062202696
18.0062202776
18.0062202855
18.0062202933
18.0062203011
18.0062203088
18.0062203164
18.006220324
18.0062203315
18.006220339
18.0062203464
18.0062203538
18.0062203611
18.0062203683
18.0062203755
18.0062203826
18.0062203897
18.0062203967
18.0062204037
18.0062204106
18.0062204174
18.0062204243
18.006220431
18.0062204377
18.0062204444
18.0062204509
18.0062204575
18.006220464
18.0062204704
18.0062204768
18.0062204832
18.0062204895
18.0062204957
18.0062205019
18.0062205081
18.0062205142
18.0062205202
18.0062205262
18.0062205322
18.0062205381
18.006220544
18.0062205498
18.0062205556
18.0062205613
18.006220567
18.0062205727
18.0062205783
18.0062205838
18.0062205894
18.0062205948
18.0062206003
18.0062206057
18.006220611
18.0062206163
18.0062206216
18.0062206268
18.006220632
18.0062206371
18.0062206422
18.0062206473
18.0062206523
18.0062206573
18.0062206623
18.0062206672
18.0062206721
18.0062206769
18.0062206817
18.0062206865
18.0062206912
18.0062206959
18.0062207005
18.0062207051
18.0062207097
18.0062207143
18.0062207188
18.0062207232
18.0062207277
18.0062207321
18.0062207365
18.0062207408
18.0062207451
18.0062207494
18.0062207536
18.0062207578
18.006220762
18.0062207661
18.0062207702
18.0062207743
18.0062207783
18.0062207824
18.0062207863
18.0062207903
18.0062207942
18.0062207981
18.006220802
18.0062208058
18.0062208096
18.0062208134
18.0062208171
18.0062208208
18.0062208245
18.0062208282
18.0062208318
18.0062208354
18.006220839
18.0062208425
18.006220846
18.0062208495
18.006220853
18.0062208564
18.0062208598
18.0062208632
18.0062208666
18.0062208699
18.0062208732
18.0062208765
18.0062208797
18.006220883
18.0062208862
18.0062208894
18.0062208925
18.0062208956
18.0062208987
18.0062209018
18.0062209049
18.0062209079
18.0062209109
18.0062209139
18.0062209169
18.0062209198
18.0062209227
18.0062209256
18.0062209285
18.0062209314
18.0062209342
18.006220937
18.0062209398
18.0062209426
18.0062209453
18.006220948
18.0062209507
18.0062209534
18.0062209561
18.0062209587
18.0062209613
18.0062209639
18.0062209665
18.0062209691
18.0062209716
18.0062209741
18.0062209766
18.0062209791
18.0062209816
18.006220984
18.0062209864
18.0062209888
18.0062209912
18.0062209936
18.0062209959
18.0062209983
18.0062210006
18.0062210029
18.0062210051
18.0062210074
18.0062210096
18.0062210119
18.0062210141
18.0062210163
18.0062210184
18.0062210206
18.0062210227
18.0062210249
18.006221027
18.0062210291
18.0062210311
18.0062210332
18.0062210352
18.0062210373
18.0062210393
18.0062210413
18.0062210432
18.0062210452
18.0062210472
18.0062210491
18.006221051
18.0062210529
18.0062210548
18.0062210567
18.0062210585
18.0062210604
18.0062210622
18.006221064
18.0062210658
18.0062210676
18.0062210694
18.0062210712
18.0062210729
18.0062210747
18.0062210764
18.0062210781
18.0062210798
18.0062210815
18.0062210831
18.0062210848
18.0062210864
18.0062210881
18.0062210897
18.0062210913
18.0062210929
18.0062210945
18.006221096
18.0062210976
18.0062210991
18.0062211007
18.0062211022
18.0062211037
18.0062211052
18.0062211067
18.0062211081
18.0062211096
18.0062211111
18.0062211125
18.0062211139
18.0062211153
18.0062211168
18.0062211181
18.0062211195
18.0062211209
18.0062211223
18.0062211236
18.006221125
18.0062211263
18.0062211276
18.0062211289
18.0062211302
18.0062211315
18.0062211328
18.0062211341
18.0062211353
18.0062211366
18.0062211378
18.0062211391
18.0062211403
18.0062211415
18.0062211427
18.0062211439
18.0062211451
18.0062211463
18.0062211474
18.0062211486
18.0062211498
18.0062211509
18.006221152
18.0062211531
18.0062211543
18.0062211554
18.0062211565
18.0062211576
18.0062211586
18.0062211597
18.0062211608
18.0062211618
18.0062211629
18.0062211639
18.0062211649
18.006221166
18.006221167
18.006221168
18.006221169
18.00622117
18.006221171
18.0062211719
18.0062211729
18.0062211739
18.0062211748
18.0062211758
18.0062211767
18.0062211776
18.0062211786
18.0062211795
18.0062211804
18.0062211813
18.0062211822
18.0062211831
18.006221184
18.0062211849
18.0062211857
18.0062211866
18.0062211874
18.0062211883
18.0062211891
18.00622119
18.0062211908
18.0062211916
18.0062211924
18.0062211933
18.0062211941
18.0062211949
18.0062211956
18.0062211964
18.0062211972
18.006221198
18.0062211988
18.0062211995
18.0062212003
18.006221201
18.0062212018
18.0062212025
18.0062212032
18.006221204
18.0062212047
18.0062212054
18.0062212061
18.0062212068
18.0062212075
18.0062212082
18.0062212089
18.0062212096
18.0062212103
18.0062212109
18.0062212116
18.0062212123
18.0062212129
18.0062212136
18.0062212142
18.0062212149
18.0062212155
18.0062212161
18.0062212168
18.0062212174
18.006221218
18.0062212186
18.0062212192
18.0062212198
18.0062212204
18.006221221
18.0062212216
18.0062212222
18.0062212228
18.0062212234
18.0062212239
18.0062212245
18.0062212251
18.0062212256
18.0062212262
18.0062212267
18.0062212273
18.0062212278
18.0062212283
18.0062212289
18.0062212294
18.0062212299
18.0062212304
18.006221231
18.0062212315
18.006221232
18.0062212325
18.006221233
18.0062212335
18.006221234
18.0062212345
18.006221235
18.0062212354
18.0062212359
18.0062212364
18.0062212369
18.0062212373
18.0062212378
18.0062212383
18.0062212387
18.0062212392
18.0062212396
18.0062212401
18.0062212405
18.0062212409
18.0062212414
18.0062212418
18.0062212422
18.0062212427
18.0062212431
18.0062212435
18.0062212439
18.0062212443
18.0062212447
18.0062212451
18.0062212456
18.006221246
18.0062212463
18.0062212467
18.0062212471
18.0062212475
18.0062212479
18.0062212483
18.0062212487
18.006221249
18.0062212494
18.0062212498
18.0062212502
18.0062212505
18.0062212509
18.0062212512
18.0062212516
18.0062212519
18.0062212523
18.0062212526
18.006221253
18.0062212533
18.0062212537
18.006221254
18.0062212543
18.0062212547
18.006221255
18.0062212553
18.0062212557
18.006221256
18.0062212563
18.0062212566
18.0062212569
18.0062212572
18.0062212575
18.0062212579
18.0062212582
18.0062212585
18.0062212588
18.0062212591
18.0062212594
18.0062212597
18.0062212599
18.0062212602
18.0062212605
18.0062212608
18.0062212611
18.0062212614
18.0062212616
18.0062212619
18.0062212622
18.0062212625
18.0062212627
18.006221263
18.0062212633
18.0062212635
18.0062212638
18.006221264
18.0062212643
18.0062212646
18.0062212648
18.0062212651
18.0062212653
18.0062212656
18.0062212658
18.006221266
18.0062212663
18.0062212665
18.0062212668
18.006221267
18.0062212672
18.0062212675
18.0062212677
18.0062212679
18.0062212682
18.0062212684
18.0062212686
18.0062212688
18.006221269
18.0062212693
18.0062212695
18.0062212697
18.0062212699
18.0062212701
18.0062212703
18.0062212705
18.0062212707
18.0062212709
18.0062212712
18.0062212714
18.0062212716
18.0062212718
18.0062212719
18.0062212721
18.0062212723
18.0062212725
18.0062212727
18.0062212729
18.0062212731
18.0062212733
18.0062212735
18.0062212737
18.0062212738
18.006221274
18.0062212742
18.0062212744
18.0062212746
18.0062212747
18.0062212749
18.0062212751
18.0062212753
18.0062212754
18.0062212756
18.0062212758
18.0062212759
18.0062212761
18.0062212763
18.0062212764
18.0062212766
18.0062212767
18.0062212769
18.0062212771
18.0062212772
18.0062212774
18.0062212775
18.0062212777
18.0062212778
18.006221278
18.0062212781
18.0062212783
18.0062212784
18.0062212786
18.0062212787
18.0062212789
18.006221279
18.0062212791
18.0062212793
18.0062212794
18.0062212796
18.0062212797
18.0062212798
18.00622128
18.0062212801
18.0062212802
18.0062212804
18.0062212805
18.0062212806
18.0062212807
18.0062212809
18.006221281
18.0062212811
18.0062212813
18.0062212814
18.0062212815
18.0062212816
18.0062212817
18.0062212819
18.006221282
18.0062212821
18.0062212822
18.0062212823
18.0062212824
18.0062212826
18.0062212827
18.0062212828
18.0062212829
18.006221283
18.0062212831
18.0062212832
18.0062212833
18.0062212834
18.0062212836
18.0062212837
18.0062212838
18.0062212839
18.006221284
18.0062212841
18.0062212842
18.0062212843
18.0062212844
18.0062212845
18.0062212846
18.0062212847
18.0062212848
18.0062212849
18.006221285
18.0062212851
18.0062212852
18.0062212853
18.0062212853
18.0062212854
18.0062212855
18.0062212856
18.0062212857
18.0062212858
18.0062212859
18.006221286
18.0062212861
18.0062212861
18.0062212862
18.0062212863
18.0062212864
18.0062212865
18.0062212866
18.0062212867
18.0062212867
18.0062212868
18.0062212869
18.006221287
18.0062212871
18.0062212871
18.0062212872
18.0062212873
18.0062212874
18.0062212874
18.0062212875
18.0062212876
18.0062212877
18.0062212877
18.0062212878
18.0062212879
18.006221288
18.006221288
18.0062212881
18.0062212882
18.0062212883
18.0062212883
18.0062212884
18.0062212885
18.0062212885
18.0062212886
18.0062212887
18.0062212887
18.0062212888
18.0062212889
18.0062212889
18.006221289
18.0062212891
18.0062212891
18.0062212892
18.0062212892
18.0062212893
18.0062212894
18.0062212894
18.0062212895
18.0062212895
18.0062212896
18.0062212897
18.0062212897
18.0062212898
18.0062212898
18.0062212899
18.00622129
18.00622129
18.0062212901
18.0062212901
18.0062212902
18.0062212902
18.0062212903
18.0062212903
18.0062212904
18.0062212904
18.0062212905
18.0062212906
18.0062212906
18.0062212907
18.0062212907
18.0062212908
18.0062212908
18.0062212909
18.0062212909
18.006221291
18.006221291
18.0062212911
18.0062212911
18.0062212912
18.0062212912
18.0062212912
18.0062212913
18.0062212913
18.0062212914
18.0062212914
18.0062212915
18.0062212915
18.0062212916
18.0062212916
18.0062212917
18.0062212917
18.0062212917
18.0062212918
18.0062212918
18.0062212919
18.0062212919
18.0062212919
18.006221292
18.006221292
18.0062212921
18.0062212921
18.0062212922
18.0062212922
18.0062212922
18.0062212923
18.0062212923
18.0062212923
18.0062212924
18.0062212924
18.0062212925
18.0062212925
18.0062212925
18.0062212926
18.0062212926
18.0062212926
18.0062212927
18.0062212927
18.0062212927
18.0062212928
18.0062212928
18.0062212929
18.0062212929
18.0062212929
18.006221293
18.006221293
18.006221293
18.0062212931
18.0062212931
18.0062212931
18.0062212932
18.0062212932
18.0062212932
18.0062212932
18.0062212933
18.0062212933
18.0062212933
18.0062212934
18.0062212934
18.0062212934
18.0062212935
18.0062212935
18.0062212935
18.0062212935
18.0062212936
18.0062212936
18.0062212936
18.0062212937
18.0062212937
18.0062212937
18.0062212937
18.0062212938
18.0062212938
18.0062212938
18.0062212939
18.0062212939
18.0062212939
18.0062212939
18.006221294
18.006221294
18.006221294
18.006221294
18.0062212941
18.0062212941
18.0062212941
18.0062212941
18.0062212942
18.0062212942
18.0062212942
18.0062212942
18.0062212942
18.0062212943
18.0062212943
18.0062212943
18.0062212943
18.0062212944
18.0062212944
18.0062212944
18.0062212944
18.0062212945
18.0062212945
18.0062212945
18.0062212945
18.0062212945
18.0062212946
18.0062212946
18.0062212946
18.0062212946
18.0062212946
18.0062212947
18.0062212947
18.0062212947
18.0062212947
18.0062212947
18.0062212948
18.0062212948
18.0062212948
18.0062212948
18.0062212948
18.0062212949
18.0062212949
18.0062212949
18.0062212949
18.0062212949
18.0062212949
18.006221295
18.006221295
18.006221295
18.006221295
18.006221295
18.0062212951
18.0062212951
18.0062212951
18.0062212951
18.0062212951
18.0062212951
18.0062212952
18.0062212952
18.0062212952
18.0062212952
18.0062212952
18.0062212952
18.0062212953
18.0062212953
18.0062212953
18.0062212953
18.0062212953
18.0062212953
18.0062212953
18.0062212954
18.0062212954
18.0062212954
18.0062212954
18.0062212954
18.0062212954
18.0062212954
18.0062212955
18.0062212955
18.0062212955
18.0062212955
18.0062212955
18.0062212955
18.0062212955
18.0062212956
18.0062212956
18.0062212956
18.0062212956
18.0062212956
18.0062212956
18.0062212956
18.0062212956
18.0062212957
18.0062212957
18.0062212957
18.0062212957
18.0062212957
18.0062212957
18.0062212957
18.0062212957
18.0062212958
18.0062212958
18.0062212958
18.0062212958
18.0062212958
18.0062212958
18.0062212958
18.0062212958
18.0062212958
18.0062212959
18.0062212959
18.0062212959
18.0062212959
18.0062212959
18.0062212959
18.0062212959
18.0062212959
18.0062212959
18.006221296
18.006221296
18.006221296
18.006221296
18.006221296
18.006221296
18.006221296
18.006221296
18.006221296
18.006221296
18.006221296
18.0062212961
18.0062212961
18.0062212961
18.0062212961
18.0062212961
18.0062212961
18.0062212961
18.0062212961
18.0062212961
18.0062212961
18.0062212961
18.0062212962
18.0062212962
18.0062212962
18.0062212962
18.0062212962
18.0062212962
18.0062212962
18.0062212962
18.0062212962
18.0062212962
18.0062212962
18.0062212962
18.0062212963
18.0062212963
18.0062212963
18.0062212963
18.0062212963
18.0062212963
18.0062212963
18.0062212963
18.0062212963
18.0062212963
18.0062212963
18.0062212963
18.0062212963
18.0062212964
18.0062212964
18.0062212964
18.0062212964
18.0062212964
18.0062212964
18.0062212964
18.0062212964
18.0062212964
18.0062212964
18.0062212964
18.0062212964
18.0062212964
18.0062212964
18.0062212964
18.0062212965
18.0062212965
18.0062212965
18.0062212965
18.0062212965
18.0062212965
18.0062212965
18.0062212965
18.0062212965
18.0062212965
18.0062212965
18.0062212965
18.0062212965
18.0062212965
18.0062212965
18.0062212965
18.0062212965
18.0062212966
18.0062212966
18.0062212966
18.0062212966
18.0062212966
18.0062212966
18.0062212966
18.0062212966
18.0062212966
18.0062212966
18.0062212966
18.0062212966
18.0062212966
18.0062212966
18.0062212966
18.0062212966
18.0062212966
18.0062212966
18.0062212966
18.0062212967
18.0062212967
18.0062212967
18.0062212967
18.0062212967
18.0062212967
18.0062212967
18.0062212967
18.0062212967
18.0062212967
18.0062212967
18.0062212967
18.0062212967
18.0062212967
18.0062212967
18.0062212967
18.0062212967
18.0062212967
18.0062212967
18.0062212967
18.0062212967
18.0062212967
18.0062212967
18.0062212968
18.0062212968
18.0062212968
18.0062212968
18.0062212968
18.0062212968
18.0062212968
18.0062212968
18.0062212968
18.0062212968
18.0062212968
18.0062212968
18.0062212968
18.0062212968
18.0062212968
18.0062212968
18.0062212968
18.0062212968
18.0062212968
18.0062212968
18.0062212968
18.0062212968
18.0062212968
18.0062212968
18.0062212968
18.0062212968
18.0062212968
18.0062212968
18.0062212969
18.0062212969
18.0062212969
18.0062212969
18.0062212969
18.0062212969
18.0062212969
18.0062212969
18.0062212969
18.0062212969
18.0062212969
18.0062212969
18.0062212969
18.0062212969
18.0062212969
18.0062212969
18.0062212969
18.0062212969
18.0062212969
18.0062212969
18.0062212969
18.0062212969
18.0062212969
18.0062212969
18.0062212969
18.0062212969
18.0062212969
18.0062212969
18.0062212969
18.0062212969
18.0062212969
18.0062212969
18.0062212969
18.0062212969
18.0062212969
18.006221297
18.006221297
18.006221297
18.006221297
18.006221297
18.006221297
18.006221297
18.006221297
18.006221297
18.006221297
18.006221297
18.006221297
18.006221297
18.006221297
18.006221297
18.006221297
18.006221297
18.006221297
18.006221297
18.006221297
18.006221297
18.006221297
18.006221297
18.006221297
18.006221297
18.006221297
18.006221297
18.006221297
18.006221297
18.006221297
18.006221297
18.006221297
18.006221297
18.006221297
18.006221297
18.006221297
18.006221297
18.006221297
18.006221297
18.006221297
18.006221297
18.006221297
18.006221297
18.006221297
18.006221297
18.006221297
18.006221297
18.006221297
18.006221297
18.0062212971
18.0062212971
18.0062212971
18.0062212971
18.0062212971
18.0062212971
18.0062212971
18.0062212971
18.0062212971
18.0062212971
18.0062212971
18.0062212971
18.0062212971
18.0062212971
18.0062212971
18.0062212971
18.0062212971
18.0062212971
18.0062212971
18.0062212971
18.0062212971
18.0062212971
18.0062212971
18.0062212971
18.0062212971
18.0062212971
18.0062212971
18.0062212971
18.0062212971
18.0062212971
18.0062212971
18.0062212971
18.0062212971
18.0062212971
18.0062212971
18.0062212971
18.0062212971
18.0062212971
18.0062212971
18.0062212971
18.0062212971
18.0062212971
18.0062212971
18.0062212971
18.0062212971
18.0062212971
18.0062212971
18.0062212971
18.0062212971
18.0062212971
18.0062212971
18.0062212971
18.0062212971
18.0062212971
18.0062212971
18.0062212971
18.0062212971
18.0062212971
18.0062212971
18.0062212971
18.0062212971
18.0062212971
18.0062212971
18.0062212971
18.0062212971
18.0062212971
18.0062212971
18.0062212971
18.0062212971
18.0062212971
18.0062212971
18.0062212971
18.0062212971
18.0062212971
18.0062212971
18.0062212971
18.0062212971
18.0062212971
18.0062212971
18.0062212971
18.0062212972
18.0062212972
18.0062212972
18.0062212972
18.0062212972
18.0062212972
18.0062212972
18.0062212972
18.0062212972
18.0062212972
18.0062212972
18.0062212972
18.0062212972
18.0062212972
18.0062212972
18.0062212972
18.0062212972
18.0062212972
18.0062212972
18.0062212972
18.0062212972
18.0062212972
18.0062212972
18.0062212972
18.0062212972
18.0062212972
18.0062212972
18.0062212972
18.0062212972
18.0062212972
18.0062212972
18.0062212972
18.0062212972
18.0062212972
18.0062212972
18.0062212972
18.0062212972
18.0062212972
18.0062212972
18.0062212972
18.0062212972
18.0062212972
18.0062212972
18.0062212972
18.0062212972
18.0062212972
18.0062212972
18.0062212972
18.0062212972
18.0062212972
18.0062212972
18.0062212972
18.0062212972
18.0062212972
18.0062212972
18.0062212972
18.0062212972
18.0062212972
18.0062212972
18.0062212972
18.0062212972
18.0062212972
18.0062212972
18.0062212972
18.0062212972
18.0062212972
18.0062212972
18.0062212972
18.0062212972
18.0062212972
18.0062212972
18.0062212972
18.0062212972
18.0062212972
18.0062212972
18.0062212972
18.0062212972
18.0062212972
18.0062212972
18.0062212972
18.0062212972
18.0062212972
18.0062212972
18.0062212972
18.0062212972
18.0062212972
18.0062212972
18.0062212972
18.0062212972
18.0062212972
18.0062212972
18.0062212972
18.0062212972
18.0062212972
18.0062212972
18.0062212972
18.0062212972
18.0062212972
18.0062212972
18.0062212972
18.0062212972
18.0062212972
18.0062212972
18.0062212972
18.0062212972
18.0062212972
18.0062212972
18.0062212972
18.0062212972
18.0062212972
18.0062212972
18.0062212972
18.0062212972
18.0062212972
18.0062212972
18.0062212972
18.0062212972
18.0062212972
18.0062212972
18.0062212972
18.0062212972
18.0062212972
18.0062212972
18.0062212972
18.0062212972
18.0062212972
18.0062212972
18.0062212972
18.0062212972
18.0062212972
18.0062212972
18.0062212972
18.0062212972
18.0062212972
18.0062212972
18.0062212972
18.0062212972
18.0062212972
18.0062212972
18.0062212972
18.0062212972
18.0062212972
18.0062212972
18.0062212972
18.0062212972
18.0062212972
18.0062212972
18.0062212972
18.0062212972
18.0062212972
18.0062212972
18.0062212972
18.0062212972
18.0062212972
18.0062212972
18.0062212972
18.0062212972
18.0062212972
18.0062212972
18.0062212972
18.0062212972
18.0062212972
18.0062212972
18.0062212972
18.0062212972
18.0062212972
18.0062212972
18.0062212972
18.0062212972
18.0062212972
18.0062212972
18.0062212972
18.0062212972
18.0062212972
18.0062212972
18.0062212972
18.0062212972
18.0062212972
18.0062212972
18.0062212972
18.0062212972
18.0062212972
18.0062212972
18.0062212972
18.0062212972
18.0062212972
18.0062212972
18.0062212972
18.0062212972
18.0062212972
18.0062212972
18.0062212972
18.0062212972
18.0062212972
18.0062212972
18.0062212972
18.0062212972
18.0062212972
18.0062212972
18.0062212972
18.0062212972
18.0062212972
18.0062212972
18.0062212972
18.0062212972
18.0062212972
18.0062212972
18.0062212972
18.0062212972
18.0062212972
18.0062212972
18.0062212972
18.0062212972
18.0062212972
18.0062212972
18.0062212972
18.0062212972
18.0062212972
18.0062212972
18.0062212972
18.0062212972
18.0062212972
18.0062212972
18.0062212972
18.0062212972
18.0062212972
18.0062212972
18.0062212972
18.0062212972
18.0062212972
18.0062212972
18.0062212972
18.0062212972
18.0062212972
18.0062212972
18.0062212972
18.0062212972
18.0062212972
18.0062212972
18.0062212972
18.0062212972
18.0062212972
18.0062212972
18.0062212972
18.0062212972
18.0062212972
18.0062212972
18.0062212972
18.0062212972
18.0062212972
18.0062212972
18.0062212972
18.0062212972
18.0062212972
18.0062212972
18.0062212972
18.0062212972
18.0062212973
18.0062212973
18.0062212973
18.0062212973
18.0062212973
18.0062212973
18.0062212973
18.0062212973
18.0062212973
18.0062212973
18.0062212973
18.0062212973
18.0062212973
18.0062212973
18.0062212973
18.0062212973
18.0062212973
18.0062212973
18.0062212973
18.0062212973
18.0062212973
18.0062212973
18.0062212973
18.0062212973
18.0062212973
18.0062212973
18.0062212973
18.0062212973
18.0062212973
18.0062212973
18.0062212973
18.0062212973
18.0062212973
18.0062212973
18.0062212973
18.0062212973
18.0062212973
18.0062212973
18.0062212973
18.0062212973
18.0062212973
18.0062212973
18.0062212973
18.0062212973
18.0062212973
18.0062212973
18.0062212973
18.0062212973
18.0062212973
18.0062212973
18.0062212973
18.0062212973
18.0062212973
18.0062212973
18.0062212973
18.0062212973
18.0062212973
18.0062212973
18.0062212973
18.0062212973
18.0062212973
18.0062212973
18.0062212973
18.0062212973
18.0062212973
18.0062212973
18.0062212973
18.0062212973
18.0062212973
18.0062212973
18.0062212973
18.0062212973
18.0062212973
18.0062212973
18.0062212973
18.0062212973
18.0062212973
18.0062212973
18.0062212973
18.0062212973
18.0062212973
18.0062212973
18.0062212973
18.0062212973
18.0062212973
18.0062212973
18.0062212973
18.0062212973
18.0062212973
18.0062212973
18.0062212973
18.0062212973
18.0062212973
18.0062212973
18.0062212973
18.0062212973
18.0062212973
18.0062212973
18.0062212973
18.0062212973
18.0062212973
18.0062212973
18.0062212973
18.0062212973
18.0062212973
18.0062212973
18.0062212973
18.0062212973
18.0062212973
18.0062212973
18.0062212973
18.0062212973
18.0062212973
18.0062212973
18.0062212973
18.0062212973
18.0062212973
18.0062212973
18.0062212973
18.0062212973
18.0062212973
18.0062212973
18.0062212973
18.0062212973
18.0062212973
18.0062212973
18.0062212973
18.0062212973
18.0062212973
18.0062212973
18.0062212973
18.0062212973
18.0062212973
18.0062212973
18.0062212973
18.0062212973
18.0062212973
18.0062212973
18.0062212973
18.0062212973
18.0062212973
18.0062212973
18.0062212973
18.0062212973
18.0062212973
18.0062212973
18.0062212973
18.0062212973
18.0062212973
18.0062212973
18.0062212973
18.0062212973
18.0062212973
18.0062212973
18.0062212973
18.0062212973
18.0062212973
18.0062212973
18.0062212973
18.0062212973
18.0062212973
18.0062212973
18.0062212973
18.0062212973
18.0062212973
18.0062212973
18.0062212973
18.0062212973
18.0062212973
18.0062212973
18.0062212973
18.0062212973
18.0062212973
18.0062212973
18.0062212973
18.0062212973
18.0062212973
18.0062212973
18.0062212973
18.0062212973
18.0062212973
18.0062212973
18.0062212973
18.0062212973
18.0062212973
18.0062212973
18.0062212973
18.0062212973
18.0062212973
18.0062212973
18.0062212973
18.0062212973
18.0062212973
18.0062212973
18.0062212973
18.0062212973
18.0062212973
18.0062212973
18.0062212973
18.0062212973
18.0062212973
18.0062212973
18.0062212973
18.0062212973
18.0062212973
18.0062212973
18.0062212973
18.0062212973
18.0062212973
18.0062212973
18.0062212973
18.0062212973
18.0062212973
18.0062212973
18.0062212973
18.0062212973
18.0062212973
18.0062212973
18.0062212973
18.0062212973
18.0062212973
18.0062212973
18.0062212973
18.0062212973
18.0062212973
18.0062212973
18.0062212973
18.0062212973
18.0062212973
18.0062212973
18.0062212973
18.0062212973
18.0062212973
18.0062212973
18.0062212973
18.0062212973
18.0062212973
18.0062212973
18.0062212973
18.0062212973
18.0062212973
18.0062212973
18.0062212973
18.0062212973
18.0062212973
18.0062212973
18.0062212973
18.0062212973
18.0062212973
18.0062212973
18.0062212973
18.0062212973
18.0062212973
18.0062212973
18.0062212973
18.0062212973
18.0062212973
18.0062212973
18.0062212973
18.0062212973
18.0062212973
18.0062212973
18.0062212973
18.0062212973
18.0062212973
18.0062212973
18.0062212973
18.0062212973
18.0062212973
18.0062212973
18.0062212973
18.0062212973
18.0062212973
18.0062212973
18.0062212973
18.0062212973
18.0062212973
18.0062212973
18.0062212973
18.0062212973
18.0062212973
18.0062212973
18.0062212973
18.0062212973
18.0062212973
18.0062212973
18.0062212973
18.0062212973
18.0062212973
18.0062212973
18.0062212973
18.0062212973
18.0062212973
18.0062212973
18.0062212973
18.0062212973
18.0062212973
18.0062212973
18.0062212973
18.0062212973
18.0062212973
18.0062212973
18.0062212973
18.0062212973
18.0062212973
18.0062212973
18.0062212973
18.0062212973
18.0062212973
18.0062212973
18.0062212973
18.0062212973
18.0062212973
18.0062212973
18.0062212973
18.0062212973
18.0062212973
18.0062212973
18.0062212973
18.0062212973
18.0062212973
18.0062212973
18.0062212973
18.0062212973
18.0062212973
18.0062212973
18.0062212973
18.0062212973
18.0062212973
18.0062212973
18.0062212973
18.0062212973
18.0062212973
18.0062212973
18.0062212973
18.0062212973
18.0062212973
18.0062212973
18.0062212973
18.0062212973
18.0062212973
18.0062212973
18.0062212973
18.0062212973
18.0062212973
18.0062212973
18.0062212973
18.0062212973
18.0062212973
18.0062212973
18.0062212973
18.0062212973
18.0062212973
18.0062212973
18.0062212973
18.0062212973
18.0062212973
18.0062212973
18.0062212973
18.0062212973
18.0062212973
18.0062212973
18.0062212973
18.0062212973
18.0062212973
18.0062212973
18.0062212973
18.0062212973
18.0062212973
18.0062212973
18.0062212973
18.0062212973
18.0062212973
18.0062212973
18.0062212973
18.0062212973
18.0062212973
18.0062212973
18.0062212973
18.0062212973
18.0062212973
18.0062212973
18.0062212973
18.0062212973
18.0062212973
18.0062212973
18.0062212973
18.0062212973
18.0062212973
18.0062212973
18.0062212973
18.0062212973
18.0062212973
18.0062212973
18.0062212973
18.0062212973
18.0062212973
18.0062212973
18.0062212973
18.0062212973
18.0062212973
18.0062212973
18.0062212973
18.0062212973
18.0062212973
18.0062212973
18.0062212973
18.0062212973
18.0062212973
18.0062212973
18.0062212973
18.0062212973
18.0062212973
18.0062212973
18.0062212973
18.0062212973
18.0062212973
18.0062212973
18.0062212973
18.0062212973
18.0062212973
18.0062212973
18.0062212973
18.0062212973
18.0062212973
18.0062212973
18.0062212973
18.0062212973
18.0062212973
18.0062212973
18.0062212973
18.0062212973
18.0062212973
18.0062212973
18.0062212973
18.0062212973
18.0062212973
18.0062212973
18.0062212973
18.0062212973
18.0062212973
18.0062212973
18.0062212973
18.0062212973
18.0062212973
18.0062212973
18.0062212973
18.0062212973
18.0062212973
18.0062212973
18.0062212973
18.0062212973
18.0062212973
18.0062212973
18.0062212973
18.0062212973
18.0062212973
18.0062212973
18.0062212973
18.0062212973
18.0062212973
18.0062212973
18.0062212973
18.0062212973
18.0062212973
18.0062212973
18.0062212973
18.0062212973
18.0062212973
18.0062212973
18.0062212973
18.0062212973
18.0062212973
18.0062212973
18.0062212973
18.0062212973
18.0062212973
18.0062212973
18.0062212973
18.0062212973
18.0062212973
18.0062212973
18.0062212973
18.0062212973
18.0062212973
18.0062212973
18.0062212973
18.0062212973
18.0062212973
18.0062212973
18.0062212973
18.0062212973
18.0062212973
18.0062212973
18.0062212973
18.0062212973
18.0062212973
18.0062212973
18.0062212973
18.0062212973
18.0062212973
18.0062212973
18.0062212973
18.0062212973
18.0062212973
18.0062212973
18.0062212973
18.0062212973
18.0062212973
18.0062212973
18.0062212973
18.0062212973
18.0062212973
18.0062212973
18.0062212973
18.0062212973
18.0062212973
18.0062212973
18.0062212973
18.0062212973
18.0062212973
18.0062212973
18.0062212973
18.0062212973
18.0062212973
18.0062212973
18.0062212973
18.0062212973
18.0062212973
18.0062212973
18.0062212973
18.0062212973
18.0062212973
18.0062212973
18.0062212973
18.0062212973
18.0062212973
18.0062212973
18.0062212973
18.0062212973
18.0062212973
18.0062212973
18.0062212973
18.0062212973
18.0062212973
18.0062212973
18.0062212973
18.0062212973
18.0062212973
18.0062212973
18.0062212973
18.0062212973
18.0062212973
18.0062212973
18.0062212973
18.0062212973
18.0062212973
18.0062212973
18.0062212973
18.0062212973
18.0062212973
18.0062212973
18.0062212973
18.0062212973
18.0062212973
18.0062212973
18.0062212973
18.0062212973
18.0062212973
18.0062212973
18.0062212973
18.0062212973
18.0062212973
18.0062212973
18.0062212973
18.0062212973
18.0062212973
18.0062212973
18.0062212973
18.0062212973
18.0062212973
18.0062212973
18.0062212973
18.0062212973
18.0062212973
18.0062212973
18.0062212973
18.0062212973
18.0062212973
18.0062212973
18.0062212973
18.0062212973
18.0062212973
18.0062212973
18.0062212973
18.0062212973
18.0062212973
18.0062212973
18.0062212973
18.0062212973
18.0062212973
18.0062212973
18.0062212973
18.0062212973
18.0062212973
18.0062212973
18.0062212973
18.0062212973
18.0062212973
18.0062212973
18.0062212973
18.0062212973
18.0062212973
18.0062212973
18.0062212973
18.0062212973
18.0062212973
18.0062212973
18.0062212973
18.0062212973
18.0062212973
18.0062212973
18.0062212973
18.0062212973
18.0062212973
18.0062212973
18.0062212973
18.0062212973
18.0062212973
18.0062212973
18.0062212973
18.0062212973
18.0062212973
18.0062212973
18.0062212973
18.0062212973
18.0062212973
18.0062212973
18.0062212973
18.0062212973
18.0062212973
18.0062212973
18.0062212973
18.0062212973
18.0062212973
18.0062212973
18.0062212973
18.0062212973
18.0062212973
18.0062212973
18.0062212973
18.0062212973
18.0062212973
18.0062212973
18.0062212973
18.0062212973
18.0062212973
18.0062212973
18.0062212973
18.0062212973
18.0062212973
18.0062212973
18.0062212973
18.0062212973
18.0062212973
18.0062212973
18.0062212973
18.0062212973
18.0062212973
18.0062212973
18.0062212973
18.0062212973
18.0062212973
18.0062212973
18.0062212973
18.0062212973
18.0062212973
18.0062212973
18.0062212973
18.0062212973
18.0062212973
18.0062212973
18.0062212973
18.0062212973
18.0062212973
18.0062212973
18.0062212973
18.0062212973
18.0062212973
18.0062212973
18.0062212973
18.0062212973
18.0062212973
18.0062212973
18.0062212973
18.0062212973
18.0062212973
18.0062212973
18.0062212973
18.0062212973
18.0062212973
18.0062212973
18.0062212973
18.0062212973
18.0062212973
18.0062212973
18.0062212973
18.0062212973
18.0062212973
18.0062212973
18.0062212973
18.0062212973
18.0062212973
18.0062212973
18.0062212973
18.0062212973
18.0062212973
18.0062212973
18.0062212973
18.0062212973
18.0062212973
18.0062212973
18.0062212973
18.0062212973
18.0062212973
18.0062212973
18.0062212973
18.0062212973
18.0062212973
18.0062212973
18.0062212973
18.0062212973
18.0062212973
18.0062212973
18.0062212973
18.0062212973
18.0062212973
18.0062212973
18.0062212973
18.0062212973
18.0062212973
18.0062212973
18.0062212973
18.0062212973
18.0062212973
18.0062212973
18.0062212973
18.0062212973
18.0062212973
18.0062212973
18.0062212973
18.0062212973
18.0062212973
18.0062212973
18.0062212973
18.0062212973
18.0062212973
18.0062212973
18.0062212973
18.0062212973
18.0062212973
18.0062212973
18.0062212973
18.0062212973
18.0062212973
18.0062212973
18.0062212973
18.0062212973
18.0062212973
18.0062212973
18.0062212973
18.0062212973
18.0062212973
18.0062212973
18.0062212973
18.0062212973
18.0062212973
18.0062212973
18.0062212973
18.0062212973
18.0062212973
18.0062212973
18.0062212973
18.0062212973
18.0062212973
18.0062212973
18.0062212973
18.0062212973
18.0062212973
18.0062212973
18.0062212973
18.0062212973
18.0062212973
18.0062212973
18.0062212973
18.0062212973
18.0062212973
18.0062212973
18.0062212973
18.0062212973
18.0062212973
18.0062212973
18.0062212973
18.0062212973
18.0062212973
18.0062212973
18.0062212973
18.0062212973
18.0062212973
18.0062212973
18.0062212973
18.0062212973
18.0062212973
18.0062212973
18.0062212973
18.0062212973
18.0062212973
18.0062212973
18.0062212973
18.0062212973
18.0062212973
18.0062212973
18.0062212973
18.0062212973
18.0062212973
18.0062212973
18.0062212973
18.0062212973
18.0062212973
18.0062212973
18.0062212973
18.0062212973
18.0062212973
18.0062212973
18.0062212973
18.0062212973
18.0062212973
18.0062212973
18.0062212973
18.0062212973
18.0062212973
18.0062212973
18.0062212973
18.0062212973
18.0062212973
18.0062212973
18.0062212973
18.0062212973
18.0062212973
18.0062212973
18.0062212973
18.0062212973
18.0062212973
18.0062212973
18.0062212973
18.0062212973
18.0062212973
18.0062212973
18.0062212973
18.0062212973
18.0062212973
18.0062212973
18.0062212973
18.0062212973
18.0062212973
18.0062212973
18.0062212973
18.0062212973
18.0062212973
18.0062212973
18.0062212973
18.0062212973
18.0062212973
18.0062212973
18.0062212973
18.0062212973
18.0062212973
18.0062212973
18.0062212973
18.0062212973
18.0062212973
18.0062212973
18.0062212973
18.0062212973
18.0062212973
18.0062212973
18.0062212973
18.0062212973
18.0062212973
18.0062212973
18.0062212973
18.0062212973
18.0062212973
18.0062212973
18.0062212973
18.0062212973
18.0062212973
18.0062212973
18.0062212973
18.0062212973
18.0062212973
18.0062212973
18.0062212973
18.0062212973
18.0062212973
18.0062212973
18.0062212973
18.0062212973
18.0062212973
18.0062212973
18.0062212973
18.0062212973
18.0062212973
18.0062212973
18.0062212973
18.0062212973
18.0062212973
18.0062212973
18.0062212973
18.0062212973
18.0062212973
18.0062212973
18.0062212973
18.0062212973
18.0062212973
18.0062212973
18.0062212973
18.0062212973
18.0062212973
18.0062212973
18.0062212973
18.0062212973
18.0062212973
18.0062212973
18.0062212973
18.0062212973
18.0062212973
18.0062212973
18.0062212973
18.0062212973
18.0062212973
18.0062212973
18.0062212973
18.0062212973
18.0062212973
18.0062212973
18.0062212973
18.0062212973
18.0062212973
18.0062212973
18.0062212973
18.0062212973
18.0062212973
18.0062212973
18.0062212973
18.0062212973
18.0062212973
18.0062212973
18.0062212973
18.0062212973
18.0062212973
18.0062212973
18.0062212973
18.0062212973
18.0062212973
18.0062212973
18.0062212973
18.0062212973
18.0062212973
18.0062212973
18.0062212973
18.0062212973
18.0062212973
18.0062212973
18.0062212973
18.0062212973
18.0062212973
18.0062212973
18.0062212973
18.0062212973
18.0062212973
18.0062212973
18.0062212973
18.0062212973
18.0062212973
18.0062212973
18.0062212973
18.0062212973
18.0062212973
18.0062212973
18.0062212973
18.0062212973
18.0062212973
18.0062212973
18.0062212973
18.0062212973
18.0062212973
18.0062212973
18.0062212973
18.0062212973
18.0062212973
18.0062212973
18.0062212973
18.0062212973
18.0062212973
18.0062212973
18.0062212973
18.0062212973
18.0062212973
18.0062212973
18.0062212973
18.0062212973
18.0062212973
18.0062212973
18.0062212973
18.0062212973
18.0062212973
18.0062212973
18.0062212973
18.0062212973
18.0062212973
18.0062212973
18.0062212973
18.0062212973
18.0062212973
18.0062212973
18.0062212973
18.0062212973
18.0062212973
18.0062212973
18.0062212973
18.0062212973
18.0062212973
18.0062212973
18.0062212973
18.0062212973
18.0062212973
18.0062212973
18.0062212973
18.0062212973
18.0062212973
18.0062212973
18.0062212973
18.0062212973
18.0062212973
18.0062212973
18.0062212973
18.0062212973
18.0062212973
18.0062212973
18.0062212973
18.0062212973
18.0062212973
18.0062212973
18.0062212973
18.0062212973
18.0062212973
18.0062212973
18.0062212973
18.0062212973
18.0062212973
18.0062212973
18.0062212973
18.0062212973
18.0062212973
18.0062212973
18.0062212973
18.0062212973
18.0062212973
18.0062212973
18.0062212973
18.0062212973
18.0062212973
18.0062212973
18.0062212973
18.0062212973
18.0062212973
18.0062212973
18.0062212973
18.0062212973
18.0062212973
18.0062212973
18.0062212973
18.0062212973
18.0062212973
18.0062212973
18.0062212973
18.0062212973
18.0062212973
18.0062212973
18.0062212973
18.0062212973
18.0062212973
18.0062212973
18.0062212973
18.0062212973
18.0062212973
18.0062212973
18.0062212973
18.0062212973
18.0062212973
18.0062212973
18.0062212973
18.0062212973
18.0062212973
18.0062212973
18.0062212973
18.0062212973
18.0062212973
18.0062212973
18.0062212973
18.0062212973
18.0062212973
18.0062212973
18.0062212973
18.0062212973
18.0062212973
18.0062212973
18.0062212973
18.0062212973
18.0062212973
18.0062212973
18.0062212973
18.0062212973
18.0062212973
18.0062212973
18.0062212973
18.0062212973
18.0062212973
18.0062212973
18.0062212973
18.0062212973
18.0062212973
18.0062212973
18.0062212973
18.0062212973
18.0062212973
18.0062212973
18.0062212973
18.0062212973
18.0062212973
18.0062212973
18.0062212973
18.0062212973
18.0062212973
18.0062212973
18.0062212973
18.0062212973
18.0062212973
18.0062212973
18.0062212973
18.0062212973
18.0062212973
18.0062212973
18.0062212973
18.0062212973
18.0062212973
18.0062212973
18.0062212973
18.0062212973
18.0062212973
18.0062212973
18.0062212973
18.0062212973
18.0062212973
18.0062212973
18.0062212973
18.0062212973
18.0062212973
18.0062212973
18.0062212973
18.0062212973
18.0062212973
18.0062212973
18.0062212973
18.0062212973
18.0062212973
18.0062212973
18.0062212973
18.0062212973
18.0062212973
18.0062212973
18.0062212973
18.0062212973
18.0062212973
18.0062212973
18.0062212973
18.0062212973
18.0062212973
18.0062212973
18.0062212973
18.0062212973
18.0062212973
18.0062212973
18.0062212973
18.0062212973
18.0062212973
18.0062212973
18.0062212973
18.0062212973
18.0062212973
18.0062212973
18.0062212973
18.0062212973
18.0062212973
18.0062212973
18.0062212973
18.0062212973
18.0062212973
18.0062212973
18.0062212973
18.0062212973
18.0062212973
18.0062212973
18.0062212973
18.0062212973
18.0062212973
18.0062212973
18.0062212973
18.0062212973
18.0062212973
18.0062212973
18.0062212973
18.0062212973
18.0062212973
18.0062212973
18.0062212973
18.0062212973
18.0062212973
18.0062212973
18.0062212973
18.0062212973
18.0062212973
18.0062212973
18.0062212973
18.0062212973
18.0062212973
18.0062212973
18.0062212973
18.0062212973
18.0062212973
18.0062212973
18.0062212973
18.0062212973
18.0062212973
18.0062212973
18.0062212973
18.0062212973
18.0062212973
18.0062212973
18.0062212973
18.0062212973
18.0062212973
18.0062212973
18.0062212973
18.0062212973
18.0062212973
18.0062212973
18.0062212973
18.0062212973
18.0062212973
18.0062212973
18.0062212973
18.0062212973
18.0062212973
18.0062212973
18.0062212973
18.0062212973
18.0062212973
18.0062212973
18.0062212973
18.0062212973
18.0062212973
18.0062212973
18.0062212973
18.0062212973
18.0062212973
18.0062212973
18.0062212973
18.0062212973
18.0062212973
18.0062212973
18.0062212973
18.0062212973
18.0062212973
18.0062212973
18.0062212973
18.0062212973
18.0062212973
18.0062212973
18.0062212973
18.0062212973
18.0062212973
18.0062212973
18.0062212973
18.0062212973
18.0062212973
18.0062212973
18.0062212973
18.0062212973
18.0062212973
18.0062212973
18.0062212973
18.0062212973
18.0062212973
18.0062212973
18.0062212973
18.0062212973
18.0062212973
18.0062212973
18.0062212973
18.0062212973
18.0062212973
18.0062212973
18.0062212973
18.0062212973
18.0062212973
18.0062212973
18.0062212973
18.0062212973
18.0062212973
18.0062212973
18.0062212973
18.0062212973
18.0062212973
18.0062212973
18.0062212973
18.0062212973
18.0062212973
18.0062212973
18.0062212973
18.0062212973
18.0062212973
18.0062212973
18.0062212973
18.0062212973
18.0062212973
18.0062212973
18.0062212973
18.0062212973
18.0062212973
18.0062212973
18.0062212973
18.0062212973
18.0062212973
18.0062212973
18.0062212973
18.0062212973
18.0062212973
18.0062212973
18.0062212973
18.0062212973
18.0062212973
18.0062212973
18.0062212973
18.0062212973
18.0062212973
18.0062212973
18.0062212973
18.0062212973
18.0062212973
18.0062212973
18.0062212973
18.0062212973
18.0062212973
18.0062212973
18.0062212973
18.0062212973
18.0062212973
18.0062212973
18.0062212973
18.0062212973
18.0062212973
18.0062212973
18.0062212973
18.0062212973
18.0062212973
18.0062212973
18.0062212973
18.0062212973
18.0062212973
18.0062212973
18.0062212973
18.0062212973
18.0062212973
18.0062212973
18.0062212973
18.0062212973
18.0062212973
18.0062212973
18.0062212973
18.0062212973
18.0062212973
18.0062212973
18.0062212973
18.0062212973
18.0062212973
18.0062212973
18.0062212973
18.0062212973
18.0062212973
18.0062212973
18.0062212973
18.0062212973
18.0062212973
18.0062212973
18.0062212973
18.0062212973
18.0062212973
18.0062212973
18.0062212973
18.0062212973
18.0062212973
18.0062212973
18.0062212973
18.0062212973
18.0062212973
18.0062212973
18.0062212973
18.0062212973
18.0062212973
18.0062212973
18.0062212973
18.0062212973
18.0062212973
18.0062212973
18.0062212973
18.0062212973
18.0062212973
18.0062212973
18.0062212973
18.0062212973
18.0062212973
18.0062212973
18.0062212973
18.0062212973
18.0062212973
18.0062212973
18.0062212973
18.0062212973
18.0062212973
18.0062212973
18.0062212973
18.0062212973
18.0062212973
18.0062212973
18.0062212973
18.0062212973
18.0062212973
18.0062212973
18.0062212973
18.0062212973
18.0062212973
18.0062212973
18.0062212973
18.0062212973
18.0062212973
18.0062212973
18.0062212973
18.0062212973
18.0062212973
18.0062212973
18.0062212973
18.0062212973
18.0062212973
18.0062212973
18.0062212973
18.0062212973
18.0062212973
18.0062212973
18.0062212973
18.0062212973
18.0062212973
18.0062212973
18.0062212973
18.0062212973
18.0062212973
18.0062212973
18.0062212973
18.0062212973
18.0062212973
18.0062212973
18.0062212973
18.0062212973
18.0062212973
18.0062212973
18.0062212973
18.0062212973
18.0062212973
18.0062212973
18.0062212973
18.0062212973
18.0062212973
18.0062212973
18.0062212973
18.0062212973
18.0062212973
18.0062212973
18.0062212973
18.0062212973
18.0062212973
18.0062212973
18.0062212973
18.0062212973
18.0062212973
18.0062212973
18.0062212973
18.0062212973
18.0062212973
18.0062212973
18.0062212973
18.0062212973
18.0062212973
18.0062212973
18.0062212973
18.0062212973
18.0062212973
18.0062212973
18.0062212973
18.0062212973
18.0062212973
18.0062212973
18.0062212973
18.0062212973
18.0062212973
18.0062212973
18.0062212973
18.0062212973
18.0062212973
18.0062212973
18.0062212973
18.0062212973
18.0062212973
18.0062212973
18.0062212973
18.0062212973
18.0062212973
18.0062212973
18.0062212973
18.0062212973
18.0062212973
18.0062212973
18.0062212973
18.0062212973
18.0062212973
18.0062212973
18.0062212973
18.0062212973
18.0062212973
18.0062212973
18.0062212973
18.0062212973
18.0062212973
18.0062212973
18.0062212973
18.0062212973
18.0062212973
18.0062212973
18.0062212973
18.0062212973
18.0062212973
18.0062212973
18.0062212973
18.0062212973
18.0062212973
18.0062212973
18.0062212973
18.0062212973
18.0062212973
18.0062212973
18.0062212973
18.0062212973
18.0062212973
18.0062212973
18.0062212973
18.0062212973
18.0062212973
18.0062212973
18.0062212973
18.0062212973
18.0062212973
18.0062212973
18.0062212973
18.0062212973
18.0062212973
18.0062212973
18.0062212973
18.0062212973
18.0062212973
18.0062212973
18.0062212973
18.0062212973
18.0062212973
18.0062212973
18.0062212973
18.0062212973
18.0062212973
18.0062212973
18.0062212973
18.0062212973
18.0062212973
18.0062212973
18.0062212973
18.0062212973
18.0062212973
18.0062212973
18.0062212973
18.0062212973
18.0062212973
18.0062212973
18.0062212973
18.0062212973
18.0062212973
18.0062212973
18.0062212973
18.0062212973
18.0062212973
18.0062212973
18.0062212973
18.0062212973
18.0062212973
18.0062212973
18.0062212973
18.0062212973
18.0062212973
18.0062212973
18.0062212973
18.0062212973
18.0062212973
18.0062212973
18.0062212973
18.0062212973
18.0062212973
18.0062212973
18.0062212973
18.0062212973
18.0062212973
18.0062212973
18.0062212973
18.0062212973
18.0062212973
18.0062212973
18.0062212973
18.0062212973
18.0062212973
18.0062212973
18.0062212973
18.0062212973
18.0062212973
18.0062212973
18.0062212973
18.0062212973
18.0062212973
18.0062212973
18.0062212973
18.0062212973
18.0062212973
18.0062212973
18.0062212973
18.0062212973
18.0062212973
18.0062212973
18.0062212973
18.0062212973
18.0062212973
18.0062212973
18.0062212973
18.0062212973
18.0062212973
18.0062212973
18.0062212973
18.0062212973
18.0062212973
18.0062212973
18.0062212973
18.0062212973
18.0062212973
18.0062212973
18.0062212973
18.0062212973
18.0062212973
18.0062212973
18.0062212973
18.0062212973
18.0062212973
18.0062212973
18.0062212973
18.0062212973
18.0062212973
18.0062212973
18.0062212973
18.0062212973
18.0062212973
18.0062212973
18.0062212973
18.0062212973
18.0062212973
18.0062212973
18.0062212973
18.0062212973
18.0062212973
18.0062212973
18.0062212973
18.0062212973
18.0062212973
18.0062212973
18.0062212973
18.0062212973
18.0062212973
18.0062212973
18.0062212973
18.0062212973
18.0062212973
18.0062212973
18.0062212973
18.0062212973
18.0062212973
18.0062212973
18.0062212973
18.0062212973
18.0062212973
18.0062212973
18.0062212973
18.0062212973
18.0062212973
18.0062212973
18.0062212973
18.0062212973
18.0062212973
18.0062212973
18.0062212973
18.0062212973
18.0062212973
18.0062212973
18.0062212973
18.0062212973
18.0062212973
18.0062212973
18.0062212973
18.0062212973
18.0062212973
18.0062212973
18.0062212973
18.0062212973
18.0062212973
18.0062212973
18.0062212973
18.0062212973
18.0062212973
18.0062212973
18.0062212973
18.0062212973
18.0062212973
18.0062212973
18.0062212973
18.0062212973
18.0062212973
18.0062212973
18.0062212973
18.0062212973
18.0062212973
18.0062212973
18.0062212973
18.0062212973
18.0062212973
18.0062212973
18.0062212973
18.0062212973
18.0062212973
18.0062212973
18.0062212973
18.0062212973
18.0062212973
18.0062212973
18.0062212973
18.0062212973
18.0062212973
18.0062212973
18.0062212973
18.0062212973
18.0062212973
18.0062212973
18.0062212973
18.0062212973
18.0062212973
18.0062212973
18.0062212973
18.0062212973
18.0062212973
18.0062212973
18.0062212973
18.0062212973
18.0062212973
18.0062212973
18.0062212973
18.0062212973
18.0062212973
18.0062212973
18.0062212973
18.0062212973
18.0062212973
18.0062212973
18.0062212973
18.0062212973
18.0062212973
18.0062212973
18.0062212973
18.0062212973
18.0062212973
18.0062212973
18.0062212973
18.0062212973
18.0062212973
18.0062212973
18.0062212973
18.0062212973
18.0062212973
18.0062212973
18.0062212973
18.0062212973
18.0062212973
18.0062212973
18.0062212973
18.0062212973
18.0062212973
18.0062212973
18.0062212973
18.0062212973
18.0062212973
18.0062212973
18.0062212973
18.0062212973
18.0062212973
18.0062212973
18.0062212973
18.0062212973
18.0062212973
18.0062212973
18.0062212973
18.0062212973
18.0062212973
18.0062212973
18.0062212973
18.0062212973
18.0062212973
18.0062212973
18.0062212973
18.0062212973
18.0062212973
18.0062212973
18.0062212973
18.0062212973
18.0062212973
18.0062212973
18.0062212973
18.0062212973
18.0062212973
18.0062212973
18.0062212973
18.0062212973
18.0062212973
18.0062212973
18.0062212973
18.0062212973
18.0062212973
18.0062212973
18.0062212973
18.0062212973
18.0062212973
18.0062212973
18.0062212973
18.0062212973
18.0062212973
18.0062212973
18.0062212973
18.0062212973
18.0062212973
18.0062212973
18.0062212973
18.0062212973
18.0062212973
18.0062212973
18.0062212973
18.0062212973
18.0062212973
