-6.68460147677
-3.91939218304
-1.4009595761
0.892719535318
2.98170291793
4.88425831512
6.61702319468
8.19515024016
9.63243985807
10.9414608597
12.1336603728
13.2194639446
14.2083667109
15.1090164292
15.929289102
16.6763578503
17.3567556414
17.9764324183
18.540807131
19.0548151239
19.5229512945
19.9493094003
20.3376178578
20.6912723473
21.0133655068
21.3067139767
21.5738830309
21.8172090096
22.03881975
22.2406531938
22.4244743343
22.5918906507
22.7443661654
22.8832342463
23.0097092671
23.1248972267
23.2298054208
23.3253512507
23.4123702456
23.4916233693
23.5638036745
23.6295423637
23.6894143086
23.7439430774
23.7936055133
23.8388359045
23.8800297816
23.9175473769
23.9517167744
23.9828367786
24.0111795277
24.0369928735
24.0605025484
24.0819141399
24.1014148882
24.1191753233
24.1353507568
24.1500826395
24.1634997989
24.1757195653
24.1868487982
24.1969848205
24.2062162696
24.2146238728
24.222281153
24.2292550713
24.2356066135
24.2413913224
24.2466597842
24.2514580706
24.2558281415
24.2598082125
24.2634330884
24.266734468
24.2697412213
24.2724796416
24.2749736761
24.2772451344
24.27931388
24.2811980037
24.2829139819
24.2844768203
24.2859001856
24.2871965251
24.2883771747
24.2894524592
24.2904317816
24.291323706
24.292136032
24.2928758633
24.2935496695
24.2941633429
24.29472225
24.2952312784
24.2956948793
24.296117107
24.2965016535
24.2968518819
24.2971708547
24.2974613612
24.297725942
24.2979669107
24.2981863745
24.2983862526
24.2985682929
24.2987340873
24.2988850857
24.2990226084
24.2991478582
24.2992619302
24.299365822
24.2994604422
24.2995466182
24.2996251035
24.2996965846
24.2997616864
24.2998209783
