-2.56951322935
-1.81765277055
-1.16718193717
-0.60442817067
-0.117562679609
0.303648195368
0.668058087745
0.983326703897
1.25608082614
1.49205360423
1.69620506321
1.87282636057
2.02562998408
2.15782778643
2.27219849667
2.37114612761
2.45675050699
2.53081099435
2.59488430258
2.65031721932
2.69827491562
2.73976543731
2.77566089359
2.80671578827
2.83358287907
2.85682689828
2.87693642309
2.89433414524
2.90938575581
2.92240763181
2.93367348632
2.94342012173
2.95185240724
2.95914758512
2.96545899621
2.97091930308
2.97564327854
2.97973021811
2.98326602712
2.98632502644
2.98897151465
2.99126111955
2.99324196745
2.99495569473
2.99643832306
2.9977210165
2.99883073662
2.99979080914
3.0006214143
3.00134001098
3.00196170371
3.00249956015
3.00296488576
3.00336746144
3.00371574912
3.00401706964
3.00427775658
3.00450328946
3.00469840886
3.00486721609
3.00501325938
3.00513960849
3.00524891922
3.00534348921
3.00542530628
3.00549609019
3.00555732877
3.00561030923
3.00565614518
3.00569580008
3.00573010745
3.00575978842
3.00578546685
3.00580768251
3.00582690235
3.00584353037
3.00585791606
3.00587036183
3.00588112926
3.00589044468
3.00589850391
3.00590547633
3.00591150851
3.00591672725
3.00592124222
3.00592514835
3.00592852773
3.00593145139
3.00593398079
3.0059361691
3.00593806231
3.00593970022
3.00594111725
3.0059423432
3.00594340382
3.00594432142
3.00594511528
3.00594580208
3.00594639627
3.00594691033
3.00594735507
3.00594773983
3.00594807271
3.0059483607
3.00594860986
3.00594882541
3.0059490119
3.00594917324
3.00594931282
3.00594943358
3.00594953805
3.00594962844
3.00594970664
3.00594977429
3.00594983282
3.00594988345
3.00594992726
3.00594996516
3.00594999795
3.00595002632
3.00595005086
3.0059500721
3.00595009047
3.00595010636
3.00595012011
3.005950132
3.00595014229
3.0059501512
3.0059501589
3.00595016556
3.00595017133
3.00595017632
3.00595018063
3.00595018436
3.00595018759
3.00595019039
3.00595019281
3.0059501949
3.00595019671
3.00595019827
3.00595019963
3.0059502008
3.00595020181
3.00595020269
3.00595020345
3.0059502041
3.00595020467
3.00595020516
3.00595020559
3.00595020596
3.00595020627
3.00595020655
3.00595020679
3.00595020699
3.00595020717
3.00595020733
3.00595020746
3.00595020758
3.00595020768
3.00595020776
3.00595020784
3.0059502079
3.00595020796
3.00595020801
3.00595020805
3.00595020808
3.00595020811
3.00595020814
3.00595020817
3.00595020819
3.0059502082
3.00595020822
3.00595020823
3.00595020824
3.00595020825
3.00595020826
3.00595020827
3.00595020827
3.00595020828
3.00595020829
3.00595020829
3.00595020829
3.0059502083
3.0059502083
3.0059502083
3.0059502083
3.0059502083
3.00595020831
3.00595020831
3.00595020831
3.00595020831
3.00595020831
3.00595020831
3.00595020831
3.00595020831
3.00595020831
3.00595020831
3.00595020831
3.00595020831
3.00595020831
3.00595020831
3.00595020831
3.00595020831
3.00595020831
3.00595020831
3.00595020831
3.00595020832
3.00595020832
3.00595020832
3.00595020832
3.00595020832
3.00595020832
3.00595020832
3.00595020832
3.00595020832
3.00595020832
3.00595020832
3.00595020832
3.00595020832
3.00595020832
3.00595020832
3.00595020832
3.00595020832
3.00595020832
3.00595020832
3.00595020832
3.00595020832
3.00595020832
3.00595020832
3.00595020832
3.00595020832
3.00595020832
3.00595020832
3.00595020832
3.00595020832
3.00595020832
3.00595020832
3.00595020832
3.00595020832
3.00595020832
3.00595020832
3.00595020832
3.00595020832
3.00595020832
3.00595020832
3.00595020832
3.00595020832
3.00595020832
3.00595020832
3.00595020832
3.00595020832
3.00595020832
3.00595020832
3.00595020832
3.00595020832
3.00595020832
3.00595020832
3.00595020832
3.00595020832
3.00595020832
3.00595020832
3.00595020832
3.00595020832
3.00595020832
3.00595020832
3.00595020832
3.00595020832
3.00595020832
3.00595020832
3.00595020832
3.00595020832
3.00595020832
3.00595020832
3.00595020832
3.00595020832
3.00595020832
3.00595020832
3.00595020832
3.00595020832
3.00595020832
3.00595020832
3.00595020832
3.00595020832
3.00595020832
3.00595020832
3.00595020832
3.00595020832
3.00595020832
3.00595020832
3.00595020832
3.00595020832
3.00595020832
3.00595020832
3.00595020832
3.00595020832
3.00595020832
3.00595020832
3.00595020832
3.00595020832
3.00595020832
3.00595020832
3.00595020832
3.00595020832
3.00595020832
3.00595020832
3.00595020832
3.00595020832
3.00595020832
3.00595020832
3.00595020832
3.00595020832
3.00595020832
3.00595020832
3.00595020832
3.00595020832
3.00595020832
3.00595020832
3.00595020832
3.00595020832
3.00595020832
3.00595020832
3.00595020832
3.00595020832
3.00595020832
3.00595020832
3.00595020832
3.00595020832
3.00595020832
3.00595020832
3.00595020832
3.00595020832
3.00595020832
3.00595020832
3.00595020832
3.00595020832
3.00595020832
3.00595020832
3.00595020832
3.00595020832
3.00595020832
3.00595020832
3.00595020832
3.00595020832
3.00595020832
3.00595020832
3.00595020832
3.00595020832
3.00595020832
3.00595020832
3.00595020832
3.00595020832
3.00595020832
3.00595020832
3.00595020832
3.00595020832
3.00595020832
3.00595020832
3.00595020832
3.00595020832
3.00595020832
3.00595020832
3.00595020832
3.00595020832
3.00595020832
3.00595020832
3.00595020832
3.00595020832
3.00595020832
3.00595020832
3.00595020832
3.00595020832
3.00595020832
3.00595020832
3.00595020832
3.00595020832
3.00595020832
3.00595020832
3.00595020832
3.00595020832
3.00595020832
3.00595020832
3.00595020832
3.00595020832
3.00595020832
3.00595020832
3.00595020832
3.00595020832
3.00595020832
3.00595020832
3.00595020832
3.00595020832
3.00595020832
3.00595020832
3.00595020832
3.00595020832
3.00595020832
3.00595020832
3.00595020832
3.00595020832
3.00595020832
3.00595020832
3.00595020832
3.00595020832
3.00595020832
3.00595020832
3.00595020832
3.00595020832
3.00595020832
3.00595020832
3.00595020832
3.00595020832
3.00595020832
3.00595020832
3.00595020832
3.00595020832
3.00595020832
3.00595020832
3.00595020832
3.00595020832
3.00595020832
3.00595020832
3.00595020832
3.00595020832
3.00595020832
3.00595020832
3.00595020832
3.00595020832
3.00595020832
3.00595020832
3.00595020832
3.00595020832
3.00595020832
3.00595020832
3.00595020832
3.00595020832
3.00595020832
3.00595020832
3.00595020832
3.00595020832
3.00595020832
3.00595020832
3.00595020832
3.00595020832
3.00595020832
3.00595020832
3.00595020832
3.00595020832
3.00595020832
3.00595020832
3.00595020832
3.00595020832
3.00595020832
3.00595020832
3.00595020832
3.00595020832
3.00595020832
3.00595020832
3.00595020832
3.00595020832
3.00595020832
3.00595020832
3.00595020832
3.00595020832
3.00595020832
3.00595020832
3.00595020832
3.00595020832
3.00595020832
3.00595020832
3.00595020832
3.00595020832
3.00595020832
3.00595020832
3.00595020832
3.00595020832
3.00595020832
3.00595020832
3.00595020832
3.00595020832
3.00595020832
3.00595020832
3.00595020832
3.00595020832
3.00595020832
3.00595020832
3.00595020832
3.00595020832
3.00595020832
3.00595020832
3.00595020832
3.00595020832
3.00595020832
3.00595020832
3.00595020832
3.00595020832
3.00595020832
3.00595020832
3.00595020832
3.00595020832
3.00595020832
3.00595020832
3.00595020832
3.00595020832
3.00595020832
3.00595020832
3.00595020832
3.00595020832
3.00595020832
3.00595020832
3.00595020832
3.00595020832
3.00595020832
3.00595020832
3.00595020832
3.00595020832
3.00595020832
3.00595020832
3.00595020832
3.00595020832
3.00595020832
3.00595020832
3.00595020832
3.00595020832
3.00595020832
3.00595020832
3.00595020832
3.00595020832
3.00595020832
3.00595020832
3.00595020832
3.00595020832
3.00595020832
3.00595020832
3.00595020832
3.00595020832
3.00595020832
3.00595020832
3.00595020832
3.00595020832
3.00595020832
3.00595020832
3.00595020832
3.00595020832
3.00595020832
3.00595020832
3.00595020832
3.00595020832
3.00595020832
3.00595020832
3.00595020832
3.00595020832
3.00595020832
3.00595020832
3.00595020832
3.00595020832
3.00595020832
3.00595020832
3.00595020832
3.00595020832
3.00595020832
3.00595020832
3.00595020832
3.00595020832
3.00595020832
3.00595020832
3.00595020832
3.00595020832
3.00595020832
3.00595020832
3.00595020832
3.00595020832
3.00595020832
3.00595020832
3.00595020832
3.00595020832
3.00595020832
3.00595020832
3.00595020832
3.00595020832
3.00595020832
3.00595020832
3.00595020832
3.00595020832
3.00595020832
3.00595020832
3.00595020832
3.00595020832
3.00595020832
3.00595020832
3.00595020832
3.00595020832
3.00595020832
3.00595020832
3.00595020832
3.00595020832
3.00595020832
3.00595020832
3.00595020832
3.00595020832
3.00595020832
3.00595020832
3.00595020832
3.00595020832
3.00595020832
3.00595020832
3.00595020832
3.00595020832
3.00595020832
3.00595020832
3.00595020832
3.00595020832
3.00595020832
3.00595020832
3.00595020832
3.00595020832
3.00595020832
3.00595020832
3.00595020832
3.00595020832
3.00595020832
3.00595020832
3.00595020832
3.00595020832
3.00595020832
3.00595020832
3.00595020832
3.00595020832
