0.390576143839	0.485498346237	0.29565394144
0.56539920907	0.658347946361	0.47245110917
0.736685343582	0.827701114947	0.645670821019
0.904506104745	0.993628578416	0.815385466102
1.06893160222	1.15619963252	0.981665968756
1.23003052724	1.31548217129	1.14458181818
1.38787018132	1.47154271538	1.30420109746
1.54251650435	1.62444643986	1.46059051205
1.69403410218	1.77425720141	1.61381541763
1.84248627358	1.92103756503	1.76393984741
1.98793503667	2.06484883012	1.91102653891
2.13044115488	2.20575105613	2.05513696017
2.27006416229	2.34380308759	2.19633133542
2.40686238852	2.47906257875	2.33466867029
2.5408929831	2.61158601757	2.47020677643
2.67221193934	2.74142874941	2.60300229567
2.80087411771	2.86864500006	2.73311072373
2.92693326879	2.99328789844	2.86058643336
3.05044205568	3.11540949877	2.9854826971
3.17145207605	3.23506080229	3.10785170954
3.29001388366	3.35229177859	3.2277446091
3.40617700951	3.46715138648	3.34521149944
3.51998998248	3.5796875944	3.46030147039
3.63150034968	3.68994740049	3.57306261843
3.74075469624	3.79797685219	3.68354206684
3.84779866481	3.90382106551	3.79178598537
3.95267697464	4.00752424381	3.89783960951
4.05543344022	4.10912969633	4.00174725945
4.15611098961	4.20867985622	4.10355235855
4.25475168238	4.30621629829	4.20329745152
4.35139672718	4.40177975639	4.30102422216
4.44608649893	4.49541014037	4.39677351084
4.53886055571	4.58714655278	4.49058533152
4.62975765529	4.67702730522	4.58249888848
4.71881577131	4.76508993428	4.6725525927
4.80607210913	4.85137121729	4.76078407795
4.89156312142	4.93590718761	4.84723021647
4.97532452333	5.01873314974	4.9319271344
5.05739130745	5.09988369402	5.01491022686
5.13779775844	5.17939271108	5.09621417279
5.21657746728	5.25729340603	5.17587294938
5.2937633454	5.33361831228	5.25391984631
5.36938763837	5.40839930515	5.33038747965
5.44348193938	5.48166761519	5.40530780548
5.51607720243	5.55345384122	5.47871213326
5.5872037553	5.62378796308	5.55063113893
5.65689131219	5.69269935419	5.62109487768
5.72516898611	5.76021679378	5.69013279654
5.7920653011	5.82636847896	5.75777374671
5.85760820411	5.89118203643	5.82404599557
5.92182507667	5.95468453408	5.88897723852
5.98474274636	6.01690249225	5.95259461056
6.04638749798	6.07786189483	6.01492469759
6.10678508455	6.13758820009	6.07599354759
6.16596073809	6.19610635134	6.13582668143
6.22393918011	6.25344078733	6.19444910359
6.28074463199	6.30961545245	6.25188531258
6.33640082505	6.36465380676	6.30815931118
6.39093101053	6.41857883574	6.36329461651
6.44435796922	6.47141305993	6.41731426978
6.49670402104	6.52317854431	6.47024084601
6.54799103435	6.57389690754	6.52209646339
6.59824043508	6.62358933097	6.57290279256
6.64747321567	6.67227656748	6.62268106566
6.69570994385	6.71997895018	6.6714520852
6.74297077126	6.76671640084	6.71923623277
6.78927544181	6.81250843829	6.76605347752
6.83464329998	6.8573741865	6.81192338454
6.87909329887	6.90133238261	6.85686512302
6.92264400816	6.94440138475	6.90089747427
6.9653136218	6.98659917968	6.94403883956
7.00711996567	7.02794339033	6.98630724782
7.04808050501	7.06845128316	7.02772036316
7.08821235169	7.10813977534	7.06829549227
7.1275322714	7.14702544185	7.10804959162
7.16605669063	7.18512452239	7.14699927461
7.20380170355	7.22245292816	7.18516081842
7.24078307869	7.25902624849	7.22255017091
7.2770162656	7.29485975738	7.25918295722
7.31251640122	7.32996841988	7.2950744863
7.34729831628	7.36436689829	7.33023975736
7.38137654145	7.39806955835	7.36469346609
7.41476531342	7.43109047518	7.3984500108
7.44747858086	7.46344343921	7.43152349847
7.47953001022	7.4951419619	7.46392775064
7.51093299148	7.5261992814	7.49567630914
7.54170064371	7.55662836808	7.52678244181
7.57184582055	7.58644192995	7.55725914801
7.60138111562	7.61565241795	7.58711916406
7.63031886772	7.64427203115	7.61637496856
7.65867116605	7.67231272188	7.64503878762
7.68644985519	7.69978620067	7.67312259995
7.71366654012	7.7267039412	7.70063814186
7.74033259102	7.75307718503	7.7275969122
7.76645914804	7.77891694633	7.75401017712
7.79205712594	7.80423401648	7.77988897484
7.81713721866	7.82903896856	7.80524412017
7.84170990378	7.8533421618	7.83008620913
7.86578544693	7.87715374585	7.85442562332
7.88937390602	7.90048366507	7.87827253425
7.91248513548	7.92334166265	7.90163690763
7.93512879039	7.94573728472	7.92452850751
7.95731433047	7.96767988428	7.94695690038
7.97905102406	7.98917862515	7.96893145914
8.000347952	8.01024248577	7.99046136702
8.02121401141	8.030880263	8.01155562146
8.04165791938	8.0511005757	8.03222303781
8.06168821668	8.07091186843	8.05247225306
8.08131327126	8.09032241491	8.07231172943
8.10054128179	8.1093403215	8.0917497579
8.11938028106	8.1279735306	8.11079446169
8.13783813935	8.14622982393	8.12945379965
8.1559225677	8.16411682581	8.14773556958
8.17364112115	8.18164200633	8.16564741149
8.19100120191	8.19881268447	8.18319681081
8.20801006241	8.21563603118	8.20039110149
8.22467480835	8.23211907232	8.21723746908
8.24100240168	8.24826869166	8.23374295374
8.25699966351	8.26409163372	8.24991445317
8.27267327693	8.27959450657	8.26575872549
8.28802978983	8.29478378464	8.28128239208
8.30307561763	8.30966581136	8.29649194034
8.31781704595	8.32424680189	8.31139372637
8.33226023324	8.33853284562	8.32599397771
8.34641121335	8.35252990879	8.34029879583
8.36027589809	8.36624383696	8.35431415877
8.37386007963	8.37968035741	8.3680459236
8.38716943296	8.39284508162	8.38149982888
8.40020951828	8.40574350751	8.39468149703
8.41298578326	8.41838102182	8.40759643672
8.4255035654	8.4307629023	8.42025004515
8.43776809418	8.44289431998	8.4326476103
8.44978449329	8.45478034124	8.44479431316
8.46155778277	8.46642593001	8.45669522989
8.47309288109	8.4778359498	8.4683553339
8.48439460721	8.48901516575	8.47977949801
8.49546768259	8.49996824658	8.4909724964
8.50631673318	8.51069976661	8.50193900668
8.51694629134	8.52121420759	8.51268361178
8.52736079772	8.53151596066	8.52321080191
8.53756460314	8.54160932808	8.53352497642
8.54756197039	8.55149852512	8.54363044564
8.55735707604	8.56118768178	8.55353143268
8.56695401212	8.57068084451	8.5632320752
8.5763567879	8.5799819779	8.57273642713
8.58556933154	8.58909496636	8.58204846036
8.59459549172	8.59802361572	8.59117206644
8.60343903925	8.60677165482	8.60011105814
8.61210366865	8.61534273707	8.60886917111
8.62059299971	8.623740442	8.61745006538
8.62891057897	8.6319682767	8.62585732695
8.63705988122	8.64002967734	8.63409446924
8.64504431097	8.64792801057	8.64216493457
8.65286720382	8.65566657496	8.65007209563
8.66053182792	8.66324860233	8.65781925684
8.66804138526	8.67067725915	8.66540965577
8.67539901308	8.67795564781	8.67284646447
8.68260778515	8.68508680797	8.68013279081
8.68967071303	8.69207371779	8.68727167977
8.69659074738	8.6989192952	8.69426611472
8.70337077913	8.70562639908	8.70111901865
8.71001364075	8.71219783051	8.70783325542
8.7165221074	8.71863633389	8.71441163094
8.72289889808	8.72494459811	8.72085689432
8.7291466768	8.73112525768	8.72717173906
8.73526805366	8.7371808938	8.73335880417
8.74126558596	8.74311403546	8.73942067523
8.74714177926	8.74892716051	8.74535988552
8.75289908843	8.75462269667	8.75117891706
8.75853991866	8.76020302254	8.75688020164
8.76406662651	8.76567046861	8.76246612186
8.76948152083	8.77102731824	8.76793901207
8.77478686379	8.77627580859	8.77330115944
8.77998487176	8.78141813157	8.7785548048
8.7850777163	8.78645643476	8.78370214369
8.79006752501	8.79139282228	8.78874532718
8.79495638247	8.7962293557	8.79368646285
8.79974633108	8.80096805489	8.79852761562
8.80443937189	8.80561089885	8.80327080861
8.80903746551	8.81015982657	8.80791802402
8.81354253285	8.81461673779	8.81247120395
8.81795645597	8.81898349384	8.81693225117
8.82228107887	8.82326191839	8.82130302999
8.82651820821	8.82745379824	8.82558536695
8.83066961411	8.83156088402	8.82978105167
8.8347370309	8.83558489095	8.83389183754
8.8387221578	8.83952749958	8.83791944246
8.84262665965	8.84339035645	8.84186554959
8.84645216762	8.84717507477	8.84573180802
8.85020027987	8.85088323517	8.84951983347
8.85387256223	8.85451638625	8.85323120897
8.85747054886	8.85807604533	8.85686748552
8.86099574286	8.86156369901	8.86043018273
8.86444961695	8.86498080382	8.86392078946
8.86783361402	8.86832878686	8.86734076446
8.8711491478	8.87160904631	8.87069153693
8.87439760339	8.87482295211	8.87397450718
8.8775803379	8.87797184647	8.87719104717
8.88069868095	8.88105704445	8.88034250111
8.88375393528	8.88407983451	8.88343018601
8.88674737727	8.88704147906	8.8864553922
8.88968025748	8.88994321494	8.88941938394
8.89255380115	8.89278625402	8.8923233999
8.89536920876	8.8955717836	8.89516865366
8.89812765649	8.89830096702	8.89795633427
8.90083029672	8.90097494404	8.90068760672
8.90347825851	8.90359483139	8.9033636124
8.90607264809	8.90616172321	8.90598546964
8.90861454932	8.9086766915	8.90855427411
8.9111050241	8.91114078658	8.91107109933
8.91354511287	8.91355503751	8.91353699708
8.91593583501	8.91592045257	8.91595299788
8.91827818929	8.91823801959	8.91832011138
8.92057315426	8.92050870647	8.92063932681
8.92282168867	8.92273346151	8.92291161336
8.92502473188	8.92491321382	8.92513792065
8.92718320425	8.92704887372	8.92731917904
8.92929800752	8.92914133312	8.9294563001
8.93137002516	8.9311914659	8.93155017694
8.93340012281	8.93320012823	8.93360168459
8.93538914856	8.935168159	8.93561168039
8.93733793336	8.9370963801	8.93758100432
8.93924729135	8.93898559681	8.93951047937
8.94111802018	8.94083659812	8.94140091187
8.94295090139	8.94265015706	8.94325309184
8.94474670068	8.94442703101	8.94506779331
8.94650616828	8.94616796205	8.94684577466
8.94823003923	8.94787367724	8.9485877789
8.94991903371	8.94954488892	8.95029453403
8.95157385731	8.95118229505	8.95196675331
8.95319520138	8.95278657944	8.95360513556
8.95478374324	8.95435841209	8.95521036547
8.95634014653	8.95589844944	8.95678311386
8.95786506147	8.95740733465	8.958324038
8.95935912511	8.95888569787	8.95983378185
8.96082296163	8.9603341565	8.96131297632
8.96225718255	8.96175331546	8.96276223959
8.96366238705	8.96314376743	8.9641821773
8.96503916217	8.9645060931	8.96557338285
8.96638808308	8.9658408614	8.96693643763
8.96770971331	8.96714862979	8.96827191126
8.969004605	8.9684299444	8.96958036185
8.9702732991	8.96968534037	8.9708623362
8.97151632564	8.97091534197	8.97211837005
8.9727342039	8.97212046289	8.9733489883
8.97392744266	8.97330120641	8.97455470523
8.97509654044	8.97445806564	8.97573602472
8.97624198562	8.97559152373	8.97689344044
8.97736425675	8.97670205404	8.97802743608
8.97846382266	8.97779012034	8.97913848555
8.97954114271	8.97885617705	8.98022705314
8.98059666698	8.97990066939	8.98129359379
8.98163083642	8.98092403355	8.9823385532
8.98264408308	8.98192669692	8.98336236805
8.98363683025	8.98290907825	8.98436546622
8.98460949266	8.9838715878	8.98534826689
8.98556247667	8.98481462754	8.98631118079
8.98649618039	8.9857385913	8.98725461031
8.9874109939	8.98664386497	8.98817894972
8.98830729937	8.98753082661	8.9890845853
8.98918547125	8.98839984664	8.98997189553
8.9900458764	8.98925128797	8.99084125121
8.99088887428	8.99008550621	8.99169301564
8.99171481705	8.99090284973	8.9925275448
8.99252404978	8.99170365989	8.99334518741
8.99331691052	8.99248827113	8.9941462852
8.99409373051	8.99325701111	8.99493117292
8.99485483427	8.99401020088	8.9957001786
8.99560053978	8.99474815501	8.9964536236
8.99633115855	8.99547118167	8.99719182278
8.99704699582	8.99617958282	8.99791508466
8.99774835063	8.99687365431	8.99862371147
8.99843551599	8.99755368601	8.99931799935
8.99910877898	8.9982199619	8.99999823846
8.99976842085	8.99887276025	9.00066471306
9.00041471719	8.99951235369	9.00131770168
9.00104793799	9.00013900931	9.00195747721
9.00166834779	9.00075298884	9.002584307
9.00227620578	9.00135454869	9.00319845302
9.00287176589	9.00194394008	9.00380017191
9.00345527694	9.00252140916	9.00438971514
9.0040269827	9.00308719709	9.00496732908
9.00458712199	9.00364154017	9.00553325511
9.00513592883	9.0041846699	9.00608772974
9.0056736325	9.00471681311	9.00663098469
9.00620045762	9.00523819203	9.00716324698
9.00671662428	9.00574902441	9.00768473904
9.00722234812	9.00624952359	9.00819567882
9.00771784042	9.00673989858	9.00869627983
9.00820330817	9.00722035418	9.00918675128
9.00867895419	9.00769109105	9.00966729814
9.00914497718	9.00815230576	9.01013812122
9.00960157183	9.00860419095	9.01059941729
9.01004892889	9.00904693532	9.01105137913
9.01048723525	9.00948072379	9.01149419561
9.01091667403	9.0099057375	9.01192805178
9.01133742462	9.01032215397	9.01235312896
9.01174966279	9.01073014709	9.01276960479
9.01215356078	9.01112988726	9.01317765331
9.01254928731	9.01152154141	9.01357744505
9.0129370077	9.01190527312	9.01396914708
9.01331688393	9.01228124263	9.0143529231
9.0136890747	9.01264960697	9.01472893348
9.0140537355	9.01301051997	9.01509733537
9.01441101867	9.01336413236	9.01545828272
9.01476107346	9.01371059182	9.01581192637
9.01510404613	9.01405004304	9.01615841412
9.01544007995	9.01438262778	9.01649789075
9.01576931531	9.01470848493	9.01683049813
9.01609188974	9.0150277506	9.01715637528
9.01640793802	9.0153405581	9.01747565836
9.01671759216	9.01564703807	9.01778848081
9.01702098155	9.01594731852	9.01809497336
9.01731823291	9.01624152484	9.0183952641
9.01760947044	9.01652977991	9.01868947851
9.0178948158	9.0168122041	9.01897773955
9.0181743882	9.01708891537	9.01926016769
9.01844830443	9.01736002928	9.01953688095
9.01871667893	9.01762565904	9.01980799497
9.01897962381	9.0178859156	9.02007362305
9.01923724893	9.01814090765	9.02033387619
9.01948966191	9.01839074167	9.02058886317
9.01973696819	9.01863552201	9.02083869054
9.01997927111	9.01887535089	9.0210834627
9.02021667187	9.01911032847	9.02132328194
9.02044926967	9.01934055288	9.02155824849
9.02067716166	9.01956612027	9.02178846053
9.02090044306	9.01978712485	9.02201401428
9.02111920715	9.02000365891	9.022235004
9.02133354531	9.02021581288	9.02245152203
9.0215435471	9.02042367536	9.02266365886
9.02174930023	9.02062733316	9.02287150314
9.02195089067	9.02082687134	9.02307514174
9.02214840264	9.02102237323	9.02327465975
9.02234191865	9.02121392047	9.02347014055
9.02253151954	9.02140159306	9.02366166583
9.02271728452	9.02158546938	9.02384931564
9.0228992912	9.02176562621	9.0240331684
9.02307761562	9.0219421388	9.02421330092
9.02325233226	9.02211508086	9.02438978851
9.02342351413	9.02228452463	9.0245627049
9.02359123274	9.02245054085	9.02473212236
9.02375555814	9.02261319887	9.02489811169
9.023916559	9.02277256661	9.02506074226
9.02407430258	9.02292871064	9.02522008203
9.02422885476	9.02308169616	9.0253761976
9.02438028013	9.02323158706	9.0255291542
9.02452864193	9.02337844594	9.02567901575
9.02467400216	9.02352233414	9.02582584488
9.02481642153	9.02366331174	9.02596970295
9.02495595954	9.02380143762	9.02611065008
9.0250926745	9.02393676946	9.02624874518
9.0252266235	9.02406936379	9.02638404594
9.02535786252	9.02419927598	9.02651660893
9.02548644638	9.02432656029	9.02664648953
9.0256124288	9.02445126986	9.02677374202
9.0257358624	9.02457345679	9.02689841958
9.02585679876	9.0246931721	9.02702057431
9.0259752884	9.02481046579	9.02714025727
9.02609138081	9.02492538684	9.02725751847
9.0262051245	9.02503798324	9.0273724069
9.02631656699	9.02514830203	9.0274849706
9.02642575483	9.02525638927	9.02759525659
9.02653273364	9.02536229011	9.02770331096
9.02663754811	9.02546604876	9.02780917888
9.02674024202	9.02556770856	9.02791290458
9.02684085829	9.02566731198	9.02801453141
9.02693943894	9.02576490059	9.02811410184
9.02703602515	9.02586051517	9.02821165748
9.02713065728	9.02595419564	9.02830723911
9.02722337487	9.02604598113	9.02840088666
9.02731421663	9.02613590996	9.02849263927
9.02740322054	9.0262240197	9.02858253528
9.02749042376	9.02631034714	9.02867061226
9.02757586273	9.02639492833	9.02875690703
9.02765957315	9.0264777986	9.02884145564
9.02774158997	9.02655899255	9.02892429342
9.02782194748	9.0266385441	9.029005455
9.02790067923	9.02671648647	9.02908497428
9.02797781813	9.0267928522	9.02916288451
9.02805339639	9.0268676732	9.02923921825
9.02812744558	9.0269409807	9.02931400738
9.02819999666	9.02701280533	9.02938728317
9.02827107991	9.02708317708	9.02945907624
9.02834072505	9.02715212533	9.02952941659
9.02840896116	9.02721967889	9.02959833362
9.02847581675	9.02728586596	9.02966585613
9.02854131976	9.02735071419	9.02973201233
9.02860549754	9.02741425066	9.02979682987
9.02866837691	9.0274765019	9.02986033584
9.02872998414	9.02753749391	9.02992255679
9.02879034496	9.02759725216	9.0299835187
9.02884948459	9.02765580162	9.03004324706
9.02890742774	9.02771316672	9.03010176683
9.02896419861	9.02776937144	9.03015910246
9.02901982093	9.02782443924	9.03021527792
9.02907431792	9.02787839311	9.03027031668
9.02912771235	9.0279312556	9.03032424174
9.02918002654	9.02798304877	9.03037707564
9.02923128234	9.02803379427	9.03042884045
9.02928150115	9.02808351327	9.03047955782
9.02933070396	9.02813222656	9.03052924892
9.02937891133	9.02817995446	9.03057793454
9.02942614338	9.02822671691	9.03062563502
9.02947241987	9.02827253344	9.03067237028
9.02951776011	9.02831742319	9.03071815986
9.02956218305	9.0283614049	9.03076302291
9.02960570725	9.02840449694	9.03080697815
9.02964835089	9.02844671731	9.03085004397
9.02969013178	9.02848808364	9.03089223837
9.02973106739	9.0285286132	9.03093357897
9.02977117481	9.02856832292	9.03097408304
9.02981047079	9.02860722939	9.03101376753
9.02984897176	9.02864534885	9.03105264901
9.0298866938	9.02868269723	9.03109074373
9.02992365266	9.02871929011	9.03112806761
9.02995986379	9.02875514279	9.03116463625
9.02999534232	9.02879027023	9.03120046493
9.03003010306	9.02882468711	9.03123556862
9.03006416054	9.0288584078	9.031269962
9.03009752899	9.02889144638	9.03130365944
9.03013022234	9.02892381665	9.03133667501
9.03016225426	9.02895553213	9.03136902252
9.03019363813	9.02898660606	9.03140071548
9.03022438705	9.02901705143	9.03143176715
9.03025451388	9.02904688094	9.03146219049
9.03028403119	9.02907610705	9.03149199822
9.03031295133	9.02910474198	9.03152120279
9.03034128637	9.02913279767	9.03154981642
9.03036904815	9.02916028584	9.03157785105
9.03039624827	9.02918721798	9.03160531841
9.03042289808	9.02921360533	9.03163222998
9.03044900874	9.02923945892	9.03165859699
9.03047459113	9.02926478953	9.03168443047
9.03049965596	9.02928960775	9.03170974122
9.03052421369	9.02931392395	9.03173453981
9.03054827457	9.02933774827	9.0317588366
9.03057184867	9.02936109067	9.03178264175
9.03059494584	9.02938396089	9.03180596521
9.03061757571	9.02940636849	9.03182881673
9.03063974774	9.02942832283	9.03185120585
9.0306614712	9.02944983307	9.03187314193
9.03068275517	9.0294709082	9.03189463413
9.03070360853	9.02949155702	9.03191569145
9.03072403999	9.02951178815	9.03193632268
9.03074405809	9.02953161004	9.03195653643
9.0307636712	9.02955103097	9.03197634117
9.03078288751	9.02957005905	9.03199574516
9.03080171504	9.02958870222	9.03201475652
9.03082016166	9.02960696828	9.03203338318
9.03083823508	9.02962486485	9.03205163294
9.03085594285	9.02964239941	9.03206951341
9.03087329236	9.02965957927	9.03208703208
9.03089029087	9.02967641162	9.03210419626
9.03090694547	9.02969290348	9.03212101313
9.03092326313	9.02970906174	9.03213748972
9.03093925065	9.02972489314	9.0321536329
9.03095491472	9.02974040431	9.03216944943
9.03097026189	9.02975560171	9.03218494591
9.03098529856	9.0297704917	9.03220012882
9.03100003101	9.02978508049	9.03221500452
9.03101446541	9.02979937418	9.0322295792
9.03102860777	9.02981337873	9.03224385897
9.03104246402	9.02982709999	9.03225784979
9.03105603993	9.0298405437	9.03227155751
9.03106934118	9.02985371546	9.03228498786
9.03108237333	9.02986662079	9.03229814644
9.03109514182	9.02987926507	9.03231103877
9.03110765198	9.02989165357	9.03232367022
9.03111990904	9.02990379148	9.03233604607
9.03113191813	9.02991568386	9.03234817151
9.03114368425	9.02992733567	9.03236005158
9.03115521233	9.0299387518	9.03237169127
9.03116650717	9.02994993699	9.03238309543
9.03117757351	9.02996089593	9.03239426883
9.03118841595	9.02997163319	9.03240521614
9.03119903904	9.02998215326	9.03241594193
9.03120944721	9.02999246052	9.03242645068
9.0312196448	9.03000255929	9.0324367468
9.03122963608	9.03001245378	9.03244683457
9.03123942523	9.03002214812	9.03245671822
9.03124901632	9.03003164636	9.03246640188
9.03125841337	9.03004095247	9.03247588958
9.03126762031	9.03005007033	9.03248518531
9.03127664097	9.03005900376	9.03249429294
9.03128547914	9.03006775648	9.03250321628
9.03129413849	9.03007633214	9.03251195906
9.03130262266	9.03008473434	9.03252052493
9.03131093517	9.03009296658	9.03252891747
9.03131907951	9.03010103229	9.03253714018
9.03132705908	9.03010893485	9.03254519652
9.03133487722	9.03011667755	9.03255308983
9.03134253717	9.03012426363	9.03256082343
9.03135004216	9.03013169626	9.03256840054
9.03135739531	9.03013897855	9.03257582432
9.03136459969	9.03014611352	9.03258309789
9.03137165832	9.03015310417	9.03259022428
9.03137857414	9.03015995341	9.03259720646
9.03138535005	9.0301666641	9.03260404737
9.03139198887	9.03017323905	9.03261074985
9.03139849337	9.03017968099	9.0326173167
9.03140486628	9.03018599263	9.03262375068
9.03141111026	9.0301921766	9.03263005447
9.03141722791	9.03019823547	9.0326362307
9.03142322179	9.03020417179	9.03264228196
9.0314290944	9.03020998803	9.03264821077
9.03143484821	9.03021568661	9.03265401961
9.0314404856	9.03022126992	9.03265971091
9.03144600895	9.03022674029	9.03266528705
9.03145142055	9.0302321	9.03267075035
9.03145672266	9.0302373513	9.03267610311
9.0314619175	9.03024249638	9.03268134756
9.03146700725	9.03024753738	9.03268648588
9.03147199402	9.0302524764	9.03269152024
9.0314768799	9.03025731552	9.03269645272
9.03148166693	9.03026205676	9.03270128539
9.03148635712	9.03026670209	9.03270602028
9.03149095241	9.03027125345	9.03271065936
9.03149545474	9.03027571274	9.03271520457
9.03149986597	9.03028008183	9.0327196578
9.03150418796	9.03028436255	9.03272402093
9.03150842251	9.03028855667	9.03272829577
9.03151257139	9.03029266595	9.0327324841
9.03151663633	9.03029669211	9.03273658769
9.03152061903	9.03030063683	9.03274060824
9.03152452116	9.03030450175	9.03274454744
9.03152834434	9.0303082885	9.03274840693
9.03153209017	9.03031199864	9.03275218832
9.03153576022	9.03031563373	9.0327558932
9.03153935601	9.0303191953	9.03275952311
9.03154287906	9.03032268482	9.03276307957
9.03154633083	9.03032610375	9.03276656406
9.03154971277	9.03032945352	9.03276997805
9.03155302629	9.03033273554	9.03277332295
9.03155627276	9.03033595116	9.03277660017
9.03155945356	9.03033910174	9.03277981108
9.03156257001	9.03034218859	9.03278295702
9.0315656234	9.030345213	9.03278603929
9.03156861502	9.03034817623	9.0327890592
9.03157154611	9.03035107951	9.032792018
9.03157441791	9.03035392407	9.03279491694
9.0315772316	9.03035671109	9.03279775721
9.03157998837	9.03035944174	9.03280054001
9.03158268937	9.03036211714	9.0328032665
9.03158533572	9.03036473843	9.03280593782
9.03158792853	9.0303673067	9.03280855508
9.03159046888	9.03036982301	9.03281111939
9.03159295784	9.03037228843	9.03281363181
9.03159539644	9.03037470397	9.03281609339
9.03159778571	9.03037707065	9.03281850516
9.03160012664	9.03037938945	9.03282086812
9.03160242021	9.03038166136	9.03282318328
9.03160466737	9.0303838873	9.03282545159
9.03160686907	9.03038606822	9.032827674
9.03160902623	9.03038820502	9.03282985143
9.03161113975	9.0303902986	9.03283198481
9.0316132105	9.03039234983	9.03283407502
9.03161523937	9.03039435957	9.03283612294
9.03161722718	9.03039632865	9.03283812941
9.03161917478	9.0303982579	9.03284009529
9.03162108298	9.03040014813	9.03284202139
9.03162295257	9.03040200012	9.03284390851
9.03162478433	9.03040381465	9.03284575745
9.03162657904	9.03040559248	9.03284756897
9.03162833743	9.03040733434	9.03284934384
9.03163006026	9.03040904097	9.03285108279
9.03163174822	9.03041071307	9.03285278656
9.03163340204	9.03041235135	9.03285445585
9.0316350224	9.0304139565	9.03285609136
9.03163660997	9.03041552917	9.03285769378
9.03163816543	9.03041707003	9.03285926378
9.03163968941	9.03041857972	9.032860802
9.03164118257	9.03042005888	9.0328623091
9.03164264551	9.03042150811	9.03286378571
9.03164407886	9.03042292803	9.03286523243
9.03164548321	9.03042431922	9.03286664988
9.03164685915	9.03042568228	9.03286803865
9.03164820725	9.03042701776	9.03286939932
9.03164952807	9.03042832623	9.03287073245
9.03165082218	9.03042960823	9.03287203861
9.0316520901	9.0304308643	9.03287331834
9.03165333237	9.03043209496	9.03287457218
9.0316545495	9.03043330072	9.03287580064
9.03165574202	9.0304344821	9.03287700425
9.0316569104	9.03043563957	9.0328781835
9.03165805515	9.03043677364	9.03287933889
9.03165917674	9.03043788476	9.0328804709
9.03166027564	9.03043897341	9.03288158
9.0316613523	9.03044004004	9.03288266666
9.03166240718	9.03044108509	9.03288373134
9.03166344072	9.030442109	9.03288477446
9.03166445335	9.0304431122	9.03288579649
9.03166544549	9.03044409511	9.03288679783
9.03166641756	9.03044505813	9.03288777891
9.03166736997	9.03044600168	9.03288874014
9.0316683031	9.03044692613	9.03288968191
9.03166921736	9.03044783189	9.03289060463
9.03167011312	9.03044871933	9.03289150868
9.03167099076	9.03044958881	9.03289239444
9.03167185064	9.03045044071	9.03289326227
9.03167269312	9.03045127538	9.03289411255
9.03167351856	9.03045209316	9.03289494561
9.0316743273	9.03045289439	9.03289576183
9.03167511968	9.03045367943	9.03289656152
9.03167589603	9.03045444858	9.03289734503
9.03167665667	9.03045520217	9.03289811269
9.03167740192	9.03045594052	9.03289886482
9.03167813209	9.03045666393	9.03289960173
9.0316788475	9.03045737271	9.03290032372
9.03167954842	9.03045806715	9.03290103111
9.03168023517	9.03045874755	9.03290172418
9.03168090802	9.03045941418	9.03290240323
9.03168156726	9.03046006733	9.03290306853
9.03168221317	9.03046070727	9.03290372038
9.031682846	9.03046133426	9.03290435903
9.03168346604	9.03046194856	9.03290498477
9.03168407352	9.03046255045	9.03290559784
9.03168466872	9.03046314015	9.0329061985
9.03168525188	9.03046371793	9.03290678701
9.03168582323	9.03046428402	9.03290736362
9.03168638303	9.03046483866	9.03290792855
9.03168693151	9.03046538208	9.03290848205
9.03168746888	9.03046591451	9.03290902436
9.03168799539	9.03046643617	9.03290955569
9.03168851124	9.03046694727	9.03291007627
9.03168901665	9.03046744804	9.03291058631
9.03168951185	9.03046793868	9.03291108604
9.03168999702	9.03046841939	9.03291157565
9.03169047237	9.03046889038	9.03291205536
9.03169093811	9.03046935184	9.03291252535
9.03169139443	9.03046980397	9.03291298584
9.03169184151	9.03047024695	9.03291343701
9.03169227955	9.03047068097	9.03291387905
9.03169270873	9.03047110621	9.03291431215
9.03169312923	9.03047152285	9.03291473648
9.03169354121	9.03047193106	9.03291515223
9.03169394487	9.03047233101	9.03291555956
9.03169434035	9.03047272288	9.03291595866
9.03169472784	9.03047310681	9.03291634967
9.03169510748	9.03047348298	9.03291673278
9.03169547944	9.03047385155	9.03291710813
9.03169584388	9.03047421265	9.03291747588
9.03169620095	9.03047456645	9.0329178362
9.03169655079	9.0304749131	9.03291818922
9.03169689355	9.03047525273	9.0329185351
9.03169722938	9.03047558549	9.03291887399
9.03169755842	9.03047591153	9.03291920601
9.0316978808	9.03047623096	9.03291953132
9.03169819665	9.03047654394	9.03291985004
9.03169850612	9.03047685058	9.03292016232
9.03169880932	9.03047715102	9.03292046827
9.03169910639	9.03047744539	9.03292076804
9.03169939745	9.03047773379	9.03292106174
9.03169968263	9.03047801637	9.03292134949
9.03169996203	9.03047829323	9.03292163143
9.03170023578	9.03047856449	9.03292190766
9.03170050399	9.03047883026	9.03292217829
9.03170076677	9.03047909066	9.03292244346
9.03170102424	9.03047934578	9.03292270326
9.0317012765	9.03047959575	9.0329229578
9.03170152366	9.03047984066	9.03292320719
9.03170176581	9.03048008062	9.03292345153
9.03170200307	9.03048031572	9.03292369093
9.03170223552	9.03048054607	9.03292392548
9.03170246328	9.03048077176	9.03292415529
9.03170268642	9.03048099288	9.03292438045
9.03170290505	9.03048120953	9.03292460105
9.03170311926	9.0304814218	9.03292481719
9.03170332914	9.03048162977	9.03292502896
9.03170353476	9.03048183354	9.03292523644
9.03170373623	9.03048203318	9.03292543972
9.03170393362	9.03048222879	9.03292563889
9.03170412702	9.03048242044	9.03292583403
9.03170431651	9.03048260821	9.03292602522
9.03170450216	9.03048279219	9.03292621254
9.03170468405	9.03048297244	9.03292639607
9.03170486227	9.03048314905	9.03292657589
9.03170503688	9.03048332208	9.03292675207
9.03170520796	9.03048349162	9.03292692468
9.03170537558	9.03048365772	9.0329270938
9.0317055398	9.03048382047	9.0329272595
9.0317057007	9.03048397992	9.03292742184
9.03170585835	9.03048413615	9.0329275809
9.03170601281	9.03048428922	9.03292773675
9.03170616414	9.03048443919	9.03292788944
9.03170631241	9.03048458612	9.03292803903
9.03170645769	9.03048473009	9.03292818561
9.03170660002	9.03048487114	9.03292832921
9.03170673947	9.03048500934	9.03292846991
9.0317068761	9.03048514475	9.03292860777
9.03170700997	9.03048527741	9.03292874283
9.03170714113	9.03048540739	9.03292887516
9.03170726964	9.03048553475	9.03292900481
9.03170739554	9.03048565952	9.03292913184
9.0317075189	9.03048578177	9.0329292563
9.03170763976	9.03048590155	9.03292937824
9.03170775818	9.03048601891	9.03292949772
9.0317078742	9.03048613389	9.03292961477
9.03170798788	9.03048624655	9.03292972946
9.03170809925	9.03048635693	9.03292984183
9.03170820837	9.03048646507	9.03292995192
9.03170831529	9.03048657103	9.03293005979
9.03170842004	9.03048667484	9.03293016547
9.03170852267	9.03048677656	9.03293026901
9.03170862322	9.03048687621	9.03293037046
9.03170872174	9.03048697386	9.03293046986
9.03170881827	9.03048706952	9.03293056724
9.03170891285	9.03048716325	9.03293066266
9.03170900551	9.03048725509	9.03293075614
9.03170909629	9.03048734506	9.03293084773
9.03170918524	9.03048743322	9.03293093747
9.03170927239	9.03048751959	9.03293102539
9.03170935778	9.03048760422	9.03293111154
9.03170944144	9.03048768714	9.03293119594
9.03170952341	9.03048776837	9.03293127863
9.03170960371	9.03048784797	9.03293135965
9.0317096824	9.03048792595	9.03293143903
9.03170975949	9.03048800236	9.0329315168
9.03170983502	9.03048807722	9.032931593
9.03170990903	9.03048815056	9.03293166766
9.03170998153	9.03048822243	9.03293174081
9.03171005257	9.03048829284	9.03293181248
9.03171012218	9.03048836182	9.03293188269
9.03171019037	9.03048842941	9.03293195149
9.03171025719	9.03048849563	9.03293201889
9.03171032265	9.03048856052	9.03293208493
9.03171038679	9.03048862409	9.03293214964
9.03171044963	9.03048868637	9.03293221303
9.0317105112	9.0304887474	9.03293227515
9.03171057152	9.03048880719	9.032932336
9.03171063063	9.03048886577	9.03293239562
9.03171068853	9.03048892316	9.03293245404
9.03171074527	9.0304889794	9.03293251128
9.03171080086	9.0304890345	9.03293256735
9.03171085532	9.03048908848	9.0329326223
9.03171090868	9.03048914137	9.03293267613
9.03171096097	9.03048919319	9.03293272887
9.03171101219	9.03048924396	9.03293278054
9.03171106238	9.03048929371	9.03293283117
9.03171111155	9.03048934245	9.03293288077
9.03171115973	9.0304893902	9.03293292938
9.03171120693	9.03048943699	9.03293297699
9.03171125318	9.03048948283	9.03293302365
9.03171129849	9.03048952774	9.03293306936
9.03171134289	9.03048957175	9.03293311414
9.03171138639	9.03048961486	9.03293315802
9.03171142901	9.03048965711	9.03293320101
9.03171147076	9.0304896985	9.03293324313
9.03171151167	9.03048973905	9.0329332844
9.03171155176	9.03048977878	9.03293332483
9.03171159103	9.0304898177	9.03293336445
9.03171162951	9.03048985584	9.03293340326
9.0317116672	9.03048989321	9.03293344129
9.03171170414	9.03048992983	9.03293347855
9.03171174033	9.0304899657	9.03293351505
9.03171177579	9.03049000084	9.03293355082
9.03171181053	9.03049003528	9.03293358586
9.03171184456	9.03049006902	9.03293362019
9.03171187791	9.03049010207	9.03293365383
9.03171191058	9.03049013446	9.03293368679
9.0317119426	9.03049016619	9.03293371908
9.03171197396	9.03049019728	9.03293375072
9.03171200469	9.03049022775	9.03293378171
9.0317120348	9.03049025759	9.03293381208
9.0317120643	9.03049028683	9.03293384184
9.0317120932	9.03049031548	9.03293387099
9.03171212152	9.03049034355	9.03293389956
9.03171214926	9.03049037106	9.03293392754
9.03171217645	9.030490398	9.03293395496
9.03171220308	9.03049042441	9.03293398182
9.03171222918	9.03049045027	9.03293400815
9.03171225474	9.03049047562	9.03293403393
9.03171227979	9.03049050045	9.0329340592
9.03171230434	9.03049052478	9.03293408396
9.03171232838	9.03049054861	9.03293410821
9.03171235194	9.03049057197	9.03293413197
9.03171237502	9.03049059485	9.03293415526
9.03171239764	9.03049061727	9.03293417807
9.0317124198	9.03049063924	9.03293420042
9.03171244151	9.03049066076	9.03293422231
9.03171246278	9.03049068185	9.03293424377
9.03171248362	9.03049070251	9.03293426479
9.03171250404	9.03049072275	9.03293428538
9.03171252405	9.03049074258	9.03293430556
9.03171254365	9.03049076201	9.03293432533
9.03171256285	9.03049078105	9.0329343447
9.03171258167	9.0304907997	9.03293436368
9.0317126001	9.03049081798	9.03293438228
9.03171261817	9.03049083588	9.03293440049
9.03171263586	9.03049085343	9.03293441834
9.0317126532	9.03049087062	9.03293443583
9.03171267019	9.03049088746	9.03293445296
9.03171268683	9.03049090396	9.03293446975
9.03171270314	9.03049092013	9.0329344862
9.03171271912	9.03049093597	9.03293450231
9.03171273477	9.03049095149	9.0329345181
9.03171275011	9.03049096669	9.03293453357
9.03171276514	9.03049098159	9.03293454873
9.03171277986	9.03049099619	9.03293456358
9.03171279429	9.03049101049	9.03293457813
9.03171280842	9.0304910245	9.03293459238
9.03171282227	9.03049103823	9.03293460635
9.03171283584	9.03049105168	9.03293462003
9.03171284913	9.03049106486	9.03293463344
9.03171286216	9.03049107777	9.03293464657
9.03171287492	9.03049109042	9.03293465944
9.03171288742	9.03049110282	9.03293467205
9.03171289967	9.03049111496	9.03293468441
9.03171291167	9.03049112686	9.03293469651
9.03171292343	9.03049113852	9.03293470837
9.03171293495	9.03049114994	9.03293471999
9.03171294624	9.03049116113	9.03293473138
9.0317129573	9.0304911721	9.03293474253
9.03171296813	9.03049118284	9.03293475346
9.03171297875	9.03049119336	9.03293476416
9.03171298915	9.03049120368	9.03293477465
9.03171299934	9.03049121378	9.03293478493
9.03171300933	9.03049122368	9.032934795
9.03171301911	9.03049123338	9.03293480487
9.0317130287	9.03049124288	9.03293481454
9.03171303809	9.0304912522	9.03293482401
9.03171304729	9.03049126132	9.03293483329
9.03171305631	9.03049127026	9.03293484238
9.03171306514	9.03049127901	9.03293485129
9.03171307379	9.03049128759	9.03293486001
9.03171308227	9.030491296	9.03293486856
9.03171309058	9.03049130424	9.03293487694
9.03171309872	9.03049131231	9.03293488515
9.03171310669	9.03049132021	9.03293489319
9.03171311451	9.03049132796	9.03293490107
9.03171312216	9.03049133555	9.03293490879
9.03171312966	9.03049134299	9.03293491636
9.03171313701	9.03049135027	9.03293492377
9.03171314421	9.03049135741	9.03293493103
9.03171315126	9.03049136441	9.03293493814
9.03171315818	9.03049137126	9.03293494511
9.03171316495	9.03049137797	9.03293495194
9.03171317158	9.03049138455	9.03293495863
9.03171317808	9.030491391	9.03293496519
9.03171318445	9.03049139731	9.03293497161
9.03171319069	9.0304914035	9.0329349779
9.03171319681	9.03049140956	9.03293498407
9.0317132028	9.0304914155	9.03293499011
9.03171320867	9.03049142132	9.03293499603
9.03171321442	9.03049142702	9.03293500182
9.03171322005	9.03049143261	9.03293500751
9.03171322557	9.03049143808	9.03293501307
9.03171323098	9.03049144344	9.03293501853
9.03171323628	9.0304914487	9.03293502387
9.03171324147	9.03049145385	9.03293502911
9.03171324656	9.03049145889	9.03293503423
9.03171325154	9.03049146383	9.03293503926
9.03171325642	9.03049146867	9.03293504418
9.03171326121	9.03049147342	9.03293504901
9.03171326589	9.03049147807	9.03293505373
9.03171327049	9.03049148262	9.03293505837
9.03171327499	9.03049148708	9.0329350629
9.03171327939	9.03049149145	9.03293506735
9.03171328371	9.03049149574	9.0329350717
9.03171328795	9.03049149993	9.03293507597
9.03171329209	9.03049150404	9.03293508015
9.03171329615	9.03049150807	9.03293508425
9.03171330013	9.03049151202	9.03293508826
9.03171330403	9.03049151589	9.03293509219
9.03171330786	9.03049151967	9.03293509605
9.0317133116	9.03049152339	9.03293509982
9.03171331527	9.03049152702	9.03293510352
9.03171331886	9.03049153059	9.03293510714
9.03171332238	9.03049153408	9.03293511069
9.03171332583	9.0304915375	9.03293511417
9.03171332921	9.03049154085	9.03293511758
9.03171333252	9.03049154413	9.03293512092
9.03171333577	9.03049154735	9.03293512419
9.03171333895	9.0304915505	9.0329351274
9.03171334206	9.03049155359	9.03293513054
9.03171334511	9.03049155662	9.03293513361
9.0317133481	9.03049155958	9.03293513663
9.03171335103	9.03049156249	9.03293513958
9.0317133539	9.03049156533	9.03293514248
9.03171335671	9.03049156812	9.03293514531
9.03171335947	9.03049157085	9.03293514809
9.03171336217	9.03049157353	9.03293515081
9.03171336481	9.03049157615	9.03293515348
9.0317133674	9.03049157872	9.03293515609
9.03171336994	9.03049158124	9.03293515865
9.03171337243	9.03049158371	9.03293516116
9.03171337487	9.03049158613	9.03293516361
9.03171337725	9.03049158849	9.03293516602
9.03171337959	9.03049159081	9.03293516838
9.03171338189	9.03049159309	9.03293517069
9.03171338413	9.03049159531	9.03293517296
9.03171338633	9.0304915975	9.03293517518
9.03171338849	9.03049159963	9.03293517735
9.0317133906	9.03049160173	9.03293517948
9.03171339267	9.03049160378	9.03293518157
9.0317133947	9.03049160579	9.03293518361
9.03171339668	9.03049160776	9.03293518561
9.03171339863	9.03049160969	9.03293518757
9.03171340054	9.03049161158	9.0329351895
9.03171340241	9.03049161344	9.03293519138
9.03171340424	9.03049161525	9.03293519323
9.03171340603	9.03049161703	9.03293519504
9.03171340779	9.03049161877	9.03293519681
9.03171340951	9.03049162048	9.03293519854
9.0317134112	9.03049162215	9.03293520024
9.03171341285	9.03049162379	9.03293520191
9.03171341447	9.0304916254	9.03293520354
9.03171341606	9.03049162697	9.03293520514
9.03171341761	9.03049162851	9.03293520671
9.03171341913	9.03049163002	9.03293520825
9.03171342062	9.0304916315	9.03293520975
9.03171342209	9.03049163295	9.03293521122
9.03171342352	9.03049163437	9.03293521267
9.03171342492	9.03049163577	9.03293521408
9.0317134263	9.03049163713	9.03293521547
9.03171342765	9.03049163847	9.03293521683
9.03171342897	9.03049163978	9.03293521816
9.03171343026	9.03049164106	9.03293521946
9.03171343153	9.03049164232	9.03293522074
9.03171343277	9.03049164355	9.03293522199
9.03171343398	9.03049164475	9.03293522322
9.03171343518	9.03049164594	9.03293522442
9.03171343634	9.03049164709	9.0329352256
9.03171343749	9.03049164823	9.03293522675
9.03171343861	9.03049164934	9.03293522788
9.03171343971	9.03049165043	9.03293522899
9.03171344078	9.0304916515	9.03293523007
9.03171344184	9.03049165254	9.03293523113
9.03171344287	9.03049165357	9.03293523218
9.03171344388	9.03049165457	9.0329352332
9.03171344487	9.03049165555	9.0329352342
9.03171344584	9.03049165652	9.03293523517
9.0317134468	9.03049165746	9.03293523613
9.03171344773	9.03049165839	9.03293523707
9.03171344864	9.03049165929	9.032935238
9.03171344954	9.03049166018	9.0329352389
9.03171345041	9.03049166105	9.03293523978
9.03171345127	9.0304916619	9.03293524065
9.03171345212	9.03049166274	9.0329352415
9.03171345294	9.03049166356	9.03293524233
9.03171345375	9.03049166436	9.03293524314
9.03171345454	9.03049166514	9.03293524394
9.03171345532	9.03049166591	9.03293524472
9.03171345608	9.03049166667	9.03293524549
9.03171345682	9.03049166741	9.03293524624
9.03171345755	9.03049166813	9.03293524698
9.03171345827	9.03049166884	9.0329352477
9.03171345897	9.03049166953	9.0329352484
9.03171345965	9.03049167021	9.0329352491
9.03171346033	9.03049167088	9.03293524977
9.03171346098	9.03049167153	9.03293525044
9.03171346163	9.03049167217	9.03293525109
9.03171346226	9.0304916728	9.03293525173
9.03171346288	9.03049167342	9.03293525235
9.03171346349	9.03049167402	9.03293525296
9.03171346408	9.03049167461	9.03293525356
9.03171346467	9.03049167519	9.03293525415
9.03171346524	9.03049167575	9.03293525473
9.0317134658	9.03049167631	9.03293525529
9.03171346635	9.03049167685	9.03293525584
9.03171346688	9.03049167738	9.03293525638
9.03171346741	9.03049167791	9.03293525691
9.03171346792	9.03049167842	9.03293525743
9.03171346843	9.03049167892	9.03293525794
9.03171346892	9.03049167941	9.03293525844
9.03171346941	9.03049167989	9.03293525893
9.03171346988	9.03049168036	9.03293525941
9.03171347035	9.03049168082	9.03293525988
9.03171347081	9.03049168128	9.03293526034
9.03171347125	9.03049168172	9.03293526079
9.03171347169	9.03049168215	9.03293526123
9.03171347212	9.03049168258	9.03293526166
9.03171347254	9.030491683	9.03293526209
9.03171347295	9.0304916834	9.0329352625
9.03171347336	9.0304916838	9.03293526291
9.03171347375	9.0304916842	9.03293526331
9.03171347414	9.03049168458	9.0329352637
9.03171347452	9.03049168496	9.03293526408
9.03171347489	9.03049168533	9.03293526445
9.03171347525	9.03049168569	9.03293526482
9.03171347561	9.03049168604	9.03293526518
9.03171347596	9.03049168639	9.03293526553
9.0317134763	9.03049168673	9.03293526588
9.03171347664	9.03049168706	9.03293526622
9.03171347697	9.03049168739	9.03293526655
9.03171347729	9.03049168771	9.03293526687
9.0317134776	9.03049168802	9.03293526719
9.03171347791	9.03049168833	9.0329352675
9.03171347822	9.03049168863	9.03293526781
9.03171347851	9.03049168892	9.03293526811
9.0317134788	9.03049168921	9.0329352684
9.03171347909	9.03049168949	9.03293526869
9.03171347937	9.03049168977	9.03293526897
9.03171347964	9.03049169004	9.03293526924
9.03171347991	9.03049169031	9.03293526951
9.03171348017	9.03049169057	9.03293526978
9.03171348043	9.03049169082	9.03293527004
9.03171348068	9.03049169107	9.03293527029
9.03171348093	9.03049169132	9.03293527054
9.03171348117	9.03049169156	9.03293527079
9.03171348141	9.03049169179	9.03293527102
9.03171348164	9.03049169202	9.03293527126
9.03171348187	9.03049169225	9.03293527149
9.03171348209	9.03049169247	9.03293527171
9.03171348231	9.03049169269	9.03293527193
9.03171348252	9.0304916929	9.03293527215
9.03171348273	9.03049169311	9.03293527236
9.03171348294	9.03049169331	9.03293527257
9.03171348314	9.03049169351	9.03293527277
9.03171348334	9.03049169371	9.03293527297
9.03171348353	9.0304916939	9.03293527316
9.03171348372	9.03049169409	9.03293527335
9.03171348391	9.03049169427	9.03293527354
9.03171348409	9.03049169445	9.03293527372
9.03171348427	9.03049169463	9.0329352739
9.03171348444	9.0304916948	9.03293527408
9.03171348461	9.03049169497	9.03293527425
9.03171348478	9.03049169514	9.03293527442
9.03171348494	9.0304916953	9.03293527459
9.0317134851	9.03049169546	9.03293527475
9.03171348526	9.03049169562	9.03293527491
9.03171348542	9.03049169577	9.03293527506
9.03171348557	9.03049169592	9.03293527522
9.03171348572	9.03049169607	9.03293527536
9.03171348586	9.03049169621	9.03293527551
9.031713486	9.03049169635	9.03293527565
9.03171348614	9.03049169649	9.03293527579
9.03171348628	9.03049169662	9.03293527593
9.03171348641	9.03049169676	9.03293527607
9.03171348654	9.03049169689	9.0329352762
9.03171348667	9.03049169702	9.03293527633
9.0317134868	9.03049169714	9.03293527646
9.03171348692	9.03049169726	9.03293527658
9.03171348704	9.03049169738	9.0329352767
9.03171348716	9.0304916975	9.03293527682
9.03171348728	9.03049169761	9.03293527694
9.03171348739	9.03049169773	9.03293527705
9.0317134875	9.03049169784	9.03293527716
9.03171348761	9.03049169795	9.03293527727
9.03171348772	9.03049169805	9.03293527738
9.03171348782	9.03049169816	9.03293527749
9.03171348792	9.03049169826	9.03293527759
9.03171348802	9.03049169836	9.03293527769
9.03171348812	9.03049169846	9.03293527779
9.03171348822	9.03049169855	9.03293527789
9.03171348831	9.03049169864	9.03293527798
9.03171348841	9.03049169874	9.03293527808
9.0317134885	9.03049169883	9.03293527817
9.03171348859	9.03049169891	9.03293527826
9.03171348867	9.030491699	9.03293527835
9.03171348876	9.03049169909	9.03293527843
9.03171348884	9.03049169917	9.03293527852
9.03171348892	9.03049169925	9.0329352786
9.031713489	9.03049169933	9.03293527868
9.03171348908	9.03049169941	9.03293527876
9.03171348916	9.03049169948	9.03293527884
9.03171348924	9.03049169956	9.03293527891
9.03171348931	9.03049169963	9.03293527899
9.03171348938	9.0304916997	9.03293527906
9.03171348945	9.03049169977	9.03293527913
9.03171348952	9.03049169984	9.0329352792
9.03171348959	9.03049169991	9.03293527927
9.03171348966	9.03049169998	9.03293527934
9.03171348972	9.03049170004	9.0329352794
9.03171348979	9.03049170011	9.03293527947
9.03171348985	9.03049170017	9.03293527953
9.03171348991	9.03049170023	9.03293527959
9.03171348997	9.03049170029	9.03293527965
9.03171349003	9.03049170035	9.03293527971
9.03171349009	9.03049170041	9.03293527977
9.03171349015	9.03049170046	9.03293527983
9.0317134902	9.03049170052	9.03293527988
9.03171349026	9.03049170057	9.03293527994
9.03171349031	9.03049170062	9.03293527999
9.03171349036	9.03049170068	9.03293528005
9.03171349041	9.03049170073	9.0329352801
9.03171349046	9.03049170078	9.03293528015
9.03171349051	9.03049170082	9.0329352802
9.03171349056	9.03049170087	9.03293528025
9.03171349061	9.03049170092	9.03293528029
9.03171349065	9.03049170097	9.03293528034
9.0317134907	9.03049170101	9.03293528039
9.03171349074	9.03049170105	9.03293528043
9.03171349079	9.0304917011	9.03293528047
9.03171349083	9.03049170114	9.03293528052
9.03171349087	9.03049170118	9.03293528056
9.03171349091	9.03049170122	9.0329352806
9.03171349095	9.03049170126	9.03293528064
9.03171349099	9.0304917013	9.03293528068
9.03171349103	9.03049170134	9.03293528072
9.03171349107	9.03049170138	9.03293528076
9.0317134911	9.03049170141	9.03293528079
9.03171349114	9.03049170145	9.03293528083
9.03171349118	9.03049170148	9.03293528087
9.03171349121	9.03049170152	9.0329352809
9.03171349124	9.03049170155	9.03293528094
9.03171349128	9.03049170158	9.03293528097
9.03171349131	9.03049170162	9.032935281
9.03171349134	9.03049170165	9.03293528103
9.03171349137	9.03049170168	9.03293528107
9.0317134914	9.03049170171	9.0329352811
9.03171349143	9.03049170174	9.03293528113
9.03171349146	9.03049170177	9.03293528116
9.03171349149	9.0304917018	9.03293528119
9.03171349152	9.03049170183	9.03293528121
9.03171349155	9.03049170185	9.03293528124
9.03171349158	9.03049170188	9.03293528127
9.0317134916	9.03049170191	9.0329352813
9.03171349163	9.03049170193	9.03293528132
9.03171349165	9.03049170196	9.03293528135
9.03171349168	9.03049170198	9.03293528137
9.0317134917	9.03049170201	9.0329352814
9.03171349173	9.03049170203	9.03293528142
9.03171349175	9.03049170206	9.03293528145
9.03171349177	9.03049170208	9.03293528147
9.0317134918	9.0304917021	9.03293528149
9.03171349182	9.03049170212	9.03293528152
9.03171349184	9.03049170214	9.03293528154
9.03171349186	9.03049170216	9.03293528156
9.03171349188	9.03049170219	9.03293528158
9.0317134919	9.03049170221	9.0329352816
9.03171349192	9.03049170223	9.03293528162
9.03171349194	9.03049170225	9.03293528164
9.03171349196	9.03049170226	9.03293528166
9.03171349198	9.03049170228	9.03293528168
9.031713492	9.0304917023	9.0329352817
9.03171349202	9.03049170232	9.03293528171
9.03171349203	9.03049170234	9.03293528173
9.03171349205	9.03049170235	9.03293528175
9.03171349207	9.03049170237	9.03293528177
9.03171349209	9.03049170239	9.03293528178
9.0317134921	9.0304917024	9.0329352818
9.03171349212	9.03049170242	9.03293528182
9.03171349213	9.03049170243	9.03293528183
9.03171349215	9.03049170245	9.03293528185
9.03171349216	9.03049170246	9.03293528186
9.03171349218	9.03049170248	9.03293528188
9.03171349219	9.03049170249	9.03293528189
9.03171349221	9.03049170251	9.03293528191
9.03171349222	9.03049170252	9.03293528192
9.03171349223	9.03049170254	9.03293528193
9.03171349225	9.03049170255	9.03293528195
9.03171349226	9.03049170256	9.03293528196
9.03171349227	9.03049170257	9.03293528197
9.03171349229	9.03049170259	9.03293528199
9.0317134923	9.0304917026	9.032935282
9.03171349231	9.03049170261	9.03293528201
9.03171349232	9.03049170262	9.03293528202
9.03171349233	9.03049170263	9.03293528203
9.03171349234	9.03049170264	9.03293528205
9.03171349236	9.03049170266	9.03293528206
9.03171349237	9.03049170267	9.03293528207
9.03171349238	9.03049170268	9.03293528208
9.03171349239	9.03049170269	9.03293528209
9.0317134924	9.0304917027	9.0329352821
9.03171349241	9.03049170271	9.03293528211
9.03171349242	9.03049170272	9.03293528212
9.03171349243	9.03049170273	9.03293528213
9.03171349244	9.03049170274	9.03293528214
9.03171349245	9.03049170274	9.03293528215
9.03171349245	9.03049170275	9.03293528216
9.03171349246	9.03049170276	9.03293528216
9.03171349247	9.03049170277	9.03293528217
9.03171349248	9.03049170278	9.03293528218
9.03171349249	9.03049170279	9.03293528219
9.0317134925	9.0304917028	9.0329352822
9.03171349251	9.0304917028	9.03293528221
9.03171349251	9.03049170281	9.03293528221
9.03171349252	9.03049170282	9.03293528222
9.03171349253	9.03049170283	9.03293528223
9.03171349254	9.03049170283	9.03293528224
9.03171349254	9.03049170284	9.03293528224
9.03171349255	9.03049170285	9.03293528225
9.03171349256	9.03049170285	9.03293528226
9.03171349256	9.03049170286	9.03293528227
9.03171349257	9.03049170287	9.03293528227
9.03171349258	9.03049170287	9.03293528228
9.03171349258	9.03049170288	9.03293528229
9.03171349259	9.03049170289	9.03293528229
9.0317134926	9.03049170289	9.0329352823
9.0317134926	9.0304917029	9.0329352823
9.03171349261	9.0304917029	9.03293528231
9.03171349261	9.03049170291	9.03293528232
9.03171349262	9.03049170292	9.03293528232
9.03171349262	9.03049170292	9.03293528233
9.03171349263	9.03049170293	9.03293528233
9.03171349263	9.03049170293	9.03293528234
9.03171349264	9.03049170294	9.03293528234
9.03171349264	9.03049170294	9.03293528235
9.03171349265	9.03049170295	9.03293528235
9.03171349265	9.03049170295	9.03293528236
9.03171349266	9.03049170296	9.03293528236
9.03171349266	9.03049170296	9.03293528237
9.03171349267	9.03049170297	9.03293528237
9.03171349267	9.03049170297	9.03293528238
9.03171349268	9.03049170298	9.03293528238
9.03171349268	9.03049170298	9.03293528238
9.03171349269	9.03049170298	9.03293528239
9.03171349269	9.03049170299	9.03293528239
9.03171349269	9.03049170299	9.0329352824
9.0317134927	9.030491703	9.0329352824
9.0317134927	9.030491703	9.03293528241
9.03171349271	9.030491703	9.03293528241
9.03171349271	9.03049170301	9.03293528241
9.03171349271	9.03049170301	9.03293528242
9.03171349272	9.03049170301	9.03293528242
9.03171349272	9.03049170302	9.03293528242
9.03171349272	9.03049170302	9.03293528243
9.03171349273	9.03049170302	9.03293528243
9.03171349273	9.03049170303	9.03293528243
9.03171349273	9.03049170303	9.03293528244
9.03171349274	9.03049170303	9.03293528244
9.03171349274	9.03049170304	9.03293528244
9.03171349274	9.03049170304	9.03293528245
9.03171349275	9.03049170304	9.03293528245
9.03171349275	9.03049170305	9.03293528245
9.03171349275	9.03049170305	9.03293528246
9.03171349276	9.03049170305	9.03293528246
9.03171349276	9.03049170305	9.03293528246
9.03171349276	9.03049170306	9.03293528246
9.03171349276	9.03049170306	9.03293528247
9.03171349277	9.03049170306	9.03293528247
9.03171349277	9.03049170306	9.03293528247
9.03171349277	9.03049170307	9.03293528247
9.03171349277	9.03049170307	9.03293528248
9.03171349278	9.03049170307	9.03293528248
9.03171349278	9.03049170307	9.03293528248
9.03171349278	9.03049170308	9.03293528248
9.03171349278	9.03049170308	9.03293528249
9.03171349278	9.03049170308	9.03293528249
9.03171349279	9.03049170308	9.03293528249
9.03171349279	9.03049170309	9.03293528249
9.03171349279	9.03049170309	9.03293528249
9.03171349279	9.03049170309	9.0329352825
9.0317134928	9.03049170309	9.0329352825
9.0317134928	9.03049170309	9.0329352825
9.0317134928	9.0304917031	9.0329352825
9.0317134928	9.0304917031	9.0329352825
9.0317134928	9.0304917031	9.03293528251
9.0317134928	9.0304917031	9.03293528251
9.03171349281	9.0304917031	9.03293528251
9.03171349281	9.0304917031	9.03293528251
9.03171349281	9.03049170311	9.03293528251
9.03171349281	9.03049170311	9.03293528251
9.03171349281	9.03049170311	9.03293528252
9.03171349281	9.03049170311	9.03293528252
9.03171349282	9.03049170311	9.03293528252
9.03171349282	9.03049170311	9.03293528252
9.03171349282	9.03049170312	9.03293528252
9.03171349282	9.03049170312	9.03293528252
9.03171349282	9.03049170312	9.03293528253
9.03171349282	9.03049170312	9.03293528253
9.03171349282	9.03049170312	9.03293528253
9.03171349283	9.03049170312	9.03293528253
9.03171349283	9.03049170312	9.03293528253
9.03171349283	9.03049170312	9.03293528253
9.03171349283	9.03049170313	9.03293528253
9.03171349283	9.03049170313	9.03293528253
9.03171349283	9.03049170313	9.03293528254
9.03171349283	9.03049170313	9.03293528254
9.03171349283	9.03049170313	9.03293528254
9.03171349284	9.03049170313	9.03293528254
9.03171349284	9.03049170313	9.03293528254
9.03171349284	9.03049170313	9.03293528254
9.03171349284	9.03049170314	9.03293528254
9.03171349284	9.03049170314	9.03293528254
9.03171349284	9.03049170314	9.03293528255
9.03171349284	9.03049170314	9.03293528255
9.03171349284	9.03049170314	9.03293528255
9.03171349284	9.03049170314	9.03293528255
9.03171349285	9.03049170314	9.03293528255
9.03171349285	9.03049170314	9.03293528255
9.03171349285	9.03049170314	9.03293528255
9.03171349285	9.03049170314	9.03293528255
9.03171349285	9.03049170314	9.03293528255
9.03171349285	9.03049170315	9.03293528255
9.03171349285	9.03049170315	9.03293528255
9.03171349285	9.03049170315	9.03293528256
9.03171349285	9.03049170315	9.03293528256
9.03171349285	9.03049170315	9.03293528256
9.03171349285	9.03049170315	9.03293528256
9.03171349285	9.03049170315	9.03293528256
9.03171349286	9.03049170315	9.03293528256
9.03171349286	9.03049170315	9.03293528256
9.03171349286	9.03049170315	9.03293528256
9.03171349286	9.03049170315	9.03293528256
9.03171349286	9.03049170315	9.03293528256
9.03171349286	9.03049170315	9.03293528256
9.03171349286	9.03049170316	9.03293528256
9.03171349286	9.03049170316	9.03293528256
9.03171349286	9.03049170316	9.03293528256
9.03171349286	9.03049170316	9.03293528257
9.03171349286	9.03049170316	9.03293528257
9.03171349286	9.03049170316	9.03293528257
9.03171349286	9.03049170316	9.03293528257
9.03171349286	9.03049170316	9.03293528257
9.03171349286	9.03049170316	9.03293528257
9.03171349286	9.03049170316	9.03293528257
9.03171349287	9.03049170316	9.03293528257
9.03171349287	9.03049170316	9.03293528257
9.03171349287	9.03049170316	9.03293528257
9.03171349287	9.03049170316	9.03293528257
9.03171349287	9.03049170316	9.03293528257
9.03171349287	9.03049170316	9.03293528257
9.03171349287	9.03049170316	9.03293528257
9.03171349287	9.03049170316	9.03293528257
9.03171349287	9.03049170316	9.03293528257
9.03171349287	9.03049170317	9.03293528257
9.03171349287	9.03049170317	9.03293528257
9.03171349287	9.03049170317	9.03293528257
9.03171349287	9.03049170317	9.03293528257
9.03171349287	9.03049170317	9.03293528258
9.03171349287	9.03049170317	9.03293528258
9.03171349287	9.03049170317	9.03293528258
9.03171349287	9.03049170317	9.03293528258
9.03171349287	9.03049170317	9.03293528258
9.03171349287	9.03049170317	9.03293528258
9.03171349287	9.03049170317	9.03293528258
9.03171349287	9.03049170317	9.03293528258
9.03171349287	9.03049170317	9.03293528258
9.03171349287	9.03049170317	9.03293528258
9.03171349287	9.03049170317	9.03293528258
9.03171349288	9.03049170317	9.03293528258
9.03171349288	9.03049170317	9.03293528258
9.03171349288	9.03049170317	9.03293528258
9.03171349288	9.03049170317	9.03293528258
9.03171349288	9.03049170317	9.03293528258
9.03171349288	9.03049170317	9.03293528258
9.03171349288	9.03049170317	9.03293528258
9.03171349288	9.03049170317	9.03293528258
9.03171349288	9.03049170317	9.03293528258
9.03171349288	9.03049170317	9.03293528258
9.03171349288	9.03049170317	9.03293528258
9.03171349288	9.03049170317	9.03293528258
9.03171349288	9.03049170317	9.03293528258
9.03171349288	9.03049170317	9.03293528258
9.03171349288	9.03049170317	9.03293528258
9.03171349288	9.03049170318	9.03293528258
9.03171349288	9.03049170318	9.03293528258
9.03171349288	9.03049170318	9.03293528258
9.03171349288	9.03049170318	9.03293528258
9.03171349288	9.03049170318	9.03293528258
9.03171349288	9.03049170318	9.03293528258
9.03171349288	9.03049170318	9.03293528259
9.03171349288	9.03049170318	9.03293528259
9.03171349288	9.03049170318	9.03293528259
9.03171349288	9.03049170318	9.03293528259
9.03171349288	9.03049170318	9.03293528259
9.03171349288	9.03049170318	9.03293528259
9.03171349288	9.03049170318	9.03293528259
9.03171349288	9.03049170318	9.03293528259
9.03171349288	9.03049170318	9.03293528259
9.03171349288	9.03049170318	9.03293528259
9.03171349288	9.03049170318	9.03293528259
9.03171349288	9.03049170318	9.03293528259
9.03171349288	9.03049170318	9.03293528259
9.03171349288	9.03049170318	9.03293528259
9.03171349288	9.03049170318	9.03293528259
9.03171349288	9.03049170318	9.03293528259
9.03171349288	9.03049170318	9.03293528259
9.03171349288	9.03049170318	9.03293528259
9.03171349288	9.03049170318	9.03293528259
9.03171349288	9.03049170318	9.03293528259
9.03171349288	9.03049170318	9.03293528259
9.03171349288	9.03049170318	9.03293528259
9.03171349288	9.03049170318	9.03293528259
9.03171349288	9.03049170318	9.03293528259
9.03171349288	9.03049170318	9.03293528259
9.03171349288	9.03049170318	9.03293528259
9.03171349289	9.03049170318	9.03293528259
9.03171349289	9.03049170318	9.03293528259
9.03171349289	9.03049170318	9.03293528259
9.03171349289	9.03049170318	9.03293528259
9.03171349289	9.03049170318	9.03293528259
9.03171349289	9.03049170318	9.03293528259
9.03171349289	9.03049170318	9.03293528259
9.03171349289	9.03049170318	9.03293528259
9.03171349289	9.03049170318	9.03293528259
9.03171349289	9.03049170318	9.03293528259
9.03171349289	9.03049170318	9.03293528259
9.03171349289	9.03049170318	9.03293528259
9.03171349289	9.03049170318	9.03293528259
9.03171349289	9.03049170318	9.03293528259
9.03171349289	9.03049170318	9.03293528259
9.03171349289	9.03049170318	9.03293528259
9.03171349289	9.03049170318	9.03293528259
9.03171349289	9.03049170318	9.03293528259
9.03171349289	9.03049170318	9.03293528259
9.03171349289	9.03049170318	9.03293528259
9.03171349289	9.03049170318	9.03293528259
9.03171349289	9.03049170318	9.03293528259
9.03171349289	9.03049170318	9.03293528259
9.03171349289	9.03049170318	9.03293528259
9.03171349289	9.03049170318	9.03293528259
9.03171349289	9.03049170318	9.03293528259
9.03171349289	9.03049170318	9.03293528259
9.03171349289	9.03049170318	9.03293528259
9.03171349289	9.03049170318	9.03293528259
9.03171349289	9.03049170318	9.03293528259
9.03171349289	9.03049170318	9.03293528259
9.03171349289	9.03049170318	9.03293528259
9.03171349289	9.03049170318	9.03293528259
9.03171349289	9.03049170318	9.03293528259
9.03171349289	9.03049170318	9.03293528259
9.03171349289	9.03049170318	9.03293528259
9.03171349289	9.03049170318	9.03293528259
9.03171349289	9.03049170318	9.03293528259
9.03171349289	9.03049170318	9.03293528259
9.03171349289	9.03049170318	9.03293528259
9.03171349289	9.03049170318	9.03293528259
9.03171349289	9.03049170318	9.03293528259
9.03171349289	9.03049170318	9.03293528259
9.03171349289	9.03049170318	9.03293528259
9.03171349289	9.03049170318	9.03293528259
9.03171349289	9.03049170318	9.03293528259
9.03171349289	9.03049170318	9.03293528259
9.03171349289	9.03049170318	9.03293528259
9.03171349289	9.03049170318	9.03293528259
9.03171349289	9.03049170318	9.03293528259
9.03171349289	9.03049170318	9.03293528259
9.03171349289	9.03049170318	9.03293528259
9.03171349289	9.03049170318	9.03293528259
9.03171349289	9.03049170318	9.03293528259
9.03171349289	9.03049170318	9.03293528259
9.03171349289	9.03049170318	9.03293528259
9.03171349289	9.03049170318	9.03293528259
9.03171349289	9.03049170318	9.03293528259
9.03171349289	9.03049170319	9.03293528259
9.03171349289	9.03049170319	9.03293528259
9.03171349289	9.03049170319	9.03293528259
9.03171349289	9.03049170319	9.03293528259
9.03171349289	9.03049170319	9.03293528259
9.03171349289	9.03049170319	9.03293528259
9.03171349289	9.03049170319	9.03293528259
9.03171349289	9.03049170319	9.03293528259
9.03171349289	9.03049170319	9.03293528259
9.03171349289	9.03049170319	9.03293528259
9.03171349289	9.03049170319	9.03293528259
9.03171349289	9.03049170319	9.03293528259
9.03171349289	9.03049170319	9.03293528259
9.03171349289	9.03049170319	9.03293528259
9.03171349289	9.03049170319	9.03293528259
9.03171349289	9.03049170319	9.03293528259
9.03171349289	9.03049170319	9.03293528259
9.03171349289	9.03049170319	9.03293528259
9.03171349289	9.03049170319	9.03293528259
9.03171349289	9.03049170319	9.03293528259
9.03171349289	9.03049170319	9.03293528259
9.03171349289	9.03049170319	9.03293528259
9.03171349289	9.03049170319	9.03293528259
9.03171349289	9.03049170319	9.03293528259
9.03171349289	9.03049170319	9.03293528259
9.03171349289	9.03049170319	9.03293528259
9.03171349289	9.03049170319	9.03293528259
9.03171349289	9.03049170319	9.03293528259
9.03171349289	9.03049170319	9.03293528259
9.03171349289	9.03049170319	9.03293528259
9.03171349289	9.03049170319	9.03293528259
9.03171349289	9.03049170319	9.03293528259
9.03171349289	9.03049170319	9.03293528259
9.03171349289	9.03049170319	9.03293528259
9.03171349289	9.03049170319	9.03293528259
9.03171349289	9.03049170319	9.03293528259
9.03171349289	9.03049170319	9.03293528259
9.03171349289	9.03049170319	9.03293528259
9.03171349289	9.03049170319	9.03293528259
9.03171349289	9.03049170319	9.03293528259
9.03171349289	9.03049170319	9.03293528259
9.03171349289	9.03049170319	9.03293528259
9.03171349289	9.03049170319	9.03293528259
9.03171349289	9.03049170319	9.03293528259
9.03171349289	9.03049170319	9.03293528259
9.03171349289	9.03049170319	9.03293528259
9.03171349289	9.03049170319	9.03293528259
9.03171349289	9.03049170319	9.03293528259
9.03171349289	9.03049170319	9.03293528259
9.03171349289	9.03049170319	9.03293528259
9.03171349289	9.03049170319	9.03293528259
9.03171349289	9.03049170319	9.03293528259
9.03171349289	9.03049170319	9.03293528259
9.03171349289	9.03049170319	9.03293528259
9.03171349289	9.03049170319	9.03293528259
9.03171349289	9.03049170319	9.03293528259
9.03171349289	9.03049170319	9.03293528259
9.03171349289	9.03049170319	9.03293528259
9.03171349289	9.03049170319	9.03293528259
9.03171349289	9.03049170319	9.03293528259
9.03171349289	9.03049170319	9.03293528259
9.03171349289	9.03049170319	9.03293528259
9.03171349289	9.03049170319	9.03293528259
9.03171349289	9.03049170319	9.03293528259
9.03171349289	9.03049170319	9.03293528259
9.03171349289	9.03049170319	9.03293528259
9.03171349289	9.03049170319	9.03293528259
9.03171349289	9.03049170319	9.03293528259
9.03171349289	9.03049170319	9.03293528259
9.03171349289	9.03049170319	9.0329352826
9.03171349289	9.03049170319	9.0329352826
9.03171349289	9.03049170319	9.0329352826
9.03171349289	9.03049170319	9.0329352826
9.03171349289	9.03049170319	9.0329352826
9.03171349289	9.03049170319	9.0329352826
9.03171349289	9.03049170319	9.0329352826
9.03171349289	9.03049170319	9.0329352826
9.03171349289	9.03049170319	9.0329352826
9.03171349289	9.03049170319	9.0329352826
9.03171349289	9.03049170319	9.0329352826
9.03171349289	9.03049170319	9.0329352826
9.03171349289	9.03049170319	9.0329352826
9.03171349289	9.03049170319	9.0329352826
9.03171349289	9.03049170319	9.0329352826
9.03171349289	9.03049170319	9.0329352826
9.03171349289	9.03049170319	9.0329352826
9.03171349289	9.03049170319	9.0329352826
9.03171349289	9.03049170319	9.0329352826
9.03171349289	9.03049170319	9.0329352826
9.03171349289	9.03049170319	9.0329352826
9.03171349289	9.03049170319	9.0329352826
9.03171349289	9.03049170319	9.0329352826
9.03171349289	9.03049170319	9.0329352826
9.03171349289	9.03049170319	9.0329352826
9.03171349289	9.03049170319	9.0329352826
9.03171349289	9.03049170319	9.0329352826
9.03171349289	9.03049170319	9.0329352826
9.03171349289	9.03049170319	9.0329352826
9.03171349289	9.03049170319	9.0329352826
9.03171349289	9.03049170319	9.0329352826
9.03171349289	9.03049170319	9.0329352826
9.03171349289	9.03049170319	9.0329352826
9.03171349289	9.03049170319	9.0329352826
9.03171349289	9.03049170319	9.0329352826
9.03171349289	9.03049170319	9.0329352826
9.03171349289	9.03049170319	9.0329352826
9.03171349289	9.03049170319	9.0329352826
9.03171349289	9.03049170319	9.0329352826
9.03171349289	9.03049170319	9.0329352826
9.03171349289	9.03049170319	9.0329352826
9.03171349289	9.03049170319	9.0329352826
9.03171349289	9.03049170319	9.0329352826
9.03171349289	9.03049170319	9.0329352826
9.03171349289	9.03049170319	9.0329352826
9.03171349289	9.03049170319	9.0329352826
9.03171349289	9.03049170319	9.0329352826
9.03171349289	9.03049170319	9.0329352826
9.03171349289	9.03049170319	9.0329352826
9.03171349289	9.03049170319	9.0329352826
9.03171349289	9.03049170319	9.0329352826
9.03171349289	9.03049170319	9.0329352826
9.03171349289	9.03049170319	9.0329352826
9.03171349289	9.03049170319	9.0329352826
9.03171349289	9.03049170319	9.0329352826
9.03171349289	9.03049170319	9.0329352826
9.03171349289	9.03049170319	9.0329352826
9.03171349289	9.03049170319	9.0329352826
9.03171349289	9.03049170319	9.0329352826
9.03171349289	9.03049170319	9.0329352826
9.03171349289	9.03049170319	9.0329352826
9.03171349289	9.03049170319	9.0329352826
9.03171349289	9.03049170319	9.0329352826
9.03171349289	9.03049170319	9.0329352826
9.03171349289	9.03049170319	9.0329352826
9.03171349289	9.03049170319	9.0329352826
9.03171349289	9.03049170319	9.0329352826
9.03171349289	9.03049170319	9.0329352826
9.03171349289	9.03049170319	9.0329352826
9.03171349289	9.03049170319	9.0329352826
9.03171349289	9.03049170319	9.0329352826
9.03171349289	9.03049170319	9.0329352826
9.03171349289	9.03049170319	9.0329352826
9.03171349289	9.03049170319	9.0329352826
9.03171349289	9.03049170319	9.0329352826
9.03171349289	9.03049170319	9.0329352826
9.03171349289	9.03049170319	9.0329352826
9.03171349289	9.03049170319	9.0329352826
9.03171349289	9.03049170319	9.0329352826
