-3.75121388312	-5.57552568396	-1.92690208227
-3.1440010446	-4.94464320232	-1.34335888688
-2.54499007821	-4.32303028058	-0.766949875838
-1.9540701979	-3.71053958987	-0.197600805924
-1.37113211407	-3.10702535243	0.364761124295
-0.796068013325	-2.5123433788	0.920207352147
-0.22877153856	-1.92635110724	1.46880803012
0.330862230727	-1.34890764462	2.01063210608
0.882936797834	-0.779873807953	2.54574740362
1.42755426799	-0.2191121661	3.07422070209
1.96481536727	0.333512919193	3.59611781534
2.49481946116	0.878135253509	4.11150366882
3.01766457302	1.41488677181	4.62044237423
3.53344740213	1.94389750287	5.1229973014
4.04226334165	2.46529553659	5.61923114671
4.54420649619	2.97920699455	6.10920599783
5.03936969928	3.48575600421	6.59298339436
5.52784453049	3.9850646769	7.07062438408
6.0097213324	4.47725309005	7.54218957474
6.48508922728	4.9624392734	8.00773918116
6.9540361336	5.44073919963	8.46733306757
7.41664878229	5.91226677921	8.92103078537
7.87301273275	6.37713385938	9.36889160613
8.3232123887	6.83545022728	9.81097455013
8.7673310138	7.28732361706	10.2473384105
9.205450747	7.73285972063	10.6780417734
9.6376526178	8.17216220205	11.1031430336
10.0640165612	8.60533271522	11.5227004072
10.4846214324	9.0324709245	11.9367719404
10.8995450217	9.45367452826	12.3454155151
11.3088640683	9.86903928486	12.7486888518
11.7126542752	10.2786590408	13.1466495096
12.1109903226	10.6826257611	13.5393548842
12.5039458822	11.0810295609	13.9268622035
12.8915936303	11.4739587388	14.3092285218
13.2740052618	11.8614998117	14.6865107119
13.6512515029	12.2437375498	15.058765456
14.0234021248	12.6207550133	15.4260492363
14.3905259561	12.9926335887	15.7884183235
14.7526908956	13.359453026	16.1459287652
15.1099639252	13.7212914765	16.498636374
15.4624111219	14.0782255291	16.8465967147
15.8100976702	14.4303302488	17.1898650916
16.153087874	14.7776792124	17.5284965357
16.491445169	15.1203445462	17.8625457918
16.8252321335	15.4583969614	18.1920673057
17.1545105011	15.7919057904	18.5171152118
17.4793411711	16.1209390214	18.8377433208
17.7997842203	16.4455633331	19.1540051076
18.1158989143	16.7658441286	19.4659537001
18.4277437178	17.0818455678	19.7736418679
18.7353763061	17.3936306003	20.0771220118
19.0388535751	17.7012609964	20.3764461538
19.3382316526	18.0047973779	20.6716659274
19.633565908	18.3042992477	20.9628325683
19.9249109628	18.5998250189	21.2499969067
20.2123207008	18.891432043	21.5332093585
20.4958482779	19.1791766371	21.8125199188
20.7755461321	19.4631141101	22.0879781541
21.051465993	19.743298789	22.3596331971
21.3236588915	20.019784043	22.6275337401
21.5921751693	20.2926223081	22.8917280304
21.8570644878	20.5618651103	23.1522638653
22.118375838	20.8275630879	23.4091885881
22.3761575489	21.0897660138	23.6625490841
22.6304572969	21.3485228158	23.9123917779
22.8813221141	21.603881598	24.1587626302
23.1287983977	21.8558896598	24.4017071356
23.3729319179	22.104593515	24.6412703207
23.6137678268	22.3500389109	24.8774967427
23.8513506666	22.5922708452	25.1104304879
24.0857243778	22.8313335842	25.3401151715
24.3169323075	23.0672706785	25.5665939364
24.5450172171	23.3001249801	25.789909454
24.7700212905	23.5299386573	26.0101039237
24.991986142	23.7567532101	26.2272190738
25.2109528234	23.9806094847	26.441296162
25.4269618322	24.2015476878	26.6523759767
25.6400531191	24.4196073999	26.8604988383
25.8502660948	24.6348275891	27.0657046005
26.0576396379	24.8472466235	27.2680326523
26.2622121018	25.0569022839	27.4675219197
26.4640213217	25.2638317754	27.664210868
26.6631046219	25.4680717396	27.8581375042
26.8594988226	25.6696582658	28.0493393794
27.0532402465	25.8686269018	28.2378535913
27.2443647258	26.0650126645	28.4237167871
27.4329076086	26.2588500504	28.6069651667
27.6189037655	26.4501730458	28.7876344853
27.8023875963	26.639015136	28.9657600566
27.983393036	26.8254093154	29.1413767565
28.1619535612	27.0093880963	29.314519026
28.3381021963	27.1909835177	29.4852208748
28.5118715198	27.3702271546	29.653515885
28.6832936699	27.5471501257	29.8194372142
28.852400351	27.7217831022	29.9830175998
29.019222839	27.8941563156	30.1442893624
29.1837919874	28.0642995654	30.3032844094
29.346138233	28.2322422269	30.4600342392
29.5062916015	28.3980132582	30.6145699449
29.664281713	28.561641208	30.766922218
29.8201377874	28.723154222	30.9171213528
29.9738886501	28.8825800504	31.0651972498
30.125562737	29.0399460539	31.2111794201
30.2751881	29.1952792107	31.3550969892
30.422792412	29.3486061228	31.4969787012
30.5684029722	29.4999530218	31.6368529226
30.712046711	29.6493457757	31.7747476464
30.8537501951	29.7968098942	31.9106904961
30.9935396323	29.9423705348	32.0447087299
31.1314408764	30.0860525082	32.1768292447
31.2674794321	30.2278802842	32.3070785799
31.4016804593	30.367877997	32.4354829215
31.5340687783	30.5060694501	32.5620681065
31.6646688742	30.642478122	32.6868596263
31.7935049012	30.7771271712	32.8098826311
31.9206006872	30.9100394409	32.9311619336
32.0459797386	31.0412374638	33.0507220133
32.1696652438	31.1707434674	33.1685870201
32.2916800783	31.2985793782	33.2847807783
32.4120468085	31.4247668263	33.3993267907
32.5307876961	31.54932715	33.5122482421
32.6479247019	31.6722814003	33.6235680035
32.7634794904	31.7936503449	33.7333086358
32.877473433	31.9134544727	33.8414923933
32.9899276128	32.0317139977	33.948141228
33.1008628281	32.1484488632	34.0532767929
33.210299596	32.263678746	34.156920446
33.3182581567	32.3774230598	34.2590932537
33.424758477	32.4897009594	34.3598159947
33.529820254	32.6005313445	34.4591091635
33.6334629185	32.7099328632	34.5569929739
33.7357056392	32.8179239156	34.6534873628
33.8365673257	32.9245226579	34.7486119935
33.9360666321	33.029747005	34.8423862592
34.0342219607	33.1336146347	34.9348292866
34.1310514651	33.2361429909	35.0259599392
34.2265730538	33.3373492868	35.1157968208
34.3208043933	33.437250508	35.2043582787
34.4137629117	33.5358634163	35.291662407
34.5054658012	33.6332045522	35.3777270503
34.5959300224	33.7292902386	35.4625698062
34.6851723063	33.8241365833	35.5462080293
34.7732091582	33.9177594824	35.628658834
34.8600568604	34.0101746232	35.7099390975
34.9457314751	34.1013974869	35.7900654633
35.0302488477	34.1914433515	35.869054344
35.1136246097	34.2803272951	35.9469219243
35.1958741811	34.3680641979	36.0236841643
35.2770127739	34.4546687456	36.0993568023
35.3570553946	34.5401554315	36.1739553577
35.4360168469	34.6245385598	36.247495134
35.5139117345	34.7078322475	36.3199912216
35.5907544641	34.7900504274	36.3914585007
35.6665592474	34.8712068507	36.4619116441
35.7413401046	34.9513150892	36.53136512
35.8151108661	35.0303885378	36.5998331945
35.8878851758	35.1084404169	36.6673299348
35.9596764931	35.185483775	36.7338692113
36.0304980958	35.2615314908	36.7994647008
36.1003630821	35.3365962756	36.8641298886
36.1692843735	35.4106906755	36.9278780714
36.2372747168	35.4838270736	36.9907223599
36.3043466867	35.5560176924	37.0526756809
36.3705126881	35.6272745959	37.1137507803
36.4357849582	35.6976096914	37.173960225
36.5001755691	35.7670347322	37.233316406
36.5636964297	35.8355613192	37.2918315402
36.6263592881	35.9032009032	37.349517673
36.6881757336	35.9699647866	37.4063866806
36.7491571991	36.0358641259	37.4624502722
36.809314963	36.1009099333	37.5177199927
36.8686601514	36.1651130786	37.5722072242
36.92720374	36.2284842912	37.6259231888
36.9849565565	36.2910341622	37.6788789508
37.041929282	36.3527731458	37.7310854183
37.0981324537	36.4137115615	37.7825533459
37.1535764661	36.4738595958	37.8332933364
37.2082715736	36.5332273037	37.8833158434
37.2622278919	36.5918246111	37.9326311726
37.3154554001	36.6496613157	37.9812494845
37.3679639426	36.7067470895	38.0291807958
37.4197632308	36.7630914797	38.0764349819
37.4708628448	36.818703911	38.1230217785
37.5212722354	36.8735936871	38.1689507836
37.5710007257	36.9277699919	38.2142314595
37.620057513	36.9812418917	38.2588731344
37.6684516702	37.0340183362	38.3028850043
37.7161921478	37.0861081604	38.3462761351
37.7632877752	37.1375200861	38.3890554642
37.8097472626	37.1882627233	38.431231802
37.8555792028	37.2383445716	38.472813834
37.9007920723	37.287774022	38.5138101225
37.945394233	37.336559358	38.5542291079
37.9893939341	37.3847087572	38.5940791109
38.0327993132	37.4322302926	38.6333683338
38.0756183981	37.4791319342	38.6721048621
38.1178591082	37.52542155	38.7102966664
38.1595292557	37.5711069077	38.7479516036
38.2006365474	37.616195676	38.7850774188
38.2411885862	37.6606954258	38.8216817466
38.281192872	37.7046136313	38.8577721127
38.3206568035	37.7479576717	38.8933559354
38.3595876796	37.7907348323	38.928440527
38.3979927004	37.8329523056	38.9630330953
38.4358789689	37.8746171927	38.9971407452
38.4732534921	37.9157365044	39.0307704798
38.5101231823	37.9563171626	39.063929202
38.5464948586	37.9963660013	39.0966237158
38.5823752477	38.0358897676	39.1288607277
38.6177709857	38.0748951234	39.160646848
38.652688619	38.113388646	39.1919885921
38.6871346056	38.1513768293	39.222892382
38.7211153162	38.1888660853	39.2533645471
38.7546370354	38.2258627447	39.283411326
38.787705963	38.2623730584	39.3130388676
38.8203282151	38.2984031981	39.342253232
38.8525098251	38.3339592578	39.3710603923
38.8842567449	38.3690472547	39.3994662351
38.9155748461	38.4036731299	39.4274765623
38.9464699209	38.4378427498	39.4550970919
38.9769476833	38.4715619071	39.4823334594
39.0070137701	38.5048363215	39.5091912187
39.0366737419	38.5376716407	39.5356758431
39.0659330844	38.5700734417	39.5617927271
39.094797209	38.6020472315	39.5875471865
39.123271454	38.6335984477	39.6129444603
39.1513610858	38.6647324603	39.6379897114
39.1790712995	38.6954545715	39.6626880275
39.2064072199	38.7257700175	39.6870444223
39.2333739029	38.7556839689	39.7110638369
39.2599763359	38.7852015317	39.73475114
39.2862194389	38.8143277483	39.7581111295
39.3121080656	38.8430675979	39.7811485333
39.337647004	38.8714259979	39.8038680102
39.3628409776	38.8994078044	39.8262741508
39.3876946459	38.9270178128	39.8483714789
39.4122126054	38.9542607591	39.8701644518
39.4363993909	38.9811413205	39.8916574613
39.4602594756	39.007664116	39.9128548353
39.4837972724	39.0338337071	39.9337608376
39.5070171345	39.0596545991	39.9543796699
39.5299233564	39.0851312412	39.9747154716
39.5525201747	39.1102680277	39.9947723217
39.5748117684	39.1350692983	40.0145542386
39.5968022605	39.1595393392	40.0340651818
39.6184957181	39.1836823837	40.0533090524
39.6398961532	39.2075026128	40.0722896936
39.6610075239	39.2310041558	40.091010892
39.6818337347	39.2541910911	40.1094763782
39.7023786373	39.2770674471	40.1276898275
39.7226460315	39.2996372023	40.1456548607
39.7426396658	39.3219042864	40.1633750451
39.7623632378	39.3438725807	40.1808538949
39.7818203955	39.365545919	40.1980948721
39.8010147374	39.3869280877	40.2151013872
39.8199498135	39.408022827	40.2318768001
39.8386291258	39.428833831	40.2484244206
39.857056129	39.4493647488	40.2647475092
39.8752342311	39.4696191844	40.2808492777
39.8931667941	39.4896006979	40.2967328903
39.9108571347	39.5093128058	40.3124014635
39.9283085246	39.5287589815	40.3278580676
39.9455241914	39.547942656	40.3431057269
39.9625073192	39.5668672182	40.3581474203
39.979261049	39.5855360157	40.3729860823
39.9957884792	39.6039523551	40.3876246034
40.0120926667	39.6221195027	40.4020658308
40.0281766269	39.6400406848	40.416312569
40.0440433345	39.6577190885	40.4303675805
40.0596957239	39.6751578617	40.4442335861
40.0751366901	39.6923601142	40.4579132661
40.0903690889	39.7093289175	40.4714092603
40.1053957374	39.726067306	40.4847241689
40.1202194149	39.7425782766	40.4978605532
40.1348428629	39.7588647901	40.5108209356
40.1492687859	39.774929771	40.5236078009
40.1634998522	39.7907761079	40.5362235965
40.1775386936	39.8064066543	40.5486707329
40.1913879066	39.8218242291	40.5609515842
40.2050500527	39.8370316164	40.573068489
40.2185276585	39.8520315664	40.5850237507
40.2318232169	39.8668267959	40.5968196378
40.2449391866	39.8814199883	40.608458385
40.2578779937	39.8958137942	40.6199421931
40.2706420309	39.910010832	40.6312732299
40.2832336591	39.9240136877	40.6424536305
40.295655207	39.9378249161	40.653485498
40.307908972	39.9514470402	40.6643709038
40.3199972204	39.9648825525	40.6751118882
40.3319221878	39.9781339148	40.6857104609
40.3436860799	39.9912035586	40.6961686011
40.3552910722	40.0040938857	40.7064882587
40.3667393112	40.0168072683	40.7166713541
40.3780329141	40.0293460494	40.7267197789
40.3891739697	40.0417125432	40.7366353962
40.4001645385	40.0539090355	40.7464200416
40.4110066532	40.0659377837	40.7560755227
40.4217023191	40.0778010176	40.7656036205
40.4322535142	40.0895009393	40.775006089
40.44266219	40.1010397237	40.7842846562
40.4529302715	40.1124195188	40.7934410242
40.4630596579	40.1236424459	40.8024768698
40.4730522225	40.1347106002	40.8113938448
40.4829098134	40.1456260506	40.8201935763
40.4926342539	40.1563908405	40.8288776673
40.5022273423	40.1670069877	40.8374476969
40.511690853	40.1774764851	40.8459052209
40.5210265362	40.1878013005	40.8542517718
40.5302361184	40.1979833772	40.8624888597
40.5393213031	40.2080246341	40.8706179721
40.5482837705	40.2179269663	40.8786405748
40.5571251782	40.2276922448	40.8865581116
40.5658471613	40.2373223172	40.8943720054
40.5744513331	40.2468190082	40.9020836581
40.5829392848	40.2561841189	40.9096944507
40.5913125863	40.2654194282	40.9172057443
40.5995727861	40.2745266923	40.92461888
40.6077214121	40.2835076451	40.9319351791
40.6157599712	40.2923639987	40.9391559437
40.6236899503	40.3010974434	40.9462824571
40.6315128158	40.309709648	40.9533159837
40.6392300147	40.31820226	40.9602577695
40.6468429743	40.3265769059	40.9671090426
40.6543531025	40.3348351917	40.9738710133
40.6617617883	40.3429787024	40.9805448742
40.669070402	40.3510090031	40.9871318009
40.6762802952	40.3589276385	40.993632952
40.6833928015	40.3667361336	41.0000494694
40.6904092362	40.3744359937	41.0063824787
40.6973308971	40.3820287049	41.0126330893
40.7041590643	40.3895157338	41.0188023947
40.7108950006	40.3968985282	41.024891473
40.7175399519	40.4041785172	41.0309013866
40.7240951471	40.4113571111	41.0368331831
40.7305617986	40.4184357021	41.0426878951
40.7369411024	40.4254156642	41.0484665406
40.7432342383	40.4322983534	41.0541701232
40.7494423703	40.4390851082	41.0597996324
40.7555666465	40.4457772494	41.0653560436
40.7616081996	40.4523760805	41.0708403187
40.767568147	40.458882888	41.076253406
40.7734475909	40.4652989413	41.0815962405
40.7792476188	40.4716254934	41.0868697441
40.7849693033	40.4778637804	41.0920748262
40.7906137027	40.4840150224	41.097212383
40.7961818608	40.4900804231	41.1022832986
40.8016748076	40.4960611705	41.1072884448
40.8070935589	40.5019584366	41.1122286813
40.812439117	40.507773378	41.1171048559
40.8177124703	40.5135071359	41.1219178048
40.8229145944	40.5191608361	41.1266683526
40.8280464512	40.5247355896	41.1313573128
40.8331089899	40.5302324925	41.1359854873
40.8381031469	40.5356526262	41.1405536676
40.8430298457	40.5409970575	41.1450626339
40.8478899976	40.546266839	41.1495131562
40.8526845014	40.5514630092	41.1539059936
40.8574142439	40.5565865926	41.1582418953
40.8620800999	40.5616385997	41.1625216001
40.8666829322	40.5666200276	41.1667458368
40.8712235922	40.5715318599	41.1709153245
40.8757029196	40.5763750667	41.1750307725
40.880121743	40.5811506052	41.1790928807
40.8844808794	40.5858594194	41.1831023394
40.8887811353	40.5905024407	41.1870598298
40.8930233058	40.5950805877	41.1909660238
40.8972081756	40.5995947665	41.1948215846
40.9013365186	40.6040458708	41.1986271664
40.9054090984	40.6084347823	41.2023834146
40.9094266682	40.6127623704	41.2060909661
40.9133899711	40.6170294928	41.2097504494
40.91729974	40.6212369955	41.2133624845
40.9211566981	40.6253857126	41.2169276835
40.9249615586	40.6294764672	41.2204466501
40.9287150254	40.6335100706	41.2239199801
40.9324177925	40.6374873234	41.2273482616
40.9360705448	40.641409015	41.2307320747
40.939673958	40.6452759237	41.2340719922
40.9432286983	40.6490888175	41.2373685791
40.9467354233	40.6528484535	41.2406223931
40.9501947816	40.6565555785	41.2438339847
40.9536074129	40.6602109287	41.247003897
40.9569739483	40.6638152306	41.2501326661
40.9602950106	40.6673692001	41.2532208211
40.963571214	40.6708735436	41.2562688843
40.9668031643	40.6743289575	41.2592773711
40.9699914594	40.6777361286	41.2622467902
40.9731366889	40.681095734	41.2651776438
40.9762394344	40.6844084416	41.2680704273
40.9793002699	40.6876749099	41.27092563
40.9823197615	40.6908957882	41.2737437347
40.9852984675	40.6940717169	41.2765252181
40.988236939	40.6972033273	41.2792705506
40.9911357193	40.7002912421	41.2819801964
40.9939953445	40.703336075	41.2846546141
40.9968163437	40.7063384313	41.2872942561
40.9995992385	40.709298908	41.289899569
41.0023445436	40.7122180935	41.2924709937
41.0050527667	40.715096568	41.2950089654
41.0077244087	40.7179349037	41.2975139138
41.0103599638	40.7207336647	41.299986263
41.0129599194	40.7234934072	41.3024264316
41.0155247563	40.7262146795	41.304834833
41.0180549489	40.7288980225	41.3072118752
41.0205509651	40.7315439693	41.309557961
41.0230132667	40.7341530454	41.3118734879
41.0254423089	40.7367257691	41.3141588486
41.027838541	40.7392626515	41.3164144306
41.0302024063	40.7417641962	41.3186406165
41.0325343419	40.7442308999	41.3208377839
41.0348347791	40.7466632524	41.3230063057
41.0371041433	40.7490617365	41.3251465501
41.0393428543	40.7514268282	41.3272588804
41.0415513261	40.7537589968	41.3293436554
41.0437299672	40.7560587049	41.3314012294
41.0458791804	40.7583264088	41.3334319521
41.0479993634	40.7605625582	41.3354361687
41.0500909082	40.7627675964	41.33741422
41.0521542017	40.7649419607	41.3393664426
41.0541896254	40.7670860819	41.3412931688
41.0561975558	40.769200385	41.3431947265
41.0581783642	40.7712852889	41.3450714395
41.0601324171	40.7733412065	41.3469236277
41.0620600758	40.7753685449	41.3487516066
41.0639616968	40.7773677056	41.3505556879
41.0658376318	40.7793390843	41.3523361793
41.0676882278	40.781283071	41.3540933846
41.0695138271	40.7832000504	41.3558276037
41.0713147672	40.7850904017	41.3575391328
41.0730913813	40.7869544986	41.359228264
41.074843998	40.7887927097	41.3608952862
41.0765729413	40.7906053983	41.3625404843
41.0782785311	40.7923929226	41.3641641396
41.0799610828	40.7941556356	41.36576653
41.0816209076	40.7958938855	41.3673479297
41.0832583124	40.7976080155	41.3689086094
41.0848736002	40.7992983638	41.3704488366
41.0864670696	40.8009652641	41.3719688751
41.0880390154	40.8026090451	41.3734689856
41.0895897282	40.804230031	41.3749494254
41.0911194949	40.8058285414	41.3764104485
41.0926285985	40.8074048913	41.3778523057
41.094117318	40.8089593913	41.3792752446
41.0955859287	40.8104923477	41.3806795097
41.0970347023	40.8120040623	41.3820653423
41.0984639067	40.8134948326	41.3834329808
41.0998738063	40.8149649521	41.3847826605
41.1012646618	40.81641471	41.3861146136
41.1026367304	40.8178443914	41.3874290694
41.1039902659	40.8192542774	41.3887262545
41.1053255187	40.8206446451	41.3900063923
41.1066427357	40.8220157678	41.3912697036
41.1079421605	40.8233679147	41.3925164062
41.1092240334	40.8247013514	41.3937467154
41.1104885916	40.8260163397	41.3949608434
41.1117360688	40.8273131375	41.3961590001
41.1129666958	40.8285919994	41.3973413923
41.1141807003	40.829853176	41.3985082246
41.1153783067	40.8310969147	41.3996596988
41.1165597366	40.8323234592	41.400796014
41.1177252084	40.8335330499	41.4019173669
41.1188749377	40.8347259236	41.4030239518
41.1200091371	40.8359023139	41.4041159604
41.1211280165	40.837062451	41.4051935819
41.1222317826	40.8382065621	41.4062570032
41.1233206398	40.8393348708	41.4073064088
41.1243947893	40.8404475978	41.4083419808
41.1254544298	40.8415449607	41.409363899
41.1264997574	40.8426271738	41.410372341
41.1275309653	40.8436944485	41.411367482
41.1285482442	40.8447469933	41.412349495
41.1295517823	40.8457850137	41.4133185509
41.1305417652	40.8468087122	41.4142748182
41.1315183761	40.8478182886	41.4152184635
41.1324817954	40.8488139397	41.4161496511
41.1334322014	40.8497958597	41.4170685432
41.13436977	40.8507642398	41.4179753001
41.1352946744	40.8517192689	41.4188700798
41.1362070857	40.8526611329	41.4197530385
41.1371071727	40.8535900152	41.4206243302
41.1379951019	40.8545060965	41.4214841072
41.1388710374	40.8554095552	41.4223325197
41.1397351414	40.856300567	41.4231697158
41.1405875735	40.8571793051	41.4239958419
41.1414284915	40.8580459403	41.4248110427
41.1422580509	40.8589006411	41.4256154606
41.143076405	40.8597435734	41.4264092366
41.1438837053	40.860574901	41.4271925097
41.1446801011	40.8613947852	41.427965417
41.1454657396	40.8622033852	41.4287280941
41.1462407662	40.8630008578	41.4294806746
41.1470053242	40.8637873578	41.4302232907
41.147759555	40.8645630374	41.4309560726
41.1485035981	40.8653280472	41.431679149
41.1492375911	40.8660825353	41.4323926469
41.1499616698	40.8668266479	41.4330966916
41.150675968	40.8675605291	41.4337914069
41.1513806179	40.8682843208	41.434476915
41.1520757498	40.8689981632	41.4351533364
41.1527614923	40.8697021944	41.4358207902
41.1534379722	40.8703965505	41.436479394
41.1541053146	40.8710813656	41.4371292636
41.1547636429	40.8717567723	41.4377705135
41.1554130789	40.8724229009	41.4384032569
41.1560537428	40.8730798802	41.4390276053
41.1566857529	40.8737278369	41.4396436688
41.1573092262	40.8743668961	41.4402515562
41.1579242779	40.8749971812	41.4408513746
41.158531022	40.8756188137	41.4414432302
41.1591295704	40.8762319136	41.4420272273
41.1597200341	40.8768365989	41.4426034693
41.1603025221	40.8774329862	41.443172058
41.1608771422	40.8780211905	41.4437330939
41.1614440007	40.878601325	41.4442866763
41.1620032024	40.8791735015	41.4448329033
41.1625548507	40.87973783	41.4453718714
41.1630990477	40.8802944192	41.4459036762
41.163635894	40.8808433761	41.4464284119
41.1641654889	40.8813848063	41.4469461714
41.1646879303	40.881918814	41.4474570466
41.1652033149	40.8824455017	41.4479611282
41.165711738	40.8829649706	41.4484585054
41.1662132936	40.8834773206	41.4489492667
41.1667080745	40.88398265	41.4494334991
41.1671961722	40.8844810558	41.4499112886
41.167677677	40.8849726338	41.4503827202
41.1681526779	40.8854574781	41.4508478776
41.1686212627	40.8859356819	41.4513068435
41.1690835182	40.8864073368	41.4517596995
41.1695395298	40.8868725332	41.4522065263
41.1699893818	40.8873313604	41.4526474033
41.1704331576	40.8877839062	41.453082409
41.170870939	40.8882302572	41.4535116209
41.1713028072	40.8886704991	41.4539351154
41.171728842	40.889104716	41.454352968
41.1721491221	40.889532991	41.4547652532
41.1725637254	40.8899554062	41.4551720445
41.1729727284	40.8903720423	41.4555734145
41.1733762068	40.890782979	41.4559694347
41.1737742353	40.8911882948	41.4563601759
41.1741668875	40.8915880673	41.4567457077
41.174554236	40.8919823727	41.4571260992
41.1749363523	40.8923712866	41.4575014181
41.1753133073	40.892754883	41.4578717316
41.1756851706	40.8931332354	41.4582371059
41.176052011	40.8935064158	41.4585976062
41.1764138963	40.8938744955	41.4589532971
41.1767708935	40.8942375447	41.4593042423
41.1771230686	40.8945956328	41.4596505044
41.1774704867	40.8949488279	41.4599921455
41.1778132121	40.8952971974	41.4603292268
41.1781513081	40.8956408077	41.4606618086
41.1784848374	40.8959797243	41.4609899505
41.1788138615	40.8963140117	41.4613137114
41.1791384414	40.8966437337	41.4616331492
41.1794586371	40.8969689529	41.4619483212
41.1797745077	40.8972897314	41.462259284
41.1800861117	40.8976061301	41.4625660934
41.1803935068	40.8979182092	41.4628688044
41.1806967498	40.8982260282	41.4631674713
41.1809958967	40.8985296456	41.4634621478
41.1812910029	40.8988291191	41.4637528868
41.181582123	40.8991245056	41.4640397405
41.1818693109	40.8994158613	41.4643227605
41.1821526195	40.8997032415	41.4646019976
41.1824321015	40.8999867009	41.464877502
41.1827078083	40.9002662932	41.4651493234
41.182979791	40.9005420715	41.4654175105
41.1832481	40.9008140883	41.4656821117
41.1835127848	40.9010823951	41.4659431745
41.1837738944	40.9013470429	41.4662007459
41.1840314771	40.9016080818	41.4664548724
41.1842855805	40.9018655614	41.4667055996
41.1845362516	40.9021195305	41.4669529728
41.1847835368	40.9023700372	41.4671970365
41.1850274819	40.902617129	41.4674378347
41.1852681318	40.9028608529	41.4676754108
41.1855055312	40.9031012548	41.4679098077
41.185739724	40.9033383804	41.4681410676
41.1859707534	40.9035722747	41.4683692322
41.1861986622	40.9038029818	41.4685943427
41.1864234926	40.9040305454	41.4688164398
41.1866452861	40.9042550087	41.4690355634
41.1868640837	40.9044764141	41.4692517533
41.1870799259	40.9046948034	41.4694650484
41.1872928527	40.9049102181	41.4696754872
41.1875029034	40.9051226989	41.4698831079
41.1877101168	40.9053322858	41.4700879478
41.1879145313	40.9055390186	41.470290044
41.1881161847	40.9057429364	41.4704894331
41.1883151143	40.9059440776	41.4706861511
41.1885113569	40.9061424802	41.4708802335
41.1887049487	40.9063381818	41.4710717156
41.1888959256	40.9065312194	41.4712606319
41.1890843229	40.9067216293	41.4714470166
41.1892701755	40.9069094475	41.4716309035
41.1894535177	40.9070947095	41.4718123259
41.1896343834	40.9072774502	41.4719913166
41.189812806	40.9074577041	41.4721679079
41.1899888187	40.9076355053	41.472342132
41.1901624538	40.9078108872	41.4725140204
41.1903337436	40.907983883	41.4726836043
41.1905027197	40.9081545252	41.4728509142
41.1906694134	40.9083228461	41.4730159807
41.1908338555	40.9084888774	41.4731788336
41.1909960764	40.9086526503	41.4733395025
41.1911561061	40.9088141958	41.4734980165
41.1913139743	40.9089735442	41.4736544044
41.19146971	40.9091307256	41.4738086945
41.1916233422	40.9092857695	41.4739609148
41.1917748991	40.9094387053	41.474111093
41.191924409	40.9095895616	41.4742592564
41.1920718993	40.9097383669	41.4744054318
41.1922173975	40.9098851492	41.4745496458
41.1923609303	40.9100299361	41.4746919245
41.1925025244	40.9101727548	41.4748322939
41.1926422059	40.9103136323	41.4749707795
41.1927800007	40.910452595	41.4751074064
41.1929159342	40.910589669	41.4752421994
41.1930500316	40.9107248802	41.475375183
41.1931823177	40.9108582539	41.4755063815
41.193312817	40.9109898153	41.4756358186
41.1934415535	40.911119589	41.475763518
41.1935685512	40.9112475995	41.4758895029
41.1936938334	40.9113738708	41.4760137961
41.1938174235	40.9114984266	41.4761364203
41.1939393441	40.9116212903	41.4762573979
41.1940596179	40.911742485	41.4763767508
41.1941782671	40.9118620335	41.4764945007
41.1942953137	40.9119799582	41.4766106692
41.1944107792	40.9120962812	41.4767252773
41.1945246852	40.9122110244	41.4768383459
41.1946370525	40.9123242094	41.4769498957
41.1947479021	40.9124358573	41.4770599469
41.1948572544	40.9125459891	41.4771685196
41.1949651296	40.9126546255	41.4772756337
41.1950715477	40.9127617868	41.4773813085
41.1951765283	40.9128674932	41.4774855634
41.195280091	40.9129717645	41.4775884174
41.1953822547	40.9130746202	41.4776898893
41.1954830386	40.9131760797	41.4777899974
41.195582461	40.9132761619	41.4778887602
41.1956805406	40.9133748855	41.4779861956
41.1957772953	40.9134722692	41.4780823215
41.1958727432	40.9135683312	41.4781771552
41.1959669018	40.9136630893	41.4782707142
41.1960597885	40.9137565615	41.4783630155
41.1961514206	40.9138487652	41.478454076
41.196241815	40.9139397177	41.4785439122
41.1963309884	40.914029436	41.4786325407
41.1964189572	40.914117937	41.4787199775
41.1965057379	40.9142052371	41.4788062387
41.1965913464	40.9142913528	41.4788913399
41.1966757985	40.9143763001	41.4789752968
41.1967591099	40.914460095	41.4790581247
41.1968412959	40.9145427531	41.4791398387
41.1969223719	40.91462429	41.4792204538
41.1970023527	40.9147047208	41.4792999846
41.1970812532	40.9147840606	41.4793784458
41.1971590879	40.9148623243	41.4794558516
41.1972358713	40.9149395265	41.4795322162
41.1973116176	40.9150156816	41.4796075536
41.1973863407	40.9150908039	41.4796818775
41.1974600545	40.9151649074	41.4797552016
41.1975327726	40.915238006	41.4798275393
41.1976045085	40.9153101134	41.4798989037
41.1976752755	40.9153812429	41.479969308
41.1977450865	40.915451408	41.480038765
41.1978139546	40.9155206218	41.4801072874
41.1978818924	40.9155888971	41.4801748878
41.1979489126	40.9156562467	41.4802415785
41.1980150275	40.9157226832	41.4803073718
41.1980802494	40.9157882191	41.4803722797
41.1981445903	40.9158528666	41.480436314
41.1982080621	40.9159166376	41.4804994866
41.1982706766	40.9159795443	41.4805618089
41.1983324453	40.9160415982	41.4806232924
41.1983933797	40.916102811	41.4806839484
41.198453491	40.9161631941	41.4807437879
41.1985127904	40.9162227589	41.4808028219
41.1985712888	40.9162815163	41.4808610612
41.198628997	40.9163394774	41.4809185166
41.1986859257	40.916396653	41.4809751985
41.1987420855	40.9164530538	41.4810311172
41.1987974867	40.9165086903	41.4810862832
41.1988521396	40.9165635728	41.4811407064
41.1989060543	40.9166177117	41.4811943969
41.1989592407	40.9166711169	41.4812473644
41.1990117087	40.9167237986	41.4812996188
41.199063468	40.9167757664	41.4813511695
41.1991145281	40.9168270302	41.4814020261
41.1991648986	40.9168775994	41.4814521978
41.1992145887	40.9169274835	41.4815016939
41.1992636076	40.9169766918	41.4815505234
41.1993119644	40.9170252335	41.4815986953
41.199359668	40.9170731175	41.4816462185
41.1994067273	40.917120353	41.4816931016
41.1994531509	40.9171669485	41.4817393533
41.1994989475	40.9172129129	41.481784982
41.1995441254	40.9172582547	41.4818299961
41.1995886931	40.9173029824	41.4818744039
41.1996326589	40.9173471042	41.4819182135
41.1996760307	40.9173906285	41.481961433
41.1997188168	40.9174335633	41.4820040703
41.1997610249	40.9174759166	41.4820461332
41.1998026628	40.9175176963	41.4820876294
41.1998437384	40.9175589102	41.4821285666
41.1998842591	40.9175995659	41.4821689523
41.1999242325	40.9176396711	41.4822087939
41.199963666	40.9176792333	41.4822480987
41.2000025668	40.9177182597	41.4822868739
41.2000409422	40.9177567576	41.4823251267
41.2000787992	40.9177947343	41.4823628641
41.2001161449	40.9178321967	41.482400093
41.2001529861	40.917869152	41.4824368202
41.2001893297	40.9179056068	41.4824730525
41.2002251824	40.9179415681	41.4825087966
41.2002605508	40.9179770425	41.482544059
41.2002954414	40.9180120366	41.4825788463
41.2003298608	40.918046557	41.4826131647
41.2003638153	40.9180806101	41.4826470206
41.2003973112	40.9181142021	41.4826804202
41.2004303546	40.9181473394	41.4827133697
41.2004629516	40.9181800281	41.4827458751
41.2004951084	40.9182122743	41.4827779424
41.2005268308	40.9182440841	41.4828095775
41.2005581247	40.9182754632	41.4828407862
41.2005889959	40.9183064176	41.4828715743
41.2006194502	40.918336953	41.4829019473
41.200649493	40.9183670751	41.482931911
41.2006791301	40.9183967895	41.4829614707
41.2007083669	40.9184261017	41.482990632
41.2007372087	40.9184550172	41.4830194002
41.200765661	40.9184835414	41.4830477805
41.2007937289	40.9185116795	41.4830757783
41.2008214177	40.9185394368	41.4831033986
41.2008487325	40.9185668185	41.4831306466
41.2008756784	40.9185938296	41.4831575272
41.2009022603	40.9186204751	41.4831840455
41.2009284831	40.9186467601	41.4832102062
41.2009543518	40.9186726894	41.4832360142
41.200979871	40.9186982678	41.4832614742
41.2010050455	40.9187235001	41.483286591
41.20102988	40.9187483909	41.4833113691
41.201054379	40.918772945	41.4833358131
41.2010785471	40.9187971668	41.4833599275
41.2011023888	40.9188210608	41.4833837168
41.2011259084	40.9188446316	41.4834071852
41.2011491104	40.9188678835	41.4834303373
41.2011719989	40.9188908207	41.4834531771
41.2011945783	40.9189134476	41.4834757089
41.2012168527	40.9189357684	41.4834979369
41.2012388262	40.9189577872	41.4835198651
41.2012605029	40.9189795081	41.4835414977
41.2012818868	40.9190009351	41.4835628384
41.2013029819	40.9190220723	41.4835838914
41.201323792	40.9190429235	41.4836046605
41.201344321	40.9190634926	41.4836251495
41.2013645728	40.9190837835	41.4836453621
41.201384551	40.9191037998	41.4836653021
41.2014042593	40.9191235454	41.4836849732
41.2014237015	40.9191430239	41.483704379
41.201442881	40.9191622389	41.483723523
41.2014618014	40.919181194	41.4837424089
41.2014804663	40.9191998927	41.48376104
41.2014988791	40.9192183384	41.4837794198
41.2015170432	40.9192365347	41.4837975517
41.2015349619	40.9192544848	41.483815439
41.2015526386	40.9192721921	41.483833085
41.2015700765	40.9192896599	41.483850493
41.2015872789	40.9193068915	41.4838676662
41.2016042489	40.91932389	41.4838846078
41.2016209897	40.9193406586	41.4839013208
41.2016375043	40.9193572003	41.4839178083
41.2016537959	40.9193735184	41.4839340735
41.2016698675	40.9193896158	41.4839501192
41.2016857219	40.9194054954	41.4839659484
41.2017013622	40.9194211603	41.4839815642
41.2017167913	40.9194366134	41.4839969692
41.2017320119	40.9194518574	41.4840121664
41.201747027	40.9194668953	41.4840271586
41.2017618392	40.9194817298	41.4840419486
41.2017764514	40.9194963638	41.484056539
41.2017908661	40.9195107998	41.4840709325
41.2018050862	40.9195250406	41.4840851319
41.2018191142	40.9195390888	41.4840991397
41.2018329527	40.919552947	41.4841129585
41.2018466043	40.9195666179	41.4841265908
41.2018600715	40.9195801039	41.4841400392
41.2018733568	40.9195934075	41.4841533062
41.2018864627	40.9196065312	41.4841663942
41.2018993915	40.9196194775	41.4841793055
41.2019121457	40.9196322487	41.4841920427
41.2019247276	40.9196448472	41.484204608
41.2019371395	40.9196572754	41.4842170037
41.2019493838	40.9196695355	41.4842292322
41.2019614628	40.9196816299	41.4842412957
41.2019733785	40.9196935607	41.4842531964
41.2019851333	40.9197053302	41.4842649365
41.2019967294	40.9197169406	41.4842765182
41.2020081688	40.919728394	41.4842879436
41.2020194536	40.9197396925	41.4842992148
41.2020305861	40.9197508383	41.4843103339
41.2020415682	40.9197618334	41.484321303
41.2020524019	40.9197726798	41.4843321241
41.2020630893	40.9197833796	41.4843427991
41.2020736324	40.9197939347	41.4843533301
41.202084033	40.9198043471	41.4843637189
41.2020942932	40.9198146188	41.4843739676
41.2021044147	40.9198247516	41.4843840779
41.2021143996	40.9198347474	41.4843940518
41.2021242496	40.919844608	41.4844038911
41.2021339665	40.9198543354	41.4844135976
41.2021435522	40.9198639312	41.4844231731
41.2021530084	40.9198733974	41.4844326194
41.2021623369	40.9198827355	41.4844419382
41.2021715393	40.9198919474	41.4844511312
41.2021806175	40.9199010348	41.4844602002
41.2021895731	40.9199099994	41.4844691468
41.2021984076	40.9199188427	41.4844779726
41.2022071229	40.9199275665	41.4844866793
41.2022157204	40.9199361724	41.4844952684
41.2022242018	40.919944662	41.4845037417
41.2022325687	40.9199530367	41.4845121006
41.2022408225	40.9199612983	41.4845203466
41.2022489648	40.9199694482	41.4845284814
41.2022569972	40.919977488	41.4845365064
41.202264921	40.919985419	41.484544423
41.2022727378	40.9199932429	41.4845522328
41.2022804491	40.920000961	41.4845599372
41.2022880562	40.9200085747	41.4845675376
41.2022955605	40.9200160856	41.4845750354
41.2023029635	40.9200234949	41.484582432
41.2023102664	40.9200308041	41.4845897287
41.2023174708	40.9200380145	41.484596927
41.2023245778	40.9200451274	41.4846040281
41.2023315888	40.9200521442	41.4846110333
41.2023385051	40.9200590662	41.484617944
41.202345328	40.9200658946	41.4846247614
41.2023520587	40.9200726307	41.4846314868
41.2023586986	40.9200792757	41.4846381214
41.2023652487	40.920085831	41.4846446664
41.2023717104	40.9200922976	41.4846511231
41.2023780847	40.9200986768	41.4846574926
41.202384373	40.9201049698	41.4846637762
41.2023905764	40.9201111778	41.4846699749
41.2023966959	40.9201173019	41.4846760899
41.2024027328	40.9201233431	41.4846821224
41.2024086881	40.9201293028	41.4846880735
41.202414563	40.9201351819	41.4846939442
41.2024203586	40.9201409815	41.4846997357
41.2024260759	40.9201467028	41.4847054489
41.2024317159	40.9201523467	41.4847110851
41.2024372798	40.9201579143	41.4847166452
41.2024427685	40.9201634068	41.4847221302
41.202448183	40.9201688249	41.4847275411
41.2024535245	40.9201741699	41.484732879
41.2024587937	40.9201794426	41.4847381449
41.2024639918	40.9201846441	41.4847433396
41.2024691197	40.9201897752	41.4847484643
41.2024741784	40.9201948371	41.4847535197
41.2024791687	40.9201998305	41.4847585069
41.2024840916	40.9202047564	41.4847634267
41.202488948	40.9202096158	41.4847682802
41.2024937388	40.9202144094	41.4847730681
41.2024984649	40.9202191384	41.4847777914
41.2025031271	40.9202238034	41.4847824509
41.2025077264	40.9202284053	41.4847870475
41.2025122635	40.9202329451	41.484791582
41.2025167394	40.9202374235	41.4847960553
41.2025211548	40.9202418414	41.4848004682
41.2025255106	40.9202461996	41.4848048216
41.2025298075	40.9202504989	41.4848091161
41.2025340464	40.9202547401	41.4848133527
41.2025382281	40.920258924	41.4848175321
41.2025423532	40.9202630514	41.4848216551
41.2025464227	40.920267123	41.4848257223
41.2025504371	40.9202711395	41.4848297347
41.2025543974	40.9202751018	41.4848336929
41.2025583041	40.9202790106	41.4848375977
41.2025621581	40.9202828665	41.4848414497
41.20256596	40.9202866703	41.4848452497
41.2025697106	40.9202904227	41.4848489985
41.2025734105	40.9202941244	41.4848526966
41.2025770604	40.9202977761	41.4848563447
41.2025806611	40.9203013785	41.4848599436
41.2025842131	40.9203049322	41.484863494
41.2025877171	40.9203084378	41.4848669963
41.2025911738	40.9203118961	41.4848704514
41.2025945838	40.9203153076	41.4848738599
41.2025979477	40.9203186731	41.4848772223
41.2026012662	40.9203219931	41.4848805393
41.2026045399	40.9203252682	41.4848838115
41.2026077693	40.9203284991	41.4848870396
41.2026109552	40.9203316863	41.4848902241
41.202614098	40.9203348304	41.4848933655
41.2026171983	40.9203379321	41.4848964646
41.2026202568	40.9203409918	41.4848995218
41.2026232739	40.9203440102	41.4849025377
41.2026262503	40.9203469878	41.4849055129
41.2026291866	40.9203499252	41.4849084479
41.2026320831	40.9203528229	41.4849113433
41.2026349405	40.9203556815	41.4849141996
41.2026377593	40.9203585014	41.4849170173
41.2026405401	40.9203612832	41.484919797
41.2026432833	40.9203640274	41.4849225391
41.2026459894	40.9203667346	41.4849252442
41.202648659	40.9203694052	41.4849279128
41.2026512925	40.9203720396	41.4849305453
41.2026538904	40.9203746385	41.4849331423
41.2026564533	40.9203772023	41.4849357043
41.2026589815	40.9203797315	41.4849382316
41.2026614756	40.9203822264	41.4849407248
41.202663936	40.9203846877	41.4849431844
41.2026663632	40.9203871157	41.4849456107
41.2026687576	40.9203895109	41.4849480043
41.2026711196	40.9203918737	41.4849503655
41.2026734498	40.9203942046	41.4849526949
41.2026757484	40.920396504	41.4849549928
41.202678016	40.9203987724	41.4849572597
41.202680253	40.9204010101	41.4849594959
41.2026824598	40.9204032176	41.484961702
41.2026846367	40.9204053952	41.4849638783
41.2026867843	40.9204075434	41.4849660251
41.2026889028	40.9204096626	41.484968143
41.2026909928	40.9204117532	41.4849702323
41.2026930545	40.9204138155	41.4849722934
41.2026950883	40.92041585	41.4849743267
41.2026970947	40.9204178569	41.4849763324
41.202699074	40.9204198368	41.4849783112
41.2027010265	40.9204217899	41.4849802631
41.2027029527	40.9204237166	41.4849821888
41.2027048528	40.9204256173	41.4849840884
41.2027067273	40.9204274923	41.4849859623
41.2027085765	40.920429342	41.484987811
41.2027104007	40.9204311667	41.4849896347
41.2027122002	40.9204329667	41.4849914338
41.2027139755	40.9204347424	41.4849932085
41.2027157267	40.9204364941	41.4849949593
41.2027174544	40.9204382222	41.4849966865
41.2027191586	40.9204399269	41.4849983903
41.2027208399	40.9204416086	41.4850000712
41.2027224984	40.9204432676	41.4850017293
41.2027241346	40.9204449041	41.485003365
41.2027257486	40.9204465185	41.4850049787
41.2027273408	40.9204481112	41.4850065705
41.2027289116	40.9204496823	41.4850081409
41.2027304611	40.9204512322	41.48500969
41.2027319897	40.9204527611	41.4850112183
41.2027334976	40.9204542694	41.4850127258
41.2027349852	40.9204557573	41.4850142131
41.2027364527	40.9204572251	41.4850156802
41.2027379003	40.9204586731	41.4850171275
41.2027393284	40.9204601015	41.4850185553
41.2027407372	40.9204615106	41.4850199638
41.202742127	40.9204629007	41.4850213533
41.202743498	40.920464272	41.485022724
41.2027448505	40.9204656248	41.4850240762
41.2027461847	40.9204669593	41.4850254102
41.2027475009	40.9204682758	41.4850267261
41.2027487994	40.9204695744	41.4850280243
41.2027500802	40.9204708556	41.4850293049
41.2027513438	40.9204721194	41.4850305682
41.2027525903	40.9204733662	41.4850318145
41.20275382	40.9204745961	41.4850330439
41.2027550331	40.9204758094	41.4850342568
41.2027562298	40.9204770063	41.4850354532
41.2027574103	40.920478187	41.4850366335
41.2027585748	40.9204793518	41.4850377979
41.2027597237	40.9204805009	41.4850389465
41.202760857	40.9204816344	41.4850400796
41.202761975	40.9204827526	41.4850411974
41.2027630779	40.9204838557	41.4850423001
41.202764166	40.920484944	41.485043388
41.2027652393	40.9204860175	41.4850444611
41.2027662981	40.9204870765	41.4850455197
41.2027673426	40.9204881212	41.4850465641
41.202768373	40.9204891518	41.4850475943
41.2027693895	40.9204901684	41.4850486106
41.2027703923	40.9204911713	41.4850496132
41.2027713815	40.9204921607	41.4850506023
41.2027723574	40.9204931367	41.485051578
41.20277332	40.9204940996	41.4850525405
