-8.8069748013	-7.58706129684	-10.0268883058
-6.12044804317	-5.02559275535	-7.21511388387
-3.70236786917	-2.71987740121	-4.68451762183
-1.52591021424	-0.644379221863	-2.40698163187
0.433068637923	1.22388811858	-0.357199822201
2.19629988413	2.90561585512	1.48760328333
3.78334326859	4.41942927926	3.14792560746
5.21180406155	5.78209401585	4.64221527542
6.49752835681	7.0087017039	5.98707559519
7.65477885439	8.11283713794	7.19744953973
8.69639307844	9.10672872088	8.2867857809
9.63392578551	10.0013838947	9.26718811992
10.4777771429	10.8067110488	10.1495499748
11.2373080989	11.5316292565	10.943675419
11.9209442253	12.1841670547	11.6583881161
12.5362691828	12.7715513602	12.3016293611
13.0901088481	13.3002875091	12.8805463173
13.5886070336	13.7762313034	13.4015714303
14.0372936418	14.2046538652	13.8704938989
14.4411460094	14.5903000141	14.292524001
14.8046441209	14.9374408173	14.6723509851
15.1318203064	15.2499208915	15.0141951739
15.4263039719	15.5312009827	15.3218548566
15.6913618617	15.7843962942	15.5987484925
15.9299342959	16.0123109876	15.8479526941
16.1446677883	16.2174692393	16.072236412
16.3379444043	16.4021431963	16.2740917008
16.5119081856	16.5683781397	16.4557614092
16.668488934	16.7180151371	16.6192641005
16.8094236194	16.8527114321	16.7664164808
16.9362756477	16.9739587988	16.8988535856
17.0504522045	17.0831000631	17.0180469461
17.1532198644	17.1813439747	17.1253209401
17.2457186419	17.269778594	17.2218675073
17.3289746375	17.3493833428	17.3087593932
17.4039114204	17.4210398509	17.3869620683
17.4713602737	17.485541721	17.4573444559
17.5320694158	17.5436033172	17.5206885869
17.5867123009	17.5958676772	17.5776982885
17.6358950893	17.6429136335	17.6290070054
17.6801633718	17.6852622247	17.6751848376
17.7200082221	17.7233824651	17.7167448747
17.7558716439	17.7576965402	17.7541488976
17.7881514747	17.7885844814	17.7878125086
17.8172057988	17.8163883756	17.8181097499
17.8433569192	17.8414161535	17.8453772593
17.8668949338	17.8639450001	17.8699180108
17.8880809526	17.8842244244	17.892004681
17.9071499947	17.902479023	17.9118826784
17.9243135955	17.9189109672	17.9297728711
17.9397621529	17.9337022425	17.9458740399
17.9536670396	17.9470166634	17.9603650877
17.9661825044	17.9590016885	17.9734070271
17.9774473828	17.969790053	17.9851447692
17.9875866375	17.9795012392	17.995708734
17.9967127445	17.9882427992	18.0052162997
18.0049269409	17.9961115467	18.0137731064
18.0123203479	18.0031946288	18.0214742303
18.0189749813	18.0095704912	18.0284052398
18.0249646618	18.0153097473	18.0346431465
18.0303558338	18.0204759598	18.040257261
18.0352083022	18.0251263451	18.0453099627
18.039575896	18.0293124066	18.0498573928
18.0435070654	18.0330805052	18.0539500788
18.0470454195	18.0364723731	18.0576334952
18.0502302096	18.0395255755	18.060948569
18.053096765	18.0422739269	18.0639321345
18.0556768848	18.0447478656	18.0666173427
18.0579991905	18.0469747906	18.0690340295
18.0600894438	18.0489793653	18.0712090469
18.0619708321	18.0507837907	18.073166562
18.063664226	18.0524080508	18.0749283252
18.0651884103	18.0538701345	18.0765139115
18.0665602931	18.0551862346	18.0779409389
18.0677950929	18.056370927	18.0792252631
18.0689065075	18.0574373321	18.0803811545
18.0699068658	18.0583972607	18.0814214566
18.0708072651	18.0592613439	18.0823577281
18.0716176935	18.0600391516	18.0832003723
18.0723471412	18.0607392981	18.0839587518
18.0730037001	18.0613695375	18.0846412932
18.0735946535	18.0619368499	18.0852555803
18.0741265569	18.0624475182	18.0858084385
18.0746053107	18.0629071982	18.0863060108
18.0750362259	18.0633209808	18.0867538257
18.0754240826	18.0636934487	18.087156859
18.0757731834	18.0640287271	18.0875195888
18.0760874009	18.0643305292	18.0878460456
18.0763702208	18.0646021974	18.0881398566
18.0766247804	18.0648467406	18.0884042865
18.0768539035	18.0650668671	18.0886422733
18.0770601319	18.0652650147	18.0888564613
18.0772457533	18.065443378	18.0890492305
18.0774128268	18.0656039324	18.0892227227
18.0775632058	18.065748456	18.0893788657
18.0776985584	18.0658785495	18.0895193943
18.0778203861	18.0659956537	18.08964587
18.0779300404	18.0661010654	18.0897596982
18.0780287376	18.0661959521	18.0898621434
18.0781175728	18.0662813648	18.0899543442
18.0781975312	18.0663582493	18.0900373248
18.0782694999	18.0664274572	18.0901120073
18.0783342773	18.0664897549	18.0901792216
18.0783925819	18.0665458324	18.0902397144
18.0784450605	18.0665963108	18.090294158
18.0784922952	18.0666417491	18.0903431571
18.0785348102	18.0666826506	18.0903872563
18.0785730768	18.0667194682	18.0904269456
18.0786075198	18.0667526097	18.090462666
18.0786385211	18.0667824422	18.0904948143
18.0786664247	18.0668092959	18.0905237478
18.07869154	18.0668334685	18.0905497879
18.0787141457	18.0668552275	18.090573224
18.0787344926	18.0668748139	18.0905943165
18.0787528064	18.0668924447	18.0906132997
18.0787692902	18.0669083152	18.0906303846
18.0787841268	18.066922601	18.090645761
18.078797481	18.0669354604	18.0906595998
18.0788095007	18.0669470359	18.0906720547
18.0788203195	18.0669574556	18.0906832641
18.0788300571	18.0669668349	18.0906933525
18.0788388218	18.0669752778	18.0907024321
18.0788467106	18.0669828777	18.0907106038
18.0788538112	18.0669897187	18.0907179582
18.0788602022	18.0669958767	18.0907245773
18.0788659547	18.0670014198	18.0907305344
18.0788711323	18.0670064095	18.0907358958
18.0788757926	18.067010901	18.0907407211
18.0788799872	18.067014944	18.0907450638
18.0788837627	18.0670185833	18.0907489723
18.0788871609	18.0670218593	18.0907524899
18.0788902195	18.0670248081	18.0907556557
18.0788929725	18.0670274626	18.090758505
18.0788954505	18.067029852	18.0907610693
18.0788976808	18.0670320028	18.0907633772
18.0788996883	18.0670339389	18.0907654543
18.0789014951	18.0670356816	18.0907673238
18.0789031214	18.0670372504	18.0907690062
18.0789045853	18.0670386625	18.0907705204
18.0789059028	18.0670399337	18.0907718832
18.0789070887	18.0670410779	18.0907731097
18.0789081561	18.0670421078	18.0907742136
18.0789091168	18.067043035	18.0907752071
18.0789099816	18.0670438695	18.0907761012
18.0789107599	18.0670446207	18.0907769059
18.0789114605	18.067045297	18.0907776302
18.078912091	18.0670459057	18.090778282
18.0789126586	18.0670464536	18.0907788686
18.0789131694	18.0670469468	18.0907793966
18.0789136292	18.0670473908	18.0907798718
18.078914043	18.0670477904	18.0907802994
18.0789144155	18.0670481502	18.0907806843
18.0789147508	18.067048474	18.0907810307
18.0789150526	18.0670487655	18.0907813425
18.0789153242	18.0670490279	18.0907816231
18.0789155687	18.067049264	18.0907818756
18.0789157887	18.0670494766	18.0907821029
18.0789159868	18.067049668	18.0907823074
18.078916165	18.0670498403	18.0907824915
18.0789163255	18.0670499954	18.0907826572
18.0789164699	18.0670501349	18.0907828063
18.0789165999	18.0670502606	18.0907829405
18.0789167169	18.0670503737	18.0907830613
18.0789168222	18.0670504755	18.09078317
18.078916917	18.0670505671	18.0907832678
18.0789170023	18.0670506496	18.0907833559
18.0789170791	18.0670507239	18.0907834351
18.0789171482	18.0670507907	18.0907835064
18.0789172105	18.0670508509	18.0907835706
18.0789172665	18.0670509051	18.0907836284
18.0789173169	18.0670509538	18.0907836804
18.0789173622	18.0670509977	18.0907837272
18.078917403	18.0670510372	18.0907837693
18.0789174398	18.0670510728	18.0907838072
18.0789174729	18.0670511048	18.0907838413
18.0789175026	18.0670511336	18.090783872
18.0789175294	18.0670511595	18.0907838996
18.0789175536	18.0670511829	18.0907839245
18.0789175753	18.0670512039	18.0907839469
18.0789175948	18.0670512228	18.090783967
18.0789176124	18.0670512398	18.0907839852
18.0789176282	18.0670512552	18.0907840015
18.0789176425	18.067051269	18.0907840162
18.0789176553	18.0670512814	18.0907840294
18.0789176669	18.0670512926	18.0907840413
18.0789176772	18.0670513026	18.090784052
18.0789176866	18.0670513117	18.0907840616
18.078917695	18.0670513198	18.0907840703
18.0789177026	18.0670513272	18.0907840781
18.0789177094	18.0670513338	18.0907840851
18.0789177155	18.0670513397	18.0907840914
18.0789177211	18.0670513451	18.0907840971
18.078917726	18.0670513499	18.0907841022
18.0789177305	18.0670513542	18.0907841068
18.0789177346	18.0670513582	18.090784111
18.0789177382	18.0670513617	18.0907841147
18.0789177414	18.0670513648	18.0907841181
18.0789177444	18.0670513677	18.0907841211
18.078917747	18.0670513702	18.0907841238
18.0789177494	18.0670513726	18.0907841263
18.0789177515	18.0670513746	18.0907841285
18.0789177535	18.0670513765	18.0907841305
18.0789177552	18.0670513782	18.0907841323
18.0789177568	18.0670513797	18.0907841339
18.0789177582	18.0670513811	18.0907841353
18.0789177594	18.0670513823	18.0907841366
18.0789177606	18.0670513834	18.0907841378
18.0789177616	18.0670513844	18.0907841388
18.0789177625	18.0670513853	18.0907841398
18.0789177634	18.0670513861	18.0907841406
18.0789177641	18.0670513868	18.0907841414
18.0789177648	18.0670513875	18.0907841421
18.0789177654	18.0670513881	18.0907841427
18.0789177659	18.0670513886	18.0907841433
18.0789177664	18.0670513891	18.0907841438
18.0789177669	18.0670513895	18.0907841442
18.0789177673	18.0670513899	18.0907841446
18.0789177676	18.0670513902	18.090784145
18.0789177679	18.0670513905	18.0907841453
18.0789177682	18.0670513908	18.0907841456
18.0789177685	18.0670513911	18.0907841459
18.0789177687	18.0670513913	18.0907841461
18.0789177689	18.0670513915	18.0907841464
18.0789177691	18.0670513917	18.0907841466
18.0789177693	18.0670513919	18.0907841467
18.0789177694	18.067051392	18.0907841469
18.0789177696	18.0670513921	18.090784147
18.0789177697	18.0670513923	18.0907841472
18.0789177698	18.0670513924	18.0907841473
18.0789177699	18.0670513925	18.0907841474
18.07891777	18.0670513926	18.0907841475
18.0789177701	18.0670513926	18.0907841476
18.0789177702	18.0670513927	18.0907841476
18.0789177702	18.0670513928	18.0907841477
18.0789177703	18.0670513928	18.0907841478
18.0789177704	18.0670513929	18.0907841478
18.0789177704	18.0670513929	18.0907841479
18.0789177704	18.067051393	18.0907841479
18.0789177705	18.067051393	18.090784148
18.0789177705	18.067051393	18.090784148
18.0789177706	18.0670513931	18.090784148
18.0789177706	18.0670513931	18.0907841481
18.0789177706	18.0670513931	18.0907841481
