0	0	0	
0	0	0	
0	0	0	
0	0	0	
0	0	0	
0	0	0	
0	0	0	
0	0	0	
0	0	0	
0	0	0	
1	1	0	
1	1	0	
1	2	0	
1	2	0	
1	2	0	
2	2	0	
3	3	0	
4	3	0	
4	4	1	
5	5	1	
6	5	1	
7	5	1	
8	5	1	
9	6	2	
9	7	3	
10	7	3	
10	7	3	
10	8	3	
10	8	4	
10	8	4	
10	8	4	
11	9	4	
11	9	5	
12	9	5	
12	10	5	
13	10	5	
14	10	6	
14	10	7	
14	10	8	
15	10	9	
16	11	10	
16	12	10	
16	13	11	
16	13	12	
16	13	12	
17	13	12	
18	13	12	
19	13	12	
19	14	13	
19	14	13	
19	14	13	
19	14	14	
19	14	14	
19	14	14	
20	14	14	
20	14	14	
21	14	15	
21	14	15	
21	15	15	
21	15	15	
22	15	16	
22	16	16	
22	17	16	
22	18	17	
23	18	18	
23	18	19	
23	18	19	
23	18	19	
23	18	19	
23	18	19	
23	18	20	
24	19	21	
24	20	22	
24	21	22	
24	21	22	
24	21	22	
24	21	22	
24	21	23	
24	21	23	
24	21	23	
24	21	23	
24	21	23	
25	21	23	
25	21	23	
25	22	23	
25	23	23	
25	23	23	
26	23	23	
26	23	23	
26	23	23	
26	23	23	
27	24	23	
27	25	24	
27	25	24	
27	25	24	
28	26	25	
29	26	26	
29	26	27	
30	26	27	
30	27	27	
30	27	27	
30	27	27	
30	27	27	
30	27	27	
30	27	27	
30	28	27	
30	28	28	
30	28	28	
31	28	28	
31	28	29	
31	28	29	
32	28	29	
32	28	29	
32	28	29	
33	29	30	
33	29	31	
33	29	31	
33	29	31	
33	29	32	
33	29	32	
33	29	32	
33	29	32	
33	29	32	
33	29	33	
33	29	33	
33	29	33	
33	29	34	
33	29	35	
33	29	35	
33	29	35	
33	29	35	
33	29	35	
33	29	35	
33	29	35	
33	29	35	
33	29	35	
33	29	35	
33	29	35	
33	29	35	
33	29	35	
33	29	35	
33	30	35	
33	30	35	
33	30	35	
34	30	35	
34	30	35	
34	31	35	
34	32	35	
34	32	36	
34	32	36	
34	32	36	
34	32	36	
34	32	36	
34	32	36	
34	32	36	
34	33	36	
34	33	37	
34	33	37	
34	34	37	
34	34	37	
35	34	37	
36	34	38	
36	34	38	
36	34	38	
36	34	39	
36	35	39	
36	35	40	
36	35	40	
36	35	41	
36	35	41	
36	35	41	
36	35	41	
36	35	41	
36	35	41	
36	35	41	
36	35	41	
36	35	41	
36	35	42	
36	35	43	
37	36	43	
37	36	43	
37	36	43	
37	36	43	
38	36	43	
39	36	43	
40	36	43	
40	36	43	
40	36	44	
40	36	44	
41	36	44	
41	36	44	
42	36	44	
42	36	45	
42	36	45	
42	36	45	
42	36	45	
42	36	45	
42	36	45	
42	36	45	
42	36	45	
42	36	46	
43	36	46	
43	36	46	
43	36	46	
43	36	46	
44	36	47	
44	37	47	
44	37	48	
44	37	48	
45	37	48	
45	37	48	
45	37	48	
45	37	48	
45	37	48	
45	37	48	
45	37	48	
45	37	48	
45	38	48	
45	38	48	
45	38	48	
45	38	48	
45	38	48	
45	38	48	
45	38	48	
45	38	48	
45	38	48	
45	38	48	
45	38	49	
45	38	50	
45	38	50	
45	38	51	
45	38	51	
45	38	51	
45	38	51	
45	38	51	
45	38	51	
45	38	51	
45	38	51	
45	38	51	
45	38	51	
45	38	51	
46	38	51	
46	38	51	
46	38	51	
46	38	51	
46	38	51	
46	38	51	
46	38	51	
46	38	51	
46	38	51	
46	38	51	
46	38	51	
47	38	52	
47	38	52	
47	39	52	
47	39	52	
47	39	52	
47	39	52	
47	39	52	
47	39	52	
47	39	52	
47	39	52	
48	39	52	
48	39	52	
48	39	52	
48	39	52	
48	39	52	
48	39	52	
48	39	52	
48	39	52	
49	39	52	
49	39	53	
49	39	53	
49	39	53	
49	39	53	
49	39	53	
49	39	53	
50	39	53	
50	39	53	
50	39	53	
50	39	53	
50	39	53	
50	39	53	
50	39	53	
50	39	53	
50	39	53	
50	39	53	
50	40	53	
50	40	53	
50	40	53	
50	40	53	
50	40	53	
50	40	54	
50	40	54	
50	40	54	
50	40	54	
51	40	54	
51	40	54	
51	41	54	
51	41	54	
51	41	54	
51	41	54	
51	41	54	
52	41	55	
52	41	55	
52	41	55	
53	41	55	
53	41	55	
53	42	55	
53	42	55	
53	42	55	
53	42	55	
53	42	55	
54	42	55	
54	42	55	
54	42	55	
54	42	55	
55	42	55	
55	43	55	
55	43	55	
55	43	55	
55	43	55	
55	43	55	
56	43	55	
56	43	55	
56	43	55	
56	43	55	
56	43	56	
56	43	56	
56	43	56	
56	43	57	
56	43	57	
57	43	57	
57	43	57	
57	43	57	
57	43	57	
57	43	57	
57	43	57	
57	43	57	
57	43	57	
57	43	57	
57	43	57	
57	43	57	
57	43	57	
57	43	57	
57	44	57	
57	44	57	
57	44	57	
57	44	57	
57	44	57	
57	44	57	
57	44	57	
57	44	57	
57	44	57	
57	44	57	
57	44	57	
57	44	57	
57	44	57	
57	44	57	
57	44	57	
57	44	57	
57	44	57	
58	44	57	
58	44	57	
58	44	57	
58	44	57	
59	44	57	
59	45	57	
59	45	57	
59	45	57	
59	45	57	
59	45	57	
59	45	57	
59	45	57	
59	45	57	
60	45	57	
61	45	57	
61	45	57	
61	45	57	
61	45	57	
61	45	57	
61	45	57	
61	45	57	
61	45	57	
61	45	57	
62	45	57	
62	46	57	
62	46	57	
62	47	57	
62	47	58	
62	47	58	
62	47	58	
62	47	58	
62	47	58	
62	47	58	
62	47	58	
62	47	58	
62	47	58	
62	47	58	
62	47	58	
62	47	59	
62	47	59	
62	47	59	
62	47	59	
62	47	60	
62	47	60	
62	47	60	
62	47	60	
62	47	60	
62	47	60	
62	47	60	
62	47	60	
62	47	60	
62	47	60	
62	47	60	
62	47	60	
62	47	60	
62	47	60	
62	47	60	
62	47	60	
62	47	60	
62	47	60	
62	47	60	
62	47	60	
62	47	60	
62	47	60	
62	47	60	
63	47	60	
63	47	60	
63	47	60	
63	47	60	
63	47	60	
63	47	60	
63	47	60	
63	47	60	
63	48	60	
63	48	60	
63	48	60	
63	48	60	
63	48	60	
63	48	60	
63	48	60	
63	48	60	
63	48	60	
63	48	60	
63	48	60	
63	48	60	
63	48	60	
63	48	60	
63	48	60	
63	48	60	
63	48	60	
63	48	60	
63	48	60	
63	48	60	
63	48	60	
63	48	60	
63	48	60	
63	48	60	
63	48	60	
63	48	60	
63	48	60	
63	48	60	
63	48	60	
63	48	60	
63	48	60	
63	48	60	
63	48	60	
63	48	60	
63	48	60	
63	48	60	
63	48	60	
63	48	60	
63	48	60	
63	48	60	
63	48	60	
63	48	60	
63	48	60	
63	48	60	
63	48	60	
63	48	60	
63	48	60	
63	48	60	
63	48	60	
63	48	60	
63	48	60	
63	48	60	
63	48	60	
63	48	60	
63	48	60	
63	48	60	
63	48	60	
63	48	60	
63	48	60	
63	48	60	
63	48	60	
63	48	60	
63	48	61	
63	48	61	
63	48	61	
63	48	61	
63	48	61	
63	48	61	
63	48	61	
63	48	61	
63	48	61	
63	48	61	
63	48	61	
63	48	61	
63	48	61	
63	48	61	
63	48	61	
63	48	61	
63	48	61	
63	48	61	
63	48	61	
63	48	61	
63	48	61	
63	48	61	
63	48	61	
63	48	61	
63	48	61	
63	48	61	
63	48	62	
63	48	62	
63	48	62	
63	48	62	
63	48	62	
63	48	62	
63	48	62	
63	48	62	
63	48	62	
63	49	62	
63	49	62	
63	49	62	
63	49	62	
63	49	62	
63	49	62	
63	49	62	
63	49	62	
63	49	62	
63	49	62	
63	49	62	
63	49	62	
63	49	62	
63	50	62	
63	50	62	
63	50	62	
63	50	62	
63	50	62	
63	50	62	
63	50	62	
63	50	62	
63	50	62	
63	50	62	
63	50	62	
63	50	62	
63	50	62	
63	50	62	
63	50	62	
63	50	62	
63	50	62	
63	50	62	
63	50	62	
63	50	62	
63	50	62	
63	50	62	
63	50	63	
63	50	63	
63	50	63	
63	50	63	
63	50	63	
63	50	63	
63	50	63	
63	50	63	
63	50	63	
63	50	63	
63	50	63	
63	50	63	
63	50	63	
63	50	63	
63	50	63	
63	50	63	
63	50	63	
63	50	63	
63	50	63	
63	50	63	
63	50	63	
63	50	63	
63	50	63	
63	50	63	
63	50	63	
63	50	63	
63	50	63	
63	50	63	
63	50	63	
63	50	63	
63	50	63	
63	50	63	
63	50	63	
63	50	63	
63	50	63	
63	50	63	
63	50	63	
63	50	63	
63	50	63	
63	50	63	
63	50	64	
63	50	64	
63	50	64	
63	50	64	
63	50	64	
63	50	64	
63	50	64	
63	50	64	
63	50	64	
63	50	64	
63	50	64	
63	50	64	
63	50	64	
64	50	64	
64	50	64	
64	50	64	
64	50	64	
64	50	64	
64	50	64	
65	50	64	
65	50	64	
65	50	64	
65	50	64	
65	50	64	
65	50	64	
65	50	64	
65	50	64	
65	50	64	
65	50	64	
66	50	64	
66	50	64	
66	50	64	
66	50	64	
66	50	64	
66	50	64	
66	50	64	
66	50	64	
66	50	64	
66	50	64	
66	50	64	
66	50	64	
66	50	64	
66	50	64	
66	50	64	
66	50	64	
66	50	64	
66	50	64	
66	50	64	
66	50	64	
66	50	64	
66	50	64	
66	50	64	
66	50	64	
66	50	64	
66	50	64	
66	50	64	
66	50	64	
66	50	64	
66	50	64	
66	50	64	
66	50	64	
66	50	64	
66	50	64	
66	50	64	
66	50	64	
66	50	64	
66	50	64	
66	50	64	
66	50	64	
66	50	64	
66	50	64	
66	50	64	
66	50	64	
66	50	64	
66	50	64	
66	50	64	
66	50	64	
66	50	64	
66	50	64	
66	50	64	
66	50	64	
66	50	64	
66	50	64	
66	50	64	
66	50	64	
66	50	64	
66	50	64	
66	50	64	
66	50	64	
66	50	64	
66	50	64	
66	50	64	
66	50	64	
66	50	64	
66	50	64	
66	50	64	
66	50	64	
66	50	64	
66	50	64	
66	50	64	
66	50	64	
66	50	64	
67	50	65	
67	50	65	
67	50	65	
67	50	65	
67	50	65	
67	50	65	
67	50	65	
67	50	65	
67	50	65	
67	50	65	
67	50	65	
67	50	65	
67	50	65	
67	50	65	
67	50	65	
67	50	65	
67	50	65	
67	50	65	
67	50	65	
67	50	65	
67	50	65	
67	50	65	
67	50	65	
67	50	65	
67	50	65	
67	50	65	
67	50	65	
67	50	66	
67	50	66	
67	50	66	
67	50	66	
67	50	66	
67	50	66	
67	50	66	
67	50	66	
67	50	66	
67	50	66	
67	50	66	
67	50	66	
67	50	66	
67	50	66	
67	50	66	
67	50	66	
67	50	66	
67	50	66	
67	50	66	
67	51	66	
67	51	66	
67	51	66	
67	51	66	
67	51	66	
67	51	66	
67	51	66	
67	51	66	
67	51	66	
67	51	66	
67	51	66	
67	51	66	
67	51	66	
67	51	66	
67	51	66	
67	51	66	
67	51	66	
67	51	66	
67	51	66	
67	51	66	
67	51	66	
67	51	66	
67	51	66	
67	51	66	
67	51	66	
67	51	66	
67	51	66	
67	51	66	
67	51	66	
67	51	66	
67	51	66	
67	51	66	
67	51	66	
67	51	66	
67	51	66	
67	51	66	
67	51	66	
67	51	66	
67	51	66	
67	51	66	
67	51	66	
67	51	66	
67	51	66	
67	51	66	
67	51	66	
67	51	66	
67	51	66	
67	51	66	
67	51	66	
67	51	66	
67	51	66	
67	51	66	
67	51	66	
67	51	66	
67	51	66	
67	51	66	
67	51	66	
67	51	66	
67	51	66	
67	51	66	
67	51	66	
67	51	66	
67	51	66	
67	51	66	
67	51	66	
67	51	66	
67	51	66	
67	51	66	
67	51	66	
67	51	66	
67	51	66	
67	51	66	
67	51	66	
67	51	66	
67	51	66	
67	51	66	
67	51	66	
67	51	66	
67	51	66	
67	51	66	
67	51	66	
67	51	66	
67	51	66	
67	51	66	
67	51	66	
67	51	66	
67	51	66	
67	51	66	
67	51	66	
67	51	66	
67	51	66	
68	51	66	
68	51	66	
68	51	66	
68	51	66	
68	51	66	
68	51	66	
68	51	66	
68	51	66	
68	51	66	
68	51	66	
68	51	66	
68	51	66	
68	51	66	
68	51	66	
68	51	66	
68	51	66	
68	51	66	
68	51	66	
68	51	66	
68	51	66	
68	51	66	
68	51	66	
68	51	66	
68	51	66	
68	51	66	
68	51	66	
68	51	66	
68	51	66	
68	51	66	
68	51	66	
68	51	66	
68	51	66	
68	51	66	
68	51	66	
68	51	66	
68	51	66	
68	51	66	
68	51	66	
68	51	66	
68	51	66	
68	51	66	
68	51	66	
68	51	66	
68	51	66	
68	51	66	
68	51	66	
69	51	66	
69	51	66	
69	51	66	
69	51	66	
69	51	66	
69	51	66	
69	51	66	
69	51	66	
69	51	66	
69	51	66	
69	51	66	
69	51	66	
69	51	66	
69	51	66	
69	51	66	
69	51	66	
69	51	66	
69	51	66	
69	51	66	
69	51	66	
69	51	67	
69	51	67	
69	51	67	
69	51	67	
69	51	67	
69	51	67	
69	51	67	
69	51	67	
69	51	67	
69	51	67	
69	51	67	
69	51	67	
69	51	67	
69	51	67	
69	51	67	
69	51	67	
69	51	67	
69	51	67	
69	51	67	
69	51	67	
69	51	67	
69	51	67	
69	51	67	
69	51	67	
69	51	67	
69	51	67	
69	51	67	
69	51	67	
69	51	67	
69	51	67	
69	51	67	
69	51	67	
69	51	67	
69	51	67	
69	52	67	
69	52	67	
69	52	67	
69	52	67	
69	52	67	
69	52	67	
69	52	67	
69	52	67	
69	52	67	
70	52	67	
70	52	67	
70	52	67	
70	52	67	
70	52	67	
70	52	67	
70	52	67	
70	52	67	
70	52	67	
70	52	67	
70	52	67	
70	52	67	
70	52	67	
70	52	67	
70	52	67	
70	52	67	
70	52	67	
70	52	68	
70	52	68	
70	52	68	
70	52	68	
70	52	68	
70	52	68	
70	52	68	
70	52	68	
70	52	68	
70	52	68	
70	52	68	
70	52	68	
70	52	68	
70	52	68	
70	52	68	
70	52	68	
70	52	68	
70	52	68	
70	52	68	
70	52	68	
70	52	68	
70	52	68	
70	52	68	
70	52	68	
70	52	68	
70	52	68	
70	52	68	
70	52	68	
70	52	68	
70	52	68	
70	52	68	
70	52	68	
70	52	68	
70	52	68	
70	52	68	
70	52	68	
70	52	68	
70	52	68	
70	52	68	
70	52	68	
70	52	68	
70	52	68	
70	52	68	
70	52	68	
70	52	68	
70	52	68	
70	52	68	
70	52	68	
70	52	68	
70	52	68	
70	52	68	
70	52	68	
70	52	68	
70	52	68	
70	52	68	
70	52	68	
70	52	68	
70	52	68	
70	52	68	
70	52	68	
70	52	68	
70	52	68	
70	52	68	
70	52	68	
70	52	68	
70	52	68	
70	52	68	
70	52	68	
70	52	68	
70	52	68	
70	52	68	
70	52	68	
70	52	68	
70	52	68	
70	52	68	
70	52	68	
70	52	68	
70	52	68	
70	52	68	
70	52	68	
70	52	68	
70	52	68	
70	52	68	
70	52	68	
70	52	68	
70	52	68	
70	52	68	
70	52	68	
70	52	68	
70	52	68	
70	52	68	
70	52	68	
70	52	68	
70	52	68	
70	52	68	
70	52	68	
70	52	68	
70	52	68	
70	52	68	
70	52	68	
70	52	68	
70	52	68	
70	52	68	
70	52	68	
70	52	68	
70	52	68	
70	52	68	
70	52	68	
70	52	68	
70	52	68	
70	52	68	
70	52	68	
70	52	68	
70	52	68	
70	52	68	
70	52	68	
70	52	68	
70	52	68	
70	52	68	
70	52	68	
70	52	68	
70	52	68	
70	52	68	
70	52	68	
70	52	68	
70	52	68	
70	52	68	
70	52	68	
70	52	68	
70	52	68	
70	52	68	
70	52	68	
70	52	68	
70	52	68	
70	52	68	
70	52	68	
70	52	68	
70	52	68	
70	52	68	
70	52	68	
70	52	68	
70	52	68	
70	52	68	
70	52	68	
70	52	68	
70	52	68	
70	52	68	
70	52	68	
70	52	68	
70	52	68	
70	52	68	
70	52	68	
70	52	68	
70	52	68	
70	52	68	
70	52	68	
70	52	68	
70	52	68	
70	52	68	
70	52	68	
70	52	68	
70	52	68	
70	52	68	
70	52	68	
70	52	68	
70	52	68	
70	52	68	
70	52	68	
70	52	68	
70	52	68	
70	52	68	
70	52	68	
70	52	68	
70	52	68	
70	52	68	
70	52	68	
70	52	68	
70	52	68	
70	52	68	
70	52	68	
70	52	68	
70	52	68	
70	52	68	
70	52	68	
70	52	68	
70	52	68	
70	52	68	
70	52	68	
70	52	68	
70	52	68	
70	52	68	
70	52	68	
70	52	68	
70	52	68	
70	52	68	
70	52	68	
70	52	68	
70	52	68	
70	52	68	
70	52	68	
70	52	68	
70	52	68	
70	53	68	
70	53	68	
70	53	68	
71	53	68	
71	53	68	
71	53	68	
71	53	68	
71	53	68	
71	53	68	
71	53	68	
71	53	68	
71	53	68	
71	53	68	
71	53	68	
71	53	68	
71	53	68	
71	53	68	
71	53	68	
71	53	68	
71	53	68	
71	53	68	
71	53	68	
71	53	68	
71	53	68	
71	53	68	
71	53	68	
71	53	68	
71	53	68	
71	53	68	
71	53	68	
71	53	68	
71	53	68	
71	53	68	
71	53	68	
71	53	68	
71	53	68	
71	53	68	
71	53	68	
71	53	68	
71	53	68	
71	53	68	
71	53	68	
71	53	68	
71	53	68	
71	53	68	
71	53	68	
71	53	68	
71	53	68	
71	53	68	
71	53	68	
71	53	68	
71	53	68	
71	53	68	
71	53	68	
71	53	68	
71	53	68	
71	53	68	
71	53	68	
71	53	68	
71	53	68	
71	53	68	
71	53	68	
71	53	68	
71	53	68	
71	53	68	
71	53	68	
71	53	68	
71	53	68	
71	53	68	
71	53	68	
71	53	68	
71	53	68	
71	53	68	
71	53	68	
71	53	68	
71	53	68	
71	53	68	
71	53	68	
71	53	68	
71	53	68	
71	53	68	
71	53	68	
71	53	68	
71	53	68	
71	53	68	
71	53	68	
71	53	68	
71	53	68	
71	53	68	
71	53	68	
71	53	68	
71	53	68	
71	53	68	
71	53	68	
71	53	68	
71	53	68	
71	53	68	
71	53	68	
71	53	68	
71	53	68	
71	53	68	
71	53	68	
71	53	68	
71	53	68	
71	53	68	
71	53	69	
71	53	69	
71	53	69	
71	53	69	
71	53	69	
71	53	69	
71	53	69	
71	53	69	
71	53	69	
71	53	69	
71	53	69	
71	53	69	
71	53	69	
71	53	69	
71	53	69	
71	53	69	
71	53	69	
72	53	69	
72	53	69	
72	53	69	
72	53	69	
72	53	69	
72	53	69	
72	53	69	
72	53	69	
72	53	69	
72	53	69	
72	53	69	
72	53	69	
72	53	69	
72	53	69	
72	53	69	
72	53	69	
72	53	69	
72	53	69	
72	53	69	
72	53	69	
72	53	69	
72	53	69	
72	53	69	
72	53	69	
72	53	69	
72	53	69	
72	53	69	
72	53	69	
72	53	69	
72	53	69	
72	53	69	
72	53	69	
72	53	69	
72	53	69	
72	53	69	
72	53	69	
72	53	69	
72	53	69	
72	53	69	
72	53	69	
72	53	69	
72	53	69	
72	53	69	
72	53	69	
72	53	69	
72	53	69	
72	53	69	
72	53	69	
72	53	69	
72	53	69	
72	53	69	
72	53	69	
72	53	69	
72	53	69	
72	53	69	
72	53	69	
72	53	69	
72	53	69	
72	53	69	
72	53	69	
72	53	69	
72	53	69	
72	53	69	
72	53	69	
72	53	69	
72	53	69	
72	53	69	
72	53	69	
72	53	69	
72	53	69	
72	53	69	
72	53	69	
72	53	69	
72	53	69	
72	53	69	
72	53	69	
72	53	69	
72	53	69	
72	53	69	
72	53	69	
72	53	69	
72	53	69	
72	53	69	
72	53	69	
72	53	69	
72	53	69	
72	53	69	
72	53	69	
72	53	69	
72	53	69	
72	53	69	
72	53	69	
72	53	69	
72	53	69	
72	53	69	
72	53	69	
72	53	69	
72	53	69	
72	53	69	
72	53	69	
72	53	69	
72	53	69	
72	53	69	
72	53	69	
72	53	69	
72	53	69	
72	53	69	
72	53	69	
72	53	69	
72	53	69	
72	53	69	
72	53	69	
72	53	69	
72	53	69	
72	53	69	
72	53	69	
72	53	69	
72	53	69	
72	53	69	
72	53	69	
72	53	69	
72	53	69	
72	53	69	
72	53	69	
72	53	69	
72	53	69	
72	53	69	
72	53	69	
72	53	69	
72	53	69	
72	53	69	
72	53	69	
72	53	69	
72	53	69	
72	53	69	
72	53	69	
72	53	69	
72	53	69	
72	53	69	
72	53	69	
72	53	69	
72	53	69	
72	53	69	
72	53	69	
72	53	69	
72	53	69	
72	53	69	
72	53	69	
72	53	69	
72	53	69	
72	53	69	
72	53	69	
72	53	69	
72	53	69	
72	53	69	
72	53	69	
72	53	69	
72	53	69	
72	53	69	
72	53	69	
72	53	69	
72	53	69	
72	53	69	
72	53	69	
72	53	69	
72	53	69	
72	53	69	
72	53	69	
72	53	69	
72	53	69	
72	53	69	
72	53	69	
72	53	69	
72	53	69	
72	53	69	
72	53	69	
72	53	69	
72	53	69	
72	53	69	
72	53	69	
72	53	69	
72	53	69	
72	53	69	
72	53	69	
72	53	69	
72	53	69	
72	53	69	
72	53	69	
72	53	69	
72	53	69	
72	53	69	
72	53	69	
72	53	69	
72	53	69	
72	53	69	
72	53	69	
72	53	69	
72	53	69	
72	53	69	
72	53	69	
72	53	69	
72	53	69	
72	53	69	
72	53	69	
72	53	69	
72	53	69	
72	53	69	
72	53	69	
72	53	69	
72	53	69	
72	53	69	
72	53	69	
72	53	69	
72	53	69	
72	53	69	
72	53	69	
72	53	69	
72	53	69	
72	53	69	
72	53	69	
72	53	69	
72	53	69	
72	53	69	
72	53	69	
72	53	69	
72	53	69	
72	53	69	
72	53	69	
72	53	69	
72	53	69	
72	53	69	
72	53	69	
72	53	69	
72	53	69	
72	53	69	
72	53	69	
72	53	69	
72	53	69	
72	53	69	
72	53	69	
72	53	69	
72	53	69	
72	53	69	
72	53	69	
72	53	69	
72	53	69	
72	53	69	
72	53	69	
72	53	69	
72	53	69	
72	53	69	
72	53	69	
72	53	69	
72	53	69	
72	53	69	
72	53	69	
72	53	69	
72	53	69	
72	53	69	
72	53	69	
72	53	69	
72	53	69	
72	53	69	
72	53	69	
72	53	69	
72	53	69	
72	53	69	
72	53	69	
72	53	69	
72	53	69	
72	53	69	
72	53	69	
72	53	69	
72	53	69	
72	53	69	
72	53	69	
72	53	69	
72	53	69	
72	53	69	
72	53	69	
72	53	69	
72	53	69	
72	53	69	
72	53	69	
72	53	69	
72	53	69	
72	53	69	
72	53	69	
72	53	69	
72	53	69	
72	53	69	
72	53	69	
72	53	69	
72	53	69	
72	53	69	
72	53	69	
72	53	69	
72	53	69	
72	53	69	
72	53	69	
72	53	69	
72	53	70	
72	53	70	
72	53	70	
72	53	70	
72	53	70	
72	53	70	
72	53	70	
72	53	70	
72	53	70	
72	53	70	
72	53	70	
72	53	70	
72	53	70	
72	53	70	
72	53	70	
72	53	70	
72	53	70	
72	53	70	
72	53	70	
72	53	70	
72	53	70	
72	53	70	
72	53	70	
72	53	70	
72	53	70	
72	53	70	
72	53	70	
72	53	70	
72	53	70	
72	53	70	
72	53	70	
72	53	70	
72	53	70	
72	53	70	
72	53	70	
72	53	70	
72	53	70	
72	53	70	
72	53	70	
72	53	70	
72	53	70	
72	53	70	
72	53	70	
72	53	70	
72	53	70	
72	53	70	
72	53	70	
72	53	70	
72	53	70	
72	53	70	
72	53	70	
72	53	70	
72	53	70	
72	53	70	
72	53	70	
72	53	70	
72	53	70	
72	53	70	
72	53	70	
72	53	70	
72	53	70	
72	53	70	
72	53	70	
72	53	70	
72	53	70	
72	53	70	
72	53	70	
72	53	70	
72	53	70	
72	53	70	
72	53	70	
72	53	70	
72	53	70	
72	53	70	
72	53	70	
72	53	70	
72	53	70	
72	53	70	
72	53	70	
72	53	70	
72	53	70	
72	53	70	
72	53	70	
72	53	70	
72	53	70	
72	53	70	
72	53	70	
72	53	70	
72	53	70	
72	53	70	
72	53	70	
72	53	70	
72	53	70	
72	53	70	
72	53	70	
72	53	70	
72	53	70	
72	53	70	
72	53	70	
72	53	70	
72	53	70	
72	53	70	
72	53	70	
72	53	70	
72	53	70	
72	53	70	
72	53	70	
72	53	70	
72	53	70	
72	53	70	
72	53	70	
72	53	70	
72	53	70	
72	53	70	
72	53	70	
72	53	70	
72	53	70	
72	53	70	
72	53	70	
72	53	70	
72	53	70	
72	53	70	
72	53	70	
72	53	70	
72	53	70	
72	53	70	
72	53	70	
72	53	70	
72	53	70	
72	53	70	
72	53	70	
72	53	70	
72	53	70	
72	53	70	
72	53	70	
72	53	70	
72	53	70	
72	53	70	
72	53	70	
72	53	70	
72	53	70	
72	53	70	
72	53	70	
72	53	70	
72	53	70	
72	53	70	
72	53	70	
72	53	70	
72	54	70	
72	54	70	
72	54	70	
72	54	70	
72	54	70	
72	54	70	
72	54	70	
72	54	70	
72	54	70	
72	54	70	
72	54	70	
72	54	70	
72	54	70	
72	54	70	
72	54	70	
72	54	70	
72	54	70	
72	54	70	
72	54	70	
72	54	70	
72	54	70	
72	54	71	
72	54	71	
72	54	71	
72	54	71	
72	54	71	
72	54	71	
72	54	71	
72	54	71	
72	54	71	
72	54	71	
72	54	71	
72	54	71	
72	54	71	
72	54	71	
72	54	71	
72	54	71	
72	54	71	
72	54	71	
72	54	71	
72	54	71	
72	54	71	
72	54	71	
72	54	71	
72	54	71	
72	54	71	
72	54	71	
72	54	71	
72	54	71	
72	54	71	
72	54	71	
72	54	71	
72	54	71	
72	54	71	
72	54	71	
72	54	71	
72	54	71	
72	54	71	
72	54	71	
72	54	71	
72	54	71	
72	54	71	
72	54	71	
72	54	71	
72	54	71	
72	54	71	
72	54	71	
72	54	71	
72	54	71	
72	54	71	
72	54	71	
72	54	71	
72	54	71	
72	54	71	
72	54	71	
72	54	71	
72	54	71	
72	54	71	
72	54	71	
72	54	71	
72	54	71	
72	54	71	
72	54	71	
72	54	71	
72	54	71	
72	54	71	
72	54	71	
72	54	71	
72	54	71	
72	54	71	
72	54	71	
72	54	71	
72	54	71	
72	54	71	
72	54	71	
72	54	71	
72	54	71	
72	54	71	
72	54	71	
72	54	71	
72	54	71	
72	54	71	
72	54	71	
72	54	71	
72	54	71	
72	54	71	
72	54	71	
72	54	71	
72	54	71	
72	54	71	
72	54	71	
72	54	71	
72	54	71	
72	54	71	
72	54	71	
72	54	71	
72	54	71	
72	54	71	
72	54	71	
72	54	71	
72	54	71	
72	54	71	
72	54	71	
72	54	71	
72	54	71	
72	54	71	
72	54	71	
72	54	71	
72	54	71	
72	54	71	
72	54	71	
72	54	71	
72	54	71	
72	54	71	
72	54	71	
72	54	71	
72	54	71	
72	54	71	
72	54	71	
72	54	71	
72	54	71	
72	54	71	
72	54	71	
72	54	71	
72	54	71	
72	54	71	
72	54	71	
72	54	71	
72	54	71	
72	54	71	
72	54	71	
72	54	71	
72	54	71	
72	54	71	
72	54	71	
72	54	71	
72	54	71	
72	54	71	
72	54	71	
72	54	71	
72	54	71	
72	54	71	
72	54	71	
72	54	71	
72	54	71	
72	54	71	
72	54	71	
72	54	71	
72	54	71	
72	54	71	
72	54	71	
72	54	71	
72	54	71	
72	54	71	
72	54	71	
72	54	71	
72	54	71	
72	54	71	
72	54	71	
72	54	71	
72	54	71	
72	54	71	
72	54	71	
72	54	71	
72	54	71	
72	54	71	
72	54	71	
72	54	71	
72	54	71	
72	54	71	
72	54	71	
72	54	71	
72	54	71	
72	54	71	
72	54	71	
72	54	71	
72	54	71	
72	54	71	
72	54	71	
72	54	71	
72	54	71	
72	54	71	
72	54	71	
72	54	71	
72	54	71	
72	54	71	
72	54	71	
72	54	71	
72	54	71	
72	54	71	
72	54	71	
72	54	71	
72	54	71	
72	54	71	
72	54	71	
72	54	71	
72	54	71	
72	54	71	
72	54	71	
72	54	71	
72	54	71	
72	54	71	
72	54	71	
73	54	71	
73	54	71	
73	54	71	
73	54	71	
73	54	71	
73	54	71	
73	54	71	
73	54	71	
73	54	71	
73	54	71	
73	54	71	
73	54	71	
73	54	71	
73	54	71	
73	54	71	
73	54	71	
73	54	71	
73	54	71	
73	54	71	
73	54	71	
73	54	71	
73	54	71	
73	54	71	
73	54	71	
73	54	71	
73	54	71	
73	54	71	
73	54	71	
73	54	71	
73	54	71	
73	54	71	
73	54	71	
73	54	71	
73	54	71	
73	54	71	
73	54	71	
73	54	71	
73	54	71	
73	54	71	
73	54	71	
73	54	71	
73	54	71	
73	54	71	
73	54	71	
73	54	71	
73	54	71	
73	54	71	
73	54	71	
73	54	71	
73	54	71	
73	54	71	
73	54	71	
73	54	71	
73	54	71	
73	54	71	
73	54	71	
73	54	71	
73	54	71	
73	54	71	
73	54	71	
73	54	71	
73	54	71	
73	54	71	
73	54	71	
73	54	71	
73	54	71	
73	54	71	
73	54	71	
73	54	71	
73	54	71	
73	54	71	
73	54	71	
73	54	71	
73	54	71	
73	54	71	
73	54	71	
73	54	71	
73	54	71	
73	55	71	
73	55	71	
73	55	71	
73	55	71	
73	55	71	
73	55	71	
73	55	71	
73	55	71	
73	55	71	
73	55	71	
73	55	71	
73	55	71	
73	55	71	
73	55	71	
73	55	71	
73	55	71	
73	55	71	
73	55	71	
73	55	71	
73	55	71	
73	55	71	
73	55	71	
73	55	71	
73	55	71	
73	55	71	
73	55	71	
73	55	71	
73	55	71	
73	55	71	
73	55	71	
73	55	71	
73	55	71	
73	55	71	
73	55	71	
73	55	71	
73	55	71	
73	55	71	
73	55	71	
73	55	71	
73	55	71	
73	55	71	
73	55	71	
73	55	71	
73	55	71	
73	55	71	
73	55	71	
73	55	71	
73	55	71	
73	55	71	
73	55	71	
73	55	71	
73	55	71	
73	55	71	
73	55	71	
73	55	71	
73	55	71	
73	55	71	
73	55	71	
73	55	71	
73	55	71	
73	55	71	
73	55	71	
73	55	71	
73	55	71	
73	55	71	
73	55	71	
73	55	71	
73	55	71	
73	55	71	
73	55	71	
73	55	71	
73	55	71	
73	55	71	
73	55	71	
73	55	71	
73	55	71	
73	55	71	
73	55	71	
73	55	71	
73	55	71	
73	55	71	
73	55	71	
73	55	71	
73	55	71	
73	55	71	
73	55	71	
73	55	71	
73	55	71	
73	55	71	
73	55	71	
73	55	71	
73	55	71	
73	55	71	
73	55	71	
73	55	71	
73	55	71	
73	55	71	
73	55	71	
73	55	71	
73	55	71	
73	55	71	
73	55	71	
73	55	71	
73	55	71	
73	55	71	
73	55	71	
73	55	71	
73	55	71	
73	55	71	
73	55	71	
73	55	71	
73	55	71	
73	55	71	
73	55	71	
73	55	71	
73	55	71	
73	55	71	
73	55	71	
73	55	71	
73	55	71	
73	55	71	
73	55	71	
73	55	71	
73	55	71	
73	55	71	
73	55	71	
73	55	71	
73	55	71	
73	55	71	
73	55	71	
73	55	71	
73	55	71	
73	55	71	
73	55	71	
73	55	71	
73	55	71	
73	55	71	
73	55	71	
73	55	71	
73	55	71	
73	55	71	
73	55	71	
73	55	71	
73	55	71	
73	55	71	
73	55	71	
73	55	71	
73	55	71	
73	55	71	
73	55	71	
73	55	71	
73	55	71	
73	55	71	
73	55	71	
73	55	71	
73	55	71	
73	55	71	
73	55	71	
73	55	71	
73	55	71	
73	55	71	
73	55	71	
73	55	71	
73	55	71	
73	55	71	
73	55	71	
73	55	71	
73	55	71	
73	55	71	
73	55	71	
73	55	71	
73	55	71	
73	55	71	
73	55	71	
73	55	71	
73	55	71	
73	55	71	
73	55	71	
73	55	71	
73	55	71	
73	55	71	
73	55	71	
73	55	71	
73	55	71	
73	55	71	
73	55	71	
73	55	71	
73	55	71	
73	55	71	
73	55	71	
73	55	71	
73	55	71	
73	55	71	
73	55	71	
73	55	71	
73	55	71	
73	55	71	
73	55	71	
73	55	71	
73	55	71	
73	55	71	
73	55	71	
73	55	71	
73	55	71	
73	55	71	
73	55	71	
73	55	71	
73	55	71	
73	55	71	
73	55	71	
73	55	71	
73	55	71	
73	55	71	
73	55	71	
73	55	71	
73	55	71	
73	55	71	
73	55	71	
73	55	71	
73	55	71	
73	55	71	
73	55	71	
73	55	71	
73	55	71	
73	55	71	
73	55	71	
73	55	71	
74	55	71	
74	55	71	
74	55	71	
74	55	71	
74	55	71	
74	55	71	
74	55	71	
74	55	71	
74	55	71	
74	55	71	
74	55	71	
74	55	71	
74	55	71	
74	55	71	
74	55	71	
74	55	71	
74	55	71	
74	55	71	
74	55	71	
74	55	71	
74	55	71	
74	55	71	
74	55	71	
74	55	71	
74	55	71	
74	55	71	
74	55	71	
74	55	71	
74	55	71	
74	55	71	
74	55	71	
74	55	71	
74	55	71	
74	55	71	
74	55	71	
74	55	71	
74	55	71	
74	55	71	
74	55	71	
75	55	71	
75	55	71	
75	55	71	
75	55	71	
75	55	71	
75	55	71	
75	55	71	
75	55	71	
75	55	71	
75	55	71	
75	55	71	
75	55	71	
75	55	71	
75	55	71	
75	55	71	
75	55	71	
75	55	71	
75	55	71	
75	55	71	
75	55	71	
75	55	71	
75	55	71	
75	55	71	
75	55	71	
75	55	71	
75	55	71	
75	55	71	
75	55	71	
75	55	71	
75	55	71	
75	55	71	
75	55	71	
75	55	71	
75	55	71	
75	55	71	
75	55	71	
75	55	71	
75	55	71	
75	55	71	
75	55	71	
75	55	71	
75	55	71	
75	55	72	
75	55	72	
75	55	72	
75	55	72	
75	55	72	
75	55	72	
75	55	72	
75	55	72	
75	55	72	
75	55	72	
75	55	72	
75	55	72	
75	55	72	
75	55	72	
75	55	72	
75	55	72	
75	55	72	
75	55	72	
75	55	72	
75	55	72	
75	55	72	
75	55	72	
75	55	72	
75	55	72	
75	55	72	
75	55	72	
75	55	72	
75	55	72	
75	55	72	
75	55	72	
75	55	72	
75	55	72	
75	55	72	
75	55	72	
75	55	72	
75	55	72	
75	55	72	
75	55	72	
75	55	72	
75	55	72	
75	55	72	
75	55	72	
75	55	72	
75	55	72	
75	55	72	
75	55	72	
75	55	72	
75	55	72	
75	55	72	
75	55	72	
75	55	72	
75	55	72	
75	55	72	
75	55	72	
75	55	72	
75	55	72	
75	55	72	
75	55	72	
75	55	72	
75	55	72	
75	55	72	
75	55	72	
75	55	72	
75	55	72	
75	55	72	
75	55	72	
75	55	72	
75	55	72	
75	55	72	
75	55	72	
75	55	72	
75	55	72	
75	55	72	
75	55	72	
75	55	72	
75	55	72	
75	55	72	
75	55	72	
75	55	72	
75	55	72	
75	55	72	
75	55	72	
75	55	72	
75	55	72	
75	55	72	
75	55	72	
75	55	72	
75	55	72	
75	55	72	
75	55	72	
75	55	72	
75	55	72	
75	55	72	
75	55	72	
75	55	72	
75	55	72	
75	55	72	
75	55	72	
75	55	72	
75	55	72	
75	55	72	
75	55	72	
75	55	72	
75	55	72	
75	55	72	
75	55	72	
75	55	72	
75	55	72	
75	55	72	
75	55	72	
75	55	72	
75	55	72	
75	55	72	
75	55	72	
75	55	72	
75	55	72	
75	55	72	
75	55	72	
75	55	72	
75	55	72	
75	55	72	
75	55	72	
75	55	72	
75	55	72	
75	55	72	
75	55	72	
75	55	72	
75	55	72	
75	55	72	
75	55	72	
75	55	72	
75	55	72	
75	55	72	
75	55	72	
75	55	72	
75	55	72	
75	55	72	
75	55	72	
75	55	72	
75	55	72	
75	55	72	
75	55	72	
75	55	72	
75	55	72	
75	55	72	
75	55	72	
75	55	72	
75	55	72	
75	55	72	
75	55	72	
75	55	72	
75	55	72	
75	55	72	
75	55	72	
75	55	72	
75	55	72	
75	55	72	
75	55	72	
75	55	72	
75	55	72	
75	55	72	
75	55	72	
75	55	72	
75	55	72	
75	55	72	
75	55	72	
75	55	72	
75	55	72	
75	55	72	
75	55	72	
75	55	72	
75	55	72	
75	55	72	
75	55	72	
75	55	72	
75	55	72	
75	55	72	
75	55	72	
75	55	72	
75	55	72	
75	55	72	
75	55	72	
75	55	72	
75	55	72	
75	55	72	
75	55	72	
75	55	72	
75	55	72	
75	55	72	
75	55	72	
75	55	72	
75	55	72	
75	55	72	
75	55	72	
75	55	72	
75	55	72	
75	55	72	
75	55	72	
75	55	72	
75	55	72	
75	55	72	
75	55	72	
75	55	72	
75	55	72	
75	55	72	
75	55	72	
75	55	72	
75	55	72	
75	55	72	
75	55	72	
75	55	72	
75	55	72	
75	55	72	
75	55	72	
75	55	72	
75	55	72	
75	55	72	
75	55	72	
75	55	72	
75	55	72	
75	55	72	
75	55	72	
75	55	72	
75	55	72	
75	55	72	
75	55	72	
75	55	72	
75	55	72	
75	55	72	
75	55	72	
75	55	72	
75	55	72	
75	55	72	
75	55	72	
75	55	72	
75	55	72	
75	55	72	
75	55	72	
75	55	72	
75	55	72	
75	55	72	
75	55	72	
75	55	72	
75	55	72	
75	55	72	
75	55	72	
75	55	72	
75	55	72	
75	55	72	
75	55	72	
75	55	72	
75	55	72	
75	55	72	
75	55	72	
75	55	72	
75	55	72	
75	55	72	
75	55	72	
75	55	72	
75	55	72	
75	55	72	
75	55	72	
75	55	72	
75	55	72	
75	55	72	
75	55	72	
75	55	72	
75	55	72	
75	55	72	
75	55	72	
75	55	72	
75	55	72	
75	55	72	
75	55	72	
75	55	72	
75	55	72	
75	55	72	
75	55	72	
75	55	72	
75	55	72	
75	55	72	
75	55	72	
75	55	72	
75	55	72	
75	55	72	
75	55	72	
75	55	72	
75	55	72	
75	55	72	
75	55	72	
75	55	72	
75	55	72	
75	55	72	
75	55	72	
75	55	72	
75	55	72	
75	55	72	
75	55	72	
75	55	72	
75	55	72	
75	55	72	
75	55	72	
75	55	72	
75	55	72	
75	55	72	
75	55	72	
75	55	72	
75	55	72	
75	55	72	
75	55	72	
75	55	72	
75	55	72	
75	55	72	
75	55	72	
75	55	72	
75	55	72	
75	55	72	
75	55	72	
75	55	72	
75	55	72	
75	55	72	
75	55	72	
75	55	72	
75	55	72	
75	55	72	
75	55	72	
75	55	72	
75	55	72	
75	55	72	
75	55	72	
75	55	72	
75	55	72	
75	55	72	
75	55	72	
75	55	72	
75	55	72	
75	55	72	
75	55	72	
75	55	72	
75	55	72	
75	55	72	
75	55	72	
75	55	72	
75	55	72	
75	55	72	
75	55	72	
75	55	72	
75	55	72	
75	55	72	
75	55	72	
75	55	72	
75	55	72	
75	55	72	
75	55	72	
75	55	72	
75	55	72	
75	55	72	
75	55	72	
75	55	72	
75	55	72	
75	55	72	
75	55	72	
75	55	72	
75	55	72	
75	55	72	
75	55	72	
75	55	72	
75	55	72	
75	55	72	
75	55	72	
75	55	72	
75	55	72	
75	55	72	
75	55	72	
75	55	72	
75	55	72	
75	55	72	
75	55	72	
75	55	72	
75	55	72	
75	55	72	
75	55	72	
75	55	72	
75	55	72	
75	55	72	
75	55	72	
75	55	72	
75	55	72	
75	55	72	
75	55	72	
75	55	72	
75	55	72	
75	55	72	
75	55	72	
75	55	72	
75	55	72	
75	55	72	
75	55	72	
75	55	72	
75	55	72	
75	55	72	
75	55	72	
75	55	72	
75	55	72	
75	55	72	
75	55	72	
75	55	72	
75	55	72	
75	55	72	
75	55	72	
75	55	72	
75	55	72	
75	55	72	
75	55	72	
75	55	72	
75	55	72	
75	55	72	
75	55	72	
75	55	72	
75	55	72	
75	55	72	
75	55	72	
75	55	72	
75	55	72	
75	55	72	
75	55	72	
75	55	72	
75	55	72	
75	55	72	
75	55	72	
75	55	72	
75	55	72	
75	55	72	
75	55	72	
75	55	72	
75	55	72	
75	55	72	
75	55	72	
75	55	72	
75	55	72	
75	55	72	
75	55	72	
75	55	72	
75	55	72	
75	55	72	
75	55	72	
75	55	72	
75	55	72	
75	55	72	
75	55	72	
75	55	72	
75	55	72	
75	55	72	
75	55	72	
75	55	72	
75	55	72	
75	55	72	
75	55	72	
75	55	72	
75	55	72	
75	55	72	
75	55	72	
75	55	72	
75	55	72	
75	55	72	
75	55	72	
75	55	72	
75	55	72	
75	55	72	
75	55	72	
75	55	72	
75	55	72	
75	55	72	
75	55	72	
75	55	72	
75	55	72	
75	55	72	
75	55	72	
75	55	72	
75	55	72	
75	55	72	
75	55	72	
75	55	72	
75	55	72	
75	55	72	
75	55	72	
75	55	72	
75	55	72	
75	55	72	
75	55	72	
75	55	72	
75	55	72	
75	55	72	
75	55	72	
75	55	72	
75	55	72	
75	55	72	
75	55	72	
75	55	72	
75	55	72	
75	55	72	
75	55	72	
75	55	72	
75	55	72	
75	55	72	
75	55	72	
75	55	72	
75	55	72	
75	55	72	
75	55	72	
75	55	72	
75	55	72	
75	55	72	
75	55	72	
75	55	72	
75	55	72	
75	55	72	
75	55	72	
75	55	72	
75	55	72	
75	55	72	
75	55	72	
75	55	72	
75	55	72	
75	55	72	
75	55	72	
75	55	72	
75	55	72	
75	55	72	
75	55	72	
75	55	72	
75	55	72	
75	55	72	
75	55	72	
75	55	72	
75	55	72	
75	55	72	
75	55	72	
75	55	72	
75	55	72	
75	55	72	
75	55	72	
75	55	72	
75	55	72	
75	55	72	
75	55	72	
75	55	72	
75	55	72	
75	55	72	
75	55	72	
75	55	72	
75	55	72	
75	55	72	
75	55	72	
75	55	72	
75	55	72	
75	55	72	
75	55	72	
75	55	72	
75	55	72	
75	55	72	
75	55	72	
75	55	72	
75	55	72	
75	55	72	
75	55	72	
75	55	72	
75	55	72	
75	55	72	
75	55	72	
75	55	72	
75	55	72	
75	55	72	
75	55	72	
75	55	72	
75	55	72	
75	55	72	
75	55	72	
75	55	72	
75	55	72	
75	55	72	
75	55	72	
75	55	72	
75	55	72	
75	55	72	
75	55	72	
75	55	72	
75	55	72	
75	55	72	
75	55	72	
75	55	72	
75	55	72	
75	55	72	
75	55	72	
75	55	72	
75	55	72	
75	55	72	
75	55	72	
75	55	72	
75	55	72	
75	55	72	
75	55	72	
75	55	72	
75	55	72	
75	55	72	
75	55	72	
75	55	72	
75	55	72	
75	55	72	
75	55	72	
75	55	72	
75	55	72	
75	55	72	
75	55	72	
75	55	72	
75	55	72	
75	55	72	
75	55	72	
75	55	72	
75	55	72	
75	55	72	
75	55	72	
75	55	72	
75	55	72	
75	55	72	
75	55	72	
75	55	72	
75	55	72	
75	55	72	
75	55	72	
75	55	72	
75	55	72	
75	55	72	
75	55	72	
75	55	72	
75	55	72	
75	55	72	
75	55	72	
75	55	72	
75	55	72	
75	55	72	
75	55	72	
75	55	72	
75	55	72	
75	55	72	
75	55	72	
75	55	72	
75	55	72	
75	55	72	
75	55	72	
75	55	72	
75	55	72	
75	55	72	
75	55	72	
75	55	72	
75	55	72	
75	55	72	
75	55	72	
75	55	72	
75	55	72	
75	55	72	
75	55	72	
75	55	72	
75	55	72	
75	55	72	
75	55	72	
75	55	72	
75	55	72	
75	55	72	
75	55	72	
75	55	72	
75	55	72	
75	55	72	
75	55	72	
75	55	72	
75	55	72	
75	55	72	
75	55	72	
75	55	72	
75	55	72	
75	55	72	
75	55	72	
75	55	72	
75	55	72	
75	55	72	
75	55	72	
75	55	72	
75	55	72	
75	55	72	
75	55	72	
75	55	72	
75	55	72	
75	55	72	
75	55	72	
75	55	72	
75	55	72	
75	55	72	
75	55	72	
75	55	72	
75	55	72	
75	55	72	
75	55	72	
75	55	72	
75	55	72	
75	55	72	
75	55	72	
75	55	72	
75	55	72	
75	55	72	
75	55	72	
75	55	72	
75	55	72	
75	55	72	
75	55	72	
75	55	72	
75	55	72	
75	55	72	
75	55	72	
75	55	72	
75	55	72	
75	55	72	
75	55	72	
75	55	72	
75	55	72	
75	55	72	
75	55	72	
75	55	72	
75	55	72	
75	55	72	
75	55	72	
75	55	72	
75	55	72	
75	55	72	
75	55	72	
75	55	72	
75	55	72	
75	55	72	
75	55	72	
75	55	72	
75	55	72	
75	55	72	
75	55	72	
75	55	72	
75	55	72	
75	55	72	
75	55	72	
75	55	72	
75	55	72	
75	55	72	
75	55	72	
75	55	72	
75	55	72	
75	55	72	
75	55	72	
75	55	72	
75	55	72	
75	55	72	
75	55	72	
75	55	72	
75	55	72	
75	55	72	
75	55	72	
75	55	72	
75	55	72	
75	55	72	
75	55	72	
75	55	72	
75	55	72	
75	55	72	
75	55	72	
75	55	72	
75	55	72	
75	55	72	
75	55	72	
75	55	72	
75	55	72	
75	55	72	
75	55	72	
75	55	72	
75	55	72	
75	55	72	
75	55	72	
75	55	72	
75	55	72	
75	55	72	
75	55	72	
75	55	72	
75	55	72	
75	55	72	
75	55	72	
75	55	72	
75	55	72	
75	55	72	
75	55	72	
75	55	72	
75	55	72	
75	55	72	
75	55	72	
75	55	72	
75	55	72	
75	55	72	
75	55	72	
75	55	72	
75	55	72	
75	55	72	
75	55	72	
75	55	72	
75	55	72	
75	55	72	
75	55	72	
75	55	72	
75	55	72	
75	55	72	
75	55	72	
75	55	72	
75	55	72	
75	55	72	
75	55	72	
75	55	72	
75	55	72	
75	55	72	
75	55	72	
75	55	72	
75	55	72	
75	55	72	
75	55	72	
75	55	72	
75	55	72	
75	55	72	
75	55	72	
75	55	72	
75	55	72	
75	55	72	
75	55	72	
75	55	72	
75	55	72	
75	55	72	
75	55	72	
75	55	72	
75	55	72	
75	55	72	
75	55	72	
75	55	72	
75	55	72	
75	55	72	
75	55	72	
75	55	72	
75	55	72	
75	55	72	
75	55	72	
75	55	72	
75	55	72	
75	55	72	
75	55	72	
75	55	72	
75	55	72	
75	55	72	
75	55	72	
75	55	72	
75	55	72	
75	55	72	
75	55	72	
75	55	72	
75	55	72	
75	55	72	
75	55	72	
75	55	72	
75	55	72	
75	55	72	
75	55	72	
75	55	72	
75	55	72	
75	55	72	
75	55	72	
75	55	72	
75	55	72	
75	55	72	
75	55	72	
75	55	72	
75	55	72	
75	55	72	
75	55	72	
75	55	72	
75	55	72	
75	55	72	
75	55	72	
75	55	72	
75	55	72	
75	55	72	
75	55	72	
75	55	72	
75	55	72	
75	55	72	
75	55	72	
75	55	72	
75	55	72	
75	55	72	
75	55	72	
75	55	72	
75	55	72	
75	55	72	
75	55	72	
75	55	72	
75	55	72	
75	55	72	
75	55	72	
75	55	72	
75	55	72	
75	55	72	
75	55	72	
75	55	72	
75	55	72	
75	55	72	
75	55	72	
75	55	72	
75	55	72	
75	55	72	
75	55	72	
75	55	72	
75	55	72	
75	55	72	
75	55	72	
75	55	72	
75	55	72	
75	55	72	
75	55	72	
75	55	72	
75	55	72	
75	55	72	
75	55	72	
75	55	72	
75	55	72	
75	55	72	
75	55	72	
75	55	72	
75	55	72	
75	55	72	
75	55	72	
75	55	72	
75	55	72	
75	55	72	
75	55	72	
75	55	72	
75	55	72	
75	55	72	
75	55	72	
75	55	72	
75	55	72	
75	55	72	
75	55	72	
75	55	72	
75	55	72	
75	55	72	
75	55	72	
75	55	72	
75	55	72	
75	55	72	
75	55	72	
75	55	72	
75	55	72	
75	55	72	
75	55	72	
75	55	72	
75	55	72	
75	55	72	
75	55	72	
75	55	72	
75	55	72	
75	55	72	
75	55	72	
75	55	72	
75	55	72	
75	55	72	
75	55	72	
75	55	72	
75	55	72	
75	55	72	
75	55	72	
75	55	72	
75	55	72	
75	55	72	
75	55	72	
75	55	72	
75	55	72	
75	55	72	
75	55	72	
75	55	72	
75	55	72	
75	55	72	
75	55	72	
75	55	72	
75	55	72	
75	55	72	
75	55	72	
75	55	72	
75	55	72	
75	55	72	
75	55	72	
75	55	72	
75	55	72	
75	55	72	
75	55	72	
75	55	72	
75	55	72	
75	55	72	
75	55	72	
75	55	72	
75	55	72	
75	55	72	
75	55	72	
75	55	72	
75	55	72	
75	55	72	
75	55	72	
75	55	72	
75	55	72	
75	55	72	
75	55	72	
75	55	72	
75	55	72	
75	55	72	
75	55	72	
75	55	72	
75	55	72	
75	55	72	
75	55	72	
75	55	72	
75	55	72	
75	55	72	
75	55	72	
75	55	72	
75	55	72	
75	55	72	
75	55	72	
75	55	72	
75	55	72	
75	55	72	
75	55	72	
75	55	72	
75	55	72	
75	55	72	
75	55	72	
75	55	72	
75	55	72	
75	55	72	
75	55	72	
75	55	72	
75	55	72	
75	55	72	
75	55	72	
75	55	72	
75	55	72	
75	55	72	
75	55	72	
75	55	72	
75	55	72	
75	55	72	
75	55	72	
75	55	72	
75	55	72	
75	55	72	
75	55	72	
75	55	72	
75	55	72	
75	55	72	
75	55	72	
75	55	72	
75	55	72	
75	55	72	
75	55	72	
75	55	72	
75	55	72	
75	55	72	
75	55	72	
75	55	72	
75	55	72	
75	55	72	
75	55	72	
75	55	72	
75	55	72	
75	55	72	
75	55	72	
75	55	72	
75	55	72	
75	55	72	
75	55	72	
75	55	72	
75	55	72	
75	55	72	
75	55	72	
75	55	72	
75	55	72	
75	55	72	
75	55	72	
75	55	72	
75	55	72	
75	55	72	
75	55	72	
75	55	72	
75	55	72	
75	55	72	
75	55	72	
75	55	72	
75	55	72	
75	55	72	
75	55	72	
75	55	72	
75	55	72	
75	55	72	
75	55	72	
75	55	72	
75	55	72	
75	55	72	
75	55	72	
75	55	72	
75	55	72	
75	55	72	
75	55	72	
75	55	72	
75	55	72	
75	55	72	
75	55	72	
75	55	72	
75	55	72	
75	55	72	
75	55	72	
75	55	72	
75	55	72	
75	55	72	
75	55	72	
75	55	72	
75	55	72	
75	55	72	
75	55	72	
75	55	72	
75	55	72	
75	55	72	
75	55	72	
75	55	72	
75	55	72	
75	55	72	
75	55	72	
75	55	72	
75	55	72	
75	55	72	
75	55	72	
75	55	72	
75	55	72	
75	55	72	
75	55	72	
75	55	72	
75	55	72	
75	55	72	
75	55	72	
75	55	72	
75	55	72	
75	55	72	
75	55	72	
75	55	72	
75	55	72	
75	55	72	
75	55	72	
75	55	72	
75	55	72	
75	55	72	
75	55	72	
75	55	72	
75	55	72	
75	55	72	
75	55	72	
75	55	72	
75	55	72	
75	55	72	
75	55	72	
75	55	72	
75	55	72	
75	55	72	
75	55	72	
75	55	72	
75	55	72	
75	55	72	
75	55	72	
75	55	72	
75	55	72	
75	55	72	
75	55	72	
75	55	72	
75	55	72	
75	55	72	
75	55	72	
75	55	72	
75	55	72	
75	55	72	
75	55	72	
75	55	72	
75	55	72	
75	55	72	
75	55	72	
75	55	72	
75	55	72	
75	55	72	
75	55	72	
75	55	72	
75	55	72	
75	55	72	
75	55	72	
75	55	72	
75	55	72	
75	55	72	
75	55	72	
75	55	72	
75	55	72	
75	55	72	
75	55	72	
75	55	72	
75	55	72	
75	55	72	
75	55	72	
75	55	72	
75	55	72	
75	55	72	
75	55	72	
75	55	72	
75	55	72	
75	55	72	
75	55	72	
75	55	72	
75	55	72	
75	55	72	
75	55	72	
75	55	72	
75	55	72	
75	55	72	
75	55	72	
75	55	72	
75	55	72	
75	55	72	
75	55	72	
75	55	72	
75	55	72	
75	55	72	
75	55	72	
75	55	72	
75	55	72	
75	55	72	
75	55	72	
75	55	72	
75	55	72	
75	55	72	
75	55	72	
75	55	72	
75	55	72	
75	55	72	
75	55	72	
75	55	72	
75	55	72	
75	55	72	
75	55	72	
75	55	72	
75	55	72	
75	55	72	
75	55	72	
75	55	72	
75	55	72	
75	55	72	
75	55	72	
75	55	72	
75	55	72	
75	55	72	
75	55	72	
75	55	72	
