-3.65026435373
-2.58777866292
-1.64223568274
-0.800764089199
-0.051909243269
0.614522736818
1.2076037411
1.73540716012
2.20511778501
2.62312961136
2.99513287828
3.32619152751
3.62081213702
3.88300526728
4.11634005561
4.32399280147
4.50879020427
4.67324784212
4.81960441554
4.94985222197
5.06576427625
5.16891844593
5.26071893027
5.34241537503
5.41511988344
5.47982215487
5.53740295721
5.58864611645
5.63424918661
5.67483294528
5.71094984403
5.74309152873
5.77169553216
5.79715122995
5.81980514102
5.8399656446
5.85790717813
5.87387397301
5.88808337925
5.90072882421
5.91198244562
5.92199743482
5.93091012214
5.93884183265
5.94590053778
5.95218232505
5.95777270609
5.96274778066
5.9671752726
5.97111545172
5.97462195419
5.97774251273
5.98051960634
5.98299103856
5.98519045207
5.98714778668
5.98888968684
5.99043986439
5.99181942132
5.99304713703
5.99413972396
5.99511205507
5.99597736636
5.99674743698
5.99743274961
5.99804263316
5.99858538976
5.99906840773
5.99949826223
5.99988080471
6.00022124256
6.00052421006
6.00079383137
6.00103377675
6.0012473125
6.00143734539
6.00160646227
6.00175696526
6.00189090311
6.00201009907
6.00211617569
6.00221057697
6.00229458795
6.00236935225
6.0024358876
6.00249509972
6.00254779465
6.0025946897
6.00263642323
6.00267356336
6.00270661565
6.00273603003
6.00276220691
6.00278550263
6.0028062343
6.00282468413
6.00284110328
6.00285571525
6.00286871896
6.0028802914
6.00289059013
6.00289975532
6.00290791174
6.00291517043
6.00292163018
6.00292737895
6.00293249497
6.0029370479
6.0029410997
6.00294470555
6.00294791452
6.00295077029
6.00295331174
6.00295557346
6.00295758625
6.0029593775
6.0029609716
6.00296239024
6.00296365274
6.00296477628
6.00296577615
6.00296666598
6.00296745787
6.0029681626
6.00296878976
6.00296934789
6.00296984459
6.00297028663
6.00297068001
6.00297103009
6.00297134164
6.0029716189
6.00297186564
6.00297208523
6.00297228065
6.00297245455
6.00297260932
6.00297274705
6.00297286963
6.00297297871
6.00297307578
6.00297316218
6.00297323906
6.00297330748
6.00297336837
6.00297342256
6.00297347078
6.00297351369
6.00297355189
6.00297358588
6.00297361612
6.00297364304
6.002973667
6.00297368832
6.00297370729
6.00297372417
6.0029737392
6.00297375257
6.00297376447
6.00297377506
6.00297378449
6.00297379287
6.00297380034
6.00297380698
6.00297381289
6.00297381815
6.00297382284
6.002973827
6.00297383071
6.00297383401
6.00297383695
6.00297383956
6.00297384189
6.00297384396
6.0029738458
6.00297384744
6.0029738489
6.0029738502
6.00297385135
6.00297385238
6.00297385329
6.00297385411
6.00297385483
6.00297385548
6.00297385605
6.00297385656
6.00297385702
6.00297385742
6.00297385778
6.0029738581
6.00297385839
6.00297385864
6.00297385887
6.00297385907
6.00297385925
6.00297385941
6.00297385955
6.00297385967
6.00297385979
6.00297385989
6.00297385997
6.00297386005
6.00297386012
6.00297386019
6.00297386024
6.00297386029
6.00297386034
6.00297386037
6.00297386041
6.00297386044
6.00297386047
6.00297386049
6.00297386051
6.00297386053
6.00297386055
6.00297386057
6.00297386058
6.00297386059
6.0029738606
6.00297386061
6.00297386062
6.00297386063
6.00297386064
6.00297386064
6.00297386065
6.00297386065
6.00297386066
6.00297386066
6.00297386066
6.00297386067
6.00297386067
6.00297386067
6.00297386068
6.00297386068
6.00297386068
6.00297386068
6.00297386068
6.00297386068
6.00297386068
6.00297386068
6.00297386069
6.00297386069
6.00297386069
6.00297386069
6.00297386069
6.00297386069
6.00297386069
6.00297386069
6.00297386069
6.00297386069
6.00297386069
6.00297386069
6.00297386069
6.00297386069
6.00297386069
6.00297386069
6.00297386069
6.00297386069
6.00297386069
6.00297386069
6.00297386069
6.00297386069
6.00297386069
6.00297386069
6.00297386069
6.00297386069
6.00297386069
6.00297386069
6.00297386069
6.00297386069
6.00297386069
6.00297386069
6.00297386069
6.00297386069
6.00297386069
6.00297386069
6.00297386069
6.00297386069
6.00297386069
6.00297386069
6.00297386069
6.00297386069
6.00297386069
6.00297386069
6.00297386069
6.00297386069
6.00297386069
6.00297386069
6.00297386069
6.00297386069
6.00297386069
6.00297386069
6.00297386069
6.00297386069
6.00297386069
6.00297386069
6.00297386069
6.00297386069
6.00297386069
6.00297386069
6.00297386069
6.00297386069
6.00297386069
6.00297386069
6.00297386069
6.00297386069
6.00297386069
6.00297386069
6.00297386069
6.00297386069
6.00297386069
6.00297386069
6.00297386069
6.00297386069
6.00297386069
6.00297386069
6.00297386069
6.00297386069
6.00297386069
6.00297386069
6.00297386069
6.00297386069
6.00297386069
6.00297386069
6.00297386069
6.00297386069
6.00297386069
6.00297386069
6.00297386069
6.00297386069
6.00297386069
6.00297386069
6.00297386069
6.00297386069
6.00297386069
6.00297386069
6.00297386069
6.00297386069
6.00297386069
6.00297386069
6.00297386069
6.00297386069
6.00297386069
6.00297386069
6.00297386069
6.00297386069
6.00297386069
6.00297386069
6.00297386069
6.00297386069
6.00297386069
6.00297386069
6.00297386069
6.00297386069
6.00297386069
6.00297386069
6.00297386069
6.00297386069
6.00297386069
6.00297386069
6.00297386069
6.00297386069
6.00297386069
6.00297386069
6.00297386069
6.00297386069
6.00297386069
6.00297386069
6.00297386069
6.00297386069
6.00297386069
6.00297386069
6.00297386069
6.00297386069
6.00297386069
6.00297386069
6.00297386069
6.00297386069
6.00297386069
6.00297386069
6.00297386069
6.00297386069
6.00297386069
6.00297386069
6.00297386069
6.00297386069
6.00297386069
6.00297386069
6.00297386069
6.00297386069
6.00297386069
6.00297386069
6.00297386069
6.00297386069
6.00297386069
6.00297386069
6.00297386069
6.00297386069
6.00297386069
6.00297386069
6.00297386069
6.00297386069
6.00297386069
6.00297386069
6.00297386069
6.00297386069
6.00297386069
6.00297386069
6.00297386069
6.00297386069
6.00297386069
6.00297386069
6.00297386069
6.00297386069
6.00297386069
6.00297386069
6.00297386069
6.00297386069
6.00297386069
6.00297386069
6.00297386069
6.00297386069
6.00297386069
6.00297386069
6.00297386069
6.00297386069
6.00297386069
6.00297386069
6.00297386069
6.00297386069
6.00297386069
6.00297386069
6.00297386069
6.00297386069
6.00297386069
6.00297386069
6.00297386069
6.00297386069
6.00297386069
6.00297386069
6.00297386069
6.00297386069
6.00297386069
6.00297386069
6.00297386069
6.00297386069
6.00297386069
6.00297386069
6.00297386069
6.00297386069
6.00297386069
6.00297386069
6.00297386069
6.00297386069
6.00297386069
6.00297386069
6.00297386069
6.00297386069
6.00297386069
6.00297386069
6.00297386069
6.00297386069
6.00297386069
6.00297386069
6.00297386069
6.00297386069
6.00297386069
6.00297386069
6.00297386069
6.00297386069
6.00297386069
6.00297386069
6.00297386069
6.00297386069
6.00297386069
6.00297386069
6.00297386069
6.00297386069
6.00297386069
6.00297386069
6.00297386069
6.00297386069
6.00297386069
6.00297386069
6.00297386069
6.00297386069
6.00297386069
6.00297386069
6.00297386069
6.00297386069
6.00297386069
6.00297386069
6.00297386069
6.00297386069
6.00297386069
6.00297386069
6.00297386069
6.00297386069
6.00297386069
6.00297386069
6.00297386069
6.00297386069
6.00297386069
6.00297386069
6.00297386069
6.00297386069
6.00297386069
6.00297386069
6.00297386069
6.00297386069
6.00297386069
6.00297386069
6.00297386069
6.00297386069
6.00297386069
6.00297386069
6.00297386069
6.00297386069
6.00297386069
6.00297386069
6.00297386069
6.00297386069
6.00297386069
6.00297386069
6.00297386069
6.00297386069
6.00297386069
6.00297386069
6.00297386069
6.00297386069
6.00297386069
6.00297386069
6.00297386069
6.00297386069
6.00297386069
6.00297386069
6.00297386069
6.00297386069
6.00297386069
6.00297386069
6.00297386069
6.00297386069
6.00297386069
6.00297386069
6.00297386069
6.00297386069
6.00297386069
6.00297386069
6.00297386069
6.00297386069
6.00297386069
6.00297386069
6.00297386069
6.00297386069
6.00297386069
6.00297386069
6.00297386069
6.00297386069
6.00297386069
6.00297386069
6.00297386069
6.00297386069
6.00297386069
6.00297386069
6.00297386069
6.00297386069
6.00297386069
6.00297386069
6.00297386069
6.00297386069
6.00297386069
6.00297386069
6.00297386069
6.00297386069
6.00297386069
6.00297386069
6.00297386069
6.00297386069
6.00297386069
6.00297386069
6.00297386069
6.00297386069
6.00297386069
6.00297386069
6.00297386069
6.00297386069
6.00297386069
6.00297386069
6.00297386069
6.00297386069
6.00297386069
6.00297386069
6.00297386069
6.00297386069
6.00297386069
6.00297386069
6.00297386069
6.00297386069
6.00297386069
6.00297386069
6.00297386069
6.00297386069
6.00297386069
6.00297386069
6.00297386069
6.00297386069
6.00297386069
6.00297386069
6.00297386069
6.00297386069
6.00297386069
6.00297386069
6.00297386069
6.00297386069
6.00297386069
6.00297386069
6.00297386069
6.00297386069
6.00297386069
6.00297386069
6.00297386069
6.00297386069
6.00297386069
6.00297386069
6.00297386069
6.00297386069
6.00297386069
6.00297386069
6.00297386069
6.00297386069
6.00297386069
6.00297386069
6.00297386069
6.00297386069
6.00297386069
6.00297386069
6.00297386069
6.00297386069
6.00297386069
6.00297386069
6.00297386069
6.00297386069
6.00297386069
6.00297386069
6.00297386069
6.00297386069
6.00297386069
6.00297386069
6.00297386069
6.00297386069
6.00297386069
6.00297386069
6.00297386069
6.00297386069
6.00297386069
6.00297386069
6.00297386069
6.00297386069
6.00297386069
6.00297386069
6.00297386069
6.00297386069
6.00297386069
6.00297386069
6.00297386069
6.00297386069
6.00297386069
6.00297386069
6.00297386069
6.00297386069
6.00297386069
6.00297386069
6.00297386069
6.00297386069
6.00297386069
6.00297386069
6.00297386069
6.00297386069
6.00297386069
6.00297386069
6.00297386069
6.00297386069
6.00297386069
6.00297386069
6.00297386069
6.00297386069
6.00297386069
6.00297386069
6.00297386069
6.00297386069
6.00297386069
6.00297386069
6.00297386069
6.00297386069
6.00297386069
6.00297386069
6.00297386069
6.00297386069
6.00297386069
6.00297386069
6.00297386069
6.00297386069
6.00297386069
6.00297386069
6.00297386069
6.00297386069
6.00297386069
6.00297386069
6.00297386069
6.00297386069
6.00297386069
6.00297386069
6.00297386069
6.00297386069
6.00297386069
6.00297386069
6.00297386069
6.00297386069
6.00297386069
6.00297386069
6.00297386069
6.00297386069
6.00297386069
6.00297386069
6.00297386069
6.00297386069
6.00297386069
6.00297386069
6.00297386069
6.00297386069
6.00297386069
6.00297386069
6.00297386069
6.00297386069
6.00297386069
6.00297386069
6.00297386069
6.00297386069
6.00297386069
6.00297386069
6.00297386069
6.00297386069
6.00297386069
6.00297386069
6.00297386069
6.00297386069
6.00297386069
6.00297386069
6.00297386069
6.00297386069
6.00297386069
6.00297386069
6.00297386069
6.00297386069
6.00297386069
6.00297386069
6.00297386069
6.00297386069
6.00297386069
6.00297386069
6.00297386069
6.00297386069
6.00297386069
6.00297386069
6.00297386069
6.00297386069
6.00297386069
6.00297386069
6.00297386069
6.00297386069
6.00297386069
6.00297386069
6.00297386069
6.00297386069
6.00297386069
6.00297386069
6.00297386069
6.00297386069
6.00297386069
6.00297386069
6.00297386069
6.00297386069
6.00297386069
6.00297386069
6.00297386069
6.00297386069
6.00297386069
6.00297386069
6.00297386069
6.00297386069
6.00297386069
6.00297386069
6.00297386069
6.00297386069
6.00297386069
6.00297386069
6.00297386069
6.00297386069
6.00297386069
6.00297386069
6.00297386069
6.00297386069
6.00297386069
6.00297386069
6.00297386069
6.00297386069
6.00297386069
6.00297386069
6.00297386069
6.00297386069
6.00297386069
6.00297386069
6.00297386069
6.00297386069
6.00297386069
6.00297386069
6.00297386069
6.00297386069
6.00297386069
6.00297386069
6.00297386069
6.00297386069
6.00297386069
6.00297386069
6.00297386069
6.00297386069
6.00297386069
6.00297386069
6.00297386069
6.00297386069
6.00297386069
6.00297386069
6.00297386069
6.00297386069
6.00297386069
6.00297386069
6.00297386069
6.00297386069
6.00297386069
6.00297386069
6.00297386069
6.00297386069
6.00297386069
6.00297386069
6.00297386069
6.00297386069
6.00297386069
6.00297386069
6.00297386069
6.00297386069
6.00297386069
6.00297386069
6.00297386069
6.00297386069
6.00297386069
6.00297386069
6.00297386069
6.00297386069
6.00297386069
6.00297386069
6.00297386069
6.00297386069
6.00297386069
6.00297386069
6.00297386069
6.00297386069
6.00297386069
6.00297386069
6.00297386069
6.00297386069
6.00297386069
6.00297386069
6.00297386069
6.00297386069
6.00297386069
6.00297386069
6.00297386069
6.00297386069
6.00297386069
6.00297386069
6.00297386069
6.00297386069
6.00297386069
6.00297386069
6.00297386069
6.00297386069
6.00297386069
6.00297386069
6.00297386069
6.00297386069
6.00297386069
6.00297386069
6.00297386069
6.00297386069
6.00297386069
6.00297386069
6.00297386069
6.00297386069
6.00297386069
6.00297386069
6.00297386069
6.00297386069
6.00297386069
6.00297386069
6.00297386069
6.00297386069
6.00297386069
6.00297386069
6.00297386069
6.00297386069
6.00297386069
6.00297386069
6.00297386069
6.00297386069
6.00297386069
6.00297386069
6.00297386069
6.00297386069
6.00297386069
6.00297386069
6.00297386069
6.00297386069
6.00297386069
6.00297386069
6.00297386069
6.00297386069
6.00297386069
6.00297386069
6.00297386069
6.00297386069
6.00297386069
6.00297386069
6.00297386069
6.00297386069
6.00297386069
6.00297386069
6.00297386069
6.00297386069
6.00297386069
6.00297386069
6.00297386069
6.00297386069
6.00297386069
6.00297386069
6.00297386069
6.00297386069
6.00297386069
6.00297386069
6.00297386069
6.00297386069
6.00297386069
6.00297386069
6.00297386069
6.00297386069
6.00297386069
6.00297386069
6.00297386069
6.00297386069
6.00297386069
6.00297386069
6.00297386069
6.00297386069
6.00297386069
6.00297386069
6.00297386069
6.00297386069
6.00297386069
6.00297386069
6.00297386069
6.00297386069
6.00297386069
6.00297386069
6.00297386069
6.00297386069
6.00297386069
6.00297386069
6.00297386069
6.00297386069
6.00297386069
6.00297386069
6.00297386069
6.00297386069
6.00297386069
6.00297386069
6.00297386069
6.00297386069
6.00297386069
6.00297386069
6.00297386069
6.00297386069
6.00297386069
6.00297386069
6.00297386069
6.00297386069
6.00297386069
6.00297386069
6.00297386069
6.00297386069
6.00297386069
6.00297386069
6.00297386069
6.00297386069
6.00297386069
6.00297386069
6.00297386069
6.00297386069
6.00297386069
6.00297386069
6.00297386069
6.00297386069
6.00297386069
6.00297386069
6.00297386069
6.00297386069
6.00297386069
6.00297386069
6.00297386069
6.00297386069
6.00297386069
6.00297386069
6.00297386069
6.00297386069
6.00297386069
6.00297386069
6.00297386069
6.00297386069
6.00297386069
6.00297386069
6.00297386069
6.00297386069
6.00297386069
6.00297386069
6.00297386069
6.00297386069
6.00297386069
6.00297386069
6.00297386069
6.00297386069
6.00297386069
6.00297386069
6.00297386069
6.00297386069
6.00297386069
6.00297386069
6.00297386069
6.00297386069
6.00297386069
6.00297386069
6.00297386069
6.00297386069
6.00297386069
6.00297386069
6.00297386069
6.00297386069
6.00297386069
6.00297386069
6.00297386069
6.00297386069
6.00297386069
6.00297386069
6.00297386069
6.00297386069
6.00297386069
6.00297386069
6.00297386069
6.00297386069
6.00297386069
6.00297386069
6.00297386069
6.00297386069
6.00297386069
6.00297386069
6.00297386069
6.00297386069
6.00297386069
6.00297386069
6.00297386069
6.00297386069
6.00297386069
6.00297386069
6.00297386069
6.00297386069
6.00297386069
6.00297386069
6.00297386069
6.00297386069
6.00297386069
6.00297386069
6.00297386069
6.00297386069
6.00297386069
6.00297386069
6.00297386069
6.00297386069
6.00297386069
6.00297386069
6.00297386069
6.00297386069
6.00297386069
6.00297386069
6.00297386069
6.00297386069
6.00297386069
6.00297386069
6.00297386069
6.00297386069
6.00297386069
6.00297386069
6.00297386069
6.00297386069
6.00297386069
6.00297386069
6.00297386069
6.00297386069
6.00297386069
6.00297386069
6.00297386069
6.00297386069
6.00297386069
6.00297386069
6.00297386069
6.00297386069
6.00297386069
6.00297386069
6.00297386069
6.00297386069
6.00297386069
6.00297386069
6.00297386069
6.00297386069
6.00297386069
6.00297386069
6.00297386069
6.00297386069
6.00297386069
6.00297386069
6.00297386069
6.00297386069
6.00297386069
6.00297386069
6.00297386069
6.00297386069
6.00297386069
6.00297386069
6.00297386069
6.00297386069
6.00297386069
6.00297386069
6.00297386069
6.00297386069
6.00297386069
6.00297386069
6.00297386069
6.00297386069
6.00297386069
6.00297386069
6.00297386069
6.00297386069
6.00297386069
6.00297386069
6.00297386069
6.00297386069
6.00297386069
6.00297386069
6.00297386069
6.00297386069
6.00297386069
6.00297386069
6.00297386069
6.00297386069
6.00297386069
6.00297386069
6.00297386069
6.00297386069
6.00297386069
6.00297386069
6.00297386069
6.00297386069
6.00297386069
6.00297386069
6.00297386069
6.00297386069
6.00297386069
6.00297386069
6.00297386069
6.00297386069
6.00297386069
6.00297386069
6.00297386069
6.00297386069
6.00297386069
6.00297386069
6.00297386069
6.00297386069
6.00297386069
6.00297386069
6.00297386069
6.00297386069
6.00297386069
6.00297386069
6.00297386069
6.00297386069
6.00297386069
6.00297386069
6.00297386069
6.00297386069
6.00297386069
6.00297386069
6.00297386069
6.00297386069
6.00297386069
6.00297386069
6.00297386069
6.00297386069
6.00297386069
6.00297386069
6.00297386069
6.00297386069
6.00297386069
6.00297386069
6.00297386069
6.00297386069
6.00297386069
6.00297386069
6.00297386069
6.00297386069
6.00297386069
6.00297386069
6.00297386069
6.00297386069
6.00297386069
6.00297386069
6.00297386069
6.00297386069
6.00297386069
6.00297386069
6.00297386069
6.00297386069
6.00297386069
6.00297386069
6.00297386069
6.00297386069
6.00297386069
6.00297386069
6.00297386069
6.00297386069
6.00297386069
6.00297386069
6.00297386069
6.00297386069
6.00297386069
6.00297386069
6.00297386069
6.00297386069
6.00297386069
6.00297386069
6.00297386069
6.00297386069
6.00297386069
6.00297386069
6.00297386069
6.00297386069
6.00297386069
6.00297386069
6.00297386069
6.00297386069
6.00297386069
6.00297386069
6.00297386069
6.00297386069
6.00297386069
6.00297386069
6.00297386069
6.00297386069
6.00297386069
6.00297386069
6.00297386069
6.00297386069
6.00297386069
6.00297386069
6.00297386069
6.00297386069
6.00297386069
6.00297386069
6.00297386069
6.00297386069
6.00297386069
6.00297386069
6.00297386069
6.00297386069
6.00297386069
6.00297386069
6.00297386069
6.00297386069
6.00297386069
6.00297386069
6.00297386069
6.00297386069
6.00297386069
6.00297386069
6.00297386069
6.00297386069
6.00297386069
6.00297386069
6.00297386069
6.00297386069
6.00297386069
6.00297386069
6.00297386069
6.00297386069
6.00297386069
6.00297386069
6.00297386069
6.00297386069
6.00297386069
6.00297386069
6.00297386069
6.00297386069
6.00297386069
6.00297386069
6.00297386069
6.00297386069
6.00297386069
6.00297386069
6.00297386069
6.00297386069
6.00297386069
6.00297386069
6.00297386069
6.00297386069
6.00297386069
6.00297386069
6.00297386069
6.00297386069
6.00297386069
6.00297386069
6.00297386069
6.00297386069
6.00297386069
6.00297386069
6.00297386069
6.00297386069
6.00297386069
6.00297386069
6.00297386069
6.00297386069
6.00297386069
6.00297386069
6.00297386069
6.00297386069
6.00297386069
6.00297386069
6.00297386069
6.00297386069
6.00297386069
6.00297386069
6.00297386069
6.00297386069
6.00297386069
6.00297386069
6.00297386069
6.00297386069
6.00297386069
6.00297386069
6.00297386069
6.00297386069
6.00297386069
6.00297386069
6.00297386069
6.00297386069
6.00297386069
6.00297386069
6.00297386069
6.00297386069
6.00297386069
6.00297386069
6.00297386069
6.00297386069
6.00297386069
6.00297386069
6.00297386069
6.00297386069
6.00297386069
6.00297386069
6.00297386069
6.00297386069
6.00297386069
6.00297386069
6.00297386069
6.00297386069
6.00297386069
6.00297386069
6.00297386069
6.00297386069
6.00297386069
6.00297386069
6.00297386069
6.00297386069
6.00297386069
6.00297386069
6.00297386069
6.00297386069
6.00297386069
6.00297386069
6.00297386069
6.00297386069
6.00297386069
6.00297386069
6.00297386069
6.00297386069
6.00297386069
6.00297386069
6.00297386069
6.00297386069
6.00297386069
6.00297386069
6.00297386069
6.00297386069
6.00297386069
6.00297386069
6.00297386069
6.00297386069
6.00297386069
6.00297386069
6.00297386069
6.00297386069
6.00297386069
6.00297386069
6.00297386069
6.00297386069
6.00297386069
6.00297386069
6.00297386069
6.00297386069
6.00297386069
6.00297386069
6.00297386069
6.00297386069
6.00297386069
6.00297386069
6.00297386069
6.00297386069
6.00297386069
6.00297386069
6.00297386069
6.00297386069
6.00297386069
6.00297386069
6.00297386069
6.00297386069
6.00297386069
6.00297386069
6.00297386069
6.00297386069
6.00297386069
6.00297386069
6.00297386069
6.00297386069
6.00297386069
6.00297386069
6.00297386069
6.00297386069
6.00297386069
6.00297386069
6.00297386069
6.00297386069
6.00297386069
6.00297386069
6.00297386069
6.00297386069
6.00297386069
6.00297386069
6.00297386069
6.00297386069
6.00297386069
6.00297386069
6.00297386069
6.00297386069
6.00297386069
6.00297386069
6.00297386069
6.00297386069
6.00297386069
6.00297386069
6.00297386069
6.00297386069
6.00297386069
6.00297386069
6.00297386069
6.00297386069
6.00297386069
6.00297386069
6.00297386069
6.00297386069
6.00297386069
6.00297386069
6.00297386069
6.00297386069
6.00297386069
6.00297386069
6.00297386069
6.00297386069
6.00297386069
6.00297386069
6.00297386069
6.00297386069
6.00297386069
6.00297386069
6.00297386069
6.00297386069
6.00297386069
6.00297386069
6.00297386069
6.00297386069
6.00297386069
6.00297386069
6.00297386069
6.00297386069
6.00297386069
6.00297386069
6.00297386069
6.00297386069
6.00297386069
6.00297386069
6.00297386069
6.00297386069
6.00297386069
6.00297386069
6.00297386069
6.00297386069
6.00297386069
6.00297386069
6.00297386069
6.00297386069
6.00297386069
6.00297386069
6.00297386069
6.00297386069
6.00297386069
6.00297386069
6.00297386069
6.00297386069
6.00297386069
6.00297386069
6.00297386069
6.00297386069
6.00297386069
6.00297386069
6.00297386069
6.00297386069
6.00297386069
6.00297386069
6.00297386069
6.00297386069
6.00297386069
6.00297386069
6.00297386069
6.00297386069
6.00297386069
6.00297386069
6.00297386069
6.00297386069
6.00297386069
6.00297386069
6.00297386069
6.00297386069
6.00297386069
6.00297386069
6.00297386069
6.00297386069
6.00297386069
6.00297386069
6.00297386069
6.00297386069
6.00297386069
6.00297386069
6.00297386069
6.00297386069
6.00297386069
6.00297386069
6.00297386069
6.00297386069
6.00297386069
6.00297386069
6.00297386069
6.00297386069
6.00297386069
6.00297386069
6.00297386069
6.00297386069
6.00297386069
6.00297386069
6.00297386069
6.00297386069
6.00297386069
6.00297386069
6.00297386069
6.00297386069
6.00297386069
6.00297386069
6.00297386069
6.00297386069
6.00297386069
6.00297386069
6.00297386069
6.00297386069
6.00297386069
6.00297386069
6.00297386069
6.00297386069
6.00297386069
6.00297386069
6.00297386069
6.00297386069
6.00297386069
6.00297386069
6.00297386069
6.00297386069
6.00297386069
6.00297386069
6.00297386069
6.00297386069
6.00297386069
6.00297386069
6.00297386069
6.00297386069
6.00297386069
6.00297386069
6.00297386069
6.00297386069
6.00297386069
6.00297386069
6.00297386069
6.00297386069
6.00297386069
6.00297386069
6.00297386069
6.00297386069
6.00297386069
6.00297386069
6.00297386069
6.00297386069
6.00297386069
6.00297386069
6.00297386069
6.00297386069
6.00297386069
6.00297386069
6.00297386069
6.00297386069
6.00297386069
6.00297386069
6.00297386069
6.00297386069
6.00297386069
6.00297386069
6.00297386069
6.00297386069
6.00297386069
6.00297386069
6.00297386069
6.00297386069
6.00297386069
6.00297386069
6.00297386069
6.00297386069
6.00297386069
6.00297386069
6.00297386069
6.00297386069
6.00297386069
6.00297386069
6.00297386069
6.00297386069
6.00297386069
6.00297386069
6.00297386069
6.00297386069
6.00297386069
6.00297386069
6.00297386069
6.00297386069
6.00297386069
6.00297386069
6.00297386069
6.00297386069
6.00297386069
6.00297386069
6.00297386069
6.00297386069
6.00297386069
6.00297386069
6.00297386069
6.00297386069
6.00297386069
6.00297386069
6.00297386069
6.00297386069
6.00297386069
6.00297386069
6.00297386069
6.00297386069
6.00297386069
6.00297386069
6.00297386069
6.00297386069
6.00297386069
6.00297386069
6.00297386069
6.00297386069
6.00297386069
6.00297386069
6.00297386069
6.00297386069
6.00297386069
6.00297386069
6.00297386069
6.00297386069
6.00297386069
6.00297386069
6.00297386069
6.00297386069
6.00297386069
6.00297386069
6.00297386069
6.00297386069
6.00297386069
6.00297386069
6.00297386069
6.00297386069
6.00297386069
6.00297386069
6.00297386069
6.00297386069
6.00297386069
6.00297386069
6.00297386069
6.00297386069
6.00297386069
6.00297386069
6.00297386069
6.00297386069
6.00297386069
6.00297386069
6.00297386069
6.00297386069
6.00297386069
6.00297386069
6.00297386069
6.00297386069
6.00297386069
6.00297386069
6.00297386069
6.00297386069
6.00297386069
6.00297386069
6.00297386069
6.00297386069
6.00297386069
6.00297386069
6.00297386069
6.00297386069
6.00297386069
6.00297386069
6.00297386069
6.00297386069
6.00297386069
6.00297386069
6.00297386069
6.00297386069
6.00297386069
6.00297386069
6.00297386069
6.00297386069
6.00297386069
6.00297386069
6.00297386069
6.00297386069
6.00297386069
6.00297386069
6.00297386069
6.00297386069
6.00297386069
6.00297386069
6.00297386069
6.00297386069
6.00297386069
6.00297386069
6.00297386069
6.00297386069
6.00297386069
6.00297386069
6.00297386069
6.00297386069
6.00297386069
6.00297386069
6.00297386069
6.00297386069
6.00297386069
6.00297386069
6.00297386069
6.00297386069
6.00297386069
6.00297386069
6.00297386069
6.00297386069
6.00297386069
6.00297386069
6.00297386069
6.00297386069
6.00297386069
6.00297386069
6.00297386069
6.00297386069
6.00297386069
6.00297386069
6.00297386069
6.00297386069
6.00297386069
6.00297386069
6.00297386069
6.00297386069
6.00297386069
6.00297386069
6.00297386069
6.00297386069
6.00297386069
6.00297386069
6.00297386069
6.00297386069
6.00297386069
6.00297386069
6.00297386069
6.00297386069
6.00297386069
6.00297386069
6.00297386069
6.00297386069
6.00297386069
6.00297386069
6.00297386069
6.00297386069
6.00297386069
6.00297386069
6.00297386069
6.00297386069
6.00297386069
6.00297386069
6.00297386069
6.00297386069
6.00297386069
6.00297386069
6.00297386069
6.00297386069
6.00297386069
6.00297386069
6.00297386069
6.00297386069
6.00297386069
6.00297386069
6.00297386069
6.00297386069
6.00297386069
6.00297386069
6.00297386069
6.00297386069
6.00297386069
6.00297386069
6.00297386069
6.00297386069
6.00297386069
6.00297386069
6.00297386069
6.00297386069
6.00297386069
6.00297386069
6.00297386069
6.00297386069
6.00297386069
6.00297386069
6.00297386069
6.00297386069
6.00297386069
6.00297386069
6.00297386069
6.00297386069
6.00297386069
6.00297386069
6.00297386069
6.00297386069
6.00297386069
6.00297386069
6.00297386069
6.00297386069
6.00297386069
6.00297386069
6.00297386069
6.00297386069
6.00297386069
6.00297386069
6.00297386069
6.00297386069
6.00297386069
6.00297386069
6.00297386069
6.00297386069
6.00297386069
6.00297386069
6.00297386069
6.00297386069
6.00297386069
6.00297386069
6.00297386069
6.00297386069
6.00297386069
6.00297386069
6.00297386069
6.00297386069
6.00297386069
6.00297386069
6.00297386069
6.00297386069
6.00297386069
6.00297386069
6.00297386069
6.00297386069
6.00297386069
6.00297386069
6.00297386069
6.00297386069
6.00297386069
6.00297386069
6.00297386069
6.00297386069
6.00297386069
6.00297386069
6.00297386069
6.00297386069
6.00297386069
6.00297386069
6.00297386069
6.00297386069
6.00297386069
6.00297386069
6.00297386069
6.00297386069
6.00297386069
6.00297386069
6.00297386069
6.00297386069
6.00297386069
6.00297386069
6.00297386069
6.00297386069
6.00297386069
6.00297386069
6.00297386069
6.00297386069
6.00297386069
6.00297386069
6.00297386069
6.00297386069
6.00297386069
6.00297386069
6.00297386069
6.00297386069
6.00297386069
6.00297386069
6.00297386069
6.00297386069
6.00297386069
6.00297386069
6.00297386069
6.00297386069
6.00297386069
6.00297386069
6.00297386069
6.00297386069
6.00297386069
6.00297386069
6.00297386069
6.00297386069
6.00297386069
6.00297386069
6.00297386069
6.00297386069
6.00297386069
6.00297386069
6.00297386069
6.00297386069
6.00297386069
6.00297386069
6.00297386069
6.00297386069
6.00297386069
6.00297386069
6.00297386069
6.00297386069
6.00297386069
6.00297386069
6.00297386069
6.00297386069
6.00297386069
6.00297386069
6.00297386069
6.00297386069
6.00297386069
6.00297386069
6.00297386069
6.00297386069
6.00297386069
6.00297386069
6.00297386069
6.00297386069
6.00297386069
6.00297386069
6.00297386069
6.00297386069
6.00297386069
6.00297386069
6.00297386069
6.00297386069
6.00297386069
6.00297386069
6.00297386069
6.00297386069
6.00297386069
6.00297386069
6.00297386069
6.00297386069
6.00297386069
6.00297386069
6.00297386069
6.00297386069
6.00297386069
6.00297386069
6.00297386069
6.00297386069
6.00297386069
6.00297386069
6.00297386069
6.00297386069
6.00297386069
6.00297386069
6.00297386069
6.00297386069
6.00297386069
6.00297386069
6.00297386069
6.00297386069
6.00297386069
6.00297386069
6.00297386069
6.00297386069
6.00297386069
6.00297386069
6.00297386069
6.00297386069
6.00297386069
6.00297386069
6.00297386069
6.00297386069
6.00297386069
6.00297386069
6.00297386069
