-0.0526586104388
-0.0320890235012
-0.0130693760797
3.40172334745e-13
0.00522148632173
0.00397326464831
-1.21325172131e-12
-0.00278431454208
-0.00248627805009
2.62545540863e-12
0.00216017009021
0.00207953583727
-4.50484094472e-12
-0.00201904729639
-0.00202614991002
6.8212102633e-12
0.002097117441
0.00215710546188
-9.59232693276e-12
-0.00232100497559
-0.00242407259375
1.28679289446e-11
0.00267228230842
0.00281793844979
-1.67830194187e-11
-0.00315475595193
-0.00334726135588
2.14441797652e-11
0.00378468912932
0.00403163363731
-2.70858890872e-11
-0.00458787541928
-0.00489987533868
3.39923644788e-11
0.00559931314135
0.00599021932609
-4.23767687607e-11
-0.00686416623728
-0.00735158709324
5.2693849284e-11
0.00843960260232
0.00904569563988
-6.53699316899e-11
-0.0103974516647
-0.0111500102058
8.10018718767e-11
0.0128278182686
0.0137617375892
-1.00101260614e-10
-0.0158439725271
-0.0170032531466
1.24032339954e-10
0.0195890947286
0.0210296617116
-1.52908796736e-10
-0.0242459032693
-0.0260397432135
1.88833837456e-10
0.0300510385965
0.0322925896537
-2.32603269978e-10
-0.0373177509084
-0.0401343662211
2.86490831058e-10
0.046473925752
0.0500441363574
-3.51519702235e-10
-0.0581301789039
-0.0627178727555
4.30645741289e-10
0.0732110787344
0.0792347565725
-5.24323695572e-10
-0.0932307062726
-0.101418125088
6.33917807136e-10
0.120937762274
0.132718469647
-7.56699591875e-10
-0.162067939692
-0.180768494476
8.89485818334e-10
0.231277536976
0.266941296859
-1.02045305539e-09
-0.381130245875
-0.48266597319
1.13777787192e-09
1.01941125818
2.17649916456
2.99999999878
3.27805492346
3.16715508671
3.00000000127
2.97997436794
3.04278481498
2.99999999871
2.80968121703
2.69837174586
3.00000000127
3.84833500116
5.00629134118
5.99999999878
6.45468670594
6.35170652832
6.00000000114
5.7661117387
5.80403261513
5.99999999896
6.13979904795
6.11754503287
6.00000000094
5.92093056509
5.93863624385
5.99999999915
6.02582977538
6.00657943881
6.00000000077
6.04018121523
6.07147328405
5.99999999932
5.82870805709
5.73765156395
6.00000000058
6.76946270301
7.905989588
8.99999999954
9.60751985397
9.53979109153
9.00000000032
8.46715132015
8.40640789637
8.9999999998
10.0658076086
11.1949529714
12.0000000001
12.3134338169
12.2306092316
11.9999999999
11.8514548341
11.8730661742
12.0000000001
12.1016380394
12.0944296543
11.9999999998
11.9135213618
11.9151876864
12.0000000002
12.0847970808
12.0861597847
11.9999999997
11.9087577497
11.9050988648
12.0000000004
12.104474302
12.1104584619
11.9999999994
11.8748393238
11.8659060578
12.0000000007
12.1559455767
12.1693590551
11.9999999991
11.7968946654
11.7753057291
12.000000001
12.2828504579
12.3235831025
11.9999999988
11.5483069247
11.4370319663
12.0000000014
13.1289412352
14.3088703119
14.9999999985
15.0634469132
14.8713890286
15.0000000015
15.7574189165
16.9384862427
17.9999999985
18.4920442361
18.3783671486
18.0000000014
17.7560184351
17.8007177793
17.9999999986
18.1312020114
18.1034656401
18.0000000013
17.9456464329
17.968698154
17.9999999987
17.9845976274
17.9593561046
18.0000000012
18.1006668345
18.139459829
17.9999999988
17.743206089
17.6416934156
18.0000000012
18.8914351745
20.0446250787
20.9999999989
21.423289122
21.3228285253
21.0000000011
20.7912919974
20.8278931566
20.999999999
21.117747207
21.096037564
21.0000000009
20.94199609
20.9597971034
20.9999999991
21.0038097706
20.9837572505
21.0000000008
21.0655279663
21.0986566301
20.9999999993
20.7962408876
20.7014398584
21.0000000006
21.816625029
22.9612285579
23.9999999995
24.5267802471
24.4382967785
24.0000000003
23.6462007707
23.6639906476
23.9999999998
24.3324507621
24.3466604694
24.0
23.5761551799
23.4914506539
24.0000000001
25.012613784
26.1530142151
26.9999999998
27.3379657214
27.2480818107
27.0000000003
26.8461655897
26.8732394954
26.9999999997
27.0912228602
27.0790704674
27.0000000003
26.9387345035
26.9454169307
26.9999999998
27.0441177957
27.0399537369
27.0000000002
26.9668631338
26.9696840274
26.9999999998
27.0255550651
27.0235312839
27.0000000001
26.9799568878
26.9814671867
26.9999999999
27.0158919375
27.0147341212
27.0000000001
26.9873102467
26.9882141087
26.9999999999
27.0101794581
27.0094652196
27.0000000001
26.9918097392
26.9923787155
26.9999999999
27.0066026919
27.0061470043
27.0
26.9946703317
26.9950365765
27.0
27.0043056914
27.0040106502
27.0
26.9965196452
26.9967576882
27.0
27.0028142315
27.0026219835
27.0
26.9977238649
26.9978792298
27.0
27.0018412085
27.0017155967
27.0
26.998510462
26.9986120472
27.0
27.0012051158
27.0011229464
27.0
26.9990249549
26.9990914274
27.0
27.0007889198
27.0007351414
27.0
26.9993616644
26.9994051752
27.0
27.0005165002
27.0004812955
27.0
26.9995820778
26.9996105627
27.0
27.0003381602
27.0003151122
27.0
26.9997263779
26.999745027
27.0
27.0002214016
27.0002063118
27.0
26.9998208524
26.9998330623
27.0
27.0001449578
27.0001350782
27.0
26.9998827069
26.999890701
27.0
27.0000949082
27.0000884397
27.0
26.9999232047
26.9999284387
27.0
27.0000621392
27.0000579042
27.0
26.9999497198
26.9999531466
27.0
27.0000406845
27.0000379116
27.0
26.99996708
26.9999693236
27.0
27.0000266374
27.0000248219
27.0
26.9999784462
26.9999799152
27.0
27.0000174403
27.0000162517
27.0
26.9999858881
26.9999868499
27.0
27.0000114187
27.0000106405
27.0
26.9999907605
26.9999913902
27.0
27.0000074762
27.0000069666
27.0
26.9999939506
26.9999943629
27.0
27.0000048949
27.0000045613
27.0
26.9999960393
26.9999963092
27.0
27.0000032048
27.0000029864
27.0
26.9999974068
26.9999975835
27.0
27.0000020983
27.0000019553
27.0
26.9999983021
26.9999984179
27.0
27.0000013738
27.0000012802
27.0
26.9999988884
26.9999989641
27.0
27.0000008995
27.0000008382
27.0
26.9999992722
26.9999993218
27.0
27.0000005889
27.0000005488
27.0
26.9999995235
26.9999995559
27.0
27.0000003856
27.0000003593
27.0
26.999999688
26.9999997093
27.0
27.0000002525
27.0000002352
27.0
26.9999997957
26.9999998096
27.0
27.0000001653
27.000000154
27.0
26.9999998663
26.9999998754
27.0
27.0000001082
27.0000001008
27.0
26.9999999124
26.9999999184
27.0
27.0000000709
27.000000066
27.0
26.9999999427
26.9999999466
27.0
27.0000000464
27.0000000432
27.0
26.9999999625
26.999999965
27.0
27.0000000304
27.0000000283
27.0
26.9999999754
26.9999999771
27.0
27.0000000199
27.0000000185
27.0
26.9999999839
26.999999985
27.0
27.000000013
27.0000000121
27.0
26.9999999895
26.9999999902
27.0
27.0000000085
27.0000000079
27.0
26.9999999931
26.9999999936
27.0
27.0000000056
27.0000000052
27.0
26.9999999955
26.9999999958
27.0
27.0000000037
27.0000000034
27.0
26.999999997
26.9999999972
27.0
27.0000000024
27.0000000022
27.0
26.9999999981
26.9999999982
27.0
27.0000000016
27.0000000015
27.0
26.9999999987
26.9999999988
27.0
27.000000001
27.000000001
27.0
26.9999999992
26.9999999992
27.0
27.0000000007
27.0000000006
27.0
26.9999999995
26.9999999995
27.0
27.0000000004
27.0000000004
27.0
26.9999999996
26.9999999997
27.0
27.0000000003
27.0000000003
27.0
26.9999999998
26.9999999998
27.0
27.0000000002
27.0000000002
27.0
26.9999999998
26.9999999999
27.0
27.0000000001
27.0000000001
27.0
26.9999999999
26.9999999999
27.0
27.0000000001
27.0000000001
27.0
26.9999999999
26.9999999999
27.0
27.0
27.0
27.0
27.0
27.0
27.0
27.0
27.0
27.0
27.0
27.0
27.0
27.0
27.0
27.0
27.0
27.0
27.0
27.0
27.0
27.0
27.0
27.0
27.0
27.0
27.0
27.0
27.0
27.0
27.0
27.0
27.0
27.0
27.0
27.0
27.0
27.0
27.0
27.0
27.0
27.0
27.0
27.0
27.0
27.0
27.0
27.0
27.0
27.0
27.0
27.0
27.0
27.0
27.0
27.0
27.0
27.0
27.0
27.0
27.0
27.0
27.0
27.0
27.0
27.0
27.0
27.0
27.0
27.0
27.0
27.0
27.0
27.0
27.0
27.0
27.0
27.0
27.0
27.0
27.0
27.0
27.0
27.0
27.0
27.0
27.0
27.0
27.0
27.0
27.0
27.0
27.0
27.0
27.0
27.0
27.0
27.0
27.0
27.0
27.0
27.0
27.0
27.0
27.0
27.0
27.0
27.0
27.0
27.0
27.0
27.0
27.0
27.0
27.0
27.0
27.0
27.0
27.0
27.0
27.0
27.0
27.0
27.0
27.0
27.0
27.0
27.0
27.0
27.0
27.0
27.0
27.0
27.0
27.0
27.0
27.0
27.0
27.0
27.0
27.0
27.0
27.0
27.0
27.0
27.0
27.0
27.0
27.0
27.0
27.0
27.0
27.0000000001
27.0
26.9999999999
26.9999999999
27.0
27.0000000001
27.0000000001
27.0
26.9999999999
26.9999999999
27.0
27.0000000001
27.0000000001
27.0
26.9999999999
26.9999999998
27.0
27.0000000002
27.0000000002
27.0
26.9999999998
26.9999999998
27.0
27.0000000003
27.0000000003
27.0
26.9999999997
26.9999999996
27.0
27.0000000004
27.0000000004
27.0
26.9999999995
26.9999999995
27.0
27.0000000006
27.0000000007
27.0
26.9999999992
26.9999999992
27.0
27.000000001
27.000000001
27.0
26.9999999988
26.9999999987
27.0
27.0000000015
27.0000000016
27.0
26.9999999982
26.9999999981
27.0
27.0000000022
27.0000000024
27.0
26.9999999972
26.999999997
27.0
27.0000000034
27.0000000037
27.0
26.9999999958
26.9999999955
27.0
27.0000000052
27.0000000056
27.0
26.9999999936
26.9999999931
27.0
27.000000008
27.0000000085
27.0
26.9999999902
26.9999999894
27.0
27.0000000122
27.000000013
27.0
26.999999985
26.9999999839
27.0
27.0000000186
27.0000000199
27.0
26.999999977
26.9999999754
27.0
27.0000000284
27.0000000304
27.0
26.9999999649
26.9999999624
27.0
27.0000000433
27.0000000465
27.0
26.9999999464
26.9999999425
27.0
27.0000000662
27.000000071
27.0
26.9999999182
26.9999999122
27.0
27.0000001011
27.0000001085
27.0
26.9999998751
26.9999998659
27.0
27.0000001544
27.0000001657
27.0
26.9999998092
26.9999997952
27.0
27.0000002358
27.000000253
27.0
26.9999997086
26.9999996873
27.0
27.0000003601
27.0000003865
27.0
26.9999995549
26.9999995224
27.0
27.0000005501
27.0000005903
27.0
26.9999993202
26.9999992705
27.0
27.0000008401
27.0000009016
27.0
26.9999989617
26.9999988858
27.0
27.0000012832
27.000001377
27.0
26.9999984142
26.9999982982
27.0
27.0000019599
27.0000021032
27.0
26.9999975779
26.9999974007
27.0
27.0000029934
27.0000032123
27.0
26.9999963006
26.99999603
27.0
27.000004572
27.0000049064
27.0
26.9999943497
26.9999939364
27.0
27.000006983
27.0000074937
27.0
26.99999137
26.9999907388
27.0
27.0000106654
27.0000114455
27.0
26.999986819
26.999985855
27.0
27.0000162898
27.0000174812
27.0
26.9999798681
26.9999783956
27.0
27.0000248802
27.0000267
27.0
26.9999692515
26.9999670025
27.0
27.0000380009
27.0000407804
27.0
26.9999530359
26.9999496009
27.0
27.0000580415
27.0000622869
27.0
26.9999282679
26.999923021
27.0
27.0000886527
27.0000951376
27.0
26.9998904341
26.9998824187
27.0
27.000135415
27.0001453225
27.0
26.9998326329
26.9998203854
27.0
27.0002068673
27.0002220094
27.0
26.9997442936
26.9997255689
27.0
27.000316107
27.0003392694
27.0
26.9996091663
26.9995805006
27.0
27.0004833367
27.0005188394
27.0
26.9994020565
26.9993580365
27.0
27.0007401224
27.0007947969
27.0
26.9990831396
26.9990150542
27.0
27.0011372275
27.0012223504
27.0
26.9985867334
26.9984796676
27.0
27.0017614688
27.0018973605
27.0
26.9977946507
26.9976198108
27.0
27.0027801846
27.00300973
27.0
26.9964577972
26.9961473375
27.0
27.0045875187
27.0050259022
27.0
26.9939058989
26.9932476055
27.0
27.0084238958
27.0095020496
27.0
26.9875958547
26.9855999077
27.0
27.0202458623
27.0246586207
27.0
26.9606239891
26.9477655732
27.0
27.106150398
27.1680080899
