6.68970046064
3.8310717702
1.47516102616
-9.04947228264e-11
-0.536635711185
-0.393481603983
3.47426976077e-10
0.261576814392
0.230227415353
-7.69887265051e-10
-0.199933463148
-0.195731606699
1.29057298182e-09
0.205710995016
0.221446759528
-1.80989445653e-09
-0.290655733585
-0.363733138858
2.22280505113e-09
0.813231616699
1.89181896305
2.99999999755
4.0139491381
4.97561467326
6.00000000244
7.11921364509
8.19842838162
8.99999999781
9.34998697546
9.27532841665
9.00000000173
8.79864309475
8.81791462373
8.99999999889
9.16114111297
9.15675122136
9.00000000042
8.84229255933
8.8368024039
9.00000000026
9.18750419234
9.20958943616
8.99999999916
8.70583405887
8.6210512967
9.00000000126
9.87579392254
11.0082118101
11.9999999985
12.511648326
12.4462002065
12.0000000016
11.5579554048
11.4967355207
11.9999999982
12.9744135852
14.1018826188
15.000000002
15.412701934
15.3347605218
14.9999999975
14.7324580808
14.7430811963
15.000000003
15.2654776786
15.2848417954
14.9999999964
14.6291014554
14.5405675689
15.0000000041
15.9701577371
17.1134578863
17.9999999957
18.3724455349
18.2803391819
18.0000000043
17.8178173658
17.846610476
17.9999999959
18.1148145044
18.1013199641
18.0000000038
17.9188681116
17.9266094203
17.9999999966
18.0610340812
18.0560243157
18.000000003
17.952312939
17.9558183506
17.9999999974
18.0381820218
18.035596913
18.0000000022
17.9689129499
17.9708886815
17.9999999981
18.025619746
18.0240731184
18.0000000016
17.9786832039
17.9799126552
17.9999999987
18.0178854327
18.0168996419
18.0000000011
17.9848694705
17.9856621561
17.9999999991
18.0129163207
18.0122807028
18.0000000007
17.9888548094
17.9893597099
17.9999999994
18.009745392
18.0093516717
18.0000000004
17.9913363332
17.9916333629
17.9999999997
18.0078606777
18.0076497859
18.0000000002
17.9926918789
17.9928239548
17.9999999999
18.0069868933
18.0069290982
18.0
17.9931140437
17.9930995672
18.0000000001
18.0070017008
18.0070888444
17.9999999998
17.9926622981
17.9924996917
18.0000000003
18.007904818
18.0081481912
17.9999999996
17.9912783664
17.990946184
18.0000000005
18.0098152891
18.0102474399
17.9999999994
17.9887771995
17.9882302277
18.0000000008
18.0129930497
18.0136742517
17.999999999
17.9848102308
17.9839695309
18.0000000012
18.0178960761
18.0189294078
17.9999999986
17.978778458
17.9775082989
18.0000000017
18.0253135905
18.0268811077
17.9999999979
17.9696234034
17.9676725843
18.0000000024
18.0367053458
18.0391672276
17.9999999971
17.9552532166
17.9520792758
18.0000000034
18.0552214481
18.0594463994
17.9999999961
17.930617581
17.9247181557
18.0000000045
18.0896300907
18.0984891975
17.9999999949
17.8787939695
17.863863464
18.0000000056
18.1780076563
18.2087033449
17.9999999939
17.6886832275
17.5939448278
18.0000000063
18.9264966126
20.0736661747
20.9999999937
21.4058906905
21.3111505906
21.0000000061
20.7914679728
20.822167115
20.9999999944
21.1359530266
21.1210172062
21.0000000051
20.9017122402
20.9105786893
20.9999999955
21.0750561811
21.0691471565
21.0000000039
20.9408105438
20.9450476515
20.9999999966
21.0476244686
21.0444354343
21.0000000029
20.9611776019
20.9636579864
20.9999999975
21.0319232318
21.0299499223
21.0000000021
20.9735950668
20.9751897654
20.9999999982
21.0219286481
21.0206257665
21.0000000015
20.9817381289
20.9828107479
20.9999999987
21.0152375745
21.0143497931
21.000000001
20.9872687982
20.9880063501
20.9999999991
21.0106470675
21.0100327124
21.0000000007
20.9910900486
20.9916027288
20.9999999994
21.007459678
21.0070312919
21.0000000005
20.9937525238
20.9941108005
20.9999999996
21.0052334393
21.0049336068
21.0000000004
20.9956153132
20.9958663476
20.9999999997
21.0036739925
21.0034637481
21.0000000003
20.9969212681
20.9970973893
20.9999999998
21.0025800569
21.0024324978
21.0000000002
20.9978377624
20.9979614049
20.9999999998
21.0018121298
21.0017085195
21.0000000001
20.99848126
20.9985680883
20.9999999999
21.001272868
21.0012001007
21.0000000001
20.9989331893
20.9989941743
20.9999999999
21.0008941167
21.0008430054
21.0000000001
20.9992506183
20.9992934551
20.9999999999
21.0006280777
21.0005921754
21.0
20.9994735894
20.9995036798
21.0
21.0004412011
21.0004159816
21.0
20.9996302152
20.9996513524
21.0
21.0003099287
21.000292213
21.0
20.9997402384
20.9997550865
21.0
21.0002177149
21.0002052702
21.0
20.9998175258
20.9998279561
21.0
21.0001529378
21.0001441958
21.0
20.9998718176
20.9998791446
21.0
21.000107434
21.0001012931
21.0
20.9999099559
20.9999151028
21.0
21.0000754691
21.0000711552
21.0
20.9999367468
20.9999403624
21.0
21.0000530147
21.0000499843
21.0
20.9999555666
20.9999581064
21.0
21.0000372412
21.0000351125
21.0
20.9999687869
20.999970571
21.0
21.0000261608
21.0000246654
21.0
20.9999780738
20.9999793271
21.0
21.0000183771
21.0000173267
21.0
20.9999845975
20.9999854779
21.0
21.0000129094
21.0000121715
21.0
20.9999891802
20.9999897987
21.0
21.0000090684
21.0000085501
21.0
20.9999923994
20.9999928339
21.0
21.0000063703
21.0000060062
21.0
20.9999946608
20.999994966
21.0
21.0000044749
21.0000042191
21.0
20.9999962494
20.9999964638
21.0
21.0000031435
21.0000029638
21.0
20.9999973653
20.9999975159
21.0
21.0000022082
21.000002082
21.0
20.9999981492
20.999998255
21.0
21.0000015512
21.0000014625
21.0
20.9999986999
20.9999987742
21.0
21.0000010897
21.0000010274
21.0
20.9999990867
20.9999991389
21.0
21.0000007654
21.0000007217
21.0
20.9999993584
20.9999993951
21.0
21.0000005377
21.000000507
21.0
20.9999995493
20.9999995751
21.0
21.0000003777
21.0000003561
21.0
20.9999996834
20.9999997015
21.0
21.0000002653
21.0000002501
21.0
20.9999997776
20.9999997904
21.0
21.0000001864
21.0000001757
21.0
20.9999998438
20.9999998528
21.0
21.0000001309
21.0000001234
21.0
20.9999998903
20.9999998966
21.0
21.0000000919
21.0000000866
21.0
20.999999923
20.9999999274
21.0
21.0000000645
21.0000000608
21.0
20.999999946
20.9999999491
21.0
21.0000000452
21.0000000426
21.0
20.9999999621
20.9999999643
21.0
21.0000000317
21.0000000298
21.0
20.9999999735
20.9999999751
21.0
21.0000000221
21.0000000208
21.0
20.9999999816
20.9999999827
21.0
21.0000000153
21.0000000144
21.0
20.9999999873
20.9999999881
21.0
21.0000000104
21.0000000098
21.0
20.9999999915
20.999999992
21.0
21.0000000069
21.0000000064
21.0
20.9999999945
20.999999995
21.0
21.0000000042
21.0000000038
21.0
20.9999999969
20.9999999973
21.0
21.000000002
21.0000000017
21.0
20.9999999989
20.9999999992
21.0
21.0000000001
20.9999999998
21.0
21.0000000008
21.0000000011
21.0
20.9999999983
20.9999999979
21.0
21.0000000027
21.0000000031
21.0
20.9999999962
20.9999999958
21.0
21.000000005
21.0000000055
21.0
20.9999999936
20.9999999931
21.0
21.000000008
21.0000000085
21.0
20.9999999902
20.9999999896
21.0
21.0000000119
21.0000000127
21.0
20.9999999856
20.9999999847
21.0
21.0000000173
21.0000000184
21.0
20.9999999792
20.9999999779
21.0
21.0000000249
21.0000000265
21.0
20.9999999701
20.9999999683
21.0
21.0000000357
21.0000000379
21.0
20.9999999573
20.9999999547
21.0
21.000000051
21.0000000541
21.0
20.9999999392
20.9999999355
21.0
21.0000000726
21.000000077
21.0
20.9999999133
20.999999908
21.0
21.0000001035
21.0000001097
21.0
20.9999998765
20.999999869
21.0
21.0000001473
21.0000001563
21.0
20.9999998242
20.9999998135
21.0
21.0000002098
21.0000002225
21.0
20.9999997497
20.9999997345
21.0
21.0000002986
21.0000003167
21.0
20.9999996437
20.9999996221
21.0
21.0000004251
21.0000004509
21.0
20.9999994928
20.999999462
21.0
21.0000006052
21.0000006419
21.0
20.9999992779
20.9999992341
21.0
21.0000008616
21.0000009138
21.0
20.999998972
20.9999989097
21.0
21.0000012265
21.0000013008
21.0
20.9999985366
20.9999984479
21.0
21.000001746
21.0000018518
21.0
20.9999979168
20.9999977906
21.0
21.0000024855
21.0000026361
21.0
20.9999970345
20.9999968547
21.0
21.0000035382
21.0000037527
21.0
20.9999957785
20.9999955226
21.0
21.0000050368
21.0000053421
21.0
20.9999939905
20.9999936261
21.0
21.0000071701
21.0000076048
21.0
20.9999914451
20.9999909265
21.0
21.000010207
21.0000108258
21.0
20.9999878217
20.9999870834
21.0
21.0000145302
21.0000154111
21.0
20.9999826636
20.9999816126
21.0
21.0000206845
21.0000219385
21.0
20.9999753208
20.9999738246
21.0
21.0000294454
21.0000312306
21.0
20.9999648679
20.999962738
21.0
21.000041917
21.0000444583
21.0
20.9999499877
20.9999469557
21.0
21.000059671
21.0000632886
21.0
20.9999288049
20.9999244887
21.0
21.0000849447
21.0000900945
21.0
20.9998986502
20.9998925059
21.0
21.0001209231
21.0001282541
21.0
20.9998557235
20.9998469766
21.0
21.0001721402
21.0001825763
21.0
20.9997946149
20.9997821633
21.0
21.0002450505
21.0002599069
21.0
20.9997076235
20.9996898978
21.0
21.0003488427
21.0003699917
21.0
20.9995837857
20.999558552
21.0
21.0004965979
21.0005267052
21.0
20.9994074932
20.9993715708
21.0
21.0007069403
21.0007498011
20.9999999999
20.9991565228
20.9991053829
21.0000000001
21.0010063886
21.0010674077
20.9999999999
20.9987992278
20.9987264197
21.0000000001
21.0014327129
21.0015195898
20.9999999999
20.9982905245
20.9981868562
21.0000000001
21.0020397357
21.0021634474
20.9999999998
20.9975661413
20.9974184997
21.0000000002
21.0029042345
21.003080454
20.9999999997
20.9965343145
20.9963239527
21.0000000003
21.0041359639
21.0043871384
20.9999999996
20.9950636353
20.9947636356
21.0000000004
21.00589249
21.0062509662
20.9999999995
20.9929647821
20.992536158
21.0000000006
21.0084019555
21.0089149197
20.9999999993
20.9899616987
20.9893470048
21.0000000009
21.0120003181
21.0127382743
20.9999999989
20.9856422508
20.9847539871
21.0000000012
21.0171987447
21.0182719392
20.9999999985
20.9793629077
20.9780593394
21.0000000018
21.0248237477
21.0264192656
20.9999999979
20.9700339548
20.9680596678
21.0000000025
21.0363612502
21.038842801
20.9999999971
20.9555416139
20.9523511881
21.0000000034
21.0549797329
21.0592185008
20.9999999961
20.9308201705
20.924909165
21.0000000045
21.0894602938
21.0983291062
20.9999999949
20.8789362821
20.8639976419
21.0000000056
21.1778883793
21.2085908858
20.9999999939
20.6887831976
20.5940390836
21.0000000063
21.9264128243
23.0735871757
23.9999999937
24.4059609164
24.3112168024
24.0000000061
23.7914091141
23.8221116207
23.9999999944
24.1360023581
24.1210637179
24.0000000051
23.9016708938
23.9105397062
23.9999999955
24.075090835
24.0691798295
24.0000000039
23.9407814992
23.9450202671
23.9999999966
24.0476488119
24.0444583861
24.0000000029
23.961157199
23.9636387498
23.9999999975
24.0319403322
24.0299660452
24.0000000021
23.9735807344
23.9751762523
23.9999999982
24.0219406606
24.0206370923
24.0000000015
23.9817280608
23.9828012553
23.9999999987
24.0152460129
24.0143577492
24.000000001
23.9872617257
23.9879996819
23.9999999991
24.0106529952
24.0100383013
24.0000000007
23.9910850803
23.9915980445
23.9999999994
24.007463842
24.0070352179
24.0000000005
23.9937490338
23.99410751
23.9999999996
24.0052363644
24.0049363647
24.0000000004
23.9956128616
23.9958640361
23.9999999997
24.0036760473
24.0034656855
24.0000000003
23.996919546
23.9970957655
23.9999999998
24.0025815003
24.0024338587
24.0000000002
23.9978365526
23.9979602643
23.9999999998
24.0018131437
24.0017094755
24.0000000001
23.9984804102
23.9985672871
23.9999999999
24.0012735803
24.0012007722
24.0000000001
23.9989325923
23.9989936114
23.9999999999
24.0008946171
24.0008434771
24.0000000001
23.9992501989
23.9992930597
23.9999999999
24.0006284292
24.0005925068
24.0
23.9994732948
23.9995034021
24.0
24.000441448
24.0004162143
24.0
23.9996300083
23.9996511573
24.0
24.0003101022
24.0002923765
24.0
23.9997400931
23.9997549495
24.0
24.0002178367
24.0002053851
24.0
23.9998174237
23.9998278598
24.0
24.0001530234
24.0001442765
24.0
23.9998717459
23.9998790769
24.0
24.0001074941
24.0001013497
24.0
23.9999099055
23.9999150553
24.0
24.0000755113
24.000071195
24.0
23.9999367114
23.999940329
24.0
24.0000530443
24.0000500123
24.0
23.9999555417
23.999958083
24.0
24.000037262
24.0000351321
24.0
23.9999687694
23.9999705546
24.0
24.0000261754
24.0000246792
24.0
23.9999780615
23.9999793155
24.0
24.0000183874
24.0000173364
24.0
23.9999845889
23.9999854698
24.0
24.0000129166
24.0000121783
24.0
23.9999891742
23.999989793
24.0
24.0000090735
24.0000085549
24.0
23.9999923952
23.9999928299
24.0
24.0000063739
24.0000060095
24.0
23.9999946578
23.9999949632
24.0
24.0000044774
24.0000042215
24.0
23.9999962473
23.9999964618
24.0
24.0000031453
24.0000029655
24.0
23.9999973638
23.9999975145
24.0
24.0000022094
24.0000020832
24.0
23.9999981482
23.999998254
24.0
24.0000015521
24.0000014634
24.0
23.9999986992
23.9999987735
24.0
24.0000010903
24.000001028
24.0
23.9999990862
23.9999991384
24.0
24.0000007659
24.0000007221
24.0
23.9999993581
23.9999993948
24.0
24.000000538
24.0000005073
24.0
23.9999995491
23.9999995748
24.0
24.0000003779
24.0000003563
24.0
23.9999996832
23.9999997013
24.0
24.0000002655
24.0000002503
24.0
23.9999997775
23.9999997902
24.0
24.0000001865
24.0000001758
24.0
23.9999998437
23.9999998526
24.0
24.000000131
24.0000001235
24.0
23.9999998902
23.9999998965
24.0
24.000000092
24.0000000868
24.0
23.9999999229
23.9999999273
24.0
24.0000000646
24.0000000609
24.0
23.9999999458
23.9999999489
24.0
24.0000000454
24.0000000428
24.0
23.9999999619
23.9999999641
24.0
24.0000000319
24.0000000301
24.0
23.9999999733
23.9999999748
24.0
24.0000000224
24.0000000211
24.0
23.9999999812
23.9999999823
24.0
24.0000000157
24.0000000148
24.0
23.9999999868
23.9999999876
24.0
24.0000000111
24.0000000104
24.0
23.9999999907
23.9999999913
24.0
24.0000000078
24.0000000073
24.0
23.9999999935
23.9999999939
24.0
24.0000000055
24.0000000051
24.0
23.9999999954
23.9999999957
24.0
24.0000000038
24.0000000036
24.0
23.9999999968
23.999999997
24.0
24.0000000027
24.0000000025
24.0
23.9999999977
23.9999999979
24.0
24.0000000019
24.0000000018
24.0
23.9999999984
23.9999999985
24.0
24.0000000013
24.0000000012
24.0
23.9999999989
23.9999999989
24.0
24.0000000009
24.0000000009
24.0
23.9999999992
23.9999999993
24.0
24.0000000007
24.0000000006
24.0
23.9999999994
23.9999999995
24.0
24.0000000005
24.0000000004
24.0
23.9999999996
23.9999999996
24.0
24.0000000003
24.0000000003
24.0
23.9999999997
23.9999999997
24.0
24.0000000002
24.0000000002
24.0
23.9999999998
23.9999999998
24.0
24.0000000002
24.0000000001
24.0
23.9999999999
23.9999999999
24.0
24.0000000001
24.0000000001
24.0
23.9999999999
23.9999999999
24.0
24.0000000001
24.0000000001
24.0
23.9999999999
23.9999999999
24.0
24.0000000001
24.0
24.0
24.0
24.0
24.0
24.0
24.0
24.0
24.0
24.0
24.0
24.0
24.0
24.0
24.0
24.0
24.0
24.0
24.0
24.0
24.0
24.0
24.0
24.0
24.0
24.0
24.0
24.0
24.0
24.0
24.0
24.0
24.0
24.0
24.0
24.0
24.0
24.0
24.0
24.0
24.0
24.0
24.0
24.0
24.0
24.0
24.0
24.0
24.0
24.0
24.0
24.0
24.0
24.0
24.0
24.0
24.0
24.0
24.0
24.0
24.0
24.0
24.0
24.0
24.0
24.0
24.0
24.0
24.0
24.0
24.0
24.0
24.0
24.0
24.0
24.0
24.0
24.0
24.0
24.0
24.0
24.0
24.0
24.0
24.0
24.0
24.0
24.0
24.0
24.0
24.0
24.0
24.0
24.0
24.0
24.0
24.0
24.0
24.0
24.0
24.0
24.0
24.0
24.0
24.0
24.0
24.0
24.0
24.0
24.0
24.0
24.0
24.0
24.0
24.0
24.0
24.0
24.0
24.0
24.0
24.0
24.0
24.0
24.0
24.0
24.0
24.0
24.0
24.0
24.0
24.0
24.0
24.0
24.0
24.0
24.0
24.0
24.0
24.0
24.0
24.0
24.0
24.0
24.0
24.0
24.0
24.0
24.0
24.0
24.0
24.0
24.0
24.0
24.0
24.0
24.0
24.0
24.0
24.0
24.0
24.0
24.0
24.0
24.0
24.0
24.0
24.0
24.0
24.0
24.0
24.0
24.0
24.0
24.0
24.0
24.0
24.0
24.0
24.0
24.0
24.0
24.0
24.0
24.0
24.0
24.0
24.0
24.0
24.0
24.0
24.0
24.0
24.0
24.0
24.0
24.0
24.0
24.0
24.0
24.0
24.0
24.0
24.0
24.0
24.0
24.0
24.0
24.0
24.0
24.0
24.0
24.0
24.0
24.0
24.0
24.0
24.0
24.0
24.0
24.0
24.0
24.0
24.0
24.0
24.0
24.0
24.0
24.0
24.0
24.0
24.0
24.0
24.0
24.0
24.0
24.0
24.0
24.0
24.0
24.0
24.0
24.0
24.0
24.0
24.0
24.0
24.0
24.0
24.0
24.0
24.0
24.0
24.0
24.0
24.0
24.0
24.0
24.0
24.0
24.0
24.0
24.0
24.0
24.0
24.0
24.0
24.0
24.0
24.0
24.0
24.0
24.0
24.0
24.0
24.0
24.0
24.0
24.0
24.0
24.0
24.0
24.0
24.0
24.0
24.0
24.0
24.0
24.0
24.0
24.0
24.0
24.0
24.0
24.0
24.0
24.0
24.0
24.0
24.0
24.0
24.0
24.0
24.0
24.0
24.0
24.0
24.0
24.0
24.0
24.0
24.0
24.0
24.0
24.0
24.0
24.0
24.0
24.0
24.0
24.0
24.0
24.0
24.0
24.0
24.0
24.0
24.0
24.0
24.0
24.0
24.0
24.0
24.0
24.0
24.0
24.0
24.0
24.0
24.0
24.0
24.0
24.0
24.0
24.0
24.0
24.0
24.0
24.0
24.0
24.0
24.0
24.0
24.0
24.0
24.0
24.0
24.0
24.0
24.0
24.0
24.0
24.0
24.0
24.0
24.0
24.0
24.0
24.0
24.0
24.0
24.0
24.0
24.0
24.0
24.0
24.0
24.0
24.0
24.0
24.0
24.0
24.0
24.0
24.0
24.0
24.0
24.0
24.0
24.0
24.0
24.0
24.0
24.0
24.0
24.0
24.0
24.0
24.0
24.0
24.0
24.0
24.0
24.0
24.0
24.0
24.0
24.0
24.0
24.0
24.0
24.0
24.0
24.0
24.0
24.0
24.0
24.0
24.0
24.0
24.0
24.0
24.0
24.0
24.0
24.0
24.0
24.0
24.0
24.0
24.0
24.0
24.0
24.0
24.0
24.0
24.0
24.0
24.0
24.0
24.0
24.0
24.0
24.0
24.0
24.0
24.0
24.0
24.0
24.0
24.0
24.0
24.0
24.0
24.0
24.0
24.0
24.0
24.0
24.0
24.0
24.0
24.0
24.0
24.0
24.0
24.0
24.0
24.0
24.0
24.0
24.0
24.0
24.0
24.0
24.0
24.0
24.0
24.0
24.0
24.0
24.0
24.0
24.0
24.0
24.0
24.0
24.0
24.0
24.0
24.0
24.0
24.0
24.0
24.0
24.0
24.0
24.0
24.0
24.0
24.0
24.0
24.0
24.0
24.0
24.0
24.0
24.0
24.0
24.0
24.0
24.0
24.0
24.0
24.0
24.0
24.0
24.0
24.0
24.0
24.0
24.0
24.0
24.0
24.0
24.0
24.0
24.0
24.0
24.0
24.0
24.0
24.0
24.0
24.0
24.0
24.0
24.0
24.0
24.0
24.0
24.0
24.0
24.0
24.0
24.0
24.0
24.0
24.0
24.0
24.0
24.0
24.0
24.0
24.0
24.0
24.0
24.0
24.0
24.0
24.0
24.0
24.0
24.0
24.0
24.0
24.0
24.0
24.0
24.0
24.0
24.0
24.0
24.0
24.0
24.0
24.0
24.0
24.0
24.0
24.0
24.0
24.0
24.0
24.0
24.0
24.0
24.0
24.0
24.0
24.0
24.0
24.0
24.0
24.0
24.0
24.0
24.0
24.0
24.0
24.0
24.0
24.0
24.0
24.0
24.0
24.0
24.0
24.0
24.0
24.0
24.0
24.0
24.0
24.0
24.0
24.0
24.0
24.0
24.0
24.0
24.0
24.0
24.0
24.0
24.0
24.0
24.0
24.0
24.0
24.0
24.0
24.0
24.0
24.0
24.0
24.0
24.0
24.0
24.0
24.0
24.0
24.0
24.0
24.0
24.0
24.0
24.0
24.0
24.0
24.0
24.0
24.0
24.0
24.0
24.0
24.0
24.0
24.0
24.0
24.0
24.0
24.0
24.0
24.0
24.0
24.0
24.0
24.0
24.0
24.0
24.0
24.0
24.0
24.0
24.0
24.0
24.0
24.0
24.0
24.0
24.0
24.0
24.0
24.0
24.0
24.0
24.0
24.0
24.0
24.0
24.0
24.0
24.0
24.0
24.0
24.0
24.0
24.0
24.0
24.0
24.0
24.0
24.0
24.0
24.0
24.0
24.0
24.0
24.0
24.0
24.0
24.0
24.0
24.0
24.0
24.0
24.0
24.0
24.0
24.0
24.0
24.0
24.0
24.0
24.0
24.0
24.0
24.0
24.0
24.0
24.0
24.0
24.0
24.0
24.0
24.0
24.0
24.0
24.0
24.0
24.0
24.0
24.0
24.0
24.0
24.0
24.0
24.0
24.0
24.0
24.0
24.0
24.0
24.0
24.0
24.0
24.0
24.0
24.0
24.0
24.0
24.0
24.0
24.0
24.0
24.0
24.0
24.0
24.0
24.0
23.9999999999
23.9999999999
24.0
24.0000000001
24.0000000001
24.0
23.9999999999
23.9999999999
24.0
24.0000000001
24.0000000001
24.0
23.9999999999
23.9999999999
24.0
24.0000000001
24.0000000001
24.0
23.9999999999
23.9999999999
24.0
24.0000000002
24.0000000002
24.0
23.9999999998
23.9999999998
24.0
24.0000000002
24.0000000002
24.0
23.9999999997
23.9999999997
24.0
24.0000000003
24.0000000003
24.0
23.9999999996
23.9999999996
24.0
24.0000000005
24.0000000005
24.0
23.9999999994
23.9999999994
24.0
24.0000000007
24.0000000007
24.0
23.9999999992
23.9999999991
24.0
24.000000001
24.000000001
24.0
23.9999999989
23.9999999988
24.0
24.0000000014
24.0000000014
24.0
23.9999999984
23.9999999983
24.0
24.0000000019
24.0000000021
24.0
23.9999999977
23.9999999975
24.0
24.0000000028
24.0000000029
24.0
23.9999999967
23.9999999965
24.0
24.0000000039
24.0000000042
24.0
23.9999999953
23.999999995
24.0
24.0000000056
24.0000000059
24.0
23.9999999933
23.9999999929
24.0
24.000000008
24.0000000085
24.0
23.9999999905
23.9999999899
24.0
24.0000000114
24.000000012
24.0
23.9999999864
23.9999999856
24.0
24.0000000162
24.0000000171
24.0
23.9999999807
23.9999999795
24.0
24.000000023
24.0000000244
24.0
23.9999999725
23.9999999709
24.0
24.0000000328
24.0000000348
24.0
23.9999999609
23.9999999585
24.0
24.0000000466
24.0000000495
24.0
23.9999999443
23.999999941
24.0
24.0000000664
24.0000000704
24.0
23.9999999208
23.999999916
24.0
24.0000000945
24.0000001003
24.0
23.9999998872
23.9999998804
24.0
24.0000001346
24.0000001427
24.0
23.9999998394
23.9999998297
24.0
24.0000001916
24.0000002032
24.0
23.9999997714
23.9999997576
24.0
24.0000002727
24.0000002892
24.0
23.9999996746
23.9999996549
24.0
24.0000003882
24.0000004117
24.0
23.9999995368
23.9999995087
24.0
24.0000005526
24.0000005861
24.0
23.9999993406
23.9999993007
24.0
24.0000007867
24.0000008344
24.0
23.9999990614
23.9999990045
24.0
24.0000011199
24.0000011878
24.0
23.9999986638
23.9999985828
24.0
24.0000015942
24.0000016909
24.0
23.9999980979
23.9999979826
24.0
24.0000022695
24.000002407
24.0
23.9999972922
23.9999971281
24.0
24.0000032307
24.0000034266
24.0
23.9999961454
23.9999959117
24.0
24.0000045991
24.0000048779
24.0
23.9999945127
23.9999941801
24.0
24.000006547
24.0000069439
24.0
23.9999921886
23.999991715
24.0
24.0000093201
24.0000098851
24.0
23.9999888799
23.9999882057
24.0
24.0000132678
24.0000140722
24.0
23.9999841697
23.9999832099
24.0
24.0000188878
24.0000200331
24.0
23.9999774639
23.9999760974
24.0
24.0000268893
24.0000285199
24.0
23.9999679162
23.9999659704
24.0
24.0000382826
24.0000406046
24.0
23.9999543198
23.9999515485
24.0
24.0000545096
24.0000578175
24.0
23.9999349508
23.9999310016
24.0
24.000077633
24.0000823489
24.0
23.9999073383
23.9999017046
24.0
24.000110618
24.0001173513
24.0
23.9998679154
23.9998598616
24.0
24.0001577693
24.0001674126
24.0
23.9998114622
23.9997998987
24.0
24.0002254583
24.000239354
24.0
23.9997301325
23.9997133845
24.0
24.0003234654
24.000343737
24.0
23.999611536
23.999586853
24.0
24.0004678208
24.0004981275
24.0
23.9994343735
23.9993967253
24.0
24.0006877647
24.0007352949
23.9999999999
23.9991569147
23.9990955621
24.0000000001
24.0010455777
24.001127196
23.9999999999
23.9986813867
23.9985683219
24.0000000001
24.0017037652
24.0018690535
23.9999999999
23.9977193485
23.9974598921
24.0000000001
24.0032162952
24.0036639624
23.9999999999
23.9950950097
23.9942167461
24.0000000001
24.0084403682
24.010508813
23.9999999999
23.9823398406
23.9758799472
24.0000000001
24.0523373518
24.0858984408
