10.0633475445
5.49990102091
1.93341933315
-2.95585778076e-11
-0.150756072797
1.09989457064
3.0000000001
4.73697313677
5.76524375197
5.99999999982
5.78416336988
5.64920995836
6.0000000002
6.89572627817
8.04395394444
8.9999999999
9.44257930984
9.35420778857
8.99999999986
8.73082147423
8.74986734713
9.00000000048
9.24057508076
9.24920943419
8.99999999911
8.69361174931
8.62627820314
9.00000000131
9.81041904655
10.8810286121
11.9999999983
13.0476622602
14.0272148194
15.000000002
16.0012151189
17.0122294702
17.9999999977
18.9680233381
19.9581950117
21.0000000025
22.0638933586
23.0773890091
23.9999999974
24.8857631421
25.8587297306
27.0000000027
28.2337765973
29.3217213168
29.9999999974
30.1764108405
30.0420525278
30.0000000025
30.4409475091
31.507337223
32.9999999976
34.4876093347
35.5489037144
36.0000000023
35.9785879475
35.8497217374
35.9999999977
36.6403876313
37.7219268634
39.0000000024
40.1998839917
41.1810074894
41.9999999974
42.8366568232
43.8386126024
45.0000000029
46.1682841882
47.1772082363
47.9999999967
48.7906744547
49.7641452922
51.0000000036
52.3307119847
53.4215289964
53.9999999961
54.0670192285
53.9255741301
54.000000004
54.5778749496
55.6587883263
56.999999996
58.2931996318
59.3219916216
60.0000000038
60.3156139001
60.2881297882
59.9999999965
59.6579690131
59.5718437795
60.0000000029
60.9499171166
62.1072891484
62.9999999978
63.3182627457
63.160719567
63.0000000012
63.3634868046
64.453875338
65.9999999999
67.4632626633
68.4485340513
68.9999999988
69.544639878
70.5228868999
72.0000000023
73.5755055118
74.6749477988
74.9999999967
74.7781700385
74.6057454287
75.0000000041
76.0111580435
77.2003828166
77.9999999956
78.1685210117
77.9797630488
78.0000000044
78.6348234809
79.8049497458
80.9999999959
81.6575847951
81.5675443239
81.0000000034
80.4873894618
80.4570555378
80.9999999975
81.9186729908
82.9588331226
84.0000000015
85.0524732757
86.1043589686
86.9999999996
87.4932568229
87.4467032879
86.9999999993
86.5418996399
86.4831011634
87.0000000018
87.9507455327
89.0254146583
89.9999999972
90.8833262219
91.8445979038
93.0000000037
94.2541480833
95.3368175143
95.9999999955
96.2015430802
96.1200997119
96.0000000051
95.9717888163
96.0027299985
95.9999999944
95.9453833177
95.9202887782
96.000000006
96.1369919041
96.1738016414
95.9999999938
95.7131570647
95.613711489
96.0000000062
96.9159777562
98.0680432279
98.9999999939
99.4000037082
99.2979220726
99.0000000058
98.8259052744
98.8731859145
98.9999999947
99.0229285293
98.9434912313
99.0000000047
99.4976451538
100.559056571
101.999999996
103.426743962
104.473577297
105.000000003
105.11734036
105.056550859
104.999999997
104.99992157
105.01478852
105.000000002
104.964634431
104.955640031
104.999999998
105.066115379
105.082182732
105.000000002
104.857604398
104.794197773
104.999999998
105.621908537
106.673324688
108.000000002
109.328903022
110.382520667
110.999999998
111.197169772
111.131839919
111.000000002
110.931562124
110.948700647
110.999999998
111.029302787
111.021756799
111.000000002
110.98968668
110.994255921
110.999999998
110.997940965
110.994472278
111.000000003
111.011986638
111.015084661
110.999999997
110.978777696
110.975671384
111.000000003
111.030765895
111.034155162
110.999999997
110.958570045
110.954614164
111.000000004
111.054147568
111.059061027
110.999999996
110.929689702
110.923158408
111.000000004
111.092420254
111.10188395
110.999999995
110.874196816
110.858662846
111.000000005
111.184433784
111.215757187
110.999999994
110.680329605
110.584913208
111.000000006
111.936955748
113.084881181
113.999999994
114.393063187
114.297459556
114.000000006
113.807018722
113.838721656
113.999999994
114.117222941
114.101106837
114.000000006
113.924190992
113.93445534
113.999999995
114.048129732
114.040557193
114.000000005
113.973036855
113.979261082
113.999999995
114.009058636
114.003486015
114.000000005
114.007361699
114.012717677
113.999999994
113.976523594
113.971051553
114.000000006
114.040252387
114.046158089
113.999999994
113.941317183
113.934602583
114.000000007
114.080021357
114.088076142
113.999999993
113.893853686
113.883583421
114.000000008
114.140322468
114.154475631
113.999999992
113.810830032
113.789019078
114.000000009
114.269104454
114.309591103
113.99999999
113.563233172
113.452641504
114.00000001
115.111540351
116.290362037
116.999999989
117.084598966
116.894083476
117.000000011
117.73117129
118.91021032
119.999999989
120.524946127
120.413905054
120.00000001
119.714424482
119.755625159
119.99999999
120.184517276
120.161669824
120.000000009
119.875490167
119.891100385
119.999999991
120.081539414
120.069223413
120.000000009
119.953738761
119.964728706
119.999999992
120.013487648
120.002371806
120.000000008
120.021251243
120.034248742
119.999999992
119.935595957
119.917313716
120.000000008
120.130632533
120.164087256
119.999999992
119.728262502
119.631220248
120.000000007
120.893456744
122.042578105
122.999999993
123.433362145
123.336940967
123.000000007
122.768822555
122.800999398
122.999999994
123.154322343
123.138053355
123.000000006
122.887240872
122.897351157
122.999999995
123.08584156
123.078720739
123.000000004
122.933679444
122.939164496
122.999999996
123.05090628
123.046337848
123.000000004
122.962276416
122.966424412
122.999999997
123.025326058
123.021095981
123.000000003
122.988003163
122.993120331
122.999999997
122.994512626
122.986581276
123.000000002
123.036055676
123.053458099
122.999999998
122.882700898
122.817185065
123.000000002
123.603463354
124.657251596
125.999999998
127.340115943
128.391263118
129.000000001
129.19343123
129.130634825
128.999999999
128.927625177
128.942146656
129.000000001
129.041211006
129.036415793
128.999999999
128.969339337
128.970953035
129.000000001
129.02742862
129.027212233
128.999999999
128.972356352
128.971786057
129.000000002
129.029947545
129.03108573
128.999999998
128.966120218
128.964462244
129.000000002
129.039407598
129.041642916
128.999999998
128.953197139
128.950222778
129.000000003
129.056686607
129.060715893
128.999999997
128.929747029
128.924053235
129.000000003
129.089866881
129.098502115
128.999999996
128.879250963
128.864567217
129.000000004
129.176785543
129.207209337
128.999999996
128.690746865
128.596306255
129.000000004
129.923513626
131.07035943
131.999999996
132.409870991
132.315480779
132.000000004
131.786411249
131.816733388
131.999999996
132.142169606
132.127640395
132.000000004
131.894242919
131.902668563
131.999999997
132.08388738
132.078460527
132.000000003
131.930483921
131.934187337
131.999999998
132.059613802
132.057023499
132.000000002
131.947314
131.94911326
131.999999999
132.047929047
132.046741127
132.000000001
131.955108152
131.955785685
132.0
132.043325055
132.043106125
132.0
131.956889083
131.956665348
132.0
132.044233622
132.044916087
131.999999999
131.953224541
131.952031432
132.000000001
132.050937004
132.052741849
131.999999998
131.942908967
131.940312529
132.000000002
132.065899284
132.069609558
131.999999997
131.921431403
131.915996767
132.000000003
132.097463963
132.105898556
131.999999996
131.872198839
131.857659214
132.000000004
132.183460371
132.21379477
131.999999996
131.684286468
131.589881654
132.000000004
132.929919972
134.076783392
134.999999996
135.403357785
135.308895604
135.000000004
134.793196278
134.823646944
134.999999996
135.134939794
135.120221881
135.000000004
134.902102874
134.910782604
134.999999997
135.075194543
135.069441199
135.000000003
134.940235487
134.944346945
134.999999997
135.048547781
135.045456186
135.000000002
134.959988306
134.962396977
134.999999998
135.033304198
135.031379818
135.000000002
134.972087631
134.973653002
134.999999998
135.02350698
135.022217046
135.000000001
134.980134898
134.981207848
134.999999999
135.016828793
135.015930264
135.000000001
134.985718216
134.986474381
134.999999999
135.012135703
135.011497077
135.000000001
134.989678402
134.990219156
134.999999999
135.00878452
135.008325778
135.000000001
134.992520052
134.99290975
135.0
135.006371343
135.006039969
135.0
134.994571578
134.99485356
135.0
135.004625901
135.004385822
135.0
134.996057451
134.99626193
135.0
135.00336047
135.003186264
135.0
134.997135468
134.997283914
135.0
135.00244191
135.002315397
135.0
134.997918283
134.998026114
135.0
135.001774703
135.001682787
135.0
134.998487003
134.998565357
135.0
135.001289902
135.001223106
135.0
134.998900285
134.99895723
135.0
135.000937576
135.000889029
135.0
134.999200653
134.999242041
135.0
135.0006815
135.000646214
135.0
134.999418971
134.999449054
135.0
135.000495371
135.000469723
135.0
134.999577658
134.999599525
135.0
135.000360079
135.000341436
135.0
134.999693004
134.999708899
135.0
135.000261738
135.000248187
135.0
134.999776848
134.999788401
135.0
135.000190255
135.000180405
135.0
134.999837792
134.999846191
135.0
135.000138295
135.000131135
135.0
134.999882092
134.999888197
135.0
135.000100526
135.000095321
135.0
134.999914294
134.999918731
135.0
135.000073071
135.000069288
135.0
134.999937701
134.999940926
135.0
135.000053115
135.000050365
135.0
134.999954715
134.99995706
135.0
135.000038609
135.00003661
135.0
134.999967083
134.999968787
135.0
135.000028065
135.000026612
135.0
134.999976073
134.999977312
135.0
135.0000204
135.000019344
135.0
134.999982607
134.999983508
135.0
135.000014829
135.000014061
135.0
134.999987357
134.999988012
135.0
135.000010779
135.000010221
135.0
134.99999081
134.999991286
135.0
135.000007835
135.000007429
135.0
134.99999332
134.999993666
135.0
135.000005695
135.0000054
135.0
134.999995144
134.999995396
135.0
135.00000414
135.000003925
135.0
134.99999647
134.999996653
135.0
135.000003009
135.000002853
135.0
134.999997434
134.999997567
135.0
135.000002187
135.000002074
135.0
134.999998135
134.999998232
135.0
135.00000159
135.000001508
135.0
134.999998644
134.999998715
135.0
135.000001156
135.000001096
135.0
134.999999015
134.999999066
135.0
135.00000084
135.000000797
135.0
134.999999284
134.999999321
135.0
135.000000611
135.000000579
135.0
134.999999479
134.999999506
135.0
135.000000444
135.000000421
135.0
134.999999622
134.999999641
135.0
135.000000323
135.000000306
135.0
134.999999725
134.999999739
135.0
135.000000235
135.000000222
135.0
134.9999998
134.99999981
135.0
135.00000017
135.000000162
135.0
134.999999855
134.999999862
135.0
135.000000124
135.000000118
135.0
134.999999894
134.9999999
135.0
135.00000009
135.000000085
135.0
134.999999923
134.999999927
135.0
135.000000065
135.000000062
135.0
134.999999944
134.999999947
135.0
135.000000048
135.000000045
135.0
134.999999959
134.999999962
135.0
135.000000035
135.000000033
135.0
134.999999971
134.999999972
135.0
135.000000025
135.000000024
135.0
134.999999979
134.99999998
135.0
135.000000018
135.000000017
135.0
134.999999984
134.999999985
135.0
135.000000013
135.000000013
135.0
134.999999989
134.999999989
135.0
135.00000001
135.000000009
135.0
134.999999992
134.999999992
135.0
135.000000007
135.000000007
135.0
134.999999994
134.999999994
135.0
135.000000005
135.000000005
135.0
134.999999996
134.999999996
135.0
135.000000004
135.000000004
135.0
134.999999997
134.999999997
135.0
135.000000003
135.000000003
135.0
134.999999998
134.999999998
135.0
135.000000002
135.000000002
135.0
134.999999998
134.999999998
135.0
135.000000001
135.000000001
135.0
134.999999999
134.999999999
135.0
135.000000001
135.000000001
135.0
134.999999999
134.999999999
135.0
135.000000001
135.000000001
135.0
134.999999999
134.999999999
135.0
135.000000001
135.000000001
135.0
135.0
135.0
135.0
135.0
135.0
135.0
135.0
135.0
135.0
135.0
135.0
135.0
135.0
135.0
135.0
135.0
135.0
135.0
135.0
135.0
135.0
135.0
135.0
135.0
135.0
135.0
135.0
135.0
135.0
135.0
135.0
135.0
135.0
135.0
135.0
135.0
135.0
135.0
135.0
135.0
135.0
135.0
135.0
135.0
135.0
135.0
135.0
135.0
135.0
135.0
135.0
135.0
135.0
135.0
135.0
135.0
135.0
135.0
135.0
135.0
135.0
135.0
135.0
135.0
135.0
135.0
135.0
135.0
135.0
135.0
135.0
135.0
135.0
135.0
135.0
135.0
135.0
135.0
135.0
135.0
135.0
135.0
135.0
135.0
135.0
135.0
135.0
135.0
135.0
135.0
135.0
135.0
135.0
135.0
135.0
135.0
135.0
135.0
135.0
135.0
135.0
135.0
135.0
135.0
135.0
135.0
135.0
135.0
135.0
135.0
135.0
135.0
135.0
135.0
135.0
135.0
135.0
135.0
135.0
135.0
135.0
135.0
135.0
135.0
135.0
135.0
135.0
135.0
135.0
135.0
135.0
135.0
135.0
135.0
135.0
135.0
135.0
135.0
135.0
135.0
135.0
135.0
135.0
135.0
135.0
135.0
135.0
135.0
135.0
135.0
135.0
135.0
135.0
135.0
135.0
135.0
135.0
135.0
135.0
135.0
135.0
135.0
135.0
135.0
135.0
135.0
135.0
135.0
135.0
135.0
135.0
135.0
135.0
135.0
135.0
135.0
135.0
135.0
135.0
135.0
135.0
135.0
135.0
135.0
135.0
135.0
135.0
135.0
135.0
135.0
135.0
135.0
135.0
135.0
135.0
135.0
135.0
135.0
135.0
135.0
135.0
135.0
135.0
135.0
135.0
135.0
135.0
135.0
135.0
135.0
135.0
135.0
135.0
135.0
135.0
135.0
135.0
135.0
135.0
135.0
135.0
135.0
135.0
135.0
135.0
135.0
135.0
135.0
135.0
135.0
135.0
135.0
135.0
135.0
135.0
135.0
135.0
135.0
135.0
135.0
135.0
135.0
135.0
135.0
135.0
135.0
135.0
135.0
135.0
135.0
135.0
135.0
135.0
135.0
135.0
135.0
135.0
135.0
135.0
135.0
135.0
135.0
135.0
135.0
135.0
135.0
135.0
135.0
135.0
135.0
135.0
135.0
135.0
135.0
135.0
135.0
135.0
135.0
135.0
135.0
135.0
135.0
135.0
135.0
135.0
135.0
135.0
135.0
135.0
135.0
135.0
135.0
135.0
135.0
135.0
135.0
135.0
135.0
135.0
135.0
135.0
135.0
135.0
135.0
135.0
135.0
135.0
135.0
135.0
135.0
135.0
135.0
135.0
135.0
135.0
135.0
135.0
135.0
135.0
135.0
135.0
135.0
135.0
135.0
135.0
135.0
135.0
135.0
135.0
135.0
135.0
135.0
135.0
135.0
135.0
135.0
135.0
135.0
135.0
135.0
135.0
135.0
135.0
135.0
135.0
135.0
135.0
135.0
135.0
135.0
135.0
135.0
135.0
135.0
135.0
135.0
135.0
135.0
135.0
135.0
135.0
135.0
135.0
135.0
135.0
135.0
135.0
135.0
135.0
135.0
135.0
135.0
135.0
135.0
135.0
135.0
135.0
135.0
135.0
135.0
135.0
135.0
135.0
135.0
135.0
135.0
135.0
135.0
135.0
135.0
135.0
135.0
135.0
135.0
135.0
135.0
135.0
135.0
135.0
135.0
135.0
135.0
135.0
135.0
135.0
135.0
135.0
135.0
135.0
135.0
135.0
135.0
135.0
135.0
135.0
135.0
135.0
135.0
135.0
135.0
135.0
135.0
135.0
135.0
135.0
135.0
135.0
135.0
135.0
135.0
135.0
135.0
135.0
135.0
135.0
135.0
135.0
135.0
135.0
135.0
135.0
135.0
135.0
135.0
135.0
135.0
135.0
135.0
135.0
135.0
135.0
135.0
135.0
135.0
135.0
135.0
135.0
135.0
135.0
135.0
135.0
135.0
135.0
135.0
135.0
135.0
135.0
135.0
135.0
135.0
135.0
135.0
135.0
135.0
135.0
135.0
135.0
135.0
135.0
135.0
135.0
135.0
135.0
135.0
135.0
135.0
135.0
135.0
135.0
135.0
135.0
135.0
135.0
135.0
135.0
135.0
135.0
135.0
135.0
135.0
135.0
135.0
135.0
135.0
135.0
135.0
135.0
135.0
135.0
135.0
135.0
135.0
135.0
135.0
135.0
135.0
135.0
135.0
135.0
135.0
135.0
135.0
135.0
135.0
135.0
135.0
135.0
135.0
135.0
135.0
135.0
135.0
135.0
135.0
135.0
135.0
135.0
135.0
135.0
135.0
135.0
135.0
135.0
135.0
135.0
135.0
135.0
135.0
135.0
135.0
135.0
135.0
135.0
135.0
135.0
135.0
135.0
135.0
135.0
135.0
135.0
135.0
135.0
135.0
135.0
135.0
135.0
135.0
135.0
135.0
135.0
135.0
135.0
135.0
135.0
135.0
135.0
135.0
135.0
135.0
135.0
135.0
135.0
135.0
135.0
135.0
135.0
135.0
135.0
135.0
135.0
135.0
135.0
135.0
135.0
135.0
135.0
135.0
135.0
135.0
135.0
135.0
135.0
135.0
135.0
135.0
135.0
135.0
135.0
135.0
135.0
135.0
135.0
135.0
135.0
135.0
135.0
135.0
135.0
135.0
135.0
135.0
135.0
135.0
135.0
135.0
135.0
135.0
135.0
135.0
135.0
135.0
135.0
135.0
135.0
135.0
135.0
135.0
135.0
135.0
135.0
135.0
135.0
135.0
135.0
135.0
135.0
135.0
135.0
135.0
135.0
135.0
135.0
135.0
135.0
135.0
135.0
135.0
135.0
135.0
135.0
135.0
135.0
135.0
135.0
135.0
135.0
135.0
135.0
135.0
135.0
135.0
135.0
135.0
135.0
135.0
135.0
135.0
135.0
135.0
135.0
135.0
135.0
135.0
135.0
135.0
135.0
135.0
135.0
135.0
135.0
135.0
135.0
135.0
135.0
135.0
135.0
135.0
135.0
135.0
135.0
135.0
135.0
135.0
135.0
135.0
135.0
135.0
135.0
135.0
135.0
135.0
135.0
135.0
135.0
135.0
135.0
135.0
135.0
135.0
135.0
135.0
135.0
135.0
135.0
135.0
135.0
135.0
135.0
135.0
135.0
135.0
135.0
135.0
135.0
135.0
135.0
135.0
135.0
135.0
135.0
135.0
135.0
135.0
135.0
135.0
135.0
135.0
135.0
135.0
135.0
135.0
135.0
135.0
135.0
135.0
135.0
135.0
135.0
135.0
135.0
135.0
135.0
135.0
135.0
135.0
135.0
135.0
135.0
135.0
135.0
135.0
135.0
135.0
135.0
135.0
135.0
135.0
135.0
135.0
135.0
135.0
135.0
135.0
135.0
135.0
135.0
135.0
135.0
135.0
135.0
135.0
135.0
135.0
135.0
135.0
135.0
135.0
135.0
135.0
135.0
135.0
135.0
135.0
135.0
135.0
135.0
135.0
135.0
135.0
135.0
135.0
135.0
135.0
135.0
135.0
135.0
135.0
135.0
135.0
135.0
135.0
135.0
135.0
135.0
135.0
135.0
135.0
135.0
135.0
135.0
135.0
135.0
135.0
135.0
135.0
135.0
135.0
135.0
135.0
135.0
135.0
135.0
135.0
135.0
135.0
135.0
135.0
135.0
135.0
135.0
135.0
135.0
135.0
135.0
135.0
135.0
135.0
135.0
135.0
135.0
135.0
135.0
135.0
135.0
135.0
135.0
135.0
135.0
135.0
135.0
135.0
135.0
135.0
135.0
135.0
135.0
135.0
135.0
135.0
135.0
135.0
135.0
135.0
135.0
135.0
135.0
135.0
135.0
135.0
135.0
135.0
135.0
135.0
135.0
135.0
135.0
135.0
135.0
135.0
135.0
135.0
135.0
135.0
135.0
135.0
135.0
135.0
135.0
135.0
135.0
135.0
135.0
135.0
135.0
135.0
135.0
135.0
135.0
135.0
135.0
135.0
135.0
135.0
135.0
135.0
135.0
135.0
135.0
135.0
135.0
135.0
135.0
135.0
135.0
135.0
135.0
135.0
135.0
135.0
135.0
135.0
135.0
135.0
135.0
135.0
135.0
135.0
135.0
135.0
135.0
135.0
135.0
135.0
135.0
135.0
135.0
135.0
135.0
135.0
135.0
135.0
135.0
135.0
135.0
135.0
135.0
135.0
135.0
135.0
135.0
135.0
135.0
135.0
135.0
135.0
135.0
135.0
135.0
135.0
135.0
135.0
135.0
135.0
135.0
135.0
135.0
135.0
135.0
135.0
135.0
135.0
135.0
135.0
135.0
135.0
135.0
135.0
135.0
135.0
135.0
135.0
135.0
135.0
135.0
135.0
135.0
135.0
135.0
135.0
135.0
135.0
135.0
135.0
135.0
135.0
135.0
135.0
135.0
135.0
135.0
135.0
135.0
135.0
135.0
135.0
135.0
135.0
135.0
135.0
135.0
135.0
135.0
135.0
135.0
135.0
135.0
135.0
135.0
135.0
135.0
135.0
135.0
135.0
135.0
135.0
135.0
135.0
135.0
135.0
135.0
135.0
135.0
135.0
135.0
135.0
135.0
135.0
135.0
135.0
135.0
135.0
135.0
135.0
135.0
135.0
135.0
135.0
135.0
135.0
135.0
135.0
135.0
135.0
135.0
135.0
135.0
135.0
135.0
135.0
135.0
135.0
135.0
135.0
135.0
135.0
135.0
135.0
135.0
135.0
135.0
135.0
135.0
135.0
135.0
135.0
135.0
135.0
135.0
135.0
135.0
135.0
135.0
135.0
135.0
135.0
135.0
135.0
135.0
135.0
135.0
135.0
135.0
135.0
135.0
135.0
135.0
135.0
135.0
135.0
135.0
135.0
135.0
135.0
135.0
135.0
135.0
135.0
135.0
135.0
135.0
135.0
135.0
135.0
135.0
135.0
135.0
135.0
135.0
135.0
135.0
135.0
135.0
135.0
135.0
135.0
135.0
135.0
135.0
135.0
135.0
135.0
135.0
135.0
135.0
135.0
135.0
135.0
135.0
135.0
135.0
135.0
135.0
135.0
135.0
135.0
135.0
135.0
135.0
135.0
135.0
135.0
135.0
135.0
135.0
135.0
135.0
135.0
135.0
135.0
135.0
135.0
135.0
135.0
135.0
135.0
135.0
135.0
135.0
135.0
135.0
135.0
135.0
135.0
135.0
135.0
135.0
135.0
135.0
135.0
135.0
135.0
135.0
135.0
135.0
135.0
135.0
135.0
135.0
135.0
135.0
135.0
135.0
135.0
135.0
135.0
135.0
135.0
135.0
135.0
135.0
135.0
135.0
135.0
135.0
135.0
135.0
135.0
135.0
135.0
135.0
135.0
135.0
135.0
135.0
135.0
135.0
135.0
135.0
135.0
135.0
135.0
135.0
135.0
135.0
135.0
135.0
135.0
135.0
135.0
135.0
135.0
135.0
135.0
135.0
135.0
135.0
135.0
135.0
135.0
135.0
135.0
135.0
135.0
135.0
135.0
135.0
135.0
135.0
135.0
135.0
135.0
135.0
135.0
135.0
135.0
135.0
135.0
135.0
135.0
135.0
135.0
135.0
135.0
135.0
135.0
135.0
135.0
135.0
135.0
135.0
135.0
135.0
135.0
135.0
135.0
135.0
135.0
135.0
135.0
135.0
135.0
135.0
135.0
135.0
135.0
135.0
135.0
135.0
135.0
135.0
135.0
135.0
135.0
135.0
135.0
135.0
135.0
135.0
135.0
135.0
135.0
135.0
135.0
135.0
135.0
135.0
135.0
135.0
135.0
135.0
135.0
135.0
135.0
135.0
135.0
135.0
135.0
135.0
135.0
135.0
135.0
135.0
135.0
135.0
135.0
135.0
135.0
135.0
135.0
135.0
135.0
135.0
135.0
135.0
135.0
135.0
135.0
135.0
135.0
135.0
135.0
135.0
135.0
135.0
135.0
135.0
135.0
135.0
135.0
135.0
135.0
135.0
135.0
135.0
135.0
135.0
135.0
135.0
135.0
135.0
135.0
135.0
135.0
135.0
135.0
135.0
135.0
135.0
135.0
135.0
135.0
135.0
135.0
135.0
135.0
135.0
135.0
135.0
135.0
135.0
135.0
135.0
135.0
135.0
135.0
135.0
135.0
135.0
135.0
135.0
135.0
135.0
135.0
135.0
135.0
135.0
135.0
135.0
135.0
135.0
135.0
135.0
135.0
135.0
135.0
135.0
135.0
135.0
135.0
135.0
135.0
135.0
135.0
135.0
135.0
135.0
135.0
135.0
135.0
135.0
135.0
135.0
135.0
135.0
135.0
135.0
135.0
135.0
135.0
135.0
135.0
135.0
135.0
135.0
135.0
135.0
135.0
135.0
135.0
135.0
135.0
135.0
135.0
135.0
135.0
135.0
135.0
135.0
135.0
135.0
135.0
135.0
135.0
135.0
135.0
135.0
135.0
135.0
135.0
135.0
135.0
135.0
135.0
135.0
135.0
135.0
135.0
135.0
135.0
135.0
135.0
135.0
135.0
135.0
135.0
135.0
135.0
135.0
135.0
135.0
135.0
135.0
135.0
135.0
135.0
135.0
135.0
135.0
135.0
135.0
135.0
135.0
135.0
135.0
135.0
135.0
135.0
135.0
135.0
135.0
135.0
135.0
135.0
135.0
135.0
135.0
135.0
135.0
135.0
135.0
135.0
135.0
135.0
135.0
135.0
135.0
135.0
135.0
135.0
135.0
135.0
135.0
135.0
135.0
135.0
135.0
135.0
135.0
135.0
135.0
135.0
135.0
135.0
135.0
135.0
135.0
135.0
135.0
135.0
135.0
135.0
135.0
135.0
135.0
135.0
135.0
135.0
135.0
135.0
135.0
135.0
135.0
135.0
135.0
135.0
135.0
135.0
135.0
135.0
135.0
135.0
135.0
135.0
135.0
135.0
135.0
135.0
135.0
135.0
135.0
135.0
135.0
135.0
135.0
135.0
135.0
135.0
135.0
135.0
135.0
135.0
135.0
135.0
135.0
135.0
135.0
135.0
135.0
135.0
135.0
135.0
135.0
135.0
135.0
135.0
135.0
135.0
135.0
135.0
135.0
135.0
135.0
135.0
135.0
135.0
135.0
135.0
135.0
135.0
135.0
135.0
135.0
135.0
135.0
135.0
135.0
135.0
135.0
135.0
135.0
135.0
135.0
135.0
135.0
135.0
135.0
135.0
135.0
135.0
135.0
135.0
135.0
135.0
135.0
135.0
135.0
135.0
135.0
135.0
135.0
135.0
135.0
135.0
135.0
135.0
135.0
135.0
135.0
135.0
135.0
135.0
135.0
135.0
135.0
135.0
135.0
135.0
135.0
135.0
135.0
135.0
135.0
135.0
135.0
135.0
135.0
135.0
135.0
135.0
135.0
135.0
135.0
135.0
135.0
135.0
135.0
135.0
135.0
135.0
135.0
135.0
135.0
135.0
135.0
135.0
135.0
135.0
135.0
135.0
135.0
135.0
135.0
135.0
135.0
135.0
135.0
135.0
135.0
135.0
135.0
135.0
135.0
135.0
135.0
135.0
135.0
135.0
135.0
135.0
135.0
135.0
135.0
135.0
135.0
135.0
135.0
135.0
135.0
135.0
135.0
135.0
135.0
135.0
135.0
135.0
135.0
135.0
135.0
135.0
135.0
135.0
135.0
135.0
135.0
135.0
135.0
135.0
135.0
135.0
135.0
135.0
135.0
135.0
135.0
135.0
135.0
135.0
135.0
135.0
135.0
135.0
135.0
135.0
135.0
135.0
135.0
135.0
135.0
135.0
135.0
135.0
135.0
135.0
135.0
135.0
135.0
135.0
135.0
135.0
135.0
135.0
135.0
135.0
135.0
135.0
135.0
135.0
135.0
135.0
135.0
135.0
135.0
135.0
135.0
135.0
135.0
135.0
135.0
135.0
135.0
135.0
135.0
135.0
135.0
135.0
135.0
135.0
135.0
135.0
135.0
135.0
135.0
135.0
135.0
135.0
135.0
135.0
135.0
135.0
135.0
135.0
135.0
135.0
135.0
135.0
135.0
135.0
135.0
135.0
135.0
135.0
135.0
135.0
135.0
135.0
135.0
135.0
135.0
135.0
135.0
135.0
135.0
135.0
135.0
135.0
135.0
135.0
135.0
135.0
135.0
135.0
135.0
135.0
135.0
135.0
135.0
135.0
135.0
135.0
135.0
135.0
135.0
135.0
135.0
135.0
135.0
135.0
135.0
135.0
135.0
135.0
135.0
135.0
135.0
135.0
135.0
135.0
135.0
135.0
135.0
135.0
135.0
135.0
135.0
135.0
135.0
135.0
135.0
135.0
135.0
135.0
135.0
135.0
135.0
135.0
135.0
135.0
135.0
135.0
135.0
135.0
135.0
135.0
135.0
135.0
135.0
135.0
135.0
135.0
135.0
135.0
135.0
135.0
135.0
135.0
135.0
135.0
135.0
135.0
135.0
135.0
135.0
135.0
135.0
135.0
135.0
135.0
135.0
135.0
135.0
135.0
135.0
135.0
135.0
135.0
135.0
135.0
135.0
135.0
135.0
135.0
135.0
135.0
135.0
135.0
135.0
135.0
135.0
135.0
135.0
135.0
135.0
135.0
135.0
135.0
135.0
135.0
135.0
135.0
135.0
135.0
135.0
135.0
135.0
135.0
135.0
135.0
135.0
135.0
135.0
135.0
135.0
135.0
135.0
135.0
135.0
135.0
135.0
135.0
135.0
135.0
135.0
135.0
135.0
135.0
135.0
135.0
135.0
135.0
135.0
135.0
135.0
135.0
135.0
135.0
135.0
135.0
135.0
135.0
135.0
135.0
135.0
135.0
135.0
135.0
135.0
135.0
135.0
135.0
135.0
135.0
135.0
135.0
135.0
135.0
135.0
135.0
135.0
135.0
135.0
135.0
135.0
135.0
135.0
135.0
135.0
135.0
135.0
135.0
135.0
135.0
135.0
135.0
135.0
135.0
135.0
135.0
135.0
135.0
135.0
135.0
135.0
135.0
135.0
135.0
135.0
135.0
135.0
135.0
135.0
135.0
135.0
135.0
135.0
135.0
135.0
135.0
135.0
135.0
135.0
135.0
135.0
135.0
135.0
135.0
135.0
135.0
135.0
135.0
135.0
135.0
135.0
135.0
135.0
135.0
135.0
135.0
135.0
135.0
135.0
135.0
135.0
135.0
135.0
135.0
135.0
135.0
135.0
135.0
135.0
135.0
135.0
135.0
135.0
135.0
135.0
135.0
135.0
135.0
135.0
135.0
135.0
135.0
135.0
135.0
135.0
135.0
135.0
135.0
135.0
135.0
135.0
135.0
135.0
135.0
135.0
135.0
135.0
135.0
135.0
135.0
135.0
135.0
135.0
135.0
135.0
135.0
135.0
135.0
135.0
135.0
135.0
135.0
135.0
135.0
135.0
135.0
135.0
135.0
135.0
135.0
135.0
135.0
135.0
135.0
135.0
135.0
135.0
135.0
135.0
135.0
135.0
135.0
135.0
135.0
135.0
135.0
135.0
135.0
135.0
135.0
135.0
135.0
135.0
135.0
135.0
135.0
135.0
135.0
135.0
135.0
135.0
135.0
135.0
135.0
135.0
135.0
135.0
135.0
135.0
135.0
135.0
135.0
135.0
135.0
135.0
135.0
135.0
135.0
135.0
135.0
135.0
135.0
135.0
135.0
135.0
135.0
135.0
135.0
135.0
135.0
135.0
135.0
135.0
135.0
135.0
135.0
135.0
135.0
135.0
135.0
135.0
135.0
135.0
135.0
135.0
135.0
135.0
135.0
135.0
135.0
135.0
135.0
135.0
135.0
135.0
135.0
135.0
135.0
135.0
135.0
135.0
135.0
135.0
135.0
135.0
135.0
135.0
135.0
135.0
135.0
135.0
135.0
135.0
135.0
135.0
135.0
135.0
135.0
135.0
135.0
135.0
135.0
135.0
135.0
135.0
135.0
135.0
135.0
135.0
135.0
135.0
135.0
135.0
135.0
135.0
135.0
135.0
135.0
135.0
135.0
135.0
135.0
135.0
135.0
135.0
135.0
135.0
135.0
135.0
135.0
135.0
135.0
135.0
135.0
135.0
135.0
135.0
135.0
135.0
135.0
135.0
135.0
135.0
135.0
135.0
135.0
135.0
135.0
135.0
135.0
135.0
135.0
135.0
135.0
135.0
135.0
135.0
135.0
135.0
135.0
135.0
135.0
135.0
135.0
135.0
135.0
135.0
135.0
135.0
135.0
135.0
135.0
135.0
135.0
135.0
135.0
135.0
135.0
135.0
135.0
135.0
135.0
135.0
135.0
135.0
135.0
135.0
135.0
135.0
135.0
135.0
135.0
135.0
135.0
135.0
135.0
135.0
135.0
135.0
135.0
135.0
135.0
135.0
135.0
135.0
135.0
135.0
135.0
135.0
135.0
135.0
135.0
135.0
135.0
135.0
135.0
135.0
135.0
135.0
135.0
135.0
135.0
135.0
135.0
135.0
135.0
135.0
135.0
135.0
135.0
135.0
135.0
135.0
135.0
135.0
135.0
135.0
135.0
135.0
135.0
135.0
135.0
135.0
135.0
135.0
135.0
135.0
135.0
135.0
135.0
135.0
135.0
135.0
135.0
135.0
135.0
135.0
135.0
135.0
135.0
135.0
135.0
135.0
135.0
135.0
135.0
135.0
135.0
135.0
135.0
135.0
135.0
135.0
135.0
135.0
135.0
135.0
135.0
135.0
135.0
135.0
135.0
135.0
135.0
135.0
135.0
135.0
135.0
135.0
135.0
135.0
135.0
135.0
135.0
135.0
135.0
135.0
135.0
135.0
135.0
135.0
135.0
135.0
135.0
135.0
135.0
135.0
135.0
135.0
135.0
135.0
135.0
135.0
135.0
135.0
135.0
135.0
135.0
135.0
135.0
135.0
135.0
135.0
135.0
135.0
135.0
135.0
135.0
135.0
135.0
135.0
135.0
135.0
135.0
135.0
135.0
135.0
135.0
135.0
135.0
135.0
135.0
135.0
135.0
135.0
135.0
135.0
135.0
135.0
135.0
135.0
135.0
135.0
135.0
135.0
135.0
135.0
135.0
135.0
135.0
135.0
135.0
135.0
135.0
135.0
135.0
135.0
135.0
135.0
135.0
135.0
135.0
135.0
135.0
135.0
135.0
135.0
135.0
135.0
135.0
135.0
135.0
135.0
135.0
135.0
135.0
135.0
135.0
135.0
135.0
135.0
135.0
135.0
135.0
135.0
135.0
135.0
135.0
135.0
135.0
135.0
135.0
135.0
135.0
135.0
135.0
135.0
135.0
135.0
135.0
135.0
135.0
135.0
135.0
135.0
135.0
135.0
135.0
135.0
135.0
135.0
135.0
135.0
135.0
135.0
135.0
135.0
135.0
135.0
135.0
135.0
135.0
135.0
135.0
135.0
135.0
135.0
135.0
135.0
135.0
135.0
135.0
135.0
135.0
135.0
135.0
135.0
135.0
135.0
135.0
135.0
135.0
135.0
135.0
135.0
135.0
135.0
135.0
135.0
135.0
135.0
135.0
135.0
135.0
135.0
135.0
135.0
135.0
135.0
135.0
135.0
135.0
135.0
135.0
135.0
135.0
135.0
135.0
135.0
135.0
135.0
135.0
135.0
135.0
135.0
135.0
135.0
135.0
135.0
135.0
135.0
135.0
135.0
135.0
135.0
135.0
135.0
135.0
135.0
135.0
135.0
135.0
135.0
135.0
135.0
135.0
135.0
135.0
135.0
135.0
135.0
135.0
135.0
135.0
135.0
135.0
135.0
135.0
135.0
135.0
135.0
135.0
135.0
135.0
135.0
135.0
135.0
135.0
135.0
135.0
135.0
135.0
135.0
135.0
135.0
135.0
135.0
135.0
135.0
135.0
135.0
135.0
135.0
135.0
135.0
135.0
135.0
135.0
135.0
135.0
135.0
135.0
135.0
135.0
135.0
135.0
135.0
135.0
135.0
135.0
135.0
135.0
135.0
135.0
135.0
135.0
135.0
135.0
135.0
135.0
135.0
135.0
135.0
135.0
135.0
135.0
135.0
135.0
135.0
135.0
135.0
135.0
135.0
135.0
135.0
135.0
135.0
135.0
135.0
135.0
135.0
135.0
135.0
135.0
135.0
135.0
135.0
135.0
135.0
135.0
135.0
135.0
135.0
135.0
135.0
135.0
135.0
135.0
135.0
135.0
135.0
135.0
135.0
135.0
135.0
135.0
135.0
135.0
135.0
135.0
135.0
135.0
135.0
135.0
135.0
135.0
135.0
135.0
135.0
135.0
135.0
135.0
135.0
135.0
135.0
135.0
135.0
135.0
135.0
135.0
135.0
135.0
135.0
135.0
135.0
135.0
135.0
135.0
135.0
135.0
135.0
135.0
135.0
135.0
135.0
135.0
135.0
135.0
135.0
135.0
135.0
135.0
135.0
135.0
135.0
135.0
135.0
135.0
135.0
135.0
135.0
135.0
135.0
135.0
135.0
135.0
135.0
135.0
135.0
135.0
135.0
135.0
135.0
135.0
135.0
135.0
135.0
135.0
135.0
135.0
135.0
135.0
135.0
135.0
135.0
135.0
135.0
135.0
135.0
135.0
135.0
135.0
135.0
135.0
135.0
135.0
135.0
135.0
135.0
135.0
135.0
135.0
135.0
135.0
135.0
135.0
135.0
135.0
135.0
135.0
135.0
135.0
135.0
135.0
135.0
135.0
135.0
135.0
135.0
135.0
135.0
135.0
135.0
135.0
135.0
135.0
135.0
135.0
135.0
135.0
135.0
135.0
135.0
135.0
135.0
135.0
135.0
135.0
135.0
135.0
135.0
135.0
135.0
135.0
135.0
135.0
135.0
135.0
135.0
135.0
135.0
135.0
135.0
135.0
135.0
135.0
135.0
135.0
135.0
135.0
135.0
135.0
135.0
135.0
135.0
135.0
135.0
135.0
135.0
135.0
135.0
135.0
135.0
135.0
135.0
135.0
135.0
135.0
135.0
135.0
135.0
135.0
135.0
135.0
135.0
135.0
135.0
135.0
135.0
135.0
135.0
135.0
135.0
135.0
135.0
135.0
135.0
135.0
135.0
135.0
135.0
135.0
135.0
135.0
135.0
135.0
135.0
135.0
135.0
135.0
135.0
135.0
135.0
135.0
135.0
135.0
135.0
135.0
135.0
135.0
135.0
135.0
135.0
135.0
135.0
135.0
135.0
135.0
135.0
135.0
135.0
135.0
135.0
135.0
135.0
135.0
135.0
135.0
135.0
135.0
135.0
135.0
135.0
135.0
135.0
135.0
135.0
135.0
135.0
135.0
135.0
135.0
135.0
135.0
135.0
135.0
135.0
135.0
135.0
135.0
135.0
135.0
135.0
135.0
135.0
135.0
135.0
135.0
135.0
135.0
135.0
135.0
135.0
135.0
135.0
135.0
135.0
135.0
135.0
135.0
135.0
135.0
135.0
135.0
135.0
135.0
135.0
135.0
135.0
135.0
135.0
135.0
135.0
135.0
135.0
135.0
135.0
135.0
135.0
135.0
135.0
135.0
135.0
135.0
135.0
135.0
135.0
135.0
135.0
135.0
135.0
135.0
135.0
135.0
135.0
135.0
135.0
135.0
135.0
135.0
135.0
135.0
135.0
135.0
135.0
135.0
135.0
135.0
135.0
135.0
135.0
135.0
135.0
135.0
135.0
135.0
135.0
135.0
135.0
135.0
135.0
135.0
135.0
135.0
135.0
135.0
135.0
135.0
135.0
135.0
135.0
135.0
135.0
135.0
135.0
135.0
135.0
135.0
135.0
135.0
135.0
135.0
135.0
135.0
135.0
135.0
135.0
135.0
135.0
135.0
135.0
135.0
135.0
135.0
135.0
135.0
135.0
135.0
135.0
135.0
135.0
135.0
135.0
135.0
135.0
135.0
135.0
135.0
135.0
135.0
135.0
135.0
135.0
135.0
135.0
135.0
135.0
135.0
135.0
135.0
135.0
135.0
135.0
135.0
135.0
135.0
135.0
135.0
135.0
135.0
135.0
135.0
135.0
135.0
135.0
135.0
135.0
135.0
135.0
135.0
135.0
135.0
135.0
135.0
135.0
135.0
135.0
135.0
135.0
135.0
135.0
135.0
135.0
135.0
135.0
135.0
135.0
135.0
135.0
135.0
135.0
135.0
135.0
135.0
135.0
135.0
135.0
135.0
135.0
135.0
135.0
135.0
135.0
135.0
135.0
135.0
135.0
135.0
135.0
135.0
135.0
135.0
135.0
135.0
135.0
135.0
135.0
135.0
135.0
135.0
135.0
135.0
135.0
135.0
135.0
135.0
135.0
135.0
135.0
135.0
135.0
135.0
135.0
135.0
135.0
135.0
135.0
135.0
135.0
135.0
135.0
135.0
135.0
135.0
135.0
135.0
135.0
135.0
135.0
135.0
135.0
135.0
135.0
135.0
135.0
135.0
135.0
135.0
135.0
135.0
135.0
135.0
135.0
135.0
135.0
135.0
135.0
135.0
135.0
135.0
135.0
135.0
135.0
135.0
135.0
135.0
135.0
135.0
135.0
135.0
135.0
135.0
135.0
135.0
135.0
135.0
135.0
135.0
135.0
135.0
135.0
135.0
135.0
135.0
135.0
135.0
135.0
135.0
135.0
135.0
135.0
135.0
135.0
135.0
135.0
135.0
135.0
135.0
135.0
135.0
135.0
135.0
135.0
135.0
135.0
135.0
135.0
135.0
135.0
135.0
135.0
135.0
135.0
135.0
135.0
135.0
135.0
135.0
135.0
135.0
135.0
135.0
135.0
135.0
135.0
135.0
135.0
135.0
135.0
135.0
135.0
135.0
135.0
135.0
135.0
135.0
135.0
135.0
135.0
135.0
135.0
135.0
135.0
135.0
135.0
135.0
135.0
135.0
135.0
135.0
135.0
135.0
135.0
135.0
135.0
135.0
135.0
135.0
135.0
135.0
135.0
135.0
135.0
135.0
135.0
135.0
135.0
135.0
135.0
135.0
135.0
135.0
135.0
135.0
135.0
135.0
135.0
135.0
135.0
135.0
135.0
135.0
135.0
135.0
135.0
135.0
135.0
135.0
135.0
135.0
135.0
135.0
135.0
135.0
135.0
135.0
135.0
135.0
135.0
135.0
135.0
135.0
135.0
135.0
135.0
135.0
135.0
135.0
135.0
135.0
135.0
135.0
135.0
135.0
135.0
135.0
135.0
135.0
135.0
135.0
135.0
135.0
135.0
135.0
135.0
135.0
135.0
135.0
135.0
135.0
135.0
135.0
135.0
135.0
135.0
135.0
135.0
135.0
135.0
135.0
135.0
135.0
135.0
135.0
135.0
135.0
135.0
135.0
135.0
135.0
135.0
135.0
135.0
135.0
135.0
135.0
135.0
135.0
135.0
135.0
135.0
135.0
135.0
135.0
135.0
135.0
135.0
135.0
135.0
135.0
135.0
135.0
135.0
135.0
135.0
135.0
135.0
135.0
135.0
135.0
135.0
135.0
135.0
135.0
135.0
135.0
135.0
135.0
135.0
135.0
135.0
135.0
135.0
135.0
135.0
135.0
135.0
135.0
135.0
135.0
135.0
135.0
135.0
135.0
135.0
135.0
135.0
135.0
135.0
135.0
135.0
135.0
135.0
135.0
135.0
135.0
135.0
135.0
135.0
135.0
135.0
135.0
135.0
135.0
135.0
135.0
135.0
135.0
135.0
135.0
135.0
135.0
135.0
135.0
135.0
135.0
135.0
135.0
135.0
135.0
135.0
135.0
135.0
135.0
135.0
135.0
135.0
135.0
135.0
135.0
135.0
135.0
135.0
135.0
135.0
135.0
135.0
135.0
135.0
135.0
135.0
135.0
135.0
135.0
135.0
135.0
135.0
135.0
135.0
135.0
135.0
135.0
135.0
135.0
135.0
135.0
135.0
135.0
135.0
135.0
135.0
135.0
135.0
135.0
135.0
135.0
135.0
135.0
135.0
135.0
135.0
135.0
135.0
135.0
135.0
135.0
135.0
135.0
135.0
135.0
135.0
135.0
135.0
135.0
135.0
135.0
135.0
135.0
135.0
135.0
135.0
135.0
135.0
135.0
135.0
135.0
135.0
135.0
135.0
135.0
135.0
135.0
135.0
135.0
135.0
135.0
135.0
135.0
135.0
135.0
135.0
135.0
135.0
135.0
135.0
135.0
135.0
135.0
135.0
135.0
135.0
135.0
135.0
135.0
135.0
135.0
135.0
135.0
135.0
135.0
135.0
135.0
135.0
135.0
135.0
135.0
135.0
135.0
135.0
135.0
135.0
135.0
135.0
135.0
135.0
135.0
135.0
135.0
135.0
135.0
135.0
135.0
135.0
135.0
135.0
135.0
135.0
135.0
135.0
135.0
135.0
135.0
135.0
135.0
135.0
135.0
135.0
135.0
135.0
135.0
135.0
135.0
135.0
135.0
135.0
135.0
135.0
135.0
135.0
135.0
135.0
135.0
135.0
135.0
135.0
135.0
135.0
135.0
135.0
135.0
135.0
135.0
135.0
135.0
135.0
135.0
135.0
135.0
135.0
135.0
135.0
135.0
135.0
135.0
135.0
135.0
135.0
135.0
135.0
135.0
135.0
135.0
135.0
135.0
135.0
135.0
135.0
135.0
135.0
135.0
135.0
135.0
135.0
135.0
135.0
135.0
135.0
135.0
135.0
135.0
135.0
135.0
135.0
135.0
135.0
135.0
135.0
135.0
135.0
135.0
135.0
135.0
135.0
135.0
135.0
135.0
135.0
135.0
135.0
135.0
135.0
135.0
135.0
135.0
135.0
135.0
135.0
135.0
135.0
135.0
135.0
135.0
135.0
135.0
135.0
135.0
135.0
135.0
135.0
135.0
135.0
135.0
135.0
135.0
135.0
135.0
135.0
135.0
135.0
135.0
135.0
135.0
135.0
135.0
135.0
135.0
135.0
135.0
135.0
135.0
135.0
135.0
135.0
135.0
135.0
135.0
135.0
135.0
135.0
135.0
135.0
135.0
135.0
135.0
135.0
135.0
135.0
135.0
135.0
135.0
135.0
135.0
135.0
135.0
135.0
135.0
135.0
135.0
135.0
135.0
135.0
135.0
135.0
135.0
135.0
135.0
135.0
135.0
135.0
135.0
135.0
135.0
135.0
135.0
135.0
135.0
135.0
135.0
135.0
135.0
135.0
135.0
135.0
135.0
135.0
135.0
135.0
135.0
135.0
135.0
135.0
135.0
135.0
135.0
135.0
135.0
135.0
135.0
135.0
135.0
135.0
135.0
135.0
135.0
135.0
135.0
135.0
135.0
135.0
135.0
135.0
135.0
135.0
135.0
135.0
135.0
135.0
135.0
135.0
135.0
135.0
135.0
135.0
135.0
135.0
135.0
135.0
135.0
135.0
135.0
135.0
135.0
135.0
135.0
135.0
135.0
135.0
135.0
135.0
135.0
135.0
135.0
135.0
135.0
135.0
135.0
135.0
135.0
135.0
135.0
135.0
135.0
135.0
135.0
135.0
135.0
135.0
135.0
135.0
135.0
135.0
135.0
135.0
135.0
135.0
135.0
135.0
135.0
135.0
135.0
135.0
135.0
135.0
135.0
135.0
135.0
135.0
135.0
135.0
135.0
135.0
135.0
135.0
135.0
135.0
135.0
135.0
135.0
135.0
135.0
135.0
135.0
135.0
135.0
135.0
135.0
135.0
135.0
135.0
135.0
135.0
135.0
135.0
135.0
135.0
135.0
135.0
135.0
135.0
135.0
135.0
135.0
135.0
135.0
135.0
135.0
135.0
135.0
135.0
135.0
135.0
135.0
135.0
135.0
135.0
135.0
135.0
135.0
135.0
135.0
135.0
135.0
135.0
135.0
135.0
135.0
135.0
135.0
135.0
135.0
135.0
135.0
135.0
135.0
135.0
135.0
135.0
135.0
135.0
135.0
135.0
135.0
135.0
135.0
135.0
135.0
135.0
135.0
135.0
135.0
135.0
135.0
135.0
135.0
135.0
135.0
135.0
135.0
135.0
135.0
135.0
135.0
135.0
135.0
135.0
135.0
135.0
135.0
135.0
135.0
135.0
135.0
135.0
135.0
135.0
135.0
135.0
135.0
135.0
135.0
135.0
135.0
135.0
135.0
135.0
135.0
135.0
135.0
135.0
135.0
135.0
135.0
135.0
135.0
135.0
135.0
135.0
135.0
135.0
135.0
135.0
135.0
135.0
135.0
135.0
135.0
135.0
135.0
135.0
135.0
135.0
135.0
135.0
135.0
135.0
135.0
135.0
135.0
135.0
135.0
135.0
135.0
135.0
135.0
135.0
135.0
135.0
135.0
135.0
135.0
135.0
135.0
135.0
135.0
135.0
135.0
135.0
135.0
135.0
135.0
135.0
135.0
135.0
135.0
135.0
135.0
135.0
135.0
135.0
135.0
135.0
135.0
135.0
135.0
135.0
135.0
135.0
135.0
135.0
135.0
135.0
135.0
135.0
135.0
135.0
135.0
135.0
135.0
135.0
135.0
135.0
135.0
135.0
135.0
135.0
135.0
135.0
135.0
135.0
135.0
135.0
135.0
135.0
135.0
135.0
135.0
135.0
135.0
135.0
135.0
135.0
135.0
135.0
135.0
135.0
135.0
135.0
135.0
135.0
135.0
135.0
135.0
135.0
135.0
135.0
135.0
135.0
135.0
135.0
135.0
135.0
135.0
135.0
135.0
135.0
135.0
135.0
135.0
135.0
135.0
135.0
135.0
135.0
135.0
135.0
135.0
135.0
135.0
135.0
135.0
135.0
135.0
135.0
135.0
135.0
135.0
135.0
135.0
135.0
135.0
135.0
135.0
135.0
135.0
135.0
135.0
135.0
135.0
135.0
135.0
135.0
135.0
135.0
135.0
135.0
135.0
135.0
135.0
135.0
135.0
135.0
135.0
135.0
135.0
135.0
135.0
135.0
135.0
135.0
135.0
135.0
135.0
135.0
135.0
135.0
135.0
135.0
135.0
135.0
135.0
135.0
135.0
135.0
135.0
135.0
135.0
135.0
135.0
135.0
135.0
135.0
135.0
135.0
135.0
135.0
135.0
135.0
135.0
135.0
135.0
135.0
135.0
135.0
135.0
135.0
135.0
135.0
135.0
135.0
135.0
135.0
135.0
135.0
135.0
135.0
135.0
135.0
135.0
135.0
135.0
135.0
135.0
135.0
135.0
135.0
135.0
135.0
135.0
135.0
135.0
135.0
135.0
135.0
135.0
135.0
135.0
135.0
135.0
135.0
135.0
135.0
135.0
135.0
135.0
135.0
135.0
135.0
135.0
135.0
135.0
135.0
135.0
135.0
135.0
135.0
135.0
135.0
135.0
135.0
135.0
135.0
135.0
135.0
135.0
135.0
135.0
135.0
135.0
135.0
135.0
135.0
135.0
135.0
135.0
135.0
135.0
135.0
135.0
135.0
135.0
135.0
135.0
135.0
135.0
135.0
135.0
135.0
135.0
135.0
135.0
135.0
135.0
135.0
135.0
135.0
135.0
135.0
135.0
135.0
135.0
135.0
135.0
135.0
135.0
135.0
135.0
135.0
135.0
135.0
135.0
135.0
135.0
135.0
135.0
135.0
135.0
135.0
135.0
135.0
135.0
135.0
135.0
135.0
135.0
135.0
135.0
135.0
135.0
135.0
135.0
135.0
135.0
135.0
135.0
135.0
135.0
135.0
135.0
135.0
135.0
135.0
135.0
135.0
135.0
135.0
135.0
135.0
135.0
135.0
135.0
135.0
135.0
135.0
135.0
135.0
135.0
135.0
135.0
135.0
135.0
135.0
135.0
135.0
135.0
135.0
135.0
135.0
135.0
135.0
135.0
135.0
135.0
135.0
135.0
135.0
135.0
135.0
135.0
135.0
135.0
135.0
135.0
135.0
135.0
135.0
135.0
135.0
135.0
135.0
135.0
135.0
135.0
135.0
135.0
135.0
135.0
135.0
135.0
135.0
135.0
135.0
135.0
135.0
135.0
135.0
135.0
135.0
135.0
135.0
135.0
135.0
135.0
135.0
135.0
135.0
135.0
135.0
135.0
135.0
135.0
135.0
135.0
135.0
135.0
135.0
135.0
135.0
135.0
135.0
135.0
135.0
135.0
135.0
135.0
135.0
135.0
135.0
135.0
135.0
135.0
135.0
135.0
135.0
135.0
135.0
135.0
135.0
135.0
135.0
135.0
135.0
135.0
135.0
135.0
135.0
135.0
135.0
135.0
135.0
135.0
135.0
135.0
135.0
135.0
135.0
135.0
135.0
135.0
135.0
135.0
135.0
135.0
135.0
135.0
135.0
135.0
135.0
135.0
135.0
135.0
135.0
135.0
135.0
135.0
135.0
135.0
135.0
135.0
135.0
135.0
135.0
135.0
135.0
135.0
135.0
135.0
135.0
135.0
135.0
135.0
135.0
135.0
135.0
135.0
135.0
135.0
135.0
135.0
135.0
135.0
135.0
135.0
135.0
135.0
135.0
135.0
135.0
135.0
135.0
135.0
135.0
135.0
135.0
135.0
135.0
135.0
135.0
135.0
135.0
135.0
135.0
135.0
135.0
135.0
135.0
135.0
135.0
135.0
135.0
135.0
135.0
135.0
135.0
135.0
135.0
135.0
135.0
135.0
135.0
135.0
135.0
135.0
135.0
135.0
135.0
135.0
135.0
135.0
135.0
135.0
135.0
135.0
135.0
135.0
135.0
135.0
135.0
135.0
135.0
135.0
135.0
135.0
135.0
135.0
135.0
135.0
135.0
135.0
135.0
135.0
135.0
135.0
135.0
135.0
135.0
135.0
135.0
135.0
135.0
135.0
135.0
135.0
135.0
135.0
135.0
135.0
135.0
135.0
135.0
135.0
135.0
135.0
135.0
135.0
135.0
135.0
135.0
135.0
135.0
135.0
135.0
135.0
135.0
135.0
135.0
135.0
135.0
135.0
135.0
135.0
135.0
135.0
135.0
135.0
135.0
135.0
135.0
135.0
135.0
135.0
135.0
135.0
135.0
135.0
135.0
135.0
135.0
135.0
135.0
135.0
135.0
135.0
135.0
135.0
135.0
135.0
135.0
135.0
135.0
135.0
135.0
135.0
135.0
135.0
135.0
135.0
135.0
135.0
135.0
135.0
135.0
135.0
135.0
135.0
135.0
135.0
135.0
135.0
135.0
135.0
135.0
135.0
135.0
135.0
135.0
135.0
135.0
135.0
135.0
135.0
135.0
135.0
135.0
135.0
135.0
135.0
135.0
135.0
135.0
135.0
135.0
135.0
135.0
135.0
135.0
135.0
135.0
135.0
135.0
135.0
135.0
135.0
135.0
135.0
135.0
135.0
135.0
135.0
135.0
135.0
135.0
135.0
135.0
135.0
135.0
135.0
135.0
135.0
135.0
135.0
135.0
135.0
135.0
135.0
135.0
135.0
135.0
135.0
135.0
135.0
135.0
135.0
135.0
135.0
135.0
135.0
135.0
135.0
135.0
135.0
135.0
135.0
135.0
135.0
135.0
135.0
135.0
135.0
135.0
135.0
135.0
135.0
135.0
135.0
135.0
135.0
135.0
135.0
135.0
135.0
135.0
135.0
135.0
135.0
135.0
135.0
135.0
135.0
135.0
135.0
135.0
135.0
135.0
135.0
135.0
135.0
135.0
135.0
135.0
135.0
135.0
135.0
135.0
135.0
135.0
135.0
135.0
135.0
135.0
135.0
135.0
135.0
135.0
135.0
135.0
135.0
135.0
135.0
135.0
135.0
135.0
135.0
135.0
135.0
135.0
135.0
135.0
135.0
135.0
135.0
135.0
135.0
135.0
135.0
135.0
135.0
135.0
135.0
135.0
135.0
135.0
135.0
135.0
135.0
135.0
135.0
135.0
135.0
135.0
135.0
135.0
135.0
135.0
135.0
135.0
135.0
135.0
135.0
135.0
135.0
135.0
135.0
135.0
135.0
135.0
135.0
135.0
135.0
135.0
135.0
135.0
135.0
135.0
135.0
135.0
135.0
135.0
135.0
135.0
135.0
135.0
135.0
135.0
135.0
135.0
135.0
135.0
135.0
135.0
135.0
135.0
135.0
135.0
135.0
135.0
135.0
135.0
135.0
135.0
135.0
135.0
135.0
135.0
135.0
135.0
135.0
135.0
135.0
135.0
135.0
135.0
135.0
135.0
135.0
135.0
135.0
135.0
135.0
135.0
135.0
135.0
135.0
135.0
135.0
135.0
135.0
135.0
135.0
135.0
135.0
135.0
135.0
135.0
135.0
135.0
135.0
135.0
135.0
135.0
135.0
135.0
135.0
135.0
135.0
135.0
135.0
135.0
135.0
135.0
135.0
135.0
135.0
135.0
135.0
135.0
135.0
135.0
135.0
135.0
135.0
135.0
135.0
135.0
135.0
135.0
135.0
135.0
135.0
135.0
135.0
135.0
135.0
135.0
135.0
135.0
135.0
135.0
135.0
135.0
135.0
135.0
135.0
135.0
135.0
135.0
135.0
135.0
135.0
135.0
135.0
135.0
135.0
135.0
135.0
135.0
135.0
135.0
135.0
135.0
135.0
135.0
135.0
135.0
135.0
135.0
135.0
135.0
135.0
135.0
135.0
135.0
135.0
135.0
135.0
135.0
135.0
135.0
135.0
135.0
135.0
135.0
135.0
135.0
135.0
135.0
135.0
135.0
135.0
135.0
135.0
135.0
135.0
135.0
135.0
135.0
135.0
135.0
135.0
135.0
135.0
135.0
135.0
135.0
135.0
135.0
135.0
135.0
135.0
135.0
135.0
135.0
135.0
135.0
135.0
135.0
135.0
135.0
135.0
135.0
135.0
135.0
135.0
135.0
135.0
135.0
135.0
135.0
135.0
135.0
135.0
135.0
135.0
135.0
135.0
135.0
135.0
135.0
135.0
135.0
135.0
135.0
135.0
135.0
135.0
135.0
135.0
135.0
135.0
135.0
135.0
135.0
135.0
135.0
135.0
135.0
135.0
135.0
135.0
135.0
135.0
135.0
135.0
135.0
135.0
135.0
135.0
135.0
135.0
135.0
135.0
135.0
135.0
135.0
135.0
135.0
135.0
135.0
135.0
135.0
135.0
135.0
135.0
135.0
135.0
135.0
135.0
135.0
135.0
135.0
135.0
135.0
135.0
135.0
135.0
135.0
135.0
135.0
135.0
135.0
135.0
135.0
135.0
135.0
135.0
135.0
135.0
135.0
135.0
135.0
135.0
135.0
135.0
135.0
135.0
135.0
135.0
135.0
135.0
135.0
135.0
134.999999999
134.999999999
135.0
135.000000001
135.000000001
135.0
134.999999999
134.999999999
135.0
135.000000001
135.000000001
135.0
134.999999999
134.999999999
135.0
135.000000001
135.000000001
135.0
134.999999999
134.999999999
135.0
135.000000002
135.000000002
135.0
134.999999998
134.999999998
135.0
135.000000002
135.000000002
135.0
134.999999997
134.999999997
135.0
135.000000003
135.000000003
135.0
134.999999996
134.999999996
135.0
135.000000004
135.000000004
135.0
134.999999995
134.999999995
135.0
135.000000006
135.000000006
135.0
134.999999993
134.999999993
135.0
135.000000008
135.000000008
135.0
134.999999991
134.99999999
135.0
135.000000011
135.000000011
135.0
134.999999987
134.999999987
135.0
135.000000015
135.000000016
135.0
134.999999983
134.999999982
135.0
135.00000002
135.000000021
135.0
134.999999976
134.999999975
135.0
135.000000028
135.000000029
135.0
134.999999967
134.999999965
135.0
135.000000038
135.000000041
135.0
134.999999955
134.999999952
135.0
135.000000053
135.000000056
135.0
134.999999938
134.999999935
135.0
135.000000073
135.000000077
135.0
134.999999915
134.99999991
135.0
135.0000001
135.000000106
135.0
134.999999883
134.999999876
135.0
135.000000138
135.000000145
135.0
134.999999838
134.99999983
135.0
135.00000019
135.0000002
135.0
134.999999778
134.999999766
135.0
135.000000261
135.000000275
135.0
134.999999694
134.999999677
135.0
135.000000359
135.000000378
135.0
134.999999579
134.999999556
135.0
135.000000493
135.00000052
135.0
134.999999421
134.99999939
135.0
135.000000679
135.000000716
135.0
134.999999204
134.99999916
135.0
135.000000934
135.000000985
135.0
134.999998905
134.999998845
135.0
135.000001285
135.000001355
135.0
134.999998493
134.999998411
135.0
135.000001768
135.000001864
135.0
134.999997927
134.999997814
135.0
135.000002432
135.000002565
135.0
134.999997148
134.999996992
135.0
135.000003345
135.000003528
135.0
134.999996076
134.999995862
135.0
135.000004602
135.000004854
135.0
134.999994602
134.999994307
135.0
135.000006332
135.000006677
135.0
134.999992574
134.999992168
135.0
135.00000871
135.000009186
135.0
134.999989783
134.999989226
135.0
135.000011983
135.000012637
135.0
134.999985945
134.999985177
135.0
135.000016486
135.000017386
135.0
134.999980664
134.999979608
135.0
135.00002268
135.000023918
135.0
134.999973399
134.999971946
135.0
135.000031201
135.000032905
135.0
134.999963404
134.999961405
135.0
135.000042925
135.000045269
135.0
134.999949652
134.999946903
135.0
135.000059055
135.00006228
135.0
134.999930731
134.999926948
135.0
135.00008125
135.000085688
135.0
134.999904695
134.999899489
135.0
135.000111794
135.000117902
135.0
134.99986886
134.999861692
135.0
135.000153842
135.000162253
135.0
134.999819516
134.999809643
135.0
135.000211759
135.000223351
135.0
134.999751517
134.999737902
135.0
135.000291624
135.000307623
135.0
134.999657668
134.999638853
135.0
135.000401983
135.000424131
135.0
134.999527769
134.999501664
135.0
135.000555082
135.000585909
135.0
134.999347001
134.999310506
135.0
135.000769048
135.000812403
135.0
134.999092883
134.999041138
135.0
135.001072246
135.001134402
135.0
134.99872885
134.998653546
135.0
135.001513045
135.001605345
135.0
134.99818896
134.998074061
135.0
135.002184507
135.002330504
135.0
134.997336692
134.997146112
135.0
135.003295674
135.00355332
135.0
134.995836307
134.995471904
135.0
135.005415873
135.005962019
135.0
134.992658552
134.991776628
135.0
135.010558364
135.012128244
135.0
134.983443765
134.980257482
135.0
135.029568322
135.037357345
135.0
134.935127093
134.909770885
135.0
135.203759577
135.341744595
