3.6985282182
1.35444137332
0.0855626457083
-2.8194335755e-11
0.820661695993
2.00832875768
3.00000000012
3.45110723219
3.3585100063
2.9999999997
2.72868757353
2.74723975255
3.00000000053
3.24595186712
3.2567124311
2.99999999922
2.68013320384
2.60867845311
3.00000000097
3.83981770645
4.91902089784
5.99999999894
6.98273605114
7.94046913528
9.00000000103
10.1690191086
11.2615123214
11.9999999991
12.2320419341
12.0969832046
12.0000000005
12.3851255398
13.4500934278
14.9999999998
16.5495137644
17.614086601
17.9999999998
17.9046106759
17.7699677169
18.0000000005
18.7356079459
19.8276410751
20.9999999994
22.0638572464
23.0221242271
24.0000000007
25.0749488433
26.153506736
26.9999999994
27.3994316054
27.3287736746
27.0000000003
26.7326262825
26.7424466406
26.9999999999
27.2662000124
27.285463371
26.9999999999
26.6276577937
26.5375314776
27.0000000003
27.9817541341
29.1345226405
29.9999999997
30.3059727706
30.1593206932
30.0000000002
30.3321740267
31.3972029505
32.9999999999
34.6098887944
35.6823756274
36.0000000001
35.8083937718
35.6503012681
35.9999999998
36.9421483438
38.120138368
39.0000000006
39.2711808035
39.0942313457
38.9999999987
39.4939652773
40.6487686385
42.0000000023
42.8512239727
42.7848670384
41.9999999966
41.2061842353
41.1307935363
42.0000000046
43.387895346
44.5525454985
44.9999999943
44.8379493106
44.6492294447
45.0000000067
45.986278895
47.1799270416
47.9999999927
48.1895262383
48.0075354473
48.0000000077
48.565574565
49.6827957034
50.9999999922
52.1687983508
53.1108776213
54.0000000077
55.0130173949
56.1024510991
56.9999999925
57.4349629949
57.361440203
57.0000000071
56.6819486976
56.6535031872
56.9999999934
57.7056239943
58.7306924714
60.000000006
61.3289970264
62.4183954834
62.9999999947
63.0525816348
62.8911771399
63.0000000044
63.6923872255
64.8551779106
65.9999999966
66.6081039834
66.5100581088
66.0000000022
65.5925071441
65.6203357312
65.9999999992
66.3489821895
66.342598083
65.9999999994
65.6556702742
65.6475313936
66.000000002
66.3868290647
66.4166383716
65.9999999966
65.476368336
65.3757745529
66.0000000046
67.1670791168
68.3336872057
68.9999999943
69.0726548173
68.904305304
69.0000000066
69.6456557386
70.7517348937
71.9999999927
73.1259432191
74.0859902303
75.0000000079
75.9747442396
76.9997873204
77.9999999916
78.9546229517
79.9323885693
81.0000000088
82.1147291665
83.1413296553
83.9999999908
84.7930746986
85.749709629
87.0000000095
88.3818369455
89.4940063305
89.9999999904
89.9397454573
89.7604141784
90.0000000096
90.8645789966
92.0545014715
92.9999999905
93.3227600183
93.1457721466
93.0000000091
93.412862451
94.5194121867
95.9999999913
97.3654088837
98.3338213284
99.0000000082
99.6962636102
100.695412645
101.999999992
103.353374931
104.42237697
105.000000007
105.110175317
104.991998178
104.999999993
105.459176933
106.509311487
108.000000007
109.520684639
110.60181676
110.999999993
110.877010868
110.71605184
111.000000007
111.872706981
113.041170039
113.999999994
114.403575092
114.291730546
114.000000006
113.852182504
113.911301845
113.999999995
113.952394225
113.84875289
114.000000004
114.677506103
115.821889216
116.999999996
117.676803311
117.601064207
117.000000002
116.426952976
116.382110252
116.999999999
118.030501626
119.096823761
120.0
120.825714758
121.792866207
123.000000001
124.295385527
125.373196998
125.999999998
126.174651282
126.098065219
126.000000003
125.983193873
126.007990096
125.999999996
125.955499403
125.940571977
126.000000004
126.087099204
126.101056739
125.999999995
125.867986864
125.849640459
126.000000006
126.198054888
126.231234233
125.999999994
125.662047389
125.565783572
126.000000007
126.956035753
128.102540451
128.999999993
129.383845304
129.297719225
129.000000008
128.761245332
128.738308272
128.999999992
129.611280203
130.63164293
132.000000008
133.4385153
134.534106023
134.999999992
134.921252225
134.749632386
135.000000008
135.862725488
137.046917432
137.999999992
138.342279103
138.172252591
138.000000007
138.367359037
139.459369634
140.999999994
142.480340304
143.507356136
144.000000006
144.124810819
144.089272015
143.999999995
143.888585966
143.830321735
144.000000004
144.587388246
145.643289736
146.999999997
148.344425249
149.387818224
150.000000003
150.221145022
150.177639912
149.999999998
149.81005264
149.753546907
150.000000001
150.669215796
151.734308283
152.999999999
154.205513562
155.191394146
156.0
156.821399818
157.822486427
159.000000001
160.183930157
161.19161098
161.999999998
162.781081587
163.758555915
165.000000002
166.322493615
167.401159431
167.999999997
168.137728931
168.052674483
168.000000003
168.05722428
168.105606532
167.999999996
167.771258384
167.670810848
168.000000004
168.855347247
170.003147661
170.999999996
171.479037433
171.387631228
171.000000003
170.703293927
170.724783692
170.999999997
171.262782078
171.271578626
171.000000003
170.664804186
170.588705222
170.999999997
171.89274968
173.01800306
174.000000002
174.516097365
174.458123464
173.999999998
173.529096812
173.457643679
174.000000002
175.040986152
176.188481803
176.999999998
177.256373309
177.109533046
177.000000002
177.386392684
178.455726933
179.999999999
181.537559824
182.59966411
183.000000001
182.923277138
182.790562032
182.999999999
183.711321047
184.801536098
186.000000001
187.093620501
188.053743161
188.999999998
190.039561147
191.11621939
192.000000002
192.440462959
192.371583835
191.999999997
191.686742884
191.695478579
192.000000003
192.313472183
192.331243926
191.999999996
191.591741397
191.513010527
192.000000005
192.95163202
194.040073935
194.999999994
195.839749768
196.78417805
198.000000006
199.358884016
200.473096554
200.999999993
200.960806403
200.783081272
201.000000007
201.836239476
203.022093685
203.999999993
204.366366098
204.197078654
204.000000006
204.33889653
205.427875756
206.999999994
208.521174688
209.555169403
210.000000005
210.05505744
210.001771252
209.999999995
210.0424229
210.052110452
210.000000004
209.936463284
209.931656672
209.999999996
210.082031253
210.094034846
210.000000003
209.854474779
209.796010499
209.999999997
210.607967858
211.651481648
213.000000003
214.373611081
215.444942248
215.999999997
216.069703449
215.937857108
216.000000002
216.549403533
217.622797169
218.999999998
220.344841446
221.382433537
222.000000002
222.233568965
222.192089551
221.999999998
221.793497803
221.736716752
222.000000001
222.685155777
223.748987041
224.999999999
226.195696236
227.185763062
228.000000001
228.812085143
229.799801212
231.0
232.26178519
233.33023171
234.0
234.232494826
234.162302171
234.0
233.906903827
233.925669381
234.0
234.050639141
234.042784483
234.0
233.968603703
233.972928814
234.0
234.019926379
234.016761311
234.0
233.989497956
233.992909765
234.0
233.998620838
233.992874681
234.0
234.024883292
234.039557117
234.0
233.902781317
233.84080194
234.0
234.571568415
235.620434952
237.000000001
238.389010979
239.447719849
239.999999999
240.117186039
240.041090886
240.000000001
240.055450244
240.098719498
239.999999999
239.786170551
239.688792364
240.0
240.833127624
241.97993515
243.0
243.50093658
243.406406187
242.999999999
242.699803054
242.736818004
243.000000003
243.183551199
243.118600733
242.999999996
243.286882318
244.32586166
246.000000005
247.719589616
248.807820579
248.999999994
248.653782475
248.481160354
249.000000008
250.142363718
251.337705085
251.999999992
252.012858307
251.811138397
252.000000009
252.841033926
254.039170308
254.999999991
255.328541572
255.149735599
255.000000009
255.405485697
256.504886487
257.999999991
259.41968356
260.438461738
261.000000009
261.213084738
261.189632979
260.999999991
260.755035312
260.672354577
261.000000009
261.829667683
262.967022462
263.999999992
264.540858567
264.468827706
264.000000008
263.549157811
263.495108701
263.999999992
264.961201288
266.080960928
267.000000009
267.449814586
267.380467194
266.999999991
266.668176919
266.668605546
267.000000009
267.362916789
267.395493032
266.99999999
266.486844712
266.378803394
267.000000011
268.183329911
269.362340357
269.999999989
270.010265841
269.81767338
270.000000012
270.81347621
271.996367255
272.999999988
273.429042392
273.311942269
273.000000012
272.831537216
272.882240932
272.999999987
273.033375676
272.994405287
273.000000013
273.08769646
273.135946185
272.999999987
272.729133134
272.618932948
273.000000012
273.932647371
275.096171401
275.999999988
276.346955211
276.230892891
276.000000012
275.925843829
275.993249591
275.999999988
275.85003242
275.73393823
276.000000011
276.823374222
277.987523114
278.99999999
279.457833642
279.344459135
279.00000001
278.803777936
278.86524078
278.999999991
278.994031277
278.888478412
279.000000007
279.640592294
280.785661473
281.999999994
282.713969577
282.640472053
282.000000005
281.376438674
281.320134452
281.999999996
283.14375832
284.268800557
285.000000003
285.248343613
285.170539942
284.999999998
284.898772245
284.911704231
285.000000001
285.08938073
285.103373481
285.0
284.825371867
284.74675018
284.999999999
285.737219088
286.862432563
288.000000001
288.674578428
288.61964842
287.999999998
287.35759233
287.278751469
288.000000003
289.241283848
290.404007815
290.999999997
290.995913685
290.815255275
291.000000004
291.794197633
292.967070458
293.999999996
294.476809924
294.367916419
294.000000003
293.763224686
293.811843582
293.999999997
294.085244417
294.008027508
294.000000002
294.424732081
295.47943374
296.999999998
298.527926579
299.592277632
300.000000001
299.933239833
299.80544414
300.0
300.676309065
301.748257969
303.0
304.219386149
305.255307173
306.0
306.368474136
306.333885235
305.999999999
305.628156032
305.551690821
306.000000001
306.943667673
308.081363836
308.999999999
309.414302907
309.32692717
309.000000001
308.76112242
308.784223499
309.0
309.190723141
309.185505164
309.0
308.813423867
308.807103304
309.000000001
309.220391702
309.244919415
308.999999999
308.663449409
308.573721645
309.000000001
309.937280859
311.079897098
311.999999999
312.408719171
312.318599515
312.000000001
311.774275372
311.799693303
311.999999999
312.170343258
312.162351742
312.0
311.843298732
311.84122075
312.0
312.174874691
312.191475366
312.0
311.740825865
311.670021457
312.000000001
312.771406345
313.843626997
314.999999999
316.082683126
317.061215315
318.000000001
318.969719248
319.982735485
320.999999999
321.989433917
322.971274811
324.000000001
325.091082733
326.154363366
326.999999999
327.433101166
327.385823765
327.000000001
326.595511928
326.526744808
326.999999999
327.95536416
329.087008044
330.000000001
330.420695691
330.339754546
329.999999999
329.733119285
329.746575653
330.000000001
330.255869355
330.27175486
329.999999998
329.650637934
329.567446613
330.000000002
330.928890901
332.062169016
332.999999997
333.453953849
333.385601648
333.000000003
332.626783641
332.571173171
332.999999997
333.884484282
335.001167053
336.000000004
336.545359009
336.491989297
335.999999996
335.48853659
335.415127844
336.000000004
337.082717978
338.225426411
338.999999996
339.252394584
339.151416759
339.000000005
338.977647249
339.031848888
338.999999996
338.837974301
338.735817874
339.000000004
339.790335362
340.936108572
341.999999996
342.556566365
342.475896976
342.000000003
341.567216931
341.533523664
341.999999997
342.844958165
343.884653522
345.000000002
346.131622123
347.188522596
347.999999999
348.391018425
348.328787909
348.0
347.721183131
347.727120438
348.0
348.28676425
348.30755159
347.999999999
347.604921302
347.516084784
348.000000002
348.99477434
350.13800447
350.999999998
351.348150523
351.25618232
351.000000002
350.841748904
350.870476526
350.999999997
351.090944187
351.077366952
351.000000003
350.943175097
350.951197666
350.999999997
351.03565028
351.030115977
351.000000003
350.979552254
350.98387719
350.999999997
351.008136971
351.004366103
351.000000003
351.002960149
351.006596641
350.999999997
350.985987843
350.982127257
351.000000003
351.02613052
351.030639123
350.999999997
350.959224818
350.953403624
351.000000003
351.060437126
351.068866152
350.999999997
350.909639467
350.895508398
351.000000003
351.144360502
351.173838299
350.999999997
350.726469145
350.633461245
351.000000003
351.882886928
353.027644526
353.999999997
354.457633778
354.3662942
354.000000002
353.72812487
353.753844107
353.999999998
354.216663457
354.209537341
354.000000001
353.792733701
353.78788806
353.999999999
354.23697667
354.260328764
354.0
353.650146338
353.561357135
354.0
354.947991477
356.089896133
357.0
357.399883645
357.310193701
357.0
356.782222345
356.807674934
357.0
357.16149587
357.152492553
357.0
356.857145842
356.858633538
357.000000001
357.144204599
357.14857672
356.999999999
356.835674308
356.823324038
357.000000002
357.21519576
357.245236067
356.999999998
356.65069485
356.553257693
357.000000002
357.979584455
359.139066591
359.999999998
360.287004891
360.132122317
360.000000002
360.379669984
361.457877712
362.999999999
364.511886546
365.556469465
366.000000001
366.030251925
365.962997927
365.999999999
366.1180651
366.154106348
366.0
365.745601519
365.656435905
366.0
366.845334204
367.978907909
369.0
369.540440118
369.47547231
369.0
368.5264195
368.463413421
369.0
370.012779949
371.143641837
372.000000001
372.361841266
372.277821335
371.999999999
371.806140206
371.828459745
372.000000001
372.145302866
372.137863764
371.999999998
371.87004283
371.871413344
372.000000002
372.129799653
372.132151733
371.999999997
371.85981357
371.854054942
372.000000004
372.161501986
372.171709195
371.999999995
371.801271385
371.78328271
372.000000005
372.266970836
372.303285583
371.999999994
371.578778222
371.473501266
372.000000006
373.077662692
374.248097932
374.999999993
375.150677411
374.97829114
375.000000007
375.581377896
376.693875629
377.999999994
379.1643097
380.108423225
381.000000006
382.014154384
383.104732439
383.999999994
384.424114859
384.340736487
384.000000005
383.749555628
383.776786967
383.999999996
384.185803984
384.172447076
384.000000003
383.84764692
383.855276049
383.999999997
384.132956121
384.128482885
384.000000002
383.878186497
383.880523409
383.999999999
384.116574881
384.115959717
384.0
383.883646285
383.882626791
384.000000001
384.121158843
384.124000607
383.999999998
383.868114685
383.862888312
384.000000003
384.150828177
384.159741564
383.999999997
383.816632676
383.80080991
384.000000004
384.243860901
384.276544443
383.999999995
383.615398902
383.517035914
384.000000005
385.013094737
386.166715525
386.999999994
387.295166446
387.188163297
387.000000006
386.950594503
387.008872062
386.999999994
386.853545299
386.747757115
387.000000005
387.786459916
388.937247651
389.999999995
390.540646541
390.447850836
390.000000004
389.64441837
389.665843887
389.999999996
390.323502753
390.334153488
390.000000003
389.59601088
389.515170381
389.999999997
390.980603889
392.116500023
393.000000003
393.384434819
393.300114361
392.999999997
392.781462572
392.801226577
393.000000003
393.180533931
393.178801275
392.999999997
392.812924512
392.802837206
393.000000003
393.232692726
393.261581465
392.999999996
392.637058629
392.541784515
393.000000004
393.98232684
395.132896788
395.999999996
396.335450793
396.231979424
396.000000004
395.898775197
395.952407549
395.999999997
395.921191931
395.822295739
396.000000003
396.694122904
397.833062608
398.999999998
399.678783421
399.611528773
399.000000001
398.392142052
398.32858839
398.999999999
400.151946721
401.286899358
402.0
402.205216036
402.110968497
402.0
402.005036999
402.052740434
402.0
401.830483582
401.73545402
402.0
402.774848865
403.91147702
405.0
405.603557189
405.537163789
405.0
404.466398985
404.403714496
405.0
406.07273567
407.204143575
407.999999999
408.299457682
408.214108314
408.000000001
407.873298876
407.897748366
407.999999999
408.070880162
408.060401609
408.000000001
407.954651352
407.960194875
407.999999999
408.031249918
408.027887102
408.000000001
407.977580455
407.979837403
407.999999999
408.01633777
408.014695046
408.000000001
407.988187823
407.989468554
407.999999999
408.008214004
408.00715335
408.000000001
407.994819339
407.99574669
407.999999999
408.00248492
408.001633217
408.000000001
408.000028261
408.000846171
407.999999999
407.997525226
407.996707701
408.000000001
408.004950037
408.005796558
407.999999999
407.992459413
407.991555551
408.000000001
408.010332305
408.011323207
407.999999999
407.986582553
407.985471197
408.000000001
408.016902092
408.018173885
407.999999999
407.979084301
407.977601491
408.000000001
408.025625126
408.027386407
407.999999998
407.968742895
407.966608296
408.000000002
408.038136755
408.040785613
407.999999998
407.953242329
407.949856758
408.000000002
408.057918236
408.062416652
407.999999997
407.92699088
407.920688239
408.000000003
408.094687529
408.104211331
407.999999997
407.871292438
407.855158986
408.000000004
408.190088401
408.223176616
407.999999996
407.667082343
407.566950432
408.000000004
408.971161996
410.133284978
410.999999996
411.287313458
411.129512941
411.000000003
411.388755758
412.470673818
413.999999997
415.490169674
416.529204091
417.000000002
417.072170615
417.014957971
416.999999998
417.036202552
417.048895332
417.000000001
416.935030883
416.928977557
416.999999999
417.08272157
417.089329953
417.0
416.893582991
416.881880955
417.0
417.152902798
417.179775338
417.0
416.725791318
416.635417506
417.0
417.875693718
419.017865552
420.000000001
420.472460218
420.383546753
419.999999999
419.706358323
419.730081714
420.000000002
420.243513268
420.237224487
419.999999997
419.765898849
419.76353917
420.000000004
420.248334551
420.257981252
419.999999994
419.71391729
419.694333702
420.000000007
420.361298619
420.401512389
419.999999992
419.469783243
419.357267855
420.000000009
421.213630224
422.397608328
422.999999991
422.961917026
422.760086925
423.00000001
423.899767359
425.105811072
425.99999999
426.23431586
426.032468657
426.000000009
426.608046303
427.792041119
428.999999991
429.637061247
429.524580435
429.000000008
428.603914237
428.643905546
428.999999993
429.3013461
429.282565728
429.000000006
428.742548902
428.749512811
428.999999995
429.248984157
429.256621324
429.000000004
428.695316142
428.636033876
428.999999997
429.775128823
430.825607122
432.000000002
433.175481975
434.226948901
434.999999999
435.360678774
435.301481386
435.0
434.743822165
434.747959212
435.000000001
435.268746686
435.29063573
434.999999999
434.620106021
434.530597838
435.000000002
435.981294791
437.12490982
437.999999998
438.360696034
438.268550819
438.000000002
437.829562954
437.858302964
437.999999998
438.103238672
438.089791575
438.000000002
437.930355389
437.938113659
437.999999998
438.049397354
438.04426316
438.000000002
437.964462022
437.968240816
437.999999998
438.025025377
438.021965688
438.000000002
437.983751507
437.98648212
437.999999998
438.008141292
438.005425703
438.000000002
438.000254222
438.003311778
437.999999999
437.989835544
437.985875499
438.000000001
438.023711304
438.029699312
437.999999999
437.95447701
437.94366229
438.000000001
438.088310214
438.113037036
437.999999999
437.799009481
437.713371947
438.0
438.783696354
439.915519589
441.0
441.606920879
441.543476301
440.999999999
440.455131427
440.390289239
441.000000001
442.090103224
443.223372955
443.999999998
444.276576095
444.189389619
444.000000002
443.901812398
443.928254785
443.999999997
444.036112839
444.023332119
444.000000003
443.996761017
444.005084458
443.999999997
443.980156094
443.973307635
444.000000004
444.04009401
444.046901744
443.999999996
443.938657328
443.930756861
444.000000004
444.087238058
444.097787934
443.999999995
443.876288968
443.859813459
444.000000005
444.185094636
444.217304798
443.999999995
443.677008453
443.580690874
444.000000006
444.943045483
446.091952463
446.999999994
447.383890365
447.287146909
447.000000006
446.819848982
446.852959339
446.999999994
447.099778591
447.081814117
447.000000006
446.94783453
446.960690197
446.999999994
447.015569833
447.004087097
447.000000006
447.019475571
447.032153244
446.999999995
446.938736302
446.921134172
447.000000005
447.125209354
447.157759707
446.999999995
446.736577824
446.640613649
447.000000005
447.881741961
449.029618043
449.999999995
450.448993658
450.354005785
450.000000004
449.748672147
449.779184702
449.999999996
450.1797456
450.165438903
450.000000003
449.855559693
449.863309716
449.999999998
450.12511186
450.120901299
450.000000001
449.884954157
449.886736589
449.999999999
450.111824332
450.112163181
450.0
449.884900228
449.882174165
450.000000001
450.126361405
450.132543208
449.999999999
449.849714189
449.837106304
450.000000002
450.200394382
450.229023796
449.999999998
449.672297534
449.579441695
450.000000002
450.937372712
452.082786359
452.999999998
453.400193678
453.307130817
453.000000002
452.792177912
452.821235063
452.999999998
453.140166727
453.126880105
453.000000002
452.89250945
452.899674818
452.999999999
453.089452295
453.085346464
453.000000001
452.920857567
452.923129458
453.0
453.07369158
453.072705323
453.0
452.928189983
452.928129267
453.000000001
453.07297714
453.074026102
452.999999999
452.922836249
452.920710682
453.000000002
453.084800149
453.088271565
452.999999998
452.903040115
452.897641995
453.000000003
453.115935554
453.124521663
452.999999997
452.853088162
452.838212092
453.000000004
453.203769161
453.234631154
452.999999996
452.662192955
452.567054178
453.000000005
453.954440138
455.102269166
455.999999995
456.375681305
456.279983884
456.000000005
455.824888958
455.856900209
455.999999995
456.098179784
456.081493488
456.000000005
455.945267019
455.95644859
455.999999995
456.023847294
456.014858187
456.000000005
456.002265499
456.010686867
455.999999995
455.972076431
455.962973962
456.000000005
456.057072317
456.068483736
455.999999995
455.90417499
455.887135984
456.000000006
456.158619578
456.191116285
455.999999994
455.702896944
455.606567502
456.000000006
456.916906384
458.065532405
458.999999994
459.411196396
459.315071705
459.000000005
458.790288083
458.82235583
458.999999995
459.13300164
459.116659947
459.000000005
458.908960437
458.919324467
458.999999995
459.063177827
459.055619451
459.000000004
458.957842762
458.963952922
458.999999996
459.024679898
459.019300379
459.000000004
458.991108168
458.996229198
458.999999996
458.993473413
458.988205409
459.000000004
459.022825074
459.028708965
458.999999996
458.958400886
458.95119018
459.000000004
459.065483144
459.075367693
458.999999996
458.900113647
458.884398024
459.000000004
459.158830811
459.190105784
458.999999995
458.706306732
458.611168455
459.000000004
459.90990943
461.057319287
461.999999996
462.421905247
462.327070756
462.000000004
461.77559705
461.806251861
461.999999996
462.152095046
462.137342728
462.000000003
461.884873876
461.893407404
461.999999997
462.093059391
462.087656575
462.000000002
461.921083894
461.924597111
461.999999998
462.069795948
462.067626414
462.000000001
461.935554699
461.936582604
461.999999999
462.062513378
462.062677729
462.000000001
461.935563912
461.933838865
462.0
462.071833408
462.076119471
462.0
461.910995997
461.901433452
462.0
462.128438992
462.15230812
462.0
461.761088531
461.675949373
462.0
462.820464819
463.952129559
465.0
465.570294056
465.506674018
465.0
464.492622554
464.428296761
465.000000001
466.050707516
467.183099182
467.999999999
468.318994399
468.233084722
468.000000001
467.855122395
467.879830789
467.999999999
468.088526947
468.078026504
468.000000001
467.936860566
467.942220765
467.999999999
468.049785318
468.046799754
468.0
467.957718034
467.959400207
468.0
468.038133472
468.037279602
468.0
467.963789598
467.964037046
468.0
468.035991348
468.036256263
468.0
467.962719702
467.961955958
468.000000001
468.040105748
468.041424488
467.999999999
467.955284584
467.95326843
468.000000001
468.051659257
468.054656442
467.999999998
467.937978997
467.933437984
468.000000002
468.078006007
468.08529955
467.999999998
467.895401327
467.882352472
468.000000002
468.155315912
468.183641989
467.999999998
467.719181767
467.627598191
468.000000002
468.8853566
470.028021397
470.999999998
471.462708122
471.375023787
471.000000002
470.708984567
470.727090657
470.999999998
471.267549213
471.280239671
471.000000002
470.6469849
470.565249302
470.999999998
471.931055727
473.066494006
474.000000002
474.437222339
474.35550818
473.999999998
473.717202542
473.729849533
474.000000002
474.275620423
474.293793209
473.999999998
473.622040442
473.534264318
474.000000003
474.975216767
476.118001049
476.999999997
477.368774914
477.2770407
477.000000003
476.820471341
476.848983706
476.999999997
477.112935352
477.099658774
477.000000002
476.920142814
476.927712979
476.999999998
477.060233632
477.055357377
477.000000002
476.952745877
476.956149813
476.999999998
477.038024526
477.035512607
477.000000002
476.968876913
476.970804939
476.999999999
477.025775236
477.024253113
477.000000001
476.978475866
476.97970209
476.999999999
477.01808245
477.017080193
477.000000001
476.984740567
476.985568218
476.999999999
477.01292246
477.012234115
477.000000001
476.98902439
476.989599576
476.999999999
477.009347159
477.008865196
477.0
476.992018003
476.992422302
477.0
477.006836855
477.006497859
477.0
476.994122796
476.994406437
477.0
477.005075175
477.004838814
477.0
476.995591885
476.99578754
477.0
477.003857571
477.003697268
477.0
476.99659146
476.996720745
477.0
477.003048921
477.00294719
477.0
476.997230903
476.997307789
477.0
477.002561628
477.002507548
477.0
476.997578983
476.997611687
477.0
477.002343548
477.002331355
477.0
476.997672829
476.997664834
477.0
477.002371446
477.002399835
477.0
476.997522476
476.997472951
477.0
477.00264818
477.002720138
477.0
476.997112114
476.997015836
477.0
477.003202934
477.003326064
477.0
476.996398384
476.996245157
477.0
477.004094453
477.004281834
477.0
476.995305486
476.995078967
477.0
477.0054178
477.00568953
477.0
476.993716237
476.993391939
477.0
477.007315955
477.007701722
477.0
476.991457116
476.990999086
477.000000001
477.009999161
477.010542598
476.999999999
476.988272952
476.987627965
477.000000001
477.013778647
477.014545245
476.999999999
476.98378095
476.982867402
477.000000001
477.019131059
477.020224248
476.999999999
476.977377531
476.976061375
477.000000001
477.026837758
477.028436235
476.999999998
476.968022428
476.966057021
477.000000002
477.038332686
477.040791489
476.999999998
476.953653628
476.950501462
477.000000002
477.056736542
477.060920511
476.999999997
476.92924456
476.923405087
477.000000003
477.090805089
477.099586461
476.999999997
476.877868345
476.863031122
477.000000004
477.178640313
477.209230437
476.999999996
476.688376413
476.593751723
477.000000004
477.926457772
479.073510188
479.999999996
480.406280595
480.311656184
480.000000004
479.790736125
479.821325686
479.999999996
480.137004305
480.122167947
480.000000003
479.9003752
479.909155383
479.999999997
480.076637163
480.070799232
480.000000003
479.939032228
479.94321426
479.999999998
480.049552041
480.046402255
480.000000002
479.959147374
479.961603289
479.999999998
480.034013343
480.032051405
480.000000002
479.971482342
479.973076678
479.999999999
480.024033228
480.022721993
480.000000001
479.979665507
479.980752865
479.999999999
480.017261358
480.016354701
480.000000001
479.985304126
479.986062594
479.999999999
480.012548458
480.011913053
480.000000001
479.989250589
479.989782741
479.999999999
480.009243509
480.008798761
480.0
479.992013576
479.992383717
480.0
480.006942299
480.006636383
480.0
479.993917967
479.994168078
480.0
480.005382062
480.005180968
480.0
479.99517654
479.995334014
480.0
480.004391277
480.004273235
480.0
479.995925947
479.996007666
480.0
480.003863469
480.003815956
480.0
479.996245884
479.996260371
480.0
480.003743375
480.003761654
480.0
479.9961686
479.996116873
480.0
480.004021227
480.004108096
480.0
479.995680961
479.995556119
480.0
480.004734624
480.004901626
480.0
479.99471786
479.994502819
480.0
480.005981316
480.006252514
480.0
479.993140634
479.992802059
480.0
480.007954063
480.008375742
480.0
479.990681227
479.990153867
480.0
480.011030925
480.011697401
479.999999999
479.986793269
479.98593624
480.000000001
480.016027815
480.017158141
479.999999999
479.980208138
479.978664221
480.000000001
480.025015244
480.027226326
479.999999999
479.967341274
479.963965985
480.000000001
480.044680532
480.050306315
479.999999999
479.934391455
479.923739753
480.000000001
480.108095481
480.132846409
479.999999999
479.778968235
479.693122803
480.000000001
480.804547596
481.936766795
483.0
483.584685449
483.520645162
483.0
482.479368108
482.415341129
483.0
484.063179742
485.195385285
485.999999999
486.306972246
486.221141171
486.000000001
485.867014481
485.891749976
485.999999999
486.07644704
486.065812249
486.000000001
485.949454344
485.955061298
485.999999999
486.036332137
486.032978085
486.000000001
485.972409007
485.974595889
485.999999999
486.021776489
486.020260365
486.000000001
485.982313625
485.983411841
485.999999999
486.014693279
486.013873514
486.000000001
485.987555392
485.988178476
486.0
486.010730505
486.010253797
486.0
485.990579661
485.990942103
486.0
486.008430014
486.008160814
486.0
485.992295769
485.992485634
486.0
486.007206482
486.007086875
486.0
485.993086757
485.9931417
486.0
486.006810562
486.006817385
486.0
485.99310794
485.993040003
486.0
486.007157831
486.00728825
486.0
485.992386062
485.992189835
486.0
486.008272355
486.008539741
486.0
485.9908487
485.990502578
486.0
486.010275978
486.010710985
485.999999999
485.988320195
485.987783037
486.000000001
486.013406309
486.014062838
485.999999999
485.984487969
485.983689618
486.000000001
486.018070994
486.019040841
485.999999999
485.978818249
485.977636808
486.000000001
486.024978815
486.026427676
485.999999999
485.970348122
485.968551156
486.000000002
486.035479464
486.037746573
485.999999998
485.957109039
485.954176877
486.000000002
486.052588365
486.056518182
485.999999998
485.934194502
485.928650118
486.000000003
486.084922892
486.093360269
485.999999997
485.88483857
485.870403662
486.000000003
486.170396326
486.200514593
485.999999997
485.698115726
485.604045942
486.000000003
486.914958288
488.061356309
488.999999997
489.419858036
489.326007815
489.000000003
488.774697162
488.8043672
488.999999997
489.155971706
489.14223305
489.000000002
488.87790422
488.885365079
488.999999998
489.103331656
489.099094107
489.000000001
488.907193428
488.90940936
488.999999999
489.087746836
489.08705535
489.0
488.912941604
488.912247063
489.000000001
489.090602913
489.09282198
488.999999999
488.900884074
488.896643229
489.000000002
489.114666854
489.122131257
488.999999998
488.857724071
488.843981532
489.000000003
489.195687742
489.225362102
488.999999997
488.67392375
488.580068653
489.000000003
489.938727401
491.085130978
491.999999997
492.395852893
492.301776729
492.000000003
491.799606662
491.829732299
491.999999997
492.129451837
492.115008376
492.000000003
491.906811242
491.915258578
491.999999997
492.071146894
492.065590888
492.000000002
491.94372157
491.947664977
491.999999998
492.045540363
492.042592289
492.000000002
491.962586561
491.96487232
491.999999998
492.031056656
492.029237816
492.000000001
491.974033789
491.975508317
491.999999999
492.021820419
492.020608845
492.000000001
491.981597398
491.982602633
491.999999999
492.015560017
492.014720094
492.000000001
491.986819257
491.987524636
491.999999999
492.011180059
492.010585482
492.000000001
491.990507904
491.991010425
492.0
492.008064524
492.007638984
492.0
491.993144944
491.993505802
492.0
492.005829069
492.005522751
492.0
491.995042072
491.995302285
492.0
492.004217769
492.003996604
492.0
491.996411404
491.996599454
492.0
492.003053578
492.00289364
492.0
491.99740149
491.997537545
492.0
492.002211375
492.002095618
492.0
491.998118014
491.99821651
492.0
492.001601705
492.001517888
492.0
491.998636808
491.998708136
492.0
492.001160213
492.00109951
492.0
491.999012532
491.999064195
492.0
492.00084045
492.00079648
492.0
491.999284676
491.999322098
492.0
492.00060883
492.00057698
492.0
491.999481809
491.999508916
492.0
492.000441048
492.000417976
492.0
491.99962461
491.999644247
492.0
492.000319507
492.000302794
492.0
491.999728055
491.99974228
492.0
492.000231463
492.000219356
492.0
491.999802992
491.999813296
492.0
492.000167683
492.000158913
492.0
491.999857275
491.99986474
492.0
492.000121482
492.000115129
492.0
491.999896597
491.999902004
492.0
492.000088017
492.000083415
492.0
491.999925078
491.999928994
492.0
492.000063778
492.000060445
492.0
491.999945706
491.999948542
492.0
492.000046224
492.000043811
492.0
491.999960642
491.999962695
492.0
492.000033517
492.000031771
492.0
491.999971452
491.999972937
492.0
492.000024323
492.00002306
492.0
491.999979269
491.999980342
492.0
492.000017679
492.000016767
492.0
491.999984913
491.999985687
492.0
492.000012888
492.000012232
492.0
491.999988975
491.999989531
492.0
492.000009448
492.000008979
492.0
491.999991882
491.999992277
492.0
492.000006999
492.000006668
492.0
491.999993938
491.999994214
492.0
492.000005283
492.000005055
492.0
491.999995358
491.999995544
492.0
492.000004121
492.000003972
492.0
491.999996292
491.999996408
492.0
492.000003391
492.000003306
492.0
491.999996837
491.999996894
492.0
492.000003017
492.000002986
492.0
491.99999705
491.999997056
492.0
492.000002959
492.000002979
492.0
491.999996954
491.999996908
492.0
492.000003211
492.000003285
492.0
491.999996539
491.999996437
492.0
492.0000038
492.000003935
492.0
491.999995761
491.999995591
492.0
492.000004787
492.000004997
492.0
491.999994539
491.999994284
492.0
492.000006276
492.000006583
492.0
491.999992745
491.999992378
492.0
492.000008423
492.00000886
492.0
491.999990189
491.999989672
492.0
492.000011453
492.000012065
492.0
491.999986606
491.999985884
492.0
492.000015684
492.000016535
492.0
491.999981618
491.999980616
492.0
492.000021559
492.000022738
492.0
491.999974703
491.999973316
492.0
492.000029694
492.000031325
492.0
491.999965136
491.999963219
492.0
492.000040941
492.000043195
492.0
491.999951915
491.999949266
492.0
492.000056481
492.000059594
492.0
491.999933653
491.999929994
492.0
492.000077941
492.00008224
492.0
491.999908435
491.999903384
492.0
492.000107572
492.000113508
492.0
491.999873619
491.999866645
492.0
492.00014848
492.000156674
492.0
491.999825555
491.999815927
492.0
492.000204953
492.000216265
492.0
491.999759203
491.999745912
492.0
492.000282912
492.000298527
492.0
491.999667607
491.99964926
492.0
492.000390529
492.000412086
492.0
491.999541165
491.999515838
492.0
492.000539089
492.000568847
492.0
491.999366619
491.999331655
492.0
492.000744169
492.000785249
492.0
491.999125662
491.999077395
492.0
492.001027281
492.001083993
492.0
491.998793015
491.998726379
492.0
492.001418137
492.001496435
492.0
491.998333752
491.998241747
492.0
492.001957799
492.002065917
492.0
491.997699585
491.997572524
492.0
492.002703072
492.002852409
492.0
491.996823657
491.996648115
492.0
492.003732695
492.00393908
492.0
491.995613151
491.995370444
492.0
492.005156218
492.005441741
492.0
491.993938548
491.993602493
492.0
492.007127125
492.007522921
492.0
491.991617381
491.99115079
492.000000001
492.009863288
492.010414041
491.999999999
491.988387971
491.987736722
492.000000001
492.013681486
492.014453454
491.999999999
491.983862781
491.982944615
492.000000001
492.019062426
492.020159602
491.999999999
491.977434753
491.976115137
492.000000001
492.026790458
492.028391956
491.999999998
491.968061039
491.966092968
492.000000002
492.03830176
492.040762937
491.999999998
491.953677675
491.950523363
492.000000002
492.056718749
492.060904691
491.999999997
491.929256564
491.923415237
492.000000003
492.090798563
492.099581715
491.999999997
491.877869564
491.863030586
492.000000004
492.178644369
492.209236269
491.999999996
491.688366975
491.593740444
492.000000004
492.926472836
494.073527208
494.999999996
495.406259512
495.31163298
495.000000004
494.790763777
494.821355678
494.999999996
495.136969365
495.122130386
495.000000003
494.900418337
494.909201491
494.999999997
495.076584704
495.070743376
495.000000003
494.939095374
494.943281319
494.999999998
495.049476564
495.046322248
495.000000002
494.959237147
494.961698328
494.999999998
495.033906935
495.03193886
495.000000002
494.971608155
494.97320966
494.999999999
495.023884733
495.022565111
495.000000001
494.97984055
494.980937733
494.999999999
495.017055208
495.016137033
495.000000001
494.985546752
494.986318732
494.999999999
495.012263035
495.011611773
495.000000001
494.989586243
494.990137012
494.999999999
495.008848877
495.008382268
495.0
494.99247747
494.992873288
495.0
495.006397048
495.006060967
495.0
494.994558798
494.994844351
495.0
495.004628923
495.004386181
495.0
494.996061664
494.996268089
495.0
495.003351012
495.003175421
495.0
494.997148617
494.997298011
495.0
495.002426271
495.002299143
495.0
494.997935499
494.998043695
495.0
495.00175659
495.001664493
495.0
494.998505519
494.998583925
495.0
495.001271325
495.001204562
495.0
494.998918704
494.998975565
495.0
495.000919436
495.000870994
495.0
494.999218474
494.999259759
495.0
495.000663971
495.000628766
495.0
494.999436292
494.999466334
495.0
495.000478124
495.000452464
495.0
494.999595008
494.999616956
495.0
495.000342405
495.000323598
495.0
494.999711265
494.999727421
495.0
495.000242583
495.000228657
495.0
494.999797253
494.999809311
495.0
495.000168191
495.000157687
495.0
494.999861985
494.99987121
495.0
495.000111431
495.000103247
495.0
494.99991225
494.999919608
495.0
495.000066353
495.000059631
495.0
494.999953316
494.999959578
495.0
495.00002823
495.000022266
495.0
494.999989488
494.999995311
495.0
494.999993067
494.999987235
495.0
495.000024558
495.000030552
495.0
494.999957177
494.999950866
495.0
495.000062202
495.000068996
495.0
494.999916798
494.999909346
495.0
495.000106367
495.000114673
495.0
494.999867697
494.999858322
495.0
495.000161683
495.000172371
495.0
494.999804727
494.999792447
495.0
495.000233948
495.000248139
495.0
494.999721285
494.999704813
495.0
495.000330738
495.00034992
495.0
494.999608626
494.999586234
495.0
495.000462201
495.000488385
495.0
494.999454937
494.999424278
495.0
495.000642119
495.00067805
495.0
494.999244103
494.999201964
495.0
495.000889359
495.000938805
495.0
494.998954017
494.998895976
495.0
495.00122985
495.001297999
495.0
494.998554247
494.998474214
495.0
495.001699322
495.001793326
495.0
494.998002829
494.997892399
495.0
495.002347077
495.002476817
495.0
494.997241815
494.997089371
495.0
495.003241254
495.003420396
495.0
494.996191047
494.995980501
495.0
495.004476207
495.004723706
495.0
494.994739372
494.994448369
495.0
495.006183023
495.006525282
495.0
494.992731969
494.992329257
495.0
495.008544917
495.00901903
494.999999999
494.989951427
494.989392815
495.000000001
495.011820836
495.01247972
494.999999999
494.98608777
494.985309449
495.000000001
495.016384376
495.017305691
494.999999999
494.980686594
494.979592877
495.000000001
495.022794988
495.024098555
494.999999999
494.973048017
494.971485688
495.000000002
495.031946578
495.033833605
494.999999998
494.961999671
494.959695541
495.000000002
495.045428813
495.048285789
494.999999997
494.945295118
494.941674212
495.000000003
495.066581982
495.07131868
494.999999997
494.917644583
494.911152006
495.000000004
495.104480006
495.114035129
494.999999996
494.861732384
494.845975239
495.000000005
495.19770676
495.229395836
494.999999995
494.665801761
494.569855613
495.000000005
495.953263262
497.101919133
497.999999994
498.374320581
498.277725979
498.000000006
497.829065506
497.862118583
497.999999994
498.090647072
498.072653781
498.000000006
497.957137052
497.970106147
497.999999994
498.005841305
497.994158651
498.000000006
498.029893896
498.042862992
497.999999994
497.927346174
497.909352882
498.000000006
498.137881465
498.170934543
497.999999994
497.722273969
497.625679365
498.000000006
498.898080924
500.046736797
500.999999995
501.430144323
501.334198173
501.000000005
500.770604236
500.802293315
500.999999995
501.154024679
501.13826753
501.000000004
500.885964966
500.895520093
500.999999996
501.088847884
501.082355301
501.000000003
500.928681448
500.933418152
500.999999997
501.05832564
501.054704726
501.000000003
500.951714384
500.95457137
500.999999998
501.040304257
501.038000116
501.000000002
500.966166633
500.968053672
500.999999998
501.028514033
501.026951689
501.000000001
500.975901771
500.977205356
500.999999999
501.02040674
501.019313003
501.000000001
500.982694759
500.983616098
500.999999999
501.014690023
501.013911673
501.000000001
500.987520899
500.988179818
500.999999999
501.010606457
501.010047805
501.000000001
500.990981825
500.991455985
501.0
501.007669739
501.007266972
501.0
500.993475897
500.993818222
501.0
501.005550245
501.005259166
501.0
500.995277922
500.995525511
501.0
501.004017586
501.003806934
501.0
500.996581851
500.996761117
501.0
501.002907988
501.002755399
501.0
500.997526285
500.997656197
501.0
501.002103956
501.001993325
501.0
500.998210956
500.998305197
501.0
501.001520755
501.001440445
501.0
500.998707912
500.998776387
501.0
501.001097079
501.001038655
501.0
500.999069355
500.999119251
501.0
501.00078845
501.000745781
501.0
500.999333213
500.999369766
501.0
501.000562488
501.000531099
501.0
500.999527163
500.999554205
501.0
501.000395498
501.000372098
501.0
500.999671542
500.999691909
501.0
501.00026997
501.000252106
501.0
500.999781488
500.999797315
501.0
501.000172744
501.000158542
501.0
500.999868526
500.999881472
501.0
501.000093627
501.000081599
501.0
500.999941782
500.999953204
501.0
501.000024325
501.00001321
501.0
501.000008935
501.000020031
501.0
500.999957572
500.999946206
501.0
501.000077025
501.000088957
501.0
500.999886372
500.999873563
501.0
501.000153189
501.000167209
501.0
500.999803261
500.999787665
501.0
501.000245413
501.00026299
501.0
500.999699524
500.999679507
501.0
501.000363364
501.000386342
501.0
500.999564286
500.999537749
501.0
501.00051941
501.000550197
501.0
500.999383368
500.999347529
501.0
501.000729913
501.000771738
501.0
500.999137796
500.999088894
501.0
501.001016953
501.001074205
501.0
500.998801805
500.99873471
501.0
501.001410655
501.001489345
501.0
500.99834012
500.998247782
501.0
501.001952378
501.00206078
501.0
500.997704199
500.997576896
501.0
501.002699145
501.002848688
501.0
500.996827
500.996651282
501.0
501.00372985
501.003936383
501.0
500.995615572
500.995372739
501.0
501.005154157
501.005439787
501.0
500.993940303
500.993604156
501.0
501.007125631
501.007521506
501.0
500.991618652
500.991151995
501.000000001
501.009862205
501.010413015
500.999999999
500.988388894
500.987737597
501.000000001
501.013680701
501.01445271
500.999999999
500.98386345
500.98294525
501.000000001
501.019061856
501.020159061
500.999999999
500.977435239
500.976115598
501.000000001
501.026790042
501.028391562
500.999999998
500.968061393
500.966093305
501.000000002
501.038301456
501.040762648
500.999999998
500.953677935
500.95052361
501.000000002
501.056718525
501.060904478
500.999999997
500.929256757
500.923415422
501.000000003
501.090798395
501.099581555
500.999999997
500.87786971
500.863030726
501.000000004
501.17864424
501.209236145
500.999999996
500.68836709
500.593740554
501.000000004
501.926472733
503.073527108
503.999999996
504.406259607
504.311633073
504.000000004
503.790763688
503.82135559
503.999999996
504.13696945
504.12213047
504.000000003
503.900418254
503.909201408
503.999999997
504.076584789
504.070743461
504.000000003
503.939095287
503.94328123
503.999999998
504.049476657
504.046322343
504.000000002
503.959237047
503.961698225
503.999999998
504.033907046
504.031938975
504.000000002
503.971608032
503.973209531
503.999999999
504.023884873
504.022565257
504.000000001
503.97984039
503.980937566
503.999999999
504.017055392
504.016137226
504.000000001
503.985546539
503.986318508
503.999999999
504.012263283
504.011612034
504.000000001
503.989585955
503.990136708
503.999999999
504.008849214
504.008382623
504.0
503.992477076
503.992872872
504.0
504.006397509
504.006061454
504.0
503.994558257
503.99484378
504.0
504.004629558
504.004386851
504.0
503.996060919
503.996267304
504.0
504.003351886
504.003176343
504.0
503.997147591
503.997296928
504.0
504.002427476
504.002300415
504.0
503.997934084
503.998042202
504.0
504.001758253
504.001666247
504.0
503.998503566
503.998581864
504.0
504.001273619
504.001206984
504.0
503.998916009
503.998972721
504.0
504.000922603
504.000874336
504.0
503.999214754
503.999255834
504.0
504.000668342
504.000633378
504.0
503.999431157
503.999460915
504.0
504.000484158
504.00045883
504.0
503.999587919
503.999609476
504.0
504.000350734
504.000332386
504.0
503.99970148
503.999717096
504.0
504.00025408
504.000240788
504.0
503.999783745
503.999795058
504.0
504.000184061
504.000174433
504.0
503.999843339
503.999851535
504.0
504.000133339
504.000126364
504.0
503.999886511
503.999892448
504.0
504.000096594
504.000091541
504.0
503.999917786
503.999922087
504.0
504.000069975
504.000066314
504.0
503.999940442
503.999943558
504.0
504.000050692
504.00004804
504.0
503.999956855
503.999959112
504.0
504.000036722
504.000034801
504.0
503.999968744
503.999970379
504.0
504.000026603
504.000025211
504.0
503.999977358
503.999978542
504.0
504.000019272
504.000018263
504.0
503.999983597
503.999984455
504.0
504.000013961
504.00001323
504.0
503.999988118
503.999988739
504.0
504.000010114
504.000009584
504.0
503.999991392
503.999991842
504.0
504.000007327
504.000006943
504.0
503.999993764
503.99999409
504.0
504.000005308
504.00000503
504.0
503.999995483
503.999995719
504.0
504.000003845
504.000003644
504.0
503.999996727
503.999996899
504.0
504.000002785
504.00000264
504.0
503.999997629
503.999997753
504.0
504.000002018
504.000001912
504.0
503.999998283
503.999998372
504.0
504.000001462
504.000001385
504.0
503.999998756
503.999998821
504.0
504.000001059
504.000001004
504.0
503.999999099
503.999999146
504.0
504.000000767
504.000000727
504.0
503.999999347
503.999999381
504.0
504.000000556
504.000000527
504.0
503.999999527
503.999999552
504.0
504.000000403
504.000000381
504.0
503.999999657
503.999999675
504.0
504.000000292
504.000000276
504.0
503.999999752
503.999999765
504.0
504.000000211
504.0000002
504.0
503.99999982
503.99999983
504.0
504.000000153
504.000000145
504.0
503.99999987
503.999999877
504.0
504.000000111
504.000000105
504.0
503.999999906
503.999999911
504.0
504.00000008
504.000000076
504.0
503.999999932
503.999999935
504.0
504.000000058
504.000000055
504.0
503.99999995
503.999999953
504.0
504.000000042
504.00000004
504.0
503.999999964
503.999999966
504.0
504.000000031
504.000000029
504.0
503.999999974
503.999999975
504.0
504.000000022
504.000000021
504.0
503.999999981
503.999999982
504.0
504.000000016
504.000000015
504.0
503.999999986
503.999999987
504.0
504.000000012
504.000000011
504.0
503.99999999
503.999999991
504.0
504.000000008
504.000000008
504.0
503.999999993
503.999999993
504.0
504.000000006
504.000000006
504.0
503.999999995
503.999999995
504.0
504.000000004
504.000000004
504.0
503.999999996
503.999999996
504.0
504.000000003
504.000000003
504.0
503.999999997
503.999999997
504.0
504.000000002
504.000000002
504.0
503.999999998
503.999999998
504.0
504.000000002
504.000000002
504.0
503.999999999
503.999999999
504.0
504.000000001
504.000000001
504.0
503.999999999
503.999999999
504.0
504.000000001
504.000000001
504.0
503.999999999
503.999999999
504.0
504.000000001
504.000000001
504.0
503.999999999
503.999999999
504.0
504.0
504.0
504.0
504.0
504.0
504.0
504.0
504.0
504.0
504.0
504.0
504.0
504.0
504.0
504.0
504.0
504.0
504.0
504.0
504.0
504.0
504.0
504.0
504.0
504.0
504.0
504.0
504.0
504.0
504.0
504.0
504.0
504.0
504.0
504.0
504.0
504.0
504.0
504.0
504.0
504.0
504.0
504.0
504.0
504.0
504.0
504.0
504.0
504.0
504.0
504.0
504.0
504.0
504.0
504.0
504.0
504.0
504.0
504.0
504.0
504.0
504.0
504.0
504.0
504.0
504.0
504.0
504.0
504.0
504.0
504.0
504.0
504.0
504.0
504.0
504.0
504.0
504.0
504.0
504.0
504.0
504.0
504.0
504.0
504.0
504.0
504.0
504.0
504.0
504.0
504.0
504.0
504.0
504.0
504.0
504.0
504.0
504.0
504.0
504.0
504.0
504.0
504.0
504.0
504.0
504.0
504.0
504.0
504.0
504.0
504.0
504.0
504.0
504.0
504.0
504.0
504.0
504.0
504.0
504.0
504.0
504.0
504.0
504.0
504.0
504.0
504.0
504.0
504.0
504.0
504.0
504.0
504.0
504.0
504.0
504.0
504.0
504.0
504.0
504.0
504.0
504.0
504.0
504.0
504.0
504.0
504.0
504.0
504.0
504.0
504.0
504.0
504.0
504.0
504.0
504.0
504.0
504.0
504.0
504.0
504.0
504.0
504.0
504.0
504.0
504.0
504.0
504.0
504.0
504.0
504.0
504.0
504.0
504.0
504.0
504.0
504.0
504.0
504.0
504.0
504.0
504.0
504.0
504.0
504.0
504.0
504.0
504.0
504.0
504.0
504.0
504.0
504.0
504.0
504.0
504.0
504.0
504.0
504.0
504.0
504.0
504.0
504.0
504.0
504.0
504.0
504.0
504.0
504.0
504.0
504.0
504.0
504.0
504.0
504.0
504.0
504.0
504.0
504.0
504.0
504.0
504.0
504.0
504.0
504.0
504.0
504.0
504.0
504.0
504.0
504.0
504.0
504.0
504.0
504.0
504.0
504.0
504.0
504.0
504.0
504.0
504.0
504.0
504.0
504.0
504.0
504.0
504.0
504.0
504.0
504.0
504.0
504.0
504.0
504.0
504.0
504.0
504.0
504.0
504.0
504.0
504.0
504.0
504.0
504.0
504.0
504.0
504.0
504.0
504.0
504.0
504.0
504.0
504.0
504.0
504.0
504.0
504.0
504.0
504.0
504.0
504.0
504.0
504.0
504.0
504.0
504.0
504.0
504.0
504.0
504.0
504.0
504.0
504.0
504.0
504.0
504.0
504.0
504.0
504.0
504.0
504.0
504.0
504.0
504.0
504.0
504.0
504.0
504.0
504.0
504.0
504.0
504.0
504.0
504.0
504.0
504.0
504.0
504.0
504.0
504.0
504.0
504.0
504.0
504.0
504.0
504.0
504.0
504.0
504.0
504.0
504.0
504.0
504.0
504.0
504.0
504.0
504.0
504.0
504.0
504.0
504.0
504.0
504.0
504.0
504.0
504.0
504.0
504.0
504.0
504.0
504.0
504.0
504.0
504.0
504.0
504.0
504.0
504.0
504.0
504.0
504.0
504.0
504.0
504.0
504.0
504.0
504.0
504.0
504.0
504.0
504.0
504.0
504.0
504.0
504.0
504.0
504.0
504.0
504.0
504.0
504.0
504.0
504.0
504.0
504.0
504.0
504.0
504.0
504.0
504.0
504.0
504.0
504.0
504.0
504.0
504.0
504.0
504.0
504.0
504.0
504.0
504.0
504.0
504.0
504.0
504.0
504.0
504.0
504.0
504.0
504.0
504.0
504.0
504.0
504.0
504.0
504.000000001
504.000000001
504.0
503.999999999
503.999999999
504.0
504.000000001
504.000000001
504.0
503.999999999
503.999999999
504.0
504.000000001
504.000000001
504.0
503.999999999
503.999999999
504.0
504.000000001
504.000000001
504.0
503.999999998
503.999999998
504.0
504.000000002
504.000000002
504.0
503.999999998
503.999999998
504.0
504.000000003
504.000000003
504.0
503.999999997
503.999999997
504.0
504.000000004
504.000000004
504.0
503.999999996
503.999999996
504.0
504.000000005
504.000000005
504.0
503.999999994
503.999999994
504.0
504.000000007
504.000000007
504.0
503.999999992
503.999999992
504.0
504.000000009
504.00000001
504.0
503.999999989
503.999999988
504.0
504.000000013
504.000000014
504.0
503.999999985
503.999999984
504.0
504.000000018
504.000000019
504.0
503.999999979
503.999999978
504.0
504.000000025
504.000000026
504.0
503.999999971
503.999999969
504.0
504.000000034
504.000000036
504.0
503.99999996
503.999999958
504.0
504.000000047
504.00000005
504.0
503.999999945
503.999999942
504.0
504.000000065
504.000000068
504.0
503.999999924
503.99999992
504.0
504.000000089
504.000000094
504.0
503.999999895
503.999999889
504.0
504.000000123
504.00000013
504.0
503.999999855
503.999999847
504.0
504.00000017
504.00000018
504.0
503.9999998
503.999999789
504.0
504.000000235
504.000000248
504.0
503.999999724
503.999999708
504.0
504.000000325
504.000000343
504.0
503.999999618
503.999999597
504.0
504.000000448
504.000000473
504.0
503.999999473
503.999999444
504.0
504.000000619
504.000000653
504.0
503.999999273
503.999999233
504.0
504.000000854
504.000000901
504.0
503.999998996
503.999998941
504.0
504.000001179
504.000001244
504.0
503.999998615
503.999998538
504.0
504.000001628
504.000001717
504.0
503.999998088
503.999997982
504.0
504.000002247
504.000002371
504.0
503.99999736
503.999997215
504.0
504.000003101
504.000003273
504.0
503.999996356
503.999996155
504.0
504.000004281
504.000004517
504.0
503.99999497
503.999994692
504.0
504.00000591
504.000006236
504.0
503.999993057
503.999992673
504.0
504.000008158
504.000008608
504.0
503.999990415
503.999989886
504.0
504.000011261
504.000011882
504.0
503.999986769
503.999986039
504.0
504.000015545
504.000016403
504.0
503.999981737
503.999980728
504.0
504.000021458
504.000022642
504.0
503.999974789
503.999973397
504.0
504.00002962
504.000031255
504.0
503.999965199
503.999963278
504.0
504.000040888
504.000043145
504.0
503.99995196
503.999949308
504.0
504.000056442
504.000059558
504.0
503.999933686
503.999930025
504.0
504.000077913
504.000082214
504.0
503.999908459
503.999903406
504.0
504.000107552
504.000113489
504.0
503.999873637
503.999866661
504.0
504.000148465
504.00015666
504.0
503.999825567
503.999815939
504.0
504.000204942
504.000216255
504.0
503.999759212
503.99974592
504.0
504.000282904
504.00029852
504.0
503.999667614
503.999649266
504.0
504.000390524
504.00041208
504.0
503.99954117
503.999515842
504.0
504.000539085
504.000568843
504.0
503.999366622
503.999331659
504.0
504.000744166
504.000785246
504.0
503.999125665
503.999077398
504.0
504.001027279
504.001083991
504.0
503.998793017
503.998726381
504.0
504.001418135
504.001496434
504.0
503.998333754
503.998241748
504.0
504.001957797
504.002065915
504.0
503.997699587
503.997572526
504.0
504.00270307
504.002852408
504.0
503.996823659
503.996648116
504.0
504.003732694
504.003939078
504.0
503.995613152
503.995370445
504.0
504.005156217
504.00544174
504.0
503.99393855
503.993602494
504.0
504.007127123
504.00752292
504.0
503.991617382
503.991150791
504.000000001
504.009863286
504.010414039
503.999999999
503.988387973
503.987736725
504.000000001
504.013681484
504.014453452
503.999999999
503.983862784
503.982944618
504.000000001
504.019062423
504.020159598
503.999999999
503.977434756
503.976115141
504.000000001
504.026790453
504.028391952
503.999999998
503.968061044
503.966092973
504.000000002
504.038301754
504.04076293
503.999999998
503.953677682
503.95052337
504.000000002
504.056718741
504.060904682
503.999999997
503.929256574
503.923415248
504.000000003
504.090798552
504.099581703
503.999999997
503.877869577
503.8630306
504.000000004
504.178644354
504.209236252
503.999999996
503.688366993
503.593740463
504.000000004
504.926472815
506.073527185
506.999999996
507.406259537
507.311633007
507.000000004
506.790763748
506.821355646
506.999999996
507.1369694
507.122130423
507.000000003
506.900418297
506.909201448
506.999999997
507.076584752
507.070743426
507.000000003
506.939095318
506.943281259
506.999999998
507.04947663
507.046322318
507.000000002
506.95923707
506.961698246
506.999999998
507.033907027
507.031938956
507.000000002
506.971608048
506.973209547
506.999999999
507.023884859
507.022565243
507.000000001
506.979840402
506.980937577
506.999999999
507.017055382
507.016137216
507.000000001
506.985546548
506.986318516
506.999999999
507.012263275
507.011612027
507.000000001
506.989585961
506.990136714
506.999999999
507.008849209
507.008382618
507.0
506.99247708
506.992872877
507.0
507.006397505
507.00606145
507.0
506.99455826
506.994843783
507.0
507.004629555
507.004386848
507.0
506.996060922
506.996267306
507.0
507.003351884
507.003176341
507.0
506.997147592
506.99729693
507.0
507.002427474
507.002300413
507.0
506.997934085
506.998042203
507.0
507.001758252
507.001666246
507.0
506.998503566
506.998581865
507.0
507.001273619
507.001206983
507.0
506.998916009
506.998972721
507.0
507.000922602
507.000874335
507.0
506.999214754
506.999255834
507.0
507.000668341
507.000633378
507.0
506.999431157
506.999460915
507.0
507.000484158
507.00045883
507.0
506.999587919
506.999609476
507.0
507.000350734
507.000332386
507.0
506.99970148
506.999717096
507.0
507.00025408
507.000240788
507.0
506.999783745
506.999795058
507.0
507.000184061
507.000174433
507.0
506.99984334
506.999851535
507.0
507.000133339
507.000126363
507.0
506.999886511
506.999892448
507.0
507.000096594
507.000091541
507.0
506.999917786
506.999922087
507.0
507.000069975
507.000066314
507.0
506.999940442
506.999943558
507.0
507.000050692
507.00004804
507.0
506.999956855
506.999959112
507.0
507.000036722
507.000034801
507.0
506.999968744
506.99997038
507.0
507.000026603
507.000025211
507.0
506.999977358
506.999978542
507.0
507.000019272
507.000018263
507.0
506.999983597
506.999984455
507.0
507.000013961
507.00001323
507.0
506.999988118
506.999988739
507.0
507.000010114
507.000009584
507.0
506.999991392
506.999991842
507.0
507.000007327
507.000006943
507.0
506.999993764
506.99999409
507.0
507.000005308
507.00000503
507.0
506.999995483
506.999995719
507.0
507.000003845
507.000003644
507.0
506.999996727
506.999996899
507.0
507.000002785
507.00000264
507.0
506.999997629
506.999997753
507.0
507.000002018
507.000001912
507.0
506.999998283
506.999998372
507.0
507.000001462
507.000001385
507.0
506.999998756
506.999998821
507.0
507.000001059
507.000001004
507.0
506.999999099
506.999999146
507.0
507.000000767
507.000000727
507.0
506.999999347
506.999999381
507.0
507.000000556
507.000000527
507.0
506.999999527
506.999999552
507.0
507.000000403
507.000000381
507.0
506.999999657
506.999999675
507.0
507.000000292
507.000000276
507.0
506.999999752
506.999999765
507.0
507.000000211
507.0000002
507.0
506.99999982
506.99999983
507.0
507.000000153
507.000000145
507.0
506.99999987
506.999999877
507.0
507.000000111
507.000000105
507.0
506.999999906
506.999999911
507.0
507.00000008
507.000000076
507.0
506.999999932
506.999999935
507.0
507.000000058
507.000000055
507.0
506.99999995
506.999999953
507.0
507.000000042
507.00000004
507.0
506.999999964
506.999999966
507.0
507.000000031
507.000000029
507.0
506.999999974
506.999999975
507.0
507.000000022
507.000000021
507.0
506.999999981
506.999999982
507.0
507.000000016
507.000000015
507.0
506.999999986
506.999999987
507.0
507.000000012
507.000000011
507.0
506.99999999
506.999999991
507.0
507.000000008
507.000000008
507.0
506.999999993
506.999999993
507.0
507.000000006
507.000000006
507.0
506.999999995
506.999999995
507.0
507.000000004
507.000000004
507.0
506.999999996
506.999999996
507.0
507.000000003
507.000000003
507.0
506.999999997
506.999999997
507.0
507.000000002
507.000000002
507.0
506.999999998
506.999999998
507.0
507.000000002
507.000000002
507.0
506.999999999
506.999999999
507.0
507.000000001
507.000000001
507.0
506.999999999
506.999999999
507.0
507.000000001
507.000000001
507.0
506.999999999
506.999999999
507.0
507.000000001
507.000000001
507.0
506.999999999
506.999999999
507.0
507.0
507.0
507.0
507.0
507.0
507.0
507.0
507.0
507.0
507.0
507.0
507.0
507.0
507.0
507.0
507.0
507.0
507.0
507.0
507.0
507.0
507.0
507.0
507.0
507.0
507.0
507.0
507.0
507.0
507.0
507.0
507.0
507.0
507.0
507.0
507.0
507.0
507.0
507.0
507.0
507.0
507.0
507.0
507.0
507.0
507.0
507.0
507.0
507.0
507.0
507.0
507.0
507.0
507.0
507.0
507.0
507.0
507.0
507.0
507.0
507.0
507.0
507.0
507.0
507.0
507.0
507.0
507.0
507.0
507.0
507.0
507.0
507.0
507.0
507.0
507.0
507.0
507.0
507.0
507.0
507.0
507.0
507.0
507.0
507.0
507.0
507.0
507.0
507.0
507.0
507.0
507.0
507.0
507.0
507.0
507.0
507.0
507.0
507.0
507.0
507.0
507.0
507.0
507.0
507.0
507.0
507.0
507.0
507.0
507.0
507.0
507.0
507.0
507.0
507.0
507.0
507.0
507.0
507.0
507.0
507.0
507.0
507.0
507.0
507.0
507.0
507.0
507.0
507.0
507.0
507.0
507.0
507.0
507.0
507.0
507.0
507.0
507.0
507.0
507.0
507.0
507.0
507.0
507.0
507.0
507.0
507.0
507.0
507.0
507.0
507.0
507.0
507.0
507.0
507.0
507.0
507.0
507.0
507.0
507.0
507.0
507.0
507.0
507.0
507.0
507.0
507.0
507.0
507.0
507.0
507.0
507.0
507.0
507.0
507.0
507.0
507.0
507.0
507.0
507.0
507.0
507.0
507.0
507.0
507.0
507.0
507.0
507.0
507.0
507.0
507.0
507.0
507.0
507.0
507.0
507.0
507.0
507.0
507.0
507.0
507.0
507.0
507.0
507.0
507.0
507.0
507.0
507.0
507.0
507.0
507.0
507.0
507.0
507.0
507.0
507.0
507.0
507.0
507.0
507.0
507.0
507.0
507.0
507.0
507.0
507.0
507.0
507.0
507.0
507.0
507.0
507.0
507.0
507.0
507.0
507.0
507.0
507.0
507.0
507.0
507.0
507.0
507.0
507.0
507.0
507.0
507.0
507.0
507.0
507.0
507.0
507.0
507.0
507.0
507.0
507.0
507.0
507.0
507.0
507.0
507.0
507.0
507.0
507.0
507.0
507.0
507.0
507.0
507.0
507.0
507.0
507.0
507.0
507.0
507.0
507.0
507.0
507.0
507.0
507.0
507.0
507.0
507.0
507.0
507.0
507.0
507.0
507.0
507.0
507.0
507.0
507.0
507.0
507.0
507.0
507.0
507.0
507.0
507.0
507.0
507.0
507.0
507.0
507.0
507.0
507.0
507.0
507.0
507.0
507.0
507.0
507.0
507.0
507.0
507.0
507.0
507.0
507.0
507.0
507.0
507.0
507.0
507.0
507.0
507.0
507.0
507.0
507.0
507.0
507.0
507.0
507.0
507.0
507.0
507.0
507.0
507.0
507.0
507.0
507.0
507.0
507.0
507.0
507.0
507.0
507.0
507.0
507.0
507.0
507.0
507.0
507.0
507.0
507.0
507.0
507.0
507.0
507.0
507.0
507.0
507.0
507.0
507.0
507.0
507.0
507.0
507.0
507.0
507.0
507.0
507.0
507.0
507.0
507.0
507.0
507.0
507.0
507.0
507.0
507.0
507.0
507.0
507.0
507.0
507.0
507.0
507.0
507.0
507.0
507.0
507.0
507.0
507.0
507.0
507.0
507.0
507.0
507.0
507.0
507.0
507.0
507.0
507.0
507.0
507.0
507.0
507.0
507.0
507.0
507.0
507.0
507.0
507.0
507.0
507.0
507.0
507.0
507.0
507.0
507.0
507.0
507.0
507.0
507.0
507.0
507.0
507.0
507.0
507.0
507.0
507.0
507.0
507.0
507.0
507.0
507.0
507.0
507.0
507.0
507.0
507.0
507.0
507.0
507.0
507.0
507.0
507.0
507.0
507.0
507.0
507.0
507.0
507.0
507.0
507.0
507.0
507.0
507.0
507.0
507.0
507.0
507.0
507.0
507.0
507.0
507.0
507.0
507.0
507.0
507.0
507.0
507.0
507.0
507.0
507.0
507.0
507.0
507.0
507.0
507.0
507.0
507.0
507.0
507.0
507.0
507.0
507.0
507.0
507.0
507.0
507.0
507.0
507.0
507.0
507.0
507.0
507.0
507.0
507.0
507.0
507.0
507.0
507.0
507.0
507.0
507.0
507.0
507.0
507.0
507.0
507.0
507.0
507.0
507.0
507.0
507.0
507.0
507.0
507.0
507.0
507.0
507.0
507.0
507.0
507.0
507.0
507.0
507.0
507.0
507.0
507.0
507.0
507.0
507.0
507.0
507.0
507.0
507.0
507.0
507.0
507.0
507.0
507.0
507.0
507.0
507.0
507.0
507.0
507.0
507.0
507.0
507.0
507.0
507.0
507.0
507.0
507.0
507.0
507.0
507.0
507.0
507.0
507.0
507.0
507.0
507.0
507.0
507.0
507.0
507.0
507.0
507.0
507.0
507.0
507.0
507.0
507.0
507.0
507.0
507.0
507.0
507.0
507.0
507.0
507.0
507.0
507.0
507.0
507.0
507.0
507.0
507.0
507.0
507.0
507.0
507.0
507.0
507.0
507.0
507.0
507.0
507.0
507.0
507.0
507.0
507.0
507.0
507.0
507.0
507.0
507.0
507.0
507.0
507.0
507.0
507.0
507.0
507.0
507.0
507.0
507.0
507.0
507.0
507.0
507.0
507.0
507.0
507.0
507.0
507.0
507.0
507.0
507.0
507.0
507.0
507.0
507.0
507.0
507.0
507.0
507.0
507.0
507.0
507.0
507.0
507.0
507.0
507.0
507.0
507.0
507.0
507.0
507.0
507.0
507.0
507.0
507.0
507.0
507.0
507.0
507.0
507.0
507.0
507.0
507.0
507.0
507.0
507.0
507.0
507.0
507.0
507.0
507.0
507.0
507.0
507.0
507.0
507.0
507.0
507.0
507.0
507.0
507.0
507.0
507.0
507.0
507.0
507.0
507.0
507.0
507.0
507.0
507.0
507.0
507.0
507.0
507.0
507.0
507.0
507.0
507.0
507.0
507.0
507.0
507.0
507.0
507.0
507.0
507.0
507.0
507.0
507.0
507.0
507.0
507.0
507.0
507.0
507.0
507.0
507.0
507.0
507.0
507.0
507.0
507.0
507.0
507.0
507.0
507.0
507.0
507.0
507.0
507.0
507.0
507.0
507.0
507.0
507.0
507.0
507.0
507.0
507.0
507.0
507.0
507.0
507.0
507.0
507.0
507.0
507.0
507.0
507.0
507.0
507.0
507.0
507.0
507.0
507.0
507.0
507.0
507.0
507.0
507.0
507.0
507.0
507.0
507.0
507.0
507.0
507.0
507.0
507.0
507.0
507.0
507.0
507.0
507.0
507.0
507.0
507.0
507.0
507.0
507.0
507.0
507.0
507.0
507.0
507.0
507.0
507.0
507.0
507.0
507.0
507.0
507.0
507.0
507.0
507.0
507.0
507.0
507.0
507.0
507.0
507.0
507.0
507.0
507.0
507.0
507.0
507.0
507.0
507.0
507.0
507.0
507.0
507.0
507.0
507.0
507.0
507.0
507.0
507.0
507.0
507.0
507.0
507.0
507.0
507.0
507.0
507.0
507.0
507.0
507.0
507.0
507.0
507.0
507.0
507.0
507.0
507.0
507.0
507.0
507.0
507.0
507.0
507.0
507.0
507.0
507.0
507.0
507.0
507.0
507.0
507.0
507.0
507.0
507.0
507.0
507.0
507.0
507.0
507.0
507.0
507.0
507.0
507.0
507.0
507.0
507.0
507.0
507.0
507.0
507.0
507.0
507.0
507.0
507.0
507.0
507.0
507.0
507.0
507.0
507.0
507.0
507.0
507.0
507.0
507.0
507.0
507.0
507.0
507.0
507.0
507.0
507.0
507.0
507.0
507.0
507.0
507.0
507.0
507.0
507.0
507.0
507.0
507.0
507.0
507.0
507.0
507.0
507.0
507.0
507.0
507.0
507.0
507.0
507.0
507.0
507.0
507.0
507.0
507.0
507.0
507.0
507.0
507.0
507.0
507.0
507.0
507.0
507.0
507.0
507.0
507.0
507.0
507.0
507.0
507.0
507.0
507.0
507.0
507.0
507.0
507.0
507.0
507.0
507.0
507.0
507.0
507.0
507.0
507.0
507.0
507.0
507.0
507.0
507.0
507.0
507.0
507.0
507.0
507.0
507.0
507.0
507.0
507.0
507.0
507.0
507.0
507.0
507.0
507.0
507.0
507.0
507.0
507.0
507.0
507.0
507.0
507.0
507.0
507.0
507.0
507.0
507.0
507.0
507.0
507.0
507.0
507.0
507.0
507.0
507.0
507.0
507.0
507.0
507.0
507.0
507.0
507.0
507.0
507.0
507.0
507.0
507.0
507.0
507.0
507.0
507.0
507.0
507.0
507.0
507.0
507.0
507.0
507.0
507.0
507.0
507.0
507.0
507.0
507.0
507.0
507.0
507.0
507.0
507.0
507.0
507.0
507.0
507.0
507.0
507.0
507.0
507.0
507.0
507.0
507.0
507.0
507.0
507.0
507.0
507.0
507.0
507.0
507.0
507.0
507.0
507.0
507.0
507.0
507.0
507.0
507.0
507.0
507.0
507.0
507.0
507.0
507.0
507.0
507.0
507.0
507.0
507.0
507.0
507.0
507.0
507.0
507.0
507.0
507.0
507.0
507.0
507.0
507.0
507.0
507.0
507.0
507.0
507.0
507.0
507.0
507.0
507.0
507.0
507.0
507.0
507.0
507.0
507.0
507.0
507.0
507.0
507.0
507.0
507.0
507.0
507.0
507.0
507.0
507.0
507.0
507.0
507.0
507.0
507.0
507.0
507.0
507.0
507.0
507.0
507.0
507.0
507.0
507.0
507.0
507.0
507.0
507.0
507.0
507.0
507.0
507.0
507.0
507.0
507.0
507.0
507.0
507.0
507.0
507.0
507.0
507.0
507.0
507.0
507.0
507.0
507.0
507.0
507.0
507.0
507.0
507.0
507.0
507.0
507.0
507.0
507.0
507.0
507.0
507.0
507.0
507.0
507.0
507.0
507.0
507.0
507.0
507.0
507.0
507.0
507.0
507.0
507.0
507.0
507.0
507.0
507.0
507.0
507.0
507.0
507.0
507.0
507.0
507.0
507.0
507.0
507.0
507.0
507.0
507.0
507.0
507.0
507.0
507.0
507.0
507.0
507.0
507.0
507.0
507.0
507.0
507.0
507.0
507.0
507.0
507.0
507.0
507.0
507.0
507.0
507.0
507.0
507.0
507.0
507.0
507.0
507.0
507.0
507.0
507.0
507.0
507.0
507.0
507.0
507.0
507.0
507.0
507.0
507.0
507.0
507.0
507.0
507.0
507.0
507.0
507.0
507.0
507.0
507.0
507.0
507.0
507.0
507.0
507.0
507.0
507.0
507.0
507.0
507.0
507.0
507.0
507.0
507.0
507.0
507.0
507.0
507.0
507.0
507.0
507.0
507.0
507.0
507.0
507.0
507.0
507.0
507.0
507.0
507.0
507.0
507.0
507.0
507.0
507.0
507.0
507.0
507.0
507.0
507.0
507.0
507.0
507.0
507.0
507.0
507.0
507.0
507.0
507.0
507.0
507.0
507.0
507.0
507.0
507.0
507.0
507.0
507.0
507.0
507.0
507.0
507.0
507.0
507.0
507.0
507.0
507.0
507.0
507.0
507.0
507.0
507.0
507.0
507.0
507.0
507.0
507.0
507.0
507.0
507.0
507.0
507.0
507.0
507.0
507.0
507.0
507.0
507.0
507.0
507.0
507.0
507.0
507.0
507.0
507.0
507.0
507.0
507.0
507.0
507.0
507.0
507.0
507.0
507.0
507.0
507.0
507.0
507.0
507.0
507.0
507.0
507.0
507.0
507.0
507.0
507.0
507.0
507.0
507.0
507.0
507.0
507.0
507.0
507.0
507.0
507.0
507.0
507.0
507.0
507.0
507.0
507.0
507.0
507.0
507.0
507.0
507.0
507.0
507.0
507.0
507.0
507.0
507.0
507.0
507.0
507.0
507.0
507.0
507.0
507.0
507.0
507.0
507.0
507.0
507.0
507.0
507.0
507.0
507.0
507.0
507.0
507.0
507.0
507.0
507.0
507.0
507.0
507.0
507.0
507.0
507.0
507.0
507.0
507.0
507.0
507.0
507.0
507.0
507.0
507.0
507.0
507.0
506.999999999
506.999999999
507.0
507.000000001
507.000000001
507.0
506.999999999
506.999999999
507.0
507.000000001
507.000000001
507.0
506.999999999
506.999999999
507.0
507.000000001
507.000000001
507.0
506.999999999
506.999999999
507.0
507.000000001
507.000000002
507.0
506.999999998
506.999999998
507.0
507.000000002
507.000000002
507.0
506.999999998
506.999999997
507.0
507.000000003
507.000000003
507.0
506.999999997
506.999999996
507.0
507.000000004
507.000000004
507.0
506.999999995
506.999999995
507.0
507.000000005
507.000000006
507.0
506.999999994
506.999999993
507.0
507.000000008
507.000000008
507.0
506.999999991
506.999999991
507.0
507.00000001
507.000000011
507.0
506.999999988
506.999999987
507.0
507.000000014
507.000000015
507.0
506.999999983
506.999999982
507.0
507.00000002
507.000000021
507.0
506.999999977
506.999999975
507.0
507.000000027
507.000000029
507.0
506.999999968
506.999999966
507.0
507.000000038
507.00000004
507.0
506.999999955
506.999999953
507.0
507.000000052
507.000000055
507.0
506.999999938
506.999999935
507.0
507.000000072
507.000000076
507.0
506.999999915
506.99999991
507.0
507.0000001
507.000000105
507.0
506.999999883
506.999999876
507.0
507.000000138
507.000000145
507.0
506.999999838
506.999999829
507.0
507.00000019
507.000000201
507.0
506.999999777
506.999999764
507.0
507.000000262
507.000000277
507.0
506.999999692
506.999999675
507.0
507.000000362
507.000000382
507.0
506.999999574
506.999999551
507.0
507.0000005
507.000000528
507.0
506.999999412
506.99999938
507.0
507.00000069
507.000000728
507.0
506.999999189
506.999999144
507.0
507.000000953
507.000001006
507.0
506.99999888
506.999998818
507.0
507.000001316
507.000001388
507.0
506.999998454
506.999998369
507.0
507.000001816
507.000001916
507.0
506.999997866
506.999997749
507.0
507.000002507
507.000002645
507.0
506.999997055
506.999996892
507.0
507.00000346
507.000003651
507.0
506.999995934
506.99999571
507.0
507.000004777
507.00000504
507.0
506.999994388
506.999994078
507.0
507.000006594
507.000006958
507.0
506.999992253
506.999991825
507.0
507.000009102
507.000009604
507.0
506.999989306
506.999988716
507.0
507.000012564
507.000013258
507.0
506.999985238
506.999984423
507.0
507.000017344
507.000018301
507.0
506.999979622
506.999978497
507.0
507.000023942
507.000025263
507.0
506.99997187
506.999970318
507.0
507.00003305
507.000034874
507.0
506.99996117
506.999959026
507.0
507.000045622
507.00004814
507.0
506.999946399
506.99994344
507.0
507.000062977
507.000066453
507.0
506.999926008
506.999921924
507.0
507.000086934
507.000091733
507.0
506.99989786
506.999892222
507.0
507.000120005
507.00012663
507.0
506.999859004
506.999851221
507.0
507.000165659
507.000174804
507.0
506.999805363
506.999794618
507.0
507.000228685
507.000241311
507.0
506.999731308
506.999716473
507.0
507.000315701
507.000333133
507.0
506.999629059
506.999608574
507.0
507.000435856
507.00045993
507.0
506.999487853
506.999459558
507.0
507.000601817
507.000635076
507.0
506.999292772
506.999253669
507.0
507.000831169
507.000877154
507.0
506.999023061
506.998968963
507.0
507.001148451
507.001212122
507.0
506.99864964
506.998574651
507.0
507.00158823
507.00167663
507.0
506.998131245
506.998026902
507.0
507.002200056
507.00232343
507.0
506.997407914
506.997261687
507.0
507.003057223
507.003231104
507.0
506.99638887
506.996181173
507.0
507.004274069
507.004523684
507.0
506.994927049
506.994624552
507.0
507.006044625
507.006415351
507.0
506.992758655
506.992297402
507.0
507.008740138
507.009325661
507.0
506.989340532
506.988577315
507.000000001
507.013190283
507.014220108
506.999999999
506.983342999
506.981889868
507.000000001
507.021645541
507.023817504
506.999999999
506.970705
506.967208283
507.000000001
507.042034186
507.04823804
506.999999999
506.934295454
506.921749098
507.000000001
507.116862587
507.147411456
506.999999999
506.744919267
506.645910649
507.0
507.796222838
508.332354395
