3.27227056256
1.95632450378
0.786336939784
-1.98383531824e-11
-0.311900216868
-0.23897908013
6.88942236593e-11
0.173901439628
0.160393151826
-1.34377842187e-10
-0.153539595801
-0.158125530173
1.87014848052e-10
0.184482780209
0.209345093952
-1.87071691471e-10
-0.303680961489
-0.396241950766
9.25410859054e-11
0.918660633059
2.07234399709
3.00000000013
3.36723198338
3.22044466806
2.99999999952
3.27100035764
4.33599999776
6.00000000092
7.67062255573
8.74228918369
8.9999999986
8.75261444357
8.59874414972
9.00000000184
9.97664143313
11.1383371795
11.9999999978
12.3217363228
12.2194607609
12.0000000025
11.8969817334
11.9346699746
11.9999999973
12.0081066442
11.9844040294
12.000000003
12.0591636794
12.0806666125
11.9999999968
11.8732109492
11.8469005185
12.0000000034
12.2184852644
12.2619198638
11.9999999964
11.6060549833
11.4934729692
12.0000000037
13.073977581
14.2541214794
14.9999999962
15.1187431653
14.9274331071
15.0000000037
15.6989356596
16.8783009639
17.9999999965
18.5566595328
18.4457510227
18.0000000032
17.6818370234
17.722418915
17.9999999971
18.2194919942
18.1978126859
18.0000000025
17.8363829884
17.8501660035
17.9999999979
18.1269193339
18.1172744455
18.0000000018
17.8992727921
17.9064240884
17.9999999985
18.0810607729
18.0755600134
18.0000000013
17.9341920538
17.9385261526
17.9999999989
18.0537234658
18.0502532358
18.0000000009
17.9559889174
17.9587981569
17.9999999993
18.036127896
18.0338361233
18.0000000006
17.9703155487
17.9721958178
17.9999999995
18.0243900639
18.0228404425
18.0000000004
17.9799789446
17.9812611898
17.9999999996
18.0164012635
18.0153359213
18.0000000003
17.986610548
17.9874998629
17.9999999997
18.0108707689
18.0101239602
18.0000000002
17.9912493206
17.9918814298
17.9999999998
18.006950475
18.0064097266
18.0000000002
17.9945961787
17.9950654178
17.9999999999
18.0040540157
18.0036391255
18.0000000001
17.9971482616
17.9975239382
17.9999999999
18.0017531533
18.0014030049
18.0000000001
17.9992817502
17.9996191192
17.9999999999
17.9997093452
17.9993724672
18.0000000001
18.0013103233
18.0016589985
17.9999999999
17.9976220189
17.9972487918
18.0000000001
18.0035327396
18.003944236
17.9999999999
17.9951828635
17.9947178623
18.0000000002
18.006278891
18.0068148051
17.9999999998
17.992026992
17.9913997728
18.0000000002
18.0099644376
18.0107074001
17.9999999998
17.9876683806
17.986779726
18.0000000003
18.0151714661
18.0162434025
17.9999999997
17.9813932436
17.9800895232
18.0000000004
18.0227977062
18.0243979179
17.9999999995
17.9720389387
17.9700522928
18.0000000006
18.0344033406
18.0369078811
17.9999999993
17.9574178554
17.9541912188
18.0000000008
18.0532269399
18.0575170809
17.999999999
17.9324027905
17.9264242528
18.0000000012
18.0880964029
18.0970486935
17.9999999987
17.8800348863
17.8649984171
18.0000000015
18.1770954208
18.2079071164
17.9999999984
17.6892404002
17.5943799409
18.0000000017
18.9263079402
20.0736007562
20.9999999983
21.4057124659
21.3108531142
21.0000000016
20.7919960197
20.8228054598
20.9999999985
21.1351064198
21.1200734357
21.0000000013
20.9028346915
20.9117821408
20.9999999988
21.073708373
21.0677362085
21.000000001
20.9423294687
20.9466114733
20.9999999992
21.0459886258
21.0427721841
21.0000000007
20.9628793523
20.9653712694
20.9999999994
21.0302011183
21.0282299826
21.0000000005
20.9752988287
20.9768800804
20.9999999996
21.0202745795
21.018993957
21.0000000003
20.9833184298
20.984362292
20.9999999997
21.0137484105
21.0128938255
21.0000000002
20.9886553248
20.9893569859
20.9999999998
21.009369772
21.0087925855
21.0000000002
20.9922554478
20.9927307818
20.9999999999
21.0064058353
21.0060141608
21.0000000001
20.9946973268
20.9950200876
20.9999999999
21.0043936974
21.0041278368
21.0000000001
20.9963548336
20.996573612
20.9999999999
21.003029489
21.0028497568
21.0
20.9974759201
20.9976231833
21.0
21.0021104599
21.0019902902
21.0
20.9982264599
20.9983239148
21.0
21.0015010488
21.0014227617
21.0
20.9987169289
20.9987788951
21.0
21.0011116818
21.0010637842
21.0
20.9990193478
20.9990549169
21.0
21.0008852222
21.0008606895
21.0
20.9991780743
20.9991924615
21.0
21.0007884639
21.0007836997
21.0
20.9992163783
20.9992116924
21.0
21.0008072234
21.0008215294
21.0
20.9991398741
20.9991154284
21.0
21.0009442504
21.0009797236
21.0
20.9989373477
20.9988895585
21.0
21.0012196327
21.0012814742
21.0
20.9985791043
20.9985009628
21.0
21.0016737577
21.0017710409
21.0
20.9980125832
20.9978926176
21.0
21.0023732929
21.0025203123
20.9999999999
20.9971545451
20.9969751054
21.0000000001
21.0034211518
21.0036395784
20.9999999999
20.9958785237
20.995613087
21.0000000001
21.0049721967
21.0052944462
20.9999999999
20.9939951902
20.993604133
21.0000000001
21.0072578926
21.0077324809
20.9999999998
20.9912211259
20.9906448405
21.0000000002
21.0106264193
21.0113269911
20.9999999998
20.9871262551
20.986272987
21.0000000003
21.0156134128
21.0166556826
20.9999999997
20.9810354346
20.9797567378
21.0000000004
21.0230843648
21.0246632877
20.9999999995
20.9718130259
20.9698447068
21.0000000006
21.0345767074
21.0370652179
20.9999999993
20.9572907421
20.9540784205
21.0000000008
21.0533124135
21.0575894349
20.999999999
20.9323558543
20.9263897169
21.0000000011
21.0881065054
21.0970466647
20.9999999987
20.8800612509
20.8650370841
21.0000000015
21.1770316322
21.2078304075
20.9999999984
20.6893439282
20.5944974758
21.0000000017
21.9261609151
23.0734381292
23.9999999983
24.4059083245
24.3110667361
24.0000000016
23.7917442185
23.822533089
23.9999999985
24.1354233034
24.1204144416
24.0000000013
23.9024412236
23.9113601221
23.9999999989
24.0741927075
24.0682545586
24.000000001
23.9417366868
23.9459779758
23.9999999992
24.0467113736
24.0435438257
24.0000000007
23.9620004012
23.9644334706
23.9999999994
24.0312681836
24.0293679871
24.0000000005
23.9740049042
23.9755005472
23.9999999996
24.0218423537
24.0206651221
24.0000000003
23.9814198558
23.9823387826
23.9999999998
24.0160467768
24.0153432236
24.0000000002
23.9858735999
23.9863926206
23.9999999999
24.0127360773
24.0123798225
24.0000000001
23.9881819252
23.9883899222
24.0
24.0113352305
24.0112671701
24.0
23.9887317198
23.9886625449
24.0
24.0116145629
24.0118237148
23.9999999999
23.9876121546
23.9872546625
24.0000000001
24.0136192313
24.0141396167
23.9999999998
23.9846406653
23.9839355706
24.0000000002
24.0176821724
24.0186028735
23.9999999997
23.9793083184
23.9781290154
24.0000000004
24.0245325809
24.0260306677
23.9999999995
23.9705911138
23.9686880126
24.0000000006
24.0356166839
24.0380532246
23.9999999993
23.956394944
23.9532232323
24.0000000008
24.0540965527
24.0583428492
23.999999999
23.9316549095
23.9257107278
24.0000000011
24.0887496991
24.0976758747
23.9999999987
23.8794524618
23.8644348144
24.0000000015
24.1776281139
24.2084275974
23.9999999984
23.6887381035
23.5938836897
24.0000000017
24.9267980722
26.0740907898
26.9999999983
27.4052167085
27.3103515116
27.0000000016
26.7925153969
26.8233368379
26.9999999985
27.134544571
27.1194929946
27.0000000013
26.9034594057
26.9124327138
26.9999999988
27.0729981173
27.0669918886
27.000000001
26.9431510482
26.9474765592
26.9999999991
27.0450258978
27.0417549274
27.0000000007
26.9640181804
26.9665776295
26.9999999994
27.0288448404
27.0267907151
27.0000000005
26.97692181
26.9786045265
26.9999999996
27.0183259407
27.0169216859
27.0000000004
26.9856635357
26.9868577024
26.9999999997
27.0109215748
27.0098845274
27.0000000003
26.9920667494
26.9929897072
26.9999999997
27.005249484
27.0044040392
27.0000000002
26.997234952
26.998035411
26.9999999998
27.0003849569
26.9995991914
27.0000000002
27.0019806322
27.0027812835
26.9999999997
26.9955791437
26.9947333074
27.0000000003
27.0070284941
27.007952057
26.9999999997
26.9900952265
26.9890573385
27.0000000003
27.0131653235
27.0143605967
26.9999999996
26.9830516728
26.9816460053
27.0000000004
27.0214266973
27.0231111838
26.9999999995
26.9731723453
26.9711160284
27.0000000006
27.0334663666
27.0360285084
26.9999999993
26.9581924231
26.954918161
27.0000000009
27.0525866546
27.0569161758
26.999999999
26.9329320388
26.926920936
27.0000000012
27.0876589787
27.0966382018
26.9999999987
26.8803963649
26.8653376179
27.0000000015
27.1767967665
27.2076268938
26.9999999984
26.6894870709
26.5946113566
27.0000000017
27.9261042997
29.0734097477
29.9999999983
30.4058804677
30.3110106486
30.0000000016
29.7918575587
29.8226756815
29.9999999985
30.1352203657
30.1201801683
30.0000000013
29.9027411249
29.9116945799
29.9999999988
30.0737849564
30.0678077758
30.000000001
29.9422670888
29.9465533019
29.9999999992
30.0460390663
30.0428190711
30.0000000007
29.9628390204
29.9653339651
29.9999999994
30.0302328055
30.0282590581
30.0000000005
29.9752746359
29.9768581783
29.9999999996
30.0202921558
30.0190094807
30.0000000003
29.983306832
29.9843525833
29.9999999997
30.0137544508
30.0128980716
30.0000000002
29.9886546229
29.9893580482
29.9999999998
30.0093651611
30.0087861761
30.0000000002
29.9922655388
29.9927427708
29.9999999999
30.0063898978
30.0059961569
30.0000000001
29.9947196892
29.9950447597
29.9999999999
30.0043640984
30.0040956009
30.0000000001
29.9963927434
29.9966145817
29.9999999999
30.0029818923
30.0027985662
30.0
29.9975349313
29.9976864528
30.0
30.0020378923
30.0019126455
30.0
29.9983152177
29.9984187531
30.0
30.0013928791
30.0013072876
30.0
29.9988484365
29.9989191962
30.0
30.000952063
30.0008935636
30.0
29.9992128714
29.9992612354
30.0
30.0006507696
30.0006107846
30.0
29.9994619658
29.9994950237
30.0
30.0004448292
30.0004174981
30.0
29.9996322293
29.9996548257
30.0
30.0003040614
30.0002853795
30.0
29.9997486113
29.9997640569
30.0
30.0002078405
30.0001950706
30.0
29.9998281637
29.9998387215
30.0
30.0001420691
30.0001333403
30.0
29.9998825415
29.9998897582
30.0
30.0000971112
30.0000911446
30.0
29.9999197113
29.9999246443
30.0
30.0000663803
30.0000623018
30.0
29.9999451188
29.9999484907
30.0
30.0000453742
30.0000425864
30.0
29.999962486
29.9999647909
30.0
30.0000310155
30.0000291099
30.0
29.9999743573
29.9999759328
30.0
30.0000212006
30.000019898
30.0
29.999982472
29.9999835489
30.0
30.0000144917
30.0000136013
30.0
29.9999880187
29.9999887549
30.0
30.0000099058
30.0000092971
30.0
29.9999918102
29.9999923134
30.0
30.0000067711
30.0000063551
30.0
29.9999944019
29.9999947458
30.0
30.0000046284
30.000004344
30.0
29.9999961734
29.9999964085
30.0
30.0000031637
30.0000029693
30.0
29.9999973843
29.999997545
30.0
30.0000021626
30.0000020297
30.0
29.9999982121
29.9999983219
30.0
30.0000014782
30.0000013874
30.0
29.9999987779
29.9999988529
30.0
30.0000010104
30.0000009483
30.0
29.9999991646
29.9999992159
30.0
30.0000006907
30.0000006482
30.0
29.999999429
29.999999464
30.0
30.0000004721
30.0000004431
30.0
29.9999996097
29.9999996337
30.0
30.0000003227
30.0000003029
30.0
29.9999997332
29.9999997496
30.0
30.0000002206
30.000000207
30.0
29.9999998176
29.9999998288
30.0
30.0000001508
30.0000001415
30.0
29.9999998753
29.999999883
30.0
30.0000001031
30.0000000967
30.0
29.9999999148
29.99999992
30.0
30.0000000704
30.0000000661
30.0
29.9999999417
29.9999999453
30.0
30.0000000482
30.0000000452
30.0
29.9999999602
29.9999999626
30.0
30.0000000329
30.0000000309
30.0
29.9999999728
29.9999999745
30.0
30.0000000225
30.0000000211
30.0
29.9999999814
29.9999999825
30.0
30.0000000154
30.0000000144
30.0
29.9999999873
29.9999999881
30.0
30.0000000105
30.0000000099
30.0
29.9999999913
29.9999999918
30.0
30.0000000072
30.0000000067
30.0
29.9999999941
29.9999999944
30.0
30.0000000049
30.0000000046
30.0
29.9999999959
29.9999999962
30.0
30.0000000034
30.0000000031
30.0
29.9999999972
29.9999999974
30.0
30.0000000023
30.0000000022
30.0
29.9999999981
29.9999999982
30.0
30.0000000016
30.0000000015
30.0
29.9999999987
29.9999999988
30.0
30.0000000011
30.000000001
30.0
29.9999999991
29.9999999992
30.0
30.0000000007
30.0000000007
30.0
29.9999999994
29.9999999994
30.0
30.0000000005
30.0000000005
30.0
29.9999999996
29.9999999996
30.0
30.0000000003
30.0000000003
30.0
29.9999999997
29.9999999997
30.0
30.0000000002
30.0000000002
30.0
29.9999999998
29.9999999998
30.0
30.0000000002
30.0000000001
30.0
29.9999999999
29.9999999999
30.0
30.0000000001
30.0000000001
30.0
29.9999999999
29.9999999999
30.0
30.0000000001
30.0000000001
30.0
29.9999999999
29.9999999999
30.0
30.0
30.0
30.0
30.0
30.0
30.0
30.0
30.0
30.0
30.0
30.0
30.0
30.0
30.0
30.0
30.0
30.0
30.0
30.0
30.0
30.0
30.0
30.0
30.0
30.0
30.0
30.0
30.0
30.0
30.0
30.0
30.0
30.0
30.0
30.0
30.0
30.0
30.0
30.0
30.0
30.0
30.0
30.0
30.0
30.0
30.0
30.0
30.0
30.0
30.0
30.0
30.0
30.0
30.0
30.0
30.0
30.0
30.0
30.0
30.0
30.0
30.0
30.0
30.0
30.0
30.0
30.0
30.0
30.0
30.0
30.0
30.0
30.0
30.0
30.0
30.0
30.0
30.0
30.0
30.0
30.0
30.0
30.0
30.0
30.0
30.0
30.0
30.0
30.0
30.0
30.0
30.0
30.0
30.0
30.0
30.0
30.0
30.0
30.0
30.0
30.0
30.0
30.0
30.0
30.0
30.0
30.0
30.0
30.0
30.0
30.0
30.0
30.0
30.0
30.0
30.0
30.0
30.0
30.0
30.0
30.0
30.0
30.0
30.0
30.0
30.0
30.0
30.0
30.0
30.0
30.0
30.0
30.0
30.0
30.0
30.0
30.0
30.0
30.0
30.0
30.0
30.0
30.0
30.0
30.0
30.0
30.0
30.0
30.0
30.0
30.0
30.0
30.0
30.0
30.0
30.0
30.0
30.0
30.0
30.0
30.0
30.0
30.0
30.0
30.0
30.0
30.0
30.0
30.0
30.0
30.0
30.0
30.0
30.0
30.0
30.0
30.0
30.0
30.0
30.0
30.0
30.0
30.0
30.0
30.0
30.0
30.0
30.0
30.0
30.0
30.0
30.0
30.0
30.0
30.0
30.0
30.0
30.0
30.0
30.0
30.0
30.0
30.0
30.0
30.0
30.0
30.0
30.0
30.0
30.0
30.0
30.0
30.0
30.0
30.0
30.0
30.0
30.0
30.0
30.0
30.0
30.0
30.0
30.0
30.0
30.0
30.0
30.0
30.0
30.0
30.0
30.0
30.0
30.0
30.0
30.0
30.0
30.0
30.0
30.0
30.0
30.0
30.0
30.0
30.0
30.0
30.0
30.0
30.0
30.0
30.0
30.0
30.0
30.0
30.0
30.0
30.0
30.0
30.0
30.0
30.0
30.0
30.0
30.0
30.0
30.0
30.0
30.0
30.0
30.0
30.0
30.0
30.0
30.0
30.0
30.0
30.0
30.0
30.0
30.0
30.0
30.0
30.0
30.0
30.0
30.0
30.0
30.0
30.0
30.0
30.0
30.0
30.0
30.0
30.0
30.0
30.0
30.0
30.0
30.0
30.0
30.0
30.0
30.0
30.0
30.0
30.0
30.0
30.0
30.0
30.0
30.0
30.0
30.0
30.0
30.0
30.0
30.0
30.0
30.0
30.0
30.0
30.0
30.0
30.0
30.0
30.0
30.0
30.0
30.0
30.0
30.0
30.0
30.0
30.0
30.0
30.0
30.0
30.0
30.0
30.0
30.0
30.0
30.0
30.0
30.0
30.0
30.0
30.0
30.0
30.0
30.0
30.0
30.0
30.0
30.0
30.0
30.0
30.0
30.0
30.0
30.0
30.0
30.0
30.0
30.0
30.0
30.0
30.0
30.0
30.0
30.0
30.0
30.0
30.0
30.0
30.0
30.0
30.0
30.0
30.0
30.0
30.0
30.0
30.0
30.0
30.0
30.0
30.0
30.0
30.0
30.0
30.0
30.0
30.0
30.0
30.0
30.0
30.0
30.0
30.0
30.0
30.0
30.0
30.0
30.0
30.0
30.0
30.0
30.0
30.0
30.0
30.0
30.0
30.0
30.0
30.0
30.0
30.0
30.0
30.0
30.0
30.0
30.0
30.0
30.0
30.0
30.0
30.0
30.0
30.0
30.0
30.0
30.0
30.0
30.0
30.0
30.0
30.0
30.0
30.0
30.0
30.0
30.0
30.0
30.0
30.0
30.0
30.0
30.0
30.0
30.0
30.0
30.0
30.0
30.0
30.0
30.0
30.0
30.0
30.0
30.0
30.0
30.0
30.0
30.0
30.0
30.0
30.0
30.0
30.0
30.0
30.0
30.0
30.0
30.0
30.0
30.0
30.0
30.0
30.0
30.0
30.0
30.0
30.0
30.0
30.0
30.0
30.0
30.0
30.0
30.0
30.0
30.0
30.0
30.0
30.0
30.0
30.0
30.0
30.0
30.0
30.0
30.0
30.0
30.0
30.0
30.0
30.0
30.0
30.0
30.0
30.0
30.0
30.0
30.0
30.0
30.0
30.0
30.0
30.0
30.0
30.0
30.0
30.0
30.0
30.0
30.0
30.0
30.0
30.0
30.0
30.0
30.0
30.0
30.0
30.0
30.0
30.0
30.0
30.0
30.0
30.0
30.0
30.0
30.0
30.0
30.0
30.0
30.0
30.0
30.0
30.0
30.0
30.0
30.0
30.0
30.0
30.0
30.0
30.0
30.0
30.0
30.0
30.0
30.0
30.0
30.0
30.0
30.0
30.0
30.0
30.0
30.0
30.0
30.0
30.0
30.0
30.0
30.0
30.0
30.0
30.0
30.0
30.0
30.0
30.0
30.0
30.0
30.0
30.0
30.0
30.0
30.0
30.0
30.0
30.0
30.0
30.0
30.0
30.0
30.0
30.0
30.0
30.0
30.0
30.0
30.0
30.0
30.0
30.0
30.0
30.0
30.0
30.0
30.0
30.0
30.0
30.0
30.0
30.0
30.0
30.0
30.0
30.0
30.0
30.0
30.0
30.0
30.0
30.0
30.0
30.0
30.0
30.0
30.0
30.0
30.0
30.0
30.0
30.0
30.0
30.0
30.0
30.0
30.0
30.0
30.0
30.0
30.0
30.0
30.0
30.0
30.0
30.0
30.0
30.0
30.0
30.0
30.0
30.0
30.0
30.0
30.0
30.0
30.0
30.0
30.0
30.0
30.0
30.0
30.0
30.0
30.0
30.0
30.0
30.0
30.0
30.0
30.0
30.0
30.0
30.0
30.0
30.0
30.0
30.0
30.0
30.0
30.0
30.0
30.0
30.0
30.0
30.0
30.0
30.0
30.0
30.0
30.0
30.0
30.0
30.0
30.0
30.0
30.0
30.0
30.0
30.0
30.0
30.0
30.0
30.0
30.0
30.0
30.0
30.0
30.0
30.0
30.0
30.0
30.0
30.0
30.0
30.0
30.0
30.0
30.0
30.0
30.0
30.0
30.0
30.0
30.0
30.0
30.0
30.0
30.0
30.0
30.0
30.0
30.0
30.0
30.0
30.0
30.0
30.0
30.0
30.0
30.0
30.0
30.0
30.0
30.0
30.0
30.0
30.0
30.0
30.0
30.0
30.0
30.0
30.0
30.0
30.0
30.0
30.0
30.0
30.0
30.0
30.0
30.0
30.0
30.0
30.0
30.0
30.0
30.0
30.0
30.0
30.0
30.0
30.0
30.0
30.0
30.0
30.0
30.0
30.0
30.0
30.0
30.0
30.0
30.0
30.0
30.0
30.0
30.0
30.0
30.0
30.0
30.0
30.0
30.0
30.0
30.0
30.0
30.0
30.0
30.0
30.0
30.0
30.0
30.0
30.0
30.0
30.0
30.0
30.0
30.0
30.0
30.0
30.0
30.0
30.0
30.0
30.0
30.0
30.0
30.0
30.0
30.0
30.0
30.0
29.9999999999
29.9999999999
30.0
30.0000000001
30.0000000001
30.0
29.9999999999
29.9999999999
30.0
30.0000000001
30.0000000001
30.0
29.9999999999
29.9999999999
30.0
30.0000000001
30.0000000001
30.0
29.9999999998
29.9999999998
30.0
30.0000000002
30.0000000002
30.0
29.9999999998
29.9999999997
30.0
30.0000000003
30.0000000003
30.0
29.9999999996
29.9999999996
30.0
30.0000000004
30.0000000005
30.0
29.9999999995
29.9999999994
30.0
30.0000000006
30.0000000007
30.0
29.9999999992
29.9999999992
30.0
30.0000000009
30.000000001
30.0
29.9999999989
29.9999999988
30.0
30.0000000013
30.0000000014
30.0
29.9999999984
29.9999999983
30.0
30.000000002
30.0000000021
30.0
29.9999999976
29.9999999975
30.0
30.0000000029
30.0000000031
30.0
29.9999999965
29.9999999963
30.0
30.0000000042
30.0000000045
30.0
29.9999999949
29.9999999946
30.0
30.0000000061
30.0000000065
30.0
29.9999999926
29.9999999921
30.0
30.000000009
30.0000000096
30.0
29.9999999891
29.9999999884
30.0
30.0000000131
30.000000014
30.0
29.9999999841
29.9999999831
30.0
30.0000000192
30.0000000205
30.0
29.9999999768
29.9999999753
30.0
30.0000000281
30.0000000299
30.0
29.999999966
29.9999999638
30.0
30.0000000411
30.0000000438
30.0
29.9999999503
29.999999947
30.0
30.0000000601
30.0000000641
30.0
29.9999999273
29.9999999225
30.0
30.0000000879
30.0000000937
30.0
29.9999998936
29.9999998867
30.0
30.0000001287
30.0000001371
30.0
29.9999998444
29.9999998342
30.0
30.0000001882
30.0000002006
30.0
29.9999997723
29.9999997574
30.0
30.0000002754
30.0000002934
30.0
29.9999996669
29.9999996451
30.0
30.0000004029
30.0000004292
30.0
29.9999995127
29.9999994808
30.0
30.0000005894
30.0000006279
30.0
29.9999992872
29.9999992405
30.0
30.0000008622
30.0000009186
30.0
29.9999989571
29.9999988889
30.0
30.0000012614
30.0000013439
30.0
29.9999984743
29.9999983745
30.0
30.0000018453
30.0000019661
30.0
29.999997768
29.9999976219
30.0
30.0000026996
30.0000028763
30.0
29.9999967347
29.999996521
30.0
30.0000039494
30.0000042079
30.0
29.9999952231
29.9999949104
30.0
30.0000057778
30.000006156
30.0
29.9999930116
29.9999925541
30.0
30.0000084527
30.000009006
30.0
29.9999897763
29.999989107
30.0
30.0000123659
30.0000131754
30.0
29.9999850431
29.999984064
30.0
30.0000180908
30.0000192751
30.0
29.9999781186
29.9999766862
30.0
30.0000264662
30.0000281989
30.0
29.9999679881
29.9999658923
30.0
30.0000387198
30.0000412548
30.0
29.9999531664
29.9999501001
30.0
30.0000566482
30.0000603574
30.0
29.9999314794
29.9999269924
30.0
30.000082883
30.0000883113
30.0
29.9998997411
29.9998931733
30.0
30.0001212832
30.0001292306
30.0
29.9998532741
29.999843655
30.0
30.0001775232
30.0001891692
30.0
29.9997851846
29.9997710782
30.0
30.0002599955
30.0002770934
30.0
29.9996852262
29.9996644823
30.0
30.0003812631
30.000406466
30.0
29.9995379021
29.9995072183
30.0
30.000560606
30.0005980748
30.0
29.9993189352
29.9992729812
30.0
30.0008291025
30.0008858205
30.0
29.9989876486
29.9989170045
30.0
30.0012415569
30.0013307029
30.0
29.9984674605
29.9983528579
30.0
30.0019098239
30.0020610558
30.0
29.997586299
29.9973793389
30.0
30.0031148332
30.0034125579
30.0
29.9958531474
29.995394788
30.0
30.0057866027
30.0065602228
29.9999999999
29.9913213496
29.989839841
30.0000000001
30.0145822126
30.0179807614
29.9999999999
29.9704449712
29.9601349368
30.0
30.0841308979
30.1359881046
