-17.4961475746
-9.81867134914
-3.71344851427
5.72981662117e-11
1.31305051309
0.953122565006
-2.26464180741e-10
-0.627049378396
-0.552249469227
5.02041075379e-10
0.487868283079
0.487027063169
-8.40373104438e-10
-0.55264535865
-0.639099006687
1.14596332423e-09
1.1624994063
2.32319237206
2.99999999862
3.08626393126
2.91307433199
3.00000000145
3.67477843584
4.83238564793
5.9999999986
6.65651993019
6.58174065326
6.00000000125
5.43313963808
5.37414128424
5.99999999891
7.09803027584
8.22879374849
9.000000001
9.27254639221
9.18369314433
8.99999999899
8.91874613245
8.95751894672
9.00000000116
8.95134174586
8.87580980163
8.99999999855
9.56496352838
10.6323137847
12.0000000019
13.3133442288
14.3073237611
14.9999999977
15.6757481533
16.651937949
18.0000000028
19.4450447157
20.5408262294
20.9999999967
20.9270567629
20.7669479812
21.0000000037
21.8096390459
22.966336771
23.999999996
24.5179848364
24.4381845648
24.0000000043
23.5920705683
23.5437214256
23.9999999954
24.8994958109
26.0106802456
27.0000000049
27.5459434238
27.4973284606
26.9999999947
26.4739777778
26.3960069737
27.0000000056
28.1110822764
29.2585540353
29.9999999939
30.2092434557
30.1029095146
30.0000000063
30.0378472698
30.0985361286
29.9999999935
29.7565094392
29.645759441
30.0000000067
30.9011828053
32.0599408247
32.9999999932
33.3979283025
33.2925292703
33.0000000068
32.8323344295
32.8751938318
32.9999999934
33.0546182385
33.0223835698
33.0000000065
33.0462322153
33.0874743402
32.9999999938
32.7928043792
32.6910975138
33.000000006
33.840731563
34.9924519035
35.9999999944
36.4802167406
36.3832257259
36.0000000053
35.7208597625
35.7502229035
35.9999999951
36.2176551718
36.2136883228
36.0000000045
35.7585311847
35.7090450599
35.9999999959
36.6808779476
37.7188632545
39.0000000039
40.3149929699
41.3897256194
41.9999999964
42.1198740704
41.9863783535
42.0000000033
42.5022329231
43.5751343511
44.9999999969
46.3967736595
47.438846391
48.0000000029
48.160026089
48.103034192
47.9999999973
47.945149629
47.9551387442
48.0000000026
48.0367268104
48.0360447439
47.9999999974
47.9614730354
47.9588520821
48.0000000026
48.0485233153
48.0532011923
47.9999999973
47.9353592183
47.928449735
48.0000000029
48.0884271461
48.0988345829
47.999999997
47.8746206631
47.8573004071
48.0000000031
48.1907451186
48.2255068389
47.9999999969
47.6606206712
47.5578899371
48.000000003
48.9870282285
50.1536962572
50.9999999973
51.254131206
51.0871535773
51.0000000023
51.4595071249
52.5641682669
53.9999999984
55.3132081318
56.2691778013
57.0000000009
57.8232169876
58.8942135268
60.0
60.6883139002
60.6431932471
59.9999999991
59.3244338284
59.2433711613
60.0000000018
61.2786797147
62.4417023271
62.9999999975
62.9584479759
62.7782360582
63.000000003
63.8295889102
65.001140308
65.9999999967
66.4471584957
66.3419489533
66.0000000035
65.7758662023
65.812282036
65.9999999965
66.1366914954
66.1179594293
66.0000000035
65.9114170956
65.9233022663
65.9999999966
66.0565961217
66.0478737842
66.0000000033
65.9678006423
65.9750132557
65.9999999967
66.0112953632
66.0046420631
66.0000000032
66.0086860383
66.0155262969
65.9999999968
65.969973478
65.9620844063
66.0000000033
66.0557391088
66.0661096719
65.9999999967
65.9085508674
65.8924923907
66.0000000034
66.1513018369
66.1828034465
65.9999999966
65.7132616098
65.6180014315
66.0000000033
66.9032157273
68.0506411358
68.9999999968
69.4286691665
69.3339413923
69.000000003
68.7683658339
68.7987560016
68.9999999973
69.160325852
69.1460638604
69.0000000023
68.8748579495
68.8825496075
68.999999998
69.1061200478
69.1021511331
69.0000000017
68.9027942047
68.9037933651
68.9999999986
69.0974395933
69.0999533584
69.0000000011
68.8898710813
68.8812365378
68.999999999
69.147746932
69.1717484698
69.000000001
68.7398148269
68.6526955617
68.9999999989
69.8510153084
70.988846793
72.0000000014
72.5121210814
72.4299100645
71.9999999982
71.642240539
71.6538633367
72.0000000023
72.3551634171
72.3759178714
71.9999999971
71.5329028991
71.4405362028
72.0000000034
73.0809237621
74.231488536
74.9999999962
75.2345521906
75.1288022839
75.0000000041
75.0088788552
75.0672916529
74.9999999957
74.7935098868
74.6862012493
75.0000000043
75.8527001114
77.0068003125
77.9999999958
78.4619288729
78.362901983
78.000000004
77.7466801685
77.7802302842
77.9999999964
78.1731429737
78.156223579
78.0000000032
77.8698544979
77.8801339228
77.9999999972
78.1031068658
78.0961890486
78.0000000024
77.9154631424
77.9204024303
77.9999999979
78.0711235644
78.0674807947
78.0000000017
77.9388196277
77.9415391419
77.9999999986
78.053763313
78.0517479167
78.000000001
77.9516896981
77.953135032
77.9999999992
78.0444758759
78.0435181109
78.0000000005
77.9579502359
77.9584683165
77.9999999998
78.0409158256
78.0408159038
78.0
77.9589668593
77.9586466233
78.0000000003
78.0424319684
78.0431994878
77.9999999994
77.9547766327
77.9535027917
78.0000000008
78.049626709
78.0515127756
77.9999999989
77.9439723424
77.941290782
78.0000000014
78.0650972148
78.0688990385
77.9999999983
77.9219508474
77.9164163075
78.000000002
78.0972537939
78.1057981553
77.9999999977
77.8720688687
77.8574083897
78.0000000026
78.1839648122
78.2144322047
77.9999999972
77.6833701188
77.5888191417
78.0000000029
78.9312888594
80.078312788
80.999999997
81.4014919066
81.3068533575
81.0000000029
80.7956086478
80.8262536085
80.9999999972
81.1319245135
81.116991546
81.0000000025
80.9057869122
80.9147062609
80.9999999977
81.0707633579
81.0647408539
81.0000000021
80.9455084514
80.9499249431
80.9999999981
81.0423178964
81.0388775062
81.0000000017
80.967315644
80.9701265447
80.9999999984
81.0247078521
81.0223160552
81.0000000014
80.98216218
80.984274399
80.9999999987
81.0116993757
81.0097658357
81.0000000013
80.9939861152
80.9958207163
80.9999999987
81.0005546236
80.9987498311
81.0000000012
81.0048811431
81.0067220774
80.9999999987
80.9895068574
80.9875604785
81.0000000014
81.0164981827
81.0186300965
80.9999999985
80.9768450265
80.9744261418
81.0000000016
81.030801581
81.0336477012
80.9999999983
80.9600798573
80.9565951554
81.0000000019
81.0512606311
81.0557317353
80.9999999979
80.9338983085
80.9278094011
81.0000000024
81.086866948
81.0958663031
80.9999999974
80.8811799695
80.8661512086
81.0000000028
81.175880026
81.206639184
80.999999997
80.690649646
80.5958753742
81.000000003
81.9246157186
83.0718006095
83.999999997
84.4077408795
84.3129992894
84.0000000029
83.7896132343
83.820306125
83.9999999972
84.1378300814
84.122903009
84.0000000025
83.8998098381
83.9086692584
83.9999999977
84.0769754172
84.0710685952
84.000000002
83.9388912083
83.9431329637
83.9999999982
84.0495220962
84.0463205048
84.0000000015
83.9593258367
83.9618269617
83.9999999987
84.033704781
84.0317028488
84.0000000011
83.9719067733
83.97353731
83.999999999
84.0235028629
84.0221577723
84.0000000008
83.9802962282
83.9814165587
83.9999999993
84.01653146
84.0155912404
84.0000000006
83.9861364611
83.9869305761
83.9999999995
84.0116059106
84.0109312422
84.0000000004
83.9903157734
83.9908923998
83.9999999996
84.0080383908
84.007542268
84.0000000003
83.9933811225
83.9938113679
83.9999999997
84.0053841663
84.0050074011
84.0000000003
83.9957011164
83.9960350791
83.9999999998
84.0033323995
84.0030318868
84.0000000002
83.9975422721
83.9978176798
83.9999999998
84.0016506294
84.0013927228
84.0000000002
83.9991111492
83.9993586487
83.9999999998
84.0001514554
83.9999075695
84.0000000002
84.0005817905
84.0008287526
83.9999999998
83.9986689975
83.9984121803
84.0000000002
84.002116758
84.0023904944
83.9999999998
83.9970393046
83.9967410906
84.0000000002
84.0038861596
84.0042171336
83.9999999997
83.9950810772
83.9947080721
84.0000000003
84.0060880248
84.0065136361
83.9999999997
83.9925732109
83.9920827224
84.0000000004
84.0089741018
84.00954394
83.9999999996
83.989223915
83.9885573738
84.0000000005
84.0128883782
84.0136728055
83.9999999994
83.9846206292
83.983691922
84.0000000007
84.018334972
84.0194416517
83.9999999992
83.9781340701
83.976805141
84.0000000009
84.0261195183
84.0277309423
83.9999999989
83.9687010077
83.9667216605
84.0000000013
84.037697487
84.0401719388
83.9999999985
83.9542397064
83.9510696036
84.0000000017
84.0562068915
84.0604114839
83.999999998
83.9297094826
83.9238465117
84.0000000022
84.0904135143
84.099221199
83.9999999975
83.8781783815
83.8633123413
84.0000000027
84.1784188262
84.2090397215
83.9999999971
83.6885042021
83.5938475378
84.000000003
84.9264264278
86.0735111396
86.999999997
87.4062154616
87.3115593657
87.0000000029
86.790894995
86.8215147379
86.9999999973
87.136757006
87.1218927336
87.0000000025
86.9007034995
86.9095087529
86.9999999978
87.0762367968
87.0703769871
87.000000002
86.9394949296
86.9436955448
86.9999999983
87.049036812
87.0458716109
87.0000000015
86.9597059154
86.9621744075
86.9999999987
87.0334195452
87.0314473782
87.0000000011
86.9721049427
86.9737077703
86.9999999991
87.0233863572
87.0220676751
87.0000000008
86.9803342465
86.9814287492
86.9999999993
87.0165708927
87.0156566244
87.0000000006
86.9860185022
86.9867858349
86.9999999995
87.0118056116
87.0111592867
87.0000000004
86.9900288856
86.9905748345
86.9999999996
87.0084202874
87.0079580127
87.0000000003
86.9928938043
86.9932861079
86.9999999997
87.0059901942
87.0056564994
87.0000000002
86.9949598524
86.9952444409
86.9999999998
87.0042291163
87.0039856293
87.0000000002
86.9964656417
86.9966748149
86.9999999999
87.0029365488
87.0027558958
87.0000000001
86.9975808434
86.9977379567
86.9999999999
87.0019679343
87.0018300439
87.0000000001
86.9984295058
86.998551953
86.9999999999
87.0012159488
87.0011055942
87.0000000001
86.9991053998
86.999206678
86.9999999999
87.0005976683
87.0005027007
87.0000000001
86.9996829544
86.9997742035
86.9999999999
87.0000450735
86.999955053
87.0000000001
87.0002256689
87.0003169168
86.9999999999
86.9994974315
86.9994024663
87.0000000001
87.0007931816
87.0008944562
86.9999999999
86.9988945583
86.9987842087
87.0000000001
87.0014478783
87.0015703191
86.9999999999
86.9981701456
86.9980322633
87.0000000001
87.0022618278
87.0024189311
86.9999999999
86.9972443516
86.9970637106
87.0000000001
87.0033248991
87.0035340578
86.9999999998
86.996014703
86.9957712334
87.0000000002
87.0047551712
87.005039739
86.9999999998
86.9943439545
86.9940102843
87.0000000003
87.0067133598
87.0071056342
86.9999999997
86.9920426125
86.9915803724
87.0000000004
87.0094244304
87.0099703384
86.9999999996
86.9888415784
86.9881953019
87.0000000005
87.0132131464
87.0139804219
86.9999999994
86.9843445756
86.9834303748
87.0000000007
87.0185698367
87.0196642597
86.9999999992
86.9779339916
86.9766154035
87.0000000009
87.0262902649
87.0278929817
86.9999999989
86.9685549382
86.9665829019
87.0000000013
87.0378228613
87.0402911993
86.9999999985
86.9541316094
86.9509665902
87.0000000017
87.0563006578
87.0605010586
86.999999998
86.9296274908
86.923767934
87.0000000022
87.0904859667
87.0992909217
86.9999999975
86.8781134934
86.8632495728
87.0000000027
87.1784779188
87.2090972468
86.9999999971
86.688449294
86.5937936875
87.000000003
87.9264786482
89.0735627829
89.999999997
90.4061645053
90.3115085216
90.0000000029
89.7909460761
89.8215661689
89.9999999973
90.1367044074
90.1218393137
90.0000000025
89.9007590493
89.9095656178
89.9999999978
90.0761767814
90.0703151269
90.0000000019
89.9395610466
89.9437640867
89.9999999983
90.0489627911
90.045794519
90.0000000015
89.9597898582
89.9622621511
89.9999999987
90.0333233923
90.0313465911
90.0000000011
89.972215927
89.9738243485
89.9999999991
90.0232575161
90.0219321278
90.0000000008
89.9804844568
89.9815869606
89.9999999993
90.0163952184
90.0154714358
90.0000000006
89.9862244295
89.9870030492
89.9999999995
90.0115638174
90.0109041253
90.0000000004
89.9903131383
89.9908748992
89.9999999996
90.0080858268
90.0076048642
90.0000000003
89.9932875912
89.9937019681
89.9999999997
90.0055263451
90.0051665895
90.0000000002
89.9955064107
89.9958217583
89.9999999998
90.0035849459
90.0033051625
90.0000000002
89.9972249905
89.997476988
89.9999999998
90.0020413119
90.0018101376
90.0000000002
89.9986363887
89.9988531003
89.9999999998
90.0007232801
90.000515085
90.0000000001
89.999897241
90.0001026235
89.9999999998
89.9994850517
89.9992768578
90.0000000002
90.0011467581
90.0013634672
89.9999999998
89.9981900128
89.9979588424
90.0000000002
90.0025228487
90.0027748409
89.9999999998
89.9966950182
89.9964152417
90.0000000002
90.0041780387
90.0044933776
89.9999999998
89.9948336414
89.9944738964
90.0000000003
90.006297767
90.006712131
89.9999999997
89.9923954421
89.991914495
90.0000000004
90.0091247448
90.0096864871
89.9999999996
89.98909629
89.9884366202
90.0000000005
90.0129964647
90.013775058
89.9999999994
89.9845291343
89.983605383
90.0000000007
90.0184123697
90.0195148365
89.9999999992
89.9780686595
89.9767433152
90.0000000009
90.0261747249
90.0277830946
89.9999999989
89.9686545
89.96667776
90.0000000013
90.0377365636
90.0402087842
89.9999999985
89.9542069956
89.9510388088
90.0000000017
90.0562341282
90.0604370676
89.999999998
89.9296869775
89.9238254416
90.0000000022
90.0904319012
90.0992383297
89.9999999975
89.8781636115
89.863298683
90.0000000027
90.1784303819
90.2090502799
89.9999999971
89.6884955456
89.5938397916
90.000000003
90.926432421
92.0735162848
92.999999997
93.4062119682
93.3115566812
93.0000000029
92.7908960837
92.8215150349
92.9999999973
93.1367582922
93.121894816
93.0000000025
92.9006998032
92.9095042342
92.9999999978
93.0762430039
93.0703840652
93.000000002
92.9394860425
92.9436857144
92.9999999983
93.0490486214
93.0458844617
93.0000000015
92.9596908619
92.9621581861
92.9999999987
93.0334382533
93.0314674125
93.0000000011
92.9720820701
92.973683377
92.9999999991
93.0234140179
93.0220970923
93.0000000008
92.9803010438
92.9813935061
92.9999999993
93.0166105427
93.0156986542
93.0000000006
92.9859713242
92.9867358728
92.9999999995
93.0118616038
93.0112185432
93.0000000004
92.9899625528
92.9905046682
92.9999999996
93.008498769
93.0080410014
93.0000000003
92.9928010345
92.9931880344
92.9999999997
93.0060997813
93.0057723312
93.0000000002
92.9948304607
92.9951076932
92.9999999998
93.0043818399
93.0041470209
93.0000000002
92.9962854229
92.99648438
92.9999999999
93.0031491757
93.0029805655
93.0000000001
92.997330012
92.9974729274
92.9999999999
93.0022638081
93.0021426577
93.0000000001
92.9980805235
92.9981832323
92.9999999999
93.0016275533
93.0015404737
93.0000000001
92.9986199516
92.9986937835
92.9999999999
93.0011701948
93.0011075932
93.0
92.99900774
92.9990608207
93.0
93.0008413859
93.0007963774
93.0
92.9992865447
92.999324709
93.0
93.000604978
93.0005726168
93.0
92.9994870047
92.9995144454
93.0
93.0004349985
93.0004117302
93.0
92.9996311391
92.9996508696
93.0
93.0003127792
93.0002960486
93.0
92.9997347757
92.9997489625
93.0
93.0002248998
93.0002128699
93.0
92.9998092938
92.9998194947
93.0
93.0001617114
93.0001530615
93.0
92.999862875
92.9998702098
93.0
93.0001162767
93.000110057
93.0
92.9999014019
92.9999066759
93.0
93.0000836074
93.0000791352
93.0
92.9999291042
92.9999328964
93.0
93.0000601169
93.0000569013
93.0
92.9999490232
92.9999517499
93.0
93.0000432264
93.0000409142
93.0
92.9999633457
92.9999653063
93.0
93.0000310814
93.0000294189
93.0
92.9999736441
92.9999750539
93.0
93.0000223487
93.0000211533
93.0
92.9999810491
92.9999820628
93.0
93.0000160696
93.0000152101
93.0
92.9999863736
92.9999871025
93.0
93.0000115547
93.0000109366
93.0
92.9999902021
92.9999907262
93.0
93.0000083083
93.0000078638
93.0
92.9999929549
92.9999933318
93.0
93.000005974
93.0000056544
93.0
92.9999949343
92.9999952053
93.0
93.0000042955
93.0000040657
93.0
92.9999963576
92.9999965524
93.0
93.0000030886
93.0000029234
93.0
92.999997381
92.999997521
93.0
93.0000022208
93.0000021021
93.0
92.9999981168
92.9999982175
93.0
93.0000015969
93.0000015115
93.0
92.9999986459
92.9999987183
93.0
93.0000011482
93.0000010868
93.0
92.9999990264
92.9999990784
93.0
93.0000008256
93.0000007814
93.0
92.9999992999
92.9999993374
93.0
93.0000005936
93.0000005619
93.0
92.9999994966
92.9999995235
93.0
93.0000004269
93.000000404
93.0
92.999999638
92.9999996574
93.0
93.0000003069
93.0000002905
93.0
92.9999997397
92.9999997537
93.0
93.0000002207
93.0000002089
93.0
92.9999998129
92.9999998229
93.0
93.0000001587
93.0000001502
93.0
92.9999998654
92.9999998726
93.0
93.0000001141
93.000000108
93.0
92.9999999032
92.9999999084
93.0
93.000000082
93.0000000777
93.0
92.9999999304
92.9999999341
93.0
93.000000059
93.0000000558
93.0
92.99999995
92.9999999527
93.0
93.0000000424
93.0000000401
93.0
92.999999964
92.999999966
93.0
93.0000000305
93.0000000289
93.0
92.9999999741
92.9999999755
93.0
93.0000000219
93.0000000208
93.0
92.9999999814
92.9999999824
93.0
93.0000000158
93.0000000149
93.0
92.9999999866
92.9999999873
93.0
93.0000000113
93.0000000107
93.0
92.9999999904
92.9999999909
93.0
93.0000000082
93.0000000077
93.0
92.9999999931
92.9999999935
93.0
93.0000000059
93.0000000055
93.0
92.999999995
92.9999999953
93.0
93.0000000042
93.000000004
93.0
92.9999999964
92.9999999966
93.0
93.000000003
93.0000000029
93.0
92.9999999974
92.9999999976
93.0
93.0000000022
93.0000000021
93.0
92.9999999981
92.9999999982
93.0
93.0000000016
93.0000000015
93.0
92.9999999987
92.9999999987
93.0
93.0000000011
93.0000000011
93.0
92.999999999
92.9999999991
93.0
93.0000000008
93.0000000008
93.0
92.9999999993
92.9999999993
93.0
93.0000000006
93.0000000005
93.0
92.9999999995
92.9999999995
93.0
93.0000000004
93.0000000004
93.0
92.9999999996
92.9999999997
93.0
93.0000000003
93.0000000003
93.0
92.9999999997
92.9999999998
93.0
93.0000000002
93.0000000002
93.0
92.9999999998
92.9999999998
93.0
93.0000000002
93.0000000001
93.0
92.9999999999
92.9999999999
93.0
93.0000000001
93.0000000001
93.0
92.9999999999
92.9999999999
93.0
93.0000000001
93.0000000001
93.0
92.9999999999
92.9999999999
93.0
93.0000000001
93.0000000001
93.0
92.9999999999
93.0
93.0
93.0
93.0
93.0
93.0
93.0
93.0
93.0
93.0
93.0
93.0
93.0
93.0
93.0
93.0
93.0
93.0
93.0
93.0
93.0
93.0
93.0
93.0
93.0
93.0
93.0
93.0
93.0
93.0
93.0
93.0
93.0
93.0
93.0
93.0
93.0
93.0
93.0
93.0
93.0
93.0
93.0
93.0
93.0
93.0
93.0
93.0
93.0
93.0
93.0
93.0
93.0
93.0
93.0
93.0
93.0
93.0
93.0
93.0
93.0
93.0
93.0
93.0
93.0
93.0
93.0
93.0
93.0
93.0
93.0
93.0
93.0
93.0
93.0
93.0
93.0
93.0
93.0
93.0
93.0
93.0
93.0
93.0
93.0
93.0
93.0
93.0
93.0
93.0
93.0
93.0
93.0
93.0
93.0
93.0
93.0
93.0
93.0
93.0
93.0
93.0
93.0
93.0
93.0
93.0
93.0
93.0
93.0
93.0
93.0
93.0
93.0
93.0
93.0
93.0
93.0
93.0
93.0
93.0
93.0
93.0
93.0
93.0
93.0
93.0
93.0
93.0
93.0
93.0
93.0
93.0
93.0
93.0
93.0
93.0
93.0
93.0
93.0
93.0
93.0
93.0
93.0
93.0
93.0
93.0
93.0
93.0
93.0
93.0
93.0
93.0
93.0
93.0
93.0
93.0
93.0
93.0
93.0
93.0
93.0
93.0
93.0
93.0
93.0
93.0
93.0
93.0
93.0
93.0
93.0
93.0
93.0
93.0
93.0
93.0
93.0
93.0
93.0
93.0
93.0
93.0
93.0
93.0
93.0
93.0
93.0
93.0
93.0
93.0
93.0
93.0
93.0
93.0
93.0
93.0
93.0
93.0
93.0
93.0
93.0
93.0
93.0
93.0
93.0
93.0
93.0
93.0
93.0
93.0
93.0
93.0
93.0
93.0
93.0
93.0
93.0
93.0
93.0
93.0
93.0
93.0
93.0
93.0
93.0
93.0
93.0
93.0
93.0
93.0
93.0
93.0
93.0
93.0
93.0
93.0
93.0
93.0
93.0
93.0
93.0
93.0
93.0
93.0
93.0
93.0
93.0
93.0
93.0
93.0
93.0
93.0
93.0
93.0
93.0
93.0
93.0
93.0
93.0
93.0
93.0
93.0
93.0
93.0
93.0
93.0
93.0
93.0
93.0
93.0
93.0
93.0
93.0
93.0
93.0
93.0
93.0
93.0
93.0
93.0
93.0
93.0
93.0
93.0
93.0
93.0
93.0
93.0
93.0
93.0
93.0
93.0
93.0
93.0
93.0
93.0
93.0
93.0
93.0
93.0
93.0
93.0
93.0
93.0
93.0
93.0
93.0
93.0
93.0
93.0
93.0
93.0
93.0
93.0
93.0
93.0
93.0
93.0
93.0
93.0
93.0
93.0
93.0
93.0
93.0
93.0
93.0
93.0
93.0
93.0
93.0
93.0
93.0
93.0
93.0
93.0
93.0
93.0
93.0
93.0
93.0
93.0
93.0
93.0
93.0
93.0
93.0
93.0
93.0
93.0
93.0
93.0
93.0
93.0
93.0
93.0
93.0
93.0
93.0
93.0
93.0
93.0
93.0
93.0
93.0
93.0
93.0
93.0
93.0
93.0
93.0
93.0
93.0
93.0
93.0
93.0
93.0
93.0
93.0
93.0
93.0
93.0
93.0
93.0
93.0
93.0
93.0
93.0
93.0
93.0
93.0
93.0
93.0
93.0
93.0
93.0
93.0
93.0
93.0
93.0
93.0
93.0
93.0
93.0
93.0
93.0
93.0
93.0
93.0
93.0
93.0
93.0
93.0
93.0
93.0
93.0
93.0
93.0
93.0
93.0
93.0
93.0
93.0
93.0
93.0
93.0
93.0
93.0
93.0
93.0
93.0
93.0
93.0
93.0
93.0
93.0
93.0
93.0
93.0
93.0
93.0
93.0
93.0
93.0
93.0
93.0
93.0
93.0
93.0
93.0
93.0
93.0
93.0
93.0
93.0
93.0
93.0
93.0
93.0
93.0
93.0
93.0
93.0
93.0
93.0
93.0
93.0
93.0
93.0
93.0
93.0
93.0
93.0
93.0
93.0
93.0
93.0
93.0
93.0
93.0
93.0
93.0
93.0
93.0
93.0
93.0
93.0
93.0
93.0
93.0
93.0
93.0
93.0
93.0
93.0
93.0
93.0
93.0
93.0
93.0
93.0
93.0
93.0
93.0
93.0
93.0
93.0
93.0
93.0
93.0
93.0
93.0
93.0
93.0
93.0
93.0
93.0
93.0
93.0
93.0
93.0
93.0
93.0
93.0
93.0
93.0
93.0
93.0
93.0
93.0
93.0
93.0
93.0
93.0
93.0
93.0
93.0
93.0
93.0
93.0
93.0
93.0
93.0
93.0
93.0
93.0
93.0
93.0
93.0
93.0
93.0
93.0
93.0
93.0
93.0
93.0
93.0
93.0
93.0
93.0
93.0
93.0
93.0
93.0
93.0
93.0
93.0
93.0
93.0
93.0
93.0
93.0
93.0
93.0
93.0
93.0
93.0
93.0
93.0
93.0
93.0
93.0
93.0
93.0
93.0
93.0
93.0
93.0
93.0
93.0
93.0
93.0
93.0
93.0
93.0
93.0
93.0
93.0
93.0
93.0
93.0
93.0
93.0
93.0
93.0
93.0
93.0
93.0
93.0
93.0
93.0
93.0
93.0
93.0
93.0
93.0
93.0
93.0
93.0
93.0
93.0
93.0
93.0
93.0
93.0
93.0
93.0
93.0
93.0
93.0
93.0
93.0
93.0
93.0
93.0
93.0
93.0
93.0
93.0
93.0
93.0
93.0
93.0
93.0
93.0
93.0
93.0
93.0
93.0
93.0
93.0
93.0
93.0
93.0
93.0
93.0
93.0
93.0
93.0
93.0
93.0
93.0
93.0
93.0
93.0
93.0
93.0
93.0
93.0
93.0
93.0
93.0
93.0
93.0
93.0
93.0
93.0
93.0
93.0
93.0
93.0
93.0
93.0
93.0
93.0
93.0
93.0
93.0
93.0
93.0
93.0
93.0
93.0
93.0
93.0
93.0
93.0
93.0
93.0
93.0
93.0
93.0
93.0
93.0
93.0
93.0
93.0
93.0
93.0
93.0
93.0
93.0
93.0
93.0
93.0
93.0
93.0
93.0
93.0
93.0
93.0
93.0
93.0
93.0
93.0
93.0
93.0
93.0
93.0
93.0
93.0
93.0
93.0
93.0
93.0
93.0
93.0
93.0
93.0
93.0
93.0
93.0
93.0
93.0
93.0
93.0
93.0
93.0
93.0
93.0
93.0
93.0
93.0
93.0
93.0
93.0
93.0
93.0
93.0
93.0
93.0
93.0
93.0
93.0
93.0
93.0
93.0
93.0
93.0
93.0
93.0
93.0
93.0
93.0
93.0
93.0
93.0
93.0
93.0
93.0
93.0
93.0
93.0
93.0
93.0
93.0
93.0
93.0
93.0
93.0
93.0
93.0
93.0
93.0
93.0
93.0
93.0
93.0
93.0
93.0
93.0
93.0
93.0
93.0
93.0
93.0
93.0
93.0
93.0
93.0
93.0
93.0
93.0
93.0
93.0
93.0
93.0
93.0
93.0
93.0
93.0
93.0
93.0
93.0
93.0
93.0
93.0
93.0
93.0
93.0
93.0
93.0
93.0
93.0
93.0
93.0
93.0
93.0
93.0
93.0
93.0
93.0
93.0
93.0
93.0
93.0
93.0
93.0
93.0
93.0
93.0
93.0
93.0
93.0
93.0
93.0
93.0
93.0
93.0
93.0
93.0
93.0
93.0
93.0
93.0
93.0
93.0
93.0
93.0
93.0
93.0
93.0
93.0
93.0
93.0
93.0
93.0
93.0
93.0
93.0
93.0
93.0
93.0
93.0
93.0
93.0
93.0
93.0
93.0
93.0
93.0
93.0
93.0
93.0
93.0
93.0
93.0
93.0
93.0
93.0
93.0
93.0
93.0
93.0
93.0
93.0
93.0
93.0
93.0
93.0
93.0
93.0
93.0
93.0
93.0
93.0
93.0
93.0
93.0
93.0
93.0
93.0
93.0
93.0
93.0
93.0
93.0
93.0
93.0
93.0
93.0
93.0
93.0
93.0
93.0
93.0
93.0
93.0
93.0
93.0
93.0
93.0
93.0
93.0
93.0
93.0
93.0
93.0
93.0
93.0
93.0
93.0
93.0
93.0
93.0
93.0
93.0
93.0
93.0
93.0
93.0
93.0
93.0
93.0
93.0
93.0
93.0
93.0
93.0
93.0
93.0
93.0
93.0
93.0
93.0
93.0
93.0
93.0
93.0
93.0
93.0
93.0
93.0
93.0
93.0
93.0
93.0
93.0
93.0
93.0
93.0
93.0
93.0
93.0
93.0
93.0
93.0
93.0
93.0
93.0
93.0
93.0
93.0
93.0
93.0
93.0
93.0
93.0
93.0
93.0
93.0
93.0
93.0
93.0
93.0
93.0
93.0
93.0
93.0
93.0
93.0
93.0
93.0
93.0
93.0
93.0
93.0
93.0
93.0
93.0
93.0
93.0
93.0
93.0
93.0
93.0
93.0
93.0
93.0
93.0
93.0
93.0
93.0
93.0
93.0
93.0
93.0
93.0
93.0
93.0
93.0
93.0
93.0
93.0
93.0
93.0
93.0
93.0
93.0
93.0
93.0
93.0
93.0
93.0
93.0
93.0
93.0
93.0
93.0
93.0
93.0
93.0
93.0
93.0
93.0
93.0
93.0
93.0
93.0
93.0
93.0
93.0
93.0
93.0
93.0
93.0
93.0
93.0
93.0
93.0
93.0
93.0
93.0
93.0
93.0
93.0
93.0
93.0
93.0
93.0
93.0
93.0
93.0
93.0
93.0
93.0
93.0
93.0
93.0
93.0
93.0
93.0
93.0
93.0
93.0
93.0
93.0
93.0
93.0
93.0
93.0
93.0
93.0
93.0
93.0
93.0
93.0
93.0
93.0
93.0
93.0
93.0
93.0
93.0
93.0
93.0
93.0
93.0
93.0
93.0
93.0
93.0
93.0
93.0
93.0
93.0
93.0
93.0
93.0
93.0
93.0
93.0
93.0
93.0
93.0
93.0
93.0
93.0
93.0
93.0
93.0
93.0
93.0
93.0
93.0
93.0
93.0
93.0
93.0
93.0
93.0
93.0
93.0
93.0
93.0
93.0
93.0
93.0
93.0
93.0
93.0
93.0
93.0
93.0
93.0
93.0
93.0
93.0
93.0
93.0
93.0
93.0
93.0
93.0
93.0
93.0
93.0
93.0
93.0
93.0
93.0
93.0
93.0
93.0
93.0
93.0
93.0
93.0
93.0
93.0
93.0
93.0
93.0
93.0
93.0
93.0
93.0
93.0
93.0
93.0
93.0
93.0
93.0
93.0
93.0
93.0
93.0
93.0
93.0
93.0
93.0
93.0
93.0
93.0
93.0
93.0
93.0
93.0
93.0
93.0
93.0
93.0
93.0
93.0
93.0
93.0
93.0
93.0
93.0
93.0
93.0
93.0
93.0
93.0
93.0
93.0
93.0
93.0
93.0
93.0
93.0
93.0
93.0
93.0
93.0
93.0
93.0
93.0
93.0
93.0
93.0
93.0
93.0
93.0
93.0
93.0
93.0
93.0
93.0
93.0
93.0
93.0
93.0
93.0
93.0
93.0
93.0
93.0
93.0
93.0
93.0
93.0
93.0
93.0
93.0
93.0
93.0
93.0
93.0
93.0
93.0
93.0
93.0
93.0
93.0
93.0
93.0
93.0
93.0
93.0
93.0
93.0
93.0
93.0
93.0
93.0
93.0
93.0
93.0
93.0
93.0
93.0
93.0
93.0
93.0
93.0
93.0
93.0
93.0
93.0
93.0
93.0
93.0
93.0
93.0
93.0
93.0
93.0
93.0
93.0
93.0
93.0
93.0
93.0
93.0
93.0
93.0
93.0
93.0
93.0
93.0
93.0
93.0
93.0
93.0
93.0
93.0
93.0
93.0
93.0
93.0
93.0
93.0
93.0
93.0
93.0
93.0
93.0
93.0
93.0
93.0
93.0
93.0
93.0
93.0
93.0
93.0
93.0
93.0
93.0
93.0
93.0
93.0
93.0
93.0
93.0
93.0
93.0
93.0
93.0
93.0
93.0
93.0
93.0
93.0
93.0
93.0
93.0
93.0
93.0
93.0
93.0
93.0
93.0
93.0
93.0
93.0
93.0
93.0
93.0
93.0
93.0
93.0
93.0
93.0
93.0
93.0
93.0
93.0
93.0
93.0
93.0
93.0
93.0
93.0
93.0
93.0
93.0
93.0
93.0
93.0
93.0
93.0
93.0
93.0
93.0
93.0
93.0
93.0
93.0
93.0
93.0
93.0
93.0
93.0
93.0
93.0
93.0
93.0
93.0
93.0
93.0
93.0
93.0
93.0
93.0
93.0
93.0
93.0
93.0
93.0
93.0
93.0
93.0
93.0
93.0
93.0
93.0
93.0
93.0
93.0
93.0
93.0
93.0
93.0
93.0
93.0
93.0
93.0
93.0
93.0
93.0
93.0
93.0
93.0
93.0
93.0
93.0
93.0
93.0
93.0
93.0
93.0
93.0
93.0
93.0
93.0
93.0
93.0
93.0
93.0
93.0
93.0
93.0
93.0
93.0
93.0
93.0
93.0
93.0
93.0
93.0
93.0
93.0
93.0
93.0
93.0
93.0
93.0
93.0
93.0
93.0
93.0
93.0
93.0
93.0
93.0
93.0
93.0
93.0
93.0
93.0
93.0
93.0
93.0
93.0
93.0
93.0
93.0
93.0
93.0
93.0
93.0
93.0
93.0
93.0
93.0
93.0
93.0
93.0
93.0
93.0
93.0
93.0
93.0
93.0
93.0
93.0
93.0
93.0
93.0
93.0
93.0
93.0
93.0
93.0
93.0
93.0
93.0
93.0
93.0
93.0
93.0
93.0
93.0
93.0
93.0
93.0
93.0
93.0
93.0
93.0
93.0
93.0
93.0
93.0
93.0
93.0
93.0
93.0
93.0
93.0
93.0
93.0
93.0
93.0
93.0
93.0
93.0
93.0
93.0
93.0
93.0
93.0
93.0
93.0
93.0
93.0
93.0
93.0
93.0
93.0
93.0
93.0
93.0
93.0
93.0
93.0
93.0
93.0
93.0
93.0
93.0
93.0
93.0
93.0
93.0
93.0
93.0
93.0
93.0
93.0
93.0
93.0
93.0
93.0
93.0
93.0
93.0
93.0
93.0
93.0
93.0
93.0
93.0
93.0
93.0
93.0
93.0
93.0
93.0
93.0
93.0
93.0
93.0
93.0
93.0
93.0
93.0
93.0
93.0
93.0
93.0
93.0
93.0
93.0
93.0
93.0
93.0
93.0
93.0
93.0
93.0
93.0
93.0
93.0
93.0
93.0
93.0
93.0
93.0
93.0
93.0
93.0
93.0
93.0
93.0
93.0
93.0
93.0
93.0
93.0
93.0
93.0
93.0
93.0
93.0
93.0
93.0
93.0
93.0
93.0
93.0
93.0
93.0
93.0
93.0
93.0
93.0
93.0
93.0
93.0
93.0
93.0
93.0
93.0
93.0
93.0
93.0
93.0
93.0
93.0
93.0
93.0
93.0
93.0
93.0
93.0
93.0
93.0
93.0
93.0
93.0
93.0
93.0
93.0
93.0
93.0
93.0
93.0
93.0
93.0
93.0
93.0
93.0
93.0
93.0
93.0
93.0
93.0
93.0
93.0
93.0
93.0
93.0
93.0
93.0
93.0
93.0
93.0
93.0
93.0
93.0
93.0
93.0
93.0
93.0
93.0
93.0
93.0
93.0
93.0
93.0
93.0
93.0
93.0
93.0
93.0
93.0
93.0
93.0
93.0
93.0
93.0
93.0
93.0
93.0
93.0
93.0
93.0
93.0
93.0
93.0
93.0
93.0
93.0
93.0
93.0
93.0
93.0
93.0
93.0
93.0
93.0
93.0
93.0
93.0
93.0
93.0
93.0
93.0
93.0
93.0
93.0
93.0
93.0
93.0
93.0
93.0
93.0
93.0
93.0
93.0
93.0
93.0
93.0
93.0
93.0
93.0
93.0
93.0
93.0
93.0
93.0
93.0
93.0
93.0
93.0
93.0
93.0
93.0
93.0
93.0
93.0
93.0
93.0
93.0
93.0
93.0
93.0
93.0
93.0
93.0
93.0
93.0
93.0
93.0
93.0
93.0
93.0
93.0
93.0
93.0
93.0
93.0
93.0
93.0
93.0
93.0
93.0
93.0
93.0
93.0
93.0
93.0
93.0
93.0
93.0
93.0
93.0
93.0
93.0
93.0
93.0
93.0
93.0
93.0
93.0
93.0
93.0
93.0
93.0
93.0
93.0
93.0
93.0
93.0
93.0
93.0
93.0
93.0
93.0
93.0
93.0
93.0
93.0
93.0
93.0
93.0
93.0
93.0
93.0
93.0
93.0
93.0
93.0
93.0
93.0
93.0
93.0
93.0
93.0
93.0
93.0
93.0
93.0
93.0
93.0
93.0
93.0
93.0
93.0
93.0
93.0
93.0
93.0
93.0
93.0
93.0
93.0
93.0
93.0
93.0
93.0
93.0
93.0
93.0
93.0
93.0
93.0
93.0
93.0
93.0
93.0
93.0
93.0
93.0
93.0
93.0
93.0
93.0
93.0
93.0
93.0
93.0
93.0
93.0
93.0
93.0
93.0
93.0
93.0
93.0
93.0
93.0
93.0
93.0
93.0
93.0
93.0
93.0
93.0
93.0
93.0
93.0
93.0
93.0
93.0
93.0
93.0
93.0
93.0
93.0
93.0
93.0
93.0
93.0
93.0
93.0
93.0
93.0
93.0
93.0
93.0
93.0
93.0
93.0
93.0
93.0
93.0
93.0
93.0
93.0
93.0
93.0
93.0
93.0
93.0
93.0
93.0
93.0
93.0
93.0
93.0
93.0
93.0
93.0
93.0
93.0
93.0
93.0
93.0
93.0
93.0
93.0
93.0
93.0
93.0
93.0
93.0
93.0
93.0
93.0
93.0
93.0
93.0
93.0
93.0
93.0
93.0
93.0
93.0
93.0
93.0
93.0
93.0
93.0
93.0
93.0
93.0
93.0
93.0
93.0
93.0
93.0
93.0
93.0
93.0
93.0
93.0
93.0
93.0
93.0
93.0
93.0
93.0
93.0
93.0
93.0
93.0
93.0
93.0
93.0
93.0
93.0
93.0
93.0
93.0
93.0
93.0
93.0
93.0
93.0
93.0
93.0
93.0
93.0
93.0
93.0
93.0
93.0
93.0
93.0
93.0
93.0
93.0
93.0
93.0
93.0
93.0
93.0
93.0
93.0
93.0
93.0
93.0
93.0
93.0
93.0
93.0
93.0
93.0
93.0
93.0
93.0
93.0
93.0
93.0
93.0
93.0
93.0
93.0
93.0
93.0
93.0
93.0
93.0
93.0
93.0
93.0
93.0
93.0
93.0
93.0
93.0
93.0
93.0
93.0
93.0
93.0
93.0
93.0
93.0
93.0
93.0
93.0
93.0
93.0
93.0
93.0
93.0
93.0
93.0
93.0
93.0
93.0
93.0
93.0
93.0
93.0
93.0
93.0
93.0
93.0
93.0
93.0
93.0
93.0
93.0
93.0
93.0
93.0
93.0
93.0
93.0
93.0
93.0
93.0
93.0
93.0
93.0
93.0
93.0
93.0
93.0
93.0
93.0
93.0
93.0
93.0
93.0
93.0
93.0
93.0
93.0
93.0
93.0
93.0
93.0
93.0
93.0
93.0
93.0
93.0
93.0
93.0
93.0
93.0
93.0
93.0
93.0
93.0
93.0
93.0
93.0
93.0
93.0
93.0
93.0
93.0
93.0
93.0
93.0
93.0
93.0
93.0
93.0
93.0
93.0
93.0
93.0
93.0
93.0
93.0
93.0
93.0
93.0
93.0
93.0
93.0
93.0
93.0
93.0
93.0
93.0
93.0
93.0
93.0
93.0
93.0
93.0
93.0
93.0
93.0
93.0
93.0
93.0
93.0
93.0
93.0
93.0
93.0
93.0
93.0
93.0
93.0
93.0
93.0
93.0
93.0
93.0
93.0
93.0
93.0
93.0
93.0
93.0
93.0
93.0
93.0
93.0
93.0
93.0
93.0
93.0
93.0
93.0
93.0
93.0
93.0
93.0
93.0
93.0
93.0
93.0
93.0
93.0
93.0
93.0
93.0
93.0
93.0
93.0
93.0
93.0
93.0
93.0
93.0
93.0
93.0
93.0
93.0
93.0
93.0
93.0
93.0
93.0
93.0
93.0
93.0
93.0
93.0
93.0
93.0
93.0
93.0
93.0
93.0
93.0
93.0
93.0
93.0
93.0
93.0
93.0
93.0
93.0
93.0
93.0
93.0
93.0
93.0
93.0
93.0
93.0
93.0
93.0
93.0
93.0
93.0
93.0
93.0
93.0
93.0
93.0
93.0
93.0
93.0
93.0
93.0
93.0
93.0
93.0
93.0
93.0
93.0
93.0
93.0
93.0
93.0
93.0
93.0
93.0
93.0
93.0
93.0
93.0
93.0
93.0
93.0
93.0
93.0
93.0
93.0
93.0
93.0
93.0
93.0
93.0
93.0
93.0
93.0
93.0
93.0
93.0
93.0
93.0
93.0
93.0
93.0
93.0
93.0
93.0
93.0
93.0
93.0
93.0
93.0
93.0
93.0
93.0
93.0
93.0
93.0
93.0
93.0
93.0
93.0
93.0
93.0
93.0
93.0
93.0
93.0
93.0
93.0
93.0
93.0
93.0
93.0
93.0
93.0
93.0
93.0
93.0
93.0
93.0
93.0
93.0
93.0
93.0
93.0
93.0
93.0
93.0
93.0
93.0
93.0
93.0
93.0
93.0
93.0
93.0
93.0
93.0
93.0
93.0
93.0
93.0
93.0
93.0
93.0
93.0
93.0
93.0
93.0
93.0
93.0
93.0
93.0
93.0
93.0
93.0
93.0
93.0
93.0
93.0
93.0
93.0
93.0
93.0
93.0
93.0
93.0
93.0
93.0
93.0
93.0
93.0
93.0
93.0
93.0
93.0
93.0
93.0
93.0
93.0
93.0
93.0
93.0
93.0
93.0
93.0
93.0
93.0
93.0
93.0
93.0
93.0
93.0
93.0
93.0
93.0
93.0
93.0
93.0
93.0
93.0
93.0
93.0
93.0
93.0
93.0
93.0
93.0
93.0
93.0
93.0
93.0
93.0
93.0
93.0
93.0
93.0
93.0
93.0
93.0
93.0
93.0
93.0
93.0
93.0
93.0
93.0
93.0
93.0
93.0
93.0
93.0
93.0
93.0
93.0
93.0
93.0
93.0
93.0
93.0
93.0
93.0
93.0
93.0
93.0
93.0
93.0
93.0
93.0
93.0
93.0
93.0
93.0
93.0
93.0
93.0
93.0
93.0
93.0
93.0
93.0
93.0
93.0
93.0
93.0
93.0
93.0
93.0
93.0
93.0
93.0
93.0
93.0
93.0
93.0
93.0
93.0
93.0
93.0
93.0
93.0
93.0
93.0
93.0
93.0
93.0
93.0
93.0
93.0
93.0
93.0
93.0
93.0
93.0
93.0
93.0
93.0
93.0
93.0
93.0
93.0
93.0
93.0
93.0
93.0
93.0
93.0
93.0
93.0
93.0
93.0
93.0
93.0
93.0
93.0
93.0
93.0
93.0
93.0
93.0
93.0
93.0
93.0
93.0
93.0
93.0
93.0
93.0
93.0
93.0
93.0
93.0
93.0
93.0
93.0
93.0
93.0
93.0
93.0
93.0
93.0
93.0
93.0
93.0
93.0
93.0
93.0
93.0
93.0
93.0
93.0
93.0
93.0
93.0
93.0
93.0
93.0
93.0
93.0
93.0
93.0
93.0
93.0
93.0
93.0
93.0
93.0
93.0
93.0
93.0
93.0
93.0
93.0
93.0
93.0
93.0
93.0
93.0
93.0
93.0
93.0
93.0
93.0
93.0
93.0
93.0
93.0
93.0
93.0
93.0
93.0
93.0
93.0
93.0
93.0
93.0
93.0
93.0
93.0
93.0
93.0
93.0
93.0
93.0
93.0
93.0
93.0
93.0
93.0
93.0
93.0
93.0
93.0
93.0
93.0
93.0
93.0
93.0
93.0
93.0
93.0
93.0
93.0
93.0
93.0
93.0
93.0
93.0
93.0
93.0
93.0
93.0
93.0
93.0
93.0
93.0
93.0
93.0
93.0
93.0
93.0
93.0
93.0
93.0
93.0
93.0
93.0
93.0
93.0
93.0
93.0
93.0
93.0
93.0
93.0
93.0
93.0
93.0
93.0
93.0
93.0
93.0
93.0
93.0
93.0
93.0
93.0
93.0
93.0
93.0
93.0
93.0
93.0
93.0
93.0
93.0
93.0
93.0
93.0
93.0
93.0
93.0
93.0
93.0
93.0
93.0
93.0
93.0
93.0
93.0
93.0
93.0
93.0
93.0
93.0
93.0
93.0
93.0
93.0
93.0
93.0
93.0
93.0
93.0
93.0
93.0
93.0
93.0
93.0
93.0
93.0
93.0
93.0
93.0
93.0
93.0
93.0
93.0
93.0
93.0
93.0
93.0
93.0
93.0
93.0
93.0
93.0
93.0
93.0
93.0
93.0
93.0
93.0
93.0
93.0
93.0
93.0
93.0
93.0
93.0
93.0
93.0
93.0
93.0
93.0
93.0
93.0
93.0
93.0
93.0
93.0
93.0
93.0
93.0
93.0
93.0
93.0
93.0
93.0
93.0
93.0
93.0
93.0
93.0
93.0
93.0
93.0
93.0
93.0
93.0
93.0
93.0
93.0
93.0
93.0
93.0
93.0
93.0
93.0
93.0
93.0
93.0
93.0
93.0
93.0
93.0
93.0
93.0
93.0
93.0
93.0
93.0
93.0
93.0
93.0
93.0
93.0
93.0
93.0
93.0
93.0
93.0
93.0
93.0
93.0
93.0
93.0
93.0
93.0
93.0
93.0
93.0
93.0
93.0
93.0
93.0
93.0
93.0
93.0
93.0
93.0
93.0
93.0
93.0
93.0
93.0
93.0
93.0
93.0
93.0
93.0
93.0
93.0
93.0
93.0
93.0
93.0
93.0
93.0
93.0
93.0
93.0
93.0
93.0
93.0
93.0
93.0
93.0
93.0
93.0
93.0
93.0
93.0
93.0
93.0
93.0
93.0
93.0
93.0
93.0
93.0
93.0
93.0
93.0
93.0
93.0
93.0
93.0
93.0
93.0
93.0
93.0
93.0
93.0
93.0
93.0
93.0
93.0
93.0
93.0
93.0
93.0
93.0
93.0
93.0
93.0
93.0
93.0
93.0
93.0
93.0
93.0
93.0
93.0
93.0
93.0
93.0
93.0
93.0
93.0
93.0
93.0
93.0
93.0
93.0
93.0
93.0
93.0
93.0
93.0
93.0
93.0
93.0
93.0
93.0
93.0
93.0
93.0
93.0
93.0
93.0
93.0
93.0
93.0
93.0
93.0
93.0
93.0
93.0
93.0
93.0
93.0
93.0
93.0
93.0
93.0
93.0
93.0
93.0
93.0
93.0
93.0
93.0
93.0
93.0
93.0
93.0
93.0
93.0
93.0
93.0
93.0
93.0
93.0
93.0
93.0
93.0
93.0
93.0
93.0
93.0
93.0
93.0
93.0
93.0
93.0
93.0
93.0
93.0
93.0
93.0
93.0
93.0
93.0
93.0
93.0
93.0
93.0
93.0
93.0
93.0
93.0
93.0
93.0
93.0
93.0
93.0
93.0
93.0
93.0
93.0
93.0
93.0
93.0
93.0
93.0
93.0
93.0
93.0
93.0
93.0
93.0
93.0
93.0
93.0
93.0
93.0
93.0
93.0
93.0
93.0
93.0
93.0
93.0
93.0
93.0
93.0
93.0
93.0
93.0
93.0
93.0
93.0
93.0
93.0
93.0
93.0
93.0
93.0
93.0
93.0
93.0
93.0
93.0
93.0
93.0
93.0
93.0
93.0
93.0
93.0
93.0
93.0
93.0
93.0
93.0
93.0
93.0
93.0
93.0
93.0
93.0
93.0
93.0
93.0
93.0
93.0
93.0
93.0
93.0
93.0
93.0
93.0
93.0
93.0
93.0
93.0
93.0
93.0
93.0
93.0
93.0
93.0
93.0
93.0
93.0
93.0
93.0
93.0
93.0
93.0
93.0
93.0
93.0
93.0
93.0
93.0
93.0
93.0
93.0
93.0
93.0
93.0
93.0
93.0
93.0
93.0
93.0
93.0
93.0
93.0
93.0
93.0
93.0
93.0
93.0
93.0
93.0
93.0
93.0
93.0
93.0
93.0
93.0
93.0
93.0
93.0
93.0
93.0
93.0
93.0
93.0
93.0
93.0
93.0
93.0
93.0
93.0
93.0
93.0
93.0
93.0
93.0
93.0
93.0
93.0
93.0
93.0
93.0
93.0
93.0
93.0
93.0
93.0
93.0
93.0
93.0
93.0
93.0
93.0
93.0
93.0
93.0
93.0
93.0
93.0
93.0
93.0
93.0
93.0
93.0
93.0
93.0
93.0
93.0
93.0
93.0
93.0
93.0
93.0
93.0
93.0
93.0
93.0
93.0
93.0
93.0
93.0
93.0
93.0
93.0
93.0
93.0
93.0
93.0
93.0
93.0
93.0
93.0
93.0
93.0
93.0
93.0
93.0
93.0
93.0
93.0
93.0
93.0
93.0
93.0
93.0
93.0
93.0
93.0
93.0
93.0
93.0
93.0
93.0
93.0
93.0
93.0
93.0
93.0
93.0
93.0
93.0
93.0
93.0
93.0
93.0
93.0
93.0
93.0
93.0
93.0
93.0
93.0
93.0
93.0
93.0
93.0
93.0
93.0
93.0
93.0
93.0
93.0
93.0
93.0
93.0
93.0
93.0
93.0
93.0
93.0
93.0
93.0
93.0
93.0
93.0
93.0
93.0
93.0
93.0
93.0
93.0
93.0
93.0
93.0
93.0
93.0
93.0
93.0
93.0
93.0
93.0
93.0
93.0
93.0
93.0
93.0
93.0
93.0
93.0
93.0
93.0
93.0
93.0
93.0
93.0
93.0
93.0
93.0
93.0
93.0
93.0
93.0
93.0
93.0
93.0
93.0
93.0
93.0
93.0
93.0
93.0
93.0
93.0
93.0
93.0
93.0
93.0
93.0
93.0
93.0
93.0
93.0
93.0
93.0
93.0
93.0
93.0
93.0
93.0
93.0
93.0
93.0
93.0
93.0
93.0
93.0
93.0
93.0
93.0
93.0
93.0
93.0
93.0
93.0
93.0
93.0
93.0
93.0
93.0
93.0
93.0
93.0
93.0
93.0
93.0
93.0
93.0
93.0
93.0
93.0
93.0
93.0
93.0
93.0
93.0
93.0
93.0
93.0
93.0
93.0
93.0
93.0
93.0
93.0
93.0
93.0
93.0
93.0
93.0
93.0
93.0
93.0
93.0
93.0
93.0
93.0
93.0
93.0
93.0
93.0
93.0
93.0
93.0
93.0
93.0
93.0
93.0
93.0
93.0
93.0
93.0
93.0
93.0
93.0
93.0
93.0
93.0
93.0
93.0
93.0
93.0
93.0
93.0
93.0
93.0
93.0
93.0
93.0
93.0
93.0
93.0
93.0
93.0
93.0
93.0
93.0
93.0
93.0
93.0
93.0
93.0
93.0
93.0
93.0
93.0
93.0
93.0
93.0
93.0
93.0
93.0
93.0
93.0
93.0
93.0
93.0
93.0
93.0
93.0
93.0
93.0
93.0
93.0
93.0
93.0
93.0
93.0
93.0
93.0
93.0
93.0
93.0
93.0
93.0
93.0
93.0
93.0
93.0
93.0
93.0
93.0
93.0
93.0
93.0
93.0
93.0
93.0
93.0
93.0
93.0
93.0
93.0
93.0
93.0
93.0
93.0
93.0
93.0
93.0
93.0
93.0
93.0
93.0
93.0
93.0
93.0
93.0
93.0
93.0
93.0
93.0
93.0
93.0
93.0
93.0
93.0
93.0
93.0
93.0
93.0
93.0
93.0
93.0
93.0
93.0
93.0
93.0
93.0
93.0
93.0
93.0
93.0
93.0
93.0
93.0
93.0
93.0
93.0
93.0
93.0
93.0
93.0
93.0
93.0
93.0
93.0
93.0
93.0
93.0
93.0
93.0
93.0
93.0
93.0
93.0
93.0
93.0
93.0
93.0
93.0
93.0
93.0
93.0
93.0
93.0
93.0
93.0
93.0
93.0
93.0
93.0
93.0
93.0
93.0
93.0
93.0
93.0
93.0
93.0
93.0
93.0
93.0
93.0
93.0
93.0
93.0
93.0
93.0
93.0
93.0
93.0
93.0
93.0
93.0
93.0
93.0
93.0
93.0
93.0
93.0
93.0
93.0
93.0
93.0
93.0
93.0
93.0
93.0
93.0
93.0
93.0
93.0
93.0
93.0
93.0
93.0
93.0
93.0
93.0
93.0
93.0
93.0
93.0
93.0
93.0
93.0
93.0
93.0
93.0
93.0
93.0
93.0
93.0
93.0
93.0
93.0
93.0
93.0
93.0
93.0
93.0
93.0
93.0
93.0
93.0
93.0
93.0
93.0
93.0
93.0
93.0
93.0
93.0
93.0
93.0
93.0
93.0
93.0
93.0
93.0
93.0
93.0
93.0
93.0
93.0
93.0
93.0
93.0
93.0
93.0
93.0
93.0
93.0
93.0
93.0
93.0
93.0
93.0
93.0
93.0
93.0
93.0
93.0
93.0
93.0
93.0
93.0
93.0
93.0
93.0
93.0
93.0
93.0
93.0
93.0
93.0
93.0
93.0
93.0
93.0
93.0
93.0
93.0
93.0
93.0
93.0
93.0
93.0
93.0
93.0
93.0
93.0
93.0
93.0
93.0
93.0
93.0
93.0
93.0
93.0
93.0
93.0
93.0
93.0
93.0
93.0
93.0
93.0
93.0
93.0
93.0
93.0
93.0
93.0
93.0
93.0
93.0
93.0
93.0
93.0
93.0
93.0
93.0
93.0
93.0
93.0
93.0
93.0
93.0
93.0
93.0
93.0
93.0
93.0
93.0
93.0
93.0
93.0
93.0
93.0
93.0
93.0
93.0
93.0
93.0
93.0
93.0
93.0
93.0
93.0
93.0
93.0
93.0
93.0
93.0
93.0
93.0
93.0
93.0
93.0
93.0
93.0
93.0
93.0
93.0
93.0
93.0
93.0
93.0
93.0
93.0
93.0
93.0
93.0
93.0
93.0
93.0
93.0
93.0
93.0
93.0
93.0
93.0
93.0
93.0
93.0
93.0
93.0
93.0
93.0
93.0
93.0
93.0
93.0
93.0
93.0
93.0
93.0
93.0
93.0
93.0
93.0
93.0
93.0
93.0
93.0
93.0
93.0
93.0
93.0
93.0
93.0
93.0
93.0
93.0
93.0
93.0
93.0
93.0
93.0
93.0
93.0
93.0
93.0
93.0
93.0
93.0
93.0
93.0
93.0
93.0
93.0
93.0
93.0
93.0
93.0
93.0
93.0
93.0
93.0
93.0
93.0
93.0
93.0
93.0
93.0
93.0
93.0
93.0
93.0
93.0
93.0
93.0
93.0
93.0
93.0
93.0
93.0
93.0
93.0
93.0
93.0
93.0
93.0
93.0
93.0
93.0
93.0
93.0
93.0
93.0
93.0
93.0
93.0
93.0
93.0
93.0
93.0
93.0
93.0
93.0
93.0
93.0
93.0
93.0
93.0
93.0
93.0
93.0
93.0
93.0
93.0
93.0
93.0
93.0
93.0
93.0
93.0
93.0
93.0
93.0
93.0
93.0
93.0
93.0
93.0
93.0
93.0
93.0
93.0
93.0
93.0
93.0
93.0
93.0
93.0
93.0
93.0
93.0
93.0
93.0
93.0
93.0
93.0
93.0
93.0
93.0
93.0
93.0
93.0
93.0
93.0
93.0
93.0
93.0
93.0
93.0
93.0
93.0
93.0
93.0
93.0
93.0
93.0
93.0
93.0
93.0
93.0
93.0
93.0
93.0
93.0
93.0
93.0
93.0
93.0
93.0
93.0
93.0
93.0
93.0
93.0
93.0
93.0
93.0
93.0
93.0
93.0
93.0
93.0
93.0
93.0
93.0
93.0
93.0
93.0
93.0
93.0
93.0
93.0
93.0
93.0
93.0
93.0
93.0
93.0
93.0
93.0
93.0
93.0
93.0
93.0
93.0
93.0
93.0
93.0
93.0
93.0
93.0
93.0
93.0
93.0
93.0
93.0
93.0
93.0
93.0
93.0
93.0
93.0
93.0
93.0
93.0
93.0
93.0
93.0
93.0
93.0
93.0
93.0
93.0
93.0
93.0
93.0
93.0
93.0
93.0
93.0
93.0
93.0
93.0
93.0
93.0
93.0
93.0
93.0
93.0
93.0
93.0
93.0
93.0
93.0
93.0
93.0
93.0
93.0
93.0
93.0
93.0
93.0
93.0
93.0
93.0
93.0
93.0
93.0
93.0
93.0
93.0
93.0
93.0
93.0
93.0
93.0
93.0
93.0
93.0
93.0
93.0
93.0
93.0
93.0
93.0
93.0
93.0
93.0
93.0
93.0
93.0
93.0
93.0
93.0
93.0
93.0
93.0
93.0
93.0
93.0
93.0
93.0
93.0
93.0
93.0
93.0
93.0
93.0
93.0
93.0
93.0
93.0
93.0
93.0
93.0
93.0
93.0
93.0
93.0
93.0
93.0
93.0
93.0
93.0
93.0
93.0
93.0
93.0
93.0
93.0
93.0
93.0
93.0
93.0
93.0
93.0
93.0
93.0
93.0
93.0
93.0
93.0
93.0
93.0
93.0
93.0
93.0
93.0
93.0
93.0
93.0
93.0
93.0
93.0
93.0
93.0
93.0
93.0
93.0
93.0
93.0
93.0
93.0
93.0
93.0
93.0
93.0
93.0
93.0
93.0
93.0
93.0
93.0
93.0
93.0
93.0
93.0
92.9999999999
92.9999999999
93.0
93.0000000001
93.0000000001
93.0
92.9999999999
92.9999999999
93.0
93.0000000001
93.0000000001
93.0
92.9999999999
92.9999999999
93.0
93.0000000001
93.0000000001
93.0
92.9999999999
92.9999999999
93.0
93.0000000002
93.0000000002
93.0
92.9999999998
92.9999999998
93.0
93.0000000002
93.0000000002
93.0
92.9999999997
92.9999999997
93.0
93.0000000003
93.0000000003
93.0
92.9999999996
92.9999999996
93.0
93.0000000004
93.0000000005
93.0
92.9999999995
92.9999999995
93.0
93.0000000006
93.0000000006
93.0
92.9999999993
92.9999999992
93.0
93.0000000008
93.0000000009
93.0
92.999999999
92.999999999
93.0
93.0000000012
93.0000000012
93.0
92.9999999986
92.9999999985
93.0
93.0000000016
93.0000000017
93.0
92.9999999981
92.999999998
93.0
93.0000000022
93.0000000024
93.0
92.9999999973
92.9999999972
93.0
93.0000000031
93.0000000033
93.0
92.9999999963
92.9999999961
93.0
93.0000000043
93.0000000046
93.0
92.9999999949
92.9999999946
93.0
93.000000006
93.0000000064
93.0
92.9999999929
92.9999999925
93.0
93.0000000084
93.0000000089
93.0
92.9999999901
92.9999999895
93.0
93.0000000117
93.0000000124
93.0
92.9999999862
92.9999999854
93.0
93.0000000163
93.0000000172
93.0
92.9999999808
92.9999999797
93.0
93.0000000226
93.0000000239
93.0
92.9999999733
92.9999999718
93.0
93.0000000315
93.0000000332
93.0
92.9999999629
92.9999999608
93.0
93.0000000438
93.0000000462
93.0
92.9999999484
92.9999999455
93.0
93.0000000609
93.0000000643
93.0
92.9999999282
92.9999999242
93.0
93.0000000846
93.0000000894
93.0
92.9999999002
92.9999998946
93.0
93.0000001177
93.0000001244
93.0
92.9999998612
92.9999998533
93.0
93.0000001637
93.0000001729
93.0
92.999999807
92.999999796
93.0
93.0000002277
93.0000002405
93.0
92.9999997315
92.9999997163
93.0
93.0000003166
93.0000003345
93.0
92.9999996266
92.9999996055
93.0
93.0000004403
93.0000004652
93.0
92.9999994807
92.9999994514
93.0
93.0000006124
93.000000647
93.0
92.9999992778
92.999999237
93.0
93.0000008517
93.0000008998
93.0
92.9999989956
92.9999989389
93.0
93.0000011845
93.0000012514
93.0
92.9999986032
92.9999985242
93.0
93.0000016473
93.0000017404
93.0
92.9999980574
92.9999979476
93.0
93.000002291
93.0000024204
93.0
92.9999972983
92.9999971456
93.0
93.0000031861
93.0000033662
93.0
92.9999962426
92.9999960302
93.0
93.0000044311
93.0000046815
93.0
92.9999947744
92.9999944791
93.0
93.0000061625
93.0000065108
93.0
92.9999927325
92.9999923218
93.0
93.0000085705
93.0000090549
93.0
92.9999898927
92.9999893216
93.0
93.0000119195
93.0000125931
93.0
92.9999859433
92.999985149
93.0
93.000016577
93.0000175139
93.0
92.9999804506
92.9999793458
93.0
93.0000230546
93.0000243576
93.0
92.9999728115
92.999971275
93.0
93.0000320636
93.0000338757
93.0
92.9999621869
92.9999600498
93.0
93.0000445937
93.0000471141
93.0
92.9999474094
92.9999444369
93.0
93.0000620221
93.000065528
93.0
92.9999268541
92.9999227189
93.0
93.0000862665
93.0000911441
93.0
92.9998982569
92.9998925031
93.0
93.0001200006
93.0001267886
93.0
92.9998584589
92.9998504493
93.0
93.0001669597
93.0001764126
93.0
92.9998030385
92.9997918787
93.0
93.0002323852
93.0002455653
93.0
92.9997257701
92.9997101948
93.0
93.0003236916
93.0003421122
93.0
92.9996177903
92.9995959804
93.0
93.000451529
93.0004773915
93.0
92.9994662144
92.9994354805
93.0
93.0006316286
93.0006682594
93.0
92.999251602
92.9992077644
93.0
93.0008883937
93.0009411509
93.0
92.9989427062
92.9988787244
93.0
93.0012628269
93.0013412394
92.9999999999
92.9984841148
92.9983866418
93.0000000001
93.0018324312
93.0019559345
92.9999999999
92.9977631103
92.9976025942
93.0000000001
93.0027684539
93.0029841868
92.9999999999
92.9965065492
92.996203637
93.0000000001
93.0045312281
93.004981378
92.9999999999
92.9938870699
92.9931670361
93.0000000001
93.0087293292
93.0099977895
92.9999999999
92.986444958
92.9838993971
93.0000000001
93.0239006106
93.0300463815
92.9999999999
92.9483991346
92.9286685172
93.0000000001
93.1589442592
93.2646604782
