17.6463205821
10.329786869
3.96878944058
-4.04725142289e-11
-1.00532152928
0.436698887949
3.00000000014
5.21898785221
6.20404100027
5.99999999971
5.38470878219
5.25288881405
6.00000000046
7.31402888361
8.48931488676
8.99999999939
8.8909613937
8.70034579381
9.00000000073
9.93483669385
11.1265004121
11.9999999992
12.2510864116
12.0759383509
12.0000000008
12.474116968
13.5719176999
14.9999999992
16.3539648654
17.3724270488
18.0000000008
18.2819375056
18.2611707727
17.9999999992
17.6748039487
17.5856179987
18.0000000008
18.9357767207
20.087363496
20.9999999993
21.3768045299
21.2706227213
21.0000000006
20.8663422178
20.9234592735
20.9999999995
20.9421285313
20.8384486236
21.0000000004
21.6902849286
22.8376075232
23.9999999997
24.6489205714
24.5614192912
24.0000000001
23.5178968513
23.5314428445
24.0000000001
24.4772521678
24.4998296022
23.9999999997
23.400196702
23.2999940469
24.0000000005
25.2482152816
26.4210782941
26.9999999994
26.9622426459
26.774185747
27.0000000007
27.8498005865
29.0302827894
29.9999999992
30.3965456542
30.2776719196
30.0000000008
29.8782219754
29.9427843703
29.9999999993
29.9101164618
29.8007266747
30.0000000007
30.7389765649
31.8918045872
32.9999999994
33.5831533781
33.4893920408
33.0000000004
32.6039190092
32.6254496127
32.9999999997
33.3644792776
33.3758127708
33.0000000002
32.5521885819
32.4698515921
32.9999999999
34.0298165908
35.1681533179
36.0
36.3267555465
36.2387599943
36.0
35.8518137145
35.8770850535
36.0
36.0909531267
36.0805887791
36.0
35.9336036947
35.9384471223
36.0
36.0548687713
36.0526628076
36.0
35.9500598916
35.9507259068
36.0000000001
36.0490907857
36.0495132358
35.9999999999
35.9487004705
35.9473514906
36.0000000001
36.0562616271
36.0585421161
35.9999999998
35.9358701184
35.9325142781
36.0000000002
36.0754956595
36.0802468916
35.9999999997
35.9084174567
35.9016408949
36.0000000004
36.1148309811
36.1249445821
35.9999999995
35.849418845
35.8328105538
36.0000000005
36.2128900012
36.2457557149
35.9999999994
35.6467247207
35.5492233023
36.0000000007
36.9774463395
38.1281216661
38.9999999993
39.3435133438
39.2442928379
39.0000000007
38.8685334661
38.9050691224
38.9999999992
39.0395436845
39.0167336292
39.0000000008
39.024716079
39.0448596591
38.9999999992
38.9126966279
38.8888838698
39.0000000009
39.1695651773
39.2081884843
38.9999999991
38.6735934246
38.5710118202
39.000000001
39.9656008379
41.121268906
41.999999999
42.339970628
42.2351656087
42.000000001
41.8902220271
41.9340931495
41.999999999
41.9923228857
41.9577104141
42.000000001
42.1171040845
42.1622429666
41.9999999989
41.7083260246
41.6006069435
42.0000000011
42.9463286732
44.1076157634
44.9999999989
45.3399884762
45.2262385691
45.000000001
44.9255247099
44.9901727196
44.999999999
44.8594795806
44.7471674742
45.000000001
45.8007746332
46.9589683167
47.9999999991
48.5023132797
48.3998945122
48.0000000008
47.7158869868
47.752271691
47.9999999993
48.1959036569
48.1766001588
48.0000000006
47.8538629683
47.8661602572
47.9999999995
48.1133552164
48.104715459
48.0000000004
47.9101332023
47.9165599224
47.9999999996
48.0721820519
48.0672308751
48.0000000003
47.9415476588
47.9454479424
47.9999999997
48.0475825904
48.0444654696
48.0000000002
47.961133169
47.9636481459
47.9999999998
48.0318193501
48.0297773733
48.0000000001
47.9739110404
47.9755759674
47.9999999999
48.021412109
48.0200507735
48.0000000001
47.9824144575
47.9835296744
47.9999999999
48.0144493984
48.0135346348
48.0000000001
47.9881238129
47.988874801
47.9999999999
48.0097632462
48.0091463528
48.0
47.9919726499
47.9924795918
48.0
48.0066007186
48.0061840203
48.0
47.9945720233
47.9949146043
48.0
48.0044637874
48.0041821063
48.0
47.9963290226
47.9965606489
48.0
48.0030190374
48.0028285606
48.0
47.9975170894
47.997673733
48.0
48.0020420087
48.0019131855
48.0
47.9983205899
47.9984265356
48.0
48.0013812037
48.0012940717
48.0
47.9988640482
47.9989357079
48.0
48.0009342496
48.0008753143
48.0
47.999231637
47.9992801074
48.0
48.0006319321
48.0005920682
48.0
47.9994802738
47.9995130594
48.0
48.0004274437
48.0004004796
48.0
47.999648453
47.9996706293
48.0
48.0002891265
48.0002708878
48.0
47.9997622106
47.9997772108
48.0
48.0001955677
48.0001832309
48.0
47.9998391571
47.9998493034
48.0
48.0001322838
48.000123939
48.0
47.9998912044
47.9998980675
48.0
48.0000894779
48.0000838335
48.0
47.9999264097
47.9999310519
48.0
48.0000605237
48.0000567057
48.0
47.9999502228
47.9999533629
48.0
48.0000409388
48.0000383563
48.0
47.9999663303
47.9999684542
48.0
48.0000276914
48.0000259445
48.0
47.9999772255
47.9999786622
48.0
48.0000187307
48.0000175491
48.0
47.9999845951
47.9999855669
48.0
48.0000126696
48.0000118704
48.0
47.99998958
47.9999902373
48.0
48.0000085698
48.0000080292
48.0
47.9999929518
47.9999933964
48.0
48.0000057967
48.000005431
48.0
47.9999952325
47.9999955333
48.0
48.0000039209
48.0000036736
48.0
47.9999967752
47.9999969787
48.0
48.0000026522
48.0000024849
48.0
47.9999978187
47.9999979563
48.0
48.0000017939
48.0000016808
48.0
47.9999985246
47.9999986177
48.0
48.0000012134
48.0000011369
48.0
47.999999002
47.999999065
48.0
48.0000008208
48.000000769
48.0
47.999999325
47.9999993675
48.0
48.0000005552
48.0000005202
48.0
47.9999995434
47.9999995722
48.0
48.0000003755
48.0000003518
48.0
47.9999996911
47.9999997106
48.0
48.000000254
48.000000238
48.0
47.9999997911
47.9999998043
48.0
48.0000001718
48.000000161
48.0
47.9999998587
47.9999998676
48.0
48.0000001162
48.0000001089
48.0
47.9999999044
47.9999999104
48.0
48.0000000786
48.0000000737
48.0
47.9999999353
47.9999999394
48.0
48.0000000532
48.0000000498
48.0
47.9999999563
47.999999959
48.0
48.000000036
48.0000000337
48.0
47.9999999704
47.9999999723
48.0
48.0000000243
48.0000000228
48.0
47.99999998
47.9999999813
48.0
48.0000000165
48.0000000154
48.0
47.9999999865
47.9999999873
48.0
48.0000000111
48.0000000104
48.0
47.9999999908
47.9999999914
48.0
48.0000000075
48.0000000071
48.0
47.9999999938
47.9999999942
48.0
48.0000000051
48.0000000048
48.0
47.9999999958
47.9999999961
48.0
48.0000000034
48.0000000032
48.0
47.9999999972
47.9999999973
48.0
48.0000000023
48.0000000022
48.0
47.9999999981
47.9999999982
48.0
48.0000000016
48.0000000015
48.0
47.9999999987
47.9999999988
48.0
48.0000000011
48.000000001
48.0
47.9999999991
47.9999999992
48.0
48.0000000007
48.0000000007
48.0
47.9999999994
47.9999999994
48.0
48.0000000005
48.0000000005
48.0
47.9999999996
47.9999999996
48.0
48.0000000003
48.0000000003
48.0
47.9999999997
47.9999999997
48.0
48.0000000002
48.0000000002
48.0
47.9999999998
47.9999999998
48.0
48.0000000001
48.0000000001
48.0
47.9999999999
47.9999999999
48.0
48.0000000001
48.0000000001
48.0
47.9999999999
47.9999999999
48.0
48.0000000001
48.0000000001
48.0
47.9999999999
47.9999999999
48.0
48.0
48.0
48.0
48.0
48.0
48.0
48.0
48.0
48.0
48.0
48.0
48.0
48.0
48.0
48.0
48.0
48.0
48.0
48.0
48.0
48.0
48.0
48.0
48.0
48.0
48.0
48.0
48.0
48.0
48.0
48.0
48.0
48.0
48.0
48.0
48.0
48.0
48.0
48.0
48.0
48.0
48.0
48.0
48.0
48.0
48.0
48.0
48.0
48.0
48.0
48.0
48.0
48.0
48.0
48.0
48.0
48.0
48.0
48.0
48.0
48.0
48.0
48.0
48.0
48.0
48.0
48.0
48.0
48.0
48.0
48.0
48.0
48.0
48.0
48.0
48.0
48.0
48.0
48.0
48.0
48.0
48.0
48.0
48.0
48.0
48.0
48.0
48.0
48.0
48.0
48.0
48.0
48.0
48.0
48.0
48.0
48.0
48.0
48.0
48.0
48.0
48.0
48.0
48.0
48.0
48.0
48.0
48.0
48.0
48.0
48.0
48.0
48.0
48.0
48.0
48.0
48.0
48.0
48.0
48.0
48.0
48.0
48.0
48.0
48.0
48.0
48.0
48.0
48.0
48.0
48.0
48.0
48.0
48.0
48.0
48.0
48.0000000001
48.0
47.9999999999
47.9999999999
48.0
48.0000000001
48.0000000001
48.0
47.9999999999
47.9999999999
48.0
48.0000000001
48.0000000001
48.0
47.9999999999
47.9999999999
48.0
48.0000000002
48.0000000002
48.0
47.9999999998
47.9999999998
48.0
48.0000000002
48.0000000003
48.0
47.9999999997
47.9999999997
48.0
48.0000000003
48.0000000004
48.0
47.9999999996
47.9999999995
48.0
48.0000000005
48.0000000006
48.0
47.9999999994
47.9999999993
48.0
48.0000000008
48.0000000008
48.0
47.9999999991
47.999999999
48.0
48.0000000011
48.0000000012
48.0
47.9999999986
47.9999999985
48.0
48.0000000017
48.0000000018
48.0
47.999999998
47.9999999978
48.0
48.0000000025
48.0000000026
48.0
47.999999997
47.9999999968
48.0
48.0000000037
48.0000000039
48.0
47.9999999956
47.9999999953
48.0
48.0000000054
48.0000000058
48.0
47.9999999934
47.999999993
48.0
48.000000008
48.0000000085
48.0
47.9999999903
47.9999999896
48.0
48.0000000118
48.0000000126
48.0
47.9999999857
47.9999999847
48.0
48.0000000174
48.0000000186
48.0
47.9999999788
47.9999999774
48.0
48.0000000258
48.0000000275
48.0
47.9999999686
47.9999999665
48.0
48.0000000381
48.0000000407
48.0
47.9999999536
47.9999999505
48.0
48.0000000564
48.0000000602
48.0
47.9999999315
47.9999999268
48.0
48.0000000833
48.0000000889
48.0
47.9999998987
47.9999998919
48.0
48.0000001232
48.0000001315
48.0
47.9999998502
47.9999998401
48.0
48.0000001821
48.0000001944
48.0
47.9999997785
47.9999997636
48.0
48.0000002693
48.0000002874
48.0
47.9999996726
47.9999996505
48.0
48.0000003981
48.0000004249
48.0
47.999999516
47.9999994834
48.0
48.0000005885
48.0000006282
48.0
47.9999992844
47.9999992362
48.0
48.0000008701
48.0000009287
48.0
47.9999989421
47.9999988708
48.0
48.0000012863
48.000001373
48.0
47.9999984359
47.9999983306
48.0
48.0000019017
48.0000020298
48.0
47.9999976877
47.999997532
48.0
48.0000028115
48.0000030008
48.0
47.9999965815
47.9999963513
48.0
48.0000041565
48.0000044364
48.0
47.9999949461
47.9999946058
48.0
48.000006145
48.0000065587
48.0
47.9999925283
47.9999920253
48.0
48.0000090847
48.0000096964
48.0
47.9999889539
47.9999882102
48.0
48.0000134308
48.0000143351
48.0
47.9999836695
47.99998257
48.0
48.0000198561
48.000021193
48.0
47.9999758571
47.9999742315
48.0
48.0000293553
48.0000313318
48.0
47.999964307
47.9999619037
48.0
48.0000433991
48.0000463212
48.0
47.999947231
47.9999436779
48.0
48.0000641622
48.0000684825
48.0
47.9999219844
47.9999167311
48.0
48.0000948608
48.0001012487
48.0
47.9998846554
47.9998768875
48.0
48.0001402538
48.0001497003
48.0
47.9998294534
47.9998179647
48.0
48.0002073896
48.0002213637
48.0
47.9997477946
47.9997307946
48.0
48.00030673
48.0003274164
48.0
47.9996269139
47.9996017321
48.0
48.000453876
48.000484547
48.0
47.9994476976
47.9994103103
48.0
48.0006723284
48.0007179579
48.0
47.9991811021
47.9991253141
48.0
48.0009982484
48.0010666359
48.0
47.9987816248
47.9986974684
48.0
48.0014897493
48.0015938978
48.0
47.9981735199
47.998043562
48.0
48.00224828
48.002412398
48.0
47.9972160658
47.9970051984
48.0
48.0034777132
48.0037554061
48.0
47.995598159
47.9952195352
48.0
48.0056822472
48.0062240453
48.0
47.992444086
47.9916155519
48.0
48.0105115627
48.0118990291
48.0
47.9843183965
47.9816843809
48.0
48.0261395999
48.0321250461
48.0
47.9476001262
47.9296298527
48.0
48.1470535253
48.2364038132
