-2.15833187177	-4.99025051866	0.673586775127
-1.57518285411	-3.24171393817	0.0913482299518
-0.766381075784	-1.42840942576	-0.104352725812
1.16937570738e-10	-1.91122637117e-05	1.91124975869e-05
0.438605368409	0.183455009114	0.693755727703
0.403510594211	0.212473511373	0.594547677049
-3.17754711432e-10	-1.91206647566e-05	1.91200292471e-05
-0.436661360886	-0.565767078402	-0.30755564337
-0.51132508019	-0.624142370587	-0.398507789792
5.13878717356e-10	-1.91259327661e-05	1.91269605235e-05
1.00539610389	0.912368382	1.09842382578
2.14359282047	2.05676149344	2.23042414751
2.99999999939	2.99998087379	3.00001912499
3.34895209425	3.27044006182	3.42746412669
3.2589947465	3.18330318181	3.33468631119
3.00000000055	2.99998086174	3.00001913936
2.83630424739	2.76459157516	2.90801691961
2.86416577551	2.79385712999	2.93447442102
2.99999999952	2.99998086342	3.00001913562
3.09849654898	3.03022046943	3.16677262853
3.08540749426	3.01786390103	3.15295108748
3.00000000036	2.99998092922	3.0000190715
2.93422153034	2.86775313025	3.00068993043
2.94176050151	2.87568398533	3.00783701769
2.99999999971	2.99998100552	3.0000189939
3.04621883606	2.98072189845	3.11171577367
3.0413658873	2.97608149799	3.10665027661
3.00000000021	2.99998097568	3.00001902474
2.96664134619	2.9016726024	3.03161008997
2.96996411313	2.90511151658	3.03481670968
2.99999999983	2.9999809241	3.00001907556
3.024449692	2.95976997034	3.08912941366
3.02209734016	2.95748134868	3.08671333164
3.00000000011	2.99998087553	3.00001912469
2.98189534887	2.91737433208	3.04641636566
2.98358830164	2.91910233288	3.0480742704
2.9999999999	2.99998085788	3.00001914193
3.01352787912	2.94909417686	3.07796158138
3.01230329746	2.94788889367	3.07671770125
3.00000000006	2.99998086954	3.00001913057
2.98978014197	2.9253945285	3.05416575544
2.99066166517	2.92628668529	3.05503664504
2.99999999994	2.9999808896	3.00001911029
3.00784873801	2.9434896251	3.07220785091
3.00722512214	2.94287187064	3.07157837364
3.00000000002	2.9999809063	3.00001909375
2.99381191679	2.92946741241	3.05815642117
2.99423590811	2.9298946353	3.05857718092
2.99999999997	2.99998085947	3.00001914047
3.00508367475	2.9407472248	3.06942012471
3.00482040369	2.9404857356	3.06915507178
3.0	2.99998083345	3.00001916656
2.99556548387	2.93123347517	3.05989749257
2.99569195819	2.93136093207	3.06002298431
2.99999999999	2.9999808832	3.00001911678
3.00418170331	2.93985214369	3.06851126294
3.00418057496	2.93985155717	3.06850959276
2.99999999999	2.9999808605	3.00001913947
2.99569767801	2.93136946891	3.06002588711
2.99557360326	2.93124569296	3.05990151356
3.0	2.99998083446	3.00001916554
3.00480709516	2.94047963082	3.0691345595
3.00506748926	2.94074018969	3.06939478883
2.99999999997	2.9999808571	3.00001914284
2.99425869188	2.92993163824	3.05858574552
2.99383857086	2.92951160808	3.05816553365
3.00000000002	2.99998087917	3.00001912088
3.00718906494	2.94286223775	3.07151589212
3.00780685158	2.94348007449	3.07213362867
2.99999999994	2.99998090334	3.00001909655
2.99071855704	2.92639185469	3.05504525939
2.98984685739	2.92552018263	3.05417353215
3.00000000006	2.99998093214	3.00001906797
3.01220983191	2.9478831983	3.07653646552
3.01341599201	2.94908937357	3.07774261044
2.9999999999	2.99998094559	3.00001905422
2.98375292502	2.91942632913	3.04807952091
2.98209786741	2.91777127979	3.04642445502
3.00000000011	2.99998091284	3.00001908738
3.02178187149	2.95745529605	3.08610844693
3.02405033701	2.95972376597	3.08837690805
2.99999999983	2.99998087491	3.00001912475
2.97062141645	2.90629485168	3.03494798121
2.96749522636	2.90316866372	3.031821789
3.00000000021	2.99998090564	3.00001909478
3.03989147797	2.975564918	3.10421803795
3.04426022488	2.97993366554	3.10858678421
2.9999999997	2.99998090445	3.00001909495
2.94529127258	2.88096471323	3.00961783192
2.93901508985	2.87468852987	3.00334164983
3.00000000038	2.99998090106	3.0000190997
3.07634300374	3.01201644111	3.14066956638
3.08583880078	3.02151223601	3.15016536554
2.99999999948	2.99998089473	3.00001910423
2.88990654458	2.82557997354	2.95423311562
2.8740782439	2.80975166847	2.93840481934
3.00000000064	2.99998091235	3.00001908893
3.16982749793	3.10550091031	3.23415408554
3.20164826736	3.13732167147	3.26597486325
2.99999999919	2.99998095066	3.00001904772
2.69331236327	2.62898574484	2.75763898171
2.59729268123	2.53296604762	2.66161931483
3.0000000009	2.99998093894	3.00001906286
3.9257917399	3.86146506515	3.99011841465
5.0742986476	5.00997194525	5.13862534995
5.99999999907	5.99998090586	6.00001909229
6.40261425214	6.33828747505	6.46694102923
6.30659186463	6.24226503744	6.37091869182
6.00000000078	5.99998088179	6.00001911977
5.79845578094	5.73412881815	5.86278274372
5.83028220268	5.76595514904	5.89460925633
5.99999999933	5.99998088288	6.00001911578
6.12579744356	6.061470144	6.19012474311
6.10996003939	6.04563257507	6.17428750371
6.00000000049	5.99998092714	6.00001907384
5.9143168665	5.84998895622	5.97864477677
5.92382603053	5.85949782146	5.9881542396
5.99999999959	5.9999809378	6.00001906139
6.06078399939	5.99645498162	6.12511301716
6.05448899315	5.99015943354	6.11881855277
6.00000000028	5.99998089569	6.00001910486
5.95600385627	5.89167283015	6.02033488239
5.9603985637	5.89606655501	6.0247305724
5.99999999976	5.99998087349	6.00001912604
6.03215395428	5.96781928621	6.09648862236
6.0289923476	5.96465589766	6.09332879754
6.00000000015	5.99998092595	6.00001907434
5.97641853897	5.91207726618	6.04075981177
5.97873504425	5.91439053988	6.04307954861
5.99999999986	5.99998095099	6.00001904873
6.01727331806	5.95292006658	6.08162656954
6.01555329348	5.95119418059	6.07991240636
6.00000000008	5.99998095716	6.00001904299
5.98742898764	5.92305400778	6.0518039675
5.98872288269	5.92433726923	6.05310849615
5.99999999991	5.99998093812	6.0000190617
6.00901629946	5.94460189569	6.07343070323
6.00802615989	5.94359245764	6.07245986213
6.00000000004	5.99998093332	6.00001906676
5.99372404894	5.92923808019	6.05821001769
5.99450181607	5.92998079929	6.05902283284
5.99999999994	5.99998089824	6.00001910164
6.00409800024	5.93948200876	6.06871399172
6.00346142521	5.93878170354	6.06814114688
6.00000000002	5.9999808912	6.00001910884
5.99771720352	5.93286460695	6.06256980008
5.99827146233	5.93330271853	6.06324020613
5.99999999995	5.99998090266	6.00001909724
6.00066055642	5.93537616709	6.06594494576
6.00013495859	5.93463802096	6.06563189622
6.00000000001	5.99998092989	6.00001907013
6.00093075308	5.9348542369	6.06700726927
6.00148473559	5.9350163355	6.06795313569
5.99999999995	5.99998092779	6.00001907211
5.99732408848	5.92978049526	6.0648676817
5.99666644511	5.92839036557	6.06494252465
6.00000000002	5.99998090833	6.00001909171
6.0048414302	5.9345327847	6.0751500757
6.00573019632	5.9340175241	6.07744286853
5.99999999994	5.99998091046	6.00001908942
5.99207704789	5.91638548321	6.06776861258
5.99068139602	5.91216936359	6.06919342844
6.00000000004	5.99998090241	6.00001909766
6.01309961945	5.92626829242	6.09993094647
6.01576351446	5.92273579258	6.10879123635
5.99999999992	5.99998090976	6.00001909008
5.97597307854	5.86315578814	6.08879036893
5.9691967544	5.84009103689	6.09830247191
6.00000000005	5.99998090276	6.00001909733
6.05725456611	5.86621748327	6.24829164894
6.08580139362	5.83065103433	6.34095175291
