9.24293281454
6.5013211554
4.31911005783
2.99999999998
2.54158135801
2.67182528006
3.00000000009
3.20730115085
3.17743536061
2.99999999979
2.85545080708
2.86378913985
3.00000000036
3.12978693051
3.13075100183
2.99999999948
2.85927629761
2.84964968648
3.00000000065
3.183044997
3.20969566184
2.99999999929
2.69494246464
2.60344865772
3.00000000067
3.91133199578
5.05619765914
5.99999999952
6.4262649013
6.33159934643
6.00000000016
5.77644203931
5.81509923033
6.00000000029
6.10054981017
6.03248472402
5.9999999992
6.38094574188
7.42489996973
9.00000000135
10.6080293247
11.6883545968
11.9999999982
11.7938206208
11.6348563834
12.0000000022
12.9500225167
14.1167809251
14.9999999976
15.3305744939
15.2195183272
15.0000000025
14.9241817599
14.9840482288
14.9999999978
14.8758249016
14.7687308496
15.0000000018
15.769044718
16.9225177072
17.9999999988
18.5466027538
18.4466907283
18.0000000003
17.6699550288
17.7122948213
18.0000000007
18.1964072746
18.124684722
17.9999999981
18.2978387968
19.3481335365
21.0000000032
22.6643525013
23.7272531971
23.9999999954
23.8241397767
23.7386491741
24.0000000059
24.3825565933
24.4415349802
23.9999999928
23.4033227279
23.2803874956
24.0000000084
25.3092077067
26.5022437153
26.9999999905
26.8383985767
26.6262953335
27.0000000104
28.0569321971
29.2766455351
29.999999989
30.0301563888
29.8074052374
30.0000000114
30.8888298874
32.1117107657
32.9999999884
33.1946515786
32.974699505
33.0000000115
33.7087142704
34.9205359331
35.9999999888
36.4224486526
36.232221975
36.0000000108
36.3447546674
37.454785442
38.9999999897
40.4482562128
41.4557870745
42.0000000098
42.2203289777
42.2108066235
41.9999999907
41.7004409098
41.5968306712
42.0000000086
42.9617840399
44.1395040297
44.999999992
45.2374270308
45.0485349939
45.0000000073
45.5705388748
46.7441963663
47.9999999935
48.7098039474
48.6149849098
48.0000000056
47.4502889428
47.4255158097
47.9999999953
48.9380910512
49.971496153
51.0000000038
52.0556192216
53.1172187316
53.9999999971
54.4541045058
54.3882824208
54.0000000021
53.6679617237
53.6766113643
53.9999999987
54.3326640102
54.3515599528
54.0000000007
53.5637960388
53.4758894697
53.9999999999
55.0344163647
56.1782195576
56.9999999997
57.3042121361
57.2084582266
57.0000000005
56.9040550075
56.9462266043
56.9999999994
56.9592703
56.8842017298
57.0000000006
57.5485987043
58.6059318099
59.9999999994
61.3882084157
62.4395121199
63.0000000005
63.1410133431
63.0737093019
62.9999999996
63.0013598531
63.0307838354
63.0000000004
62.8930836755
62.8246778628
62.9999999996
63.5983496626
64.6522471481
66.0000000005
67.3462128676
68.3983732807
68.9999999994
69.1836307813
69.1192159965
69.0000000007
68.9427572313
68.9593676666
68.9999999993
69.0193185125
69.0119129152
69.0000000008
68.9997264435
69.0046813099
68.9999999991
68.9859764871
68.9812374115
69.0000000009
69.0292175346
69.035325405
68.9999999991
68.9493170246
68.9391972692
69.0000000008
69.0898570461
69.1118749701
68.9999999993
68.8106952906
68.7351777875
69.0000000005
69.7166124886
70.7952238553
71.9999999998
73.1125235052
74.0761737798
74.9999999998
76.0125848927
77.0876018782
78.0000000007
78.4720466387
78.4047614317
77.9999999986
77.6495356975
77.6555463266
78.000000002
78.3613305711
78.3849984118
77.9999999973
77.5190255194
77.4245228791
78.0000000033
79.1011456588
80.2539380458
80.9999999962
81.2070101092
81.0982124803
81.0000000041
81.0471813241
81.1106171044
80.9999999957
80.7363748253
80.6193198576
81.0000000043
81.9492225778
83.1267460406
83.9999999959
84.2570544027
84.074190435
84.0000000037
84.5279996601
85.690549431
86.9999999967
87.7927127079
87.7173498685
87.0000000027
86.2932528499
86.2285844339
86.9999999977
88.2661034523
89.4170844808
90.0000000019
90.0055913886
89.8363502099
89.9999999982
90.7491207896
91.9089140458
93.0000000019
93.5651013527
93.47437159
92.9999999978
92.6093782838
92.6250523754
93.0000000027
93.3778874172
93.3962148541
92.9999999967
92.516975121
92.4268175424
93.0000000039
94.0894446802
95.2366448058
95.9999999955
96.2390704833
96.1405570814
96.0000000051
95.9735604045
96.0122424993
95.9999999944
95.9242202514
95.8947440464
96.0000000061
96.1685441156
96.2066157174
95.9999999934
95.6839230265
95.5917648062
96.0000000071
96.8961793068
97.99504634
98.9999999926
99.8653550914
100.800455283
102.000000008
103.36125345
104.485096003
104.999999992
104.928014503
104.738645249
105.000000008
105.908229205
107.111111338
107.999999992
108.231828992
108.030261544
108.000000008
108.611093738
109.79602486
110.999999993
111.630411068
111.516235348
111.000000006
110.616402145
110.658900579
110.999999994
111.280164745
111.257495013
111.000000005
110.777916469
110.791947625
110.999999996
111.185340002
111.176150706
111.000000003
110.838728414
110.844632034
110.999999997
111.146313467
111.143107086
111.000000002
110.860630338
110.861070886
110.999999999
111.141387116
111.144626436
111.000000001
110.843399008
110.833646701
111.0
111.198122334
111.22384266
111.0
110.683475005
110.593748406
111.0
111.916420358
113.058256393
114.0
114.432582863
114.34390282
114.0
113.74539151
113.768627407
114.0
114.206732694
114.201992999
113.999999999
113.795541905
113.788329116
114.000000001
114.241313189
114.267094731
113.999999999
113.638388818
113.54701491
114.000000002
114.967744783
116.112505205
116.999999998
117.371175729
117.278200873
117.000000002
116.821385332
116.85078827
116.999999998
117.109540563
117.095534592
117.000000002
116.92565037
116.933891792
116.999999998
117.052718583
117.047165916
117.000000002
116.962331453
116.96646198
116.999999998
117.026179141
117.022852359
117.000000002
116.983284496
116.986153934
116.999999999
117.008383476
117.005749043
117.000000001
116.999417871
117.001984414
116.999999999
116.992832974
116.990182716
117.000000001
117.015328128
117.018230401
116.999999998
116.975548221
116.972168985
117.000000002
117.035317702
117.039524875
116.999999998
116.950794843
116.945133797
117.000000002
117.068513186
117.076907039
116.999999998
116.901544505
116.887321732
117.000000002
117.152871867
117.182590218
116.999999998
116.717051938
116.62360361
117.000000002
117.893896063
119.039395387
119.999999998
120.443959381
120.351376773
120.000000002
119.746313365
119.774191433
119.999999999
120.190451421
120.17930703
120.000000001
119.834468057
119.837996033
120.0
120.160683456
120.162868919
120.0
119.826201922
119.816615797
120.000000001
120.21517636
120.240949387
119.999999999
119.666581936
119.577343243
120.000000001
120.930193798
122.069262197
122.999999998
123.433100187
123.355768653
123.000000002
122.683140386
122.648458192
122.999999998
123.729908147
124.768493393
126.000000002
127.252271003
128.312686045
128.999999998
129.256700211
129.187450683
129.000000002
128.882008454
128.901468258
128.999999999
129.072986555
129.064123122
129.000000001
128.949202775
128.954382896
128.999999999
129.037171466
129.033648847
129.000000001
128.972419066
128.975079824
128.999999999
129.020135823
129.017949004
129.000000001
128.986141436
128.98808876
128.999999999
129.008110484
129.006215839
129.000000001
128.997676662
128.999729675
128.999999999
128.995770366
128.993223647
129.000000001
129.012833826
129.016573917
128.999999999
128.973564428
128.966774287
129.000000001
129.053775974
129.070223658
128.999999999
128.8676875
128.802975961
129.000000001
129.61619247
130.669299789
132.0
133.329322969
134.38104849
135.0
135.202578724
135.139290357
135.0
134.919877405
134.93481718
135.0
135.047769505
135.042619641
135.0
134.963787489
134.965700085
135.0
135.03213454
135.031668807
134.999999999
134.968352814
134.967987155
135.000000001
135.033378851
135.034353346
134.999999999
134.96314138
134.961609057
135.000000001
135.042045719
135.04419119
134.999999999
134.950794153
134.947875568
135.000000001
135.058955246
135.06296147
134.999999998
134.927515737
134.921813382
135.000000002
135.09215476
135.100829283
134.999999998
134.876815075
134.862062033
135.000000002
135.179458897
135.209981484
134.999999997
134.687747844
134.59317915
135.000000003
135.926926319
137.073929752
137.999999997
138.405955242
138.311376933
138.000000003
137.79092305
137.821465578
137.999999998
138.136962177
138.122177299
138.000000002
137.90025588
137.908976883
137.999999998
138.076944101
138.071176077
138.000000002
137.938502595
137.942601122
137.999999999
138.050347979
138.047298113
138.000000001
137.958033031
137.960369723
137.999999999
138.035507043
138.03368674
138.000000001
137.969538662
137.970965458
137.999999999
138.026508506
138.025394762
138.000000001
137.976564173
137.977419301
138.0
138.021098454
138.020464487
138.0
137.980603299
137.981041746
138.0
138.01826293
138.018003138
138.0
137.98234616
137.982437164
138.0
138.017545979
138.01761989
138.0
137.982066692
137.981826216
138.0
138.018826215
138.019240372
138.0
137.979748281
137.979147538
138.0
138.022254848
138.023061614
137.999999999
137.97509861
137.974058541
138.000000001
138.028282563
138.029593188
137.999999999
137.967477414
137.965845551
138.000000001
138.037791025
138.039813942
137.999999999
137.955676604
137.953163941
138.000000002
138.052456904
138.055604263
137.999999998
137.937304429
137.93329829
138.000000002
138.075836699
138.081071755
137.999999998
137.906762527
137.899632417
138.000000003
138.117441736
138.127811746
137.999999997
137.846106481
137.829299004
138.000000004
138.216785628
138.249852927
137.999999996
137.642149812
137.544342415
138.000000004
138.983177144
140.134454692
140.999999996
141.33540953
141.234895562
141.000000005
140.881814607
140.92124274
140.999999995
141.01442196
140.984685879
141.000000005
141.079657625
141.119093987
140.999999995
140.764171006
140.663640353
141.000000005
141.866537583
143.017840734
143.999999996
144.454579065
144.356736441
144.000000004
143.751341624
143.784454746
143.999999996
144.169357425
144.152492259
144.000000003
143.873717955
143.884159113
143.999999997
144.098609496
144.091392814
144.000000003
143.920963288
143.926302737
143.999999998
144.064333478
144.060202233
144.000000002
143.947162622
143.950459263
143.999999998
144.04359401
144.040903745
144.000000001
143.963992974
143.966226751
143.999999999
144.029677245
144.027795391
144.000000001
143.975678423
143.977285164
143.999999999
144.019729068
144.018338436
144.000000001
143.98426443
143.985486127
143.999999999
144.012208279
144.011116384
144.000000001
143.990964249
143.991959996
143.999999999
144.006120998
144.005191357
144.000000001
143.996623684
143.997515149
143.999999999
144.000718968
143.999838501
144.000000001
144.001932915
144.002830237
143.999999999
143.995335149
143.994390726
144.000000001
144.007571694
144.008598201
143.999999999
143.989234324
143.988082502
144.000000001
144.014388789
144.015723055
143.999999999
143.981366822
143.979769431
144.000000001
144.023776709
144.025758903
143.999999999
143.969751319
143.967188168
144.000000001
144.038759335
144.042243174
143.999999999
143.949423592
143.944379252
144.000000001
144.06818104
144.076127351
143.999999999
143.902934071
143.888812462
144.000000001
144.15184394
144.182300684
143.999999999
143.714066354
143.617503952
144.000000001
144.912117153
146.069137388
146.999999999
147.364044765
147.214124492
147.0
147.283612547
148.351823571
150.0
151.648127626
152.716289697
153.0
152.78607222
152.636202251
153.000000001
153.93051256
155.087479748
155.999999999
156.383009108
156.286503958
156.000000001
155.817009079
155.847402784
155.999999999
156.112074015
156.098022974
156.000000001
155.922765449
155.930631713
155.999999999
156.056979255
156.052026653
156.000000001
155.956109484
155.959487359
155.999999999
156.034793522
156.032353492
156.000000001
155.971870295
155.973708804
155.999999999
156.023056017
156.021626856
156.000000001
155.980918718
155.982055543
155.999999999
156.015901423
156.014981738
156.0
155.986681859
155.987435067
156.0
156.011196069
156.010573746
156.0
155.990561007
155.991078383
156.0
156.007976082
156.007544148
156.0
155.993246386
155.993607935
156.0
156.005729834
156.005426805
156.0
155.995128346
155.995382359
156.0
156.004152468
156.003939769
156.0
155.996449344
155.996627018
156.0
156.003048535
156.002900727
156.0
155.997368407
155.997490584
156.0
156.002287924
156.002187913
156.0
155.997992199
155.998072861
156.0
156.001783346
156.001719771
156.0
155.998391726
155.998439991
156.0
156.0014777
156.001443401
156.0
155.998612012
155.998633298
156.0
156.001336647
156.001327785
156.0
155.998677743
155.998674425
156.0
156.001344429
156.001360024
156.0
155.998596206
155.998567893
156.0
156.001502031
156.001543862
156.0
155.998358083
155.998301549
156.0
156.001827425
156.001900274
156.0
155.997936142
155.997844883
156.0
156.002358044
156.002470371
156.0
155.9972814
155.997144675
156.0
156.003156296
156.00332157
156.0
155.996315437
155.996116432
156.0
156.004320207
156.004559464
156.0
155.994915546
155.99462773
156.0
156.006004501
156.006351648
156.0
155.992884103
155.99246333
156.0
156.008466282
156.008980205
156.0
155.989878539
155.989243914
156.0
156.012175524
156.01297121
156.0
155.985231685
155.984213348
156.0
156.018116716
156.01945604
155.999999999
155.977426593
155.975601038
156.000000001
156.02874399
156.031350794
155.999999999
155.96226051
155.958303963
156.000000001
156.051781105
156.058302086
155.999999999
155.924122009
155.912018342
156.000000001
156.123615301
156.150866506
155.999999999
155.754163044
155.663673263
156.0
156.847260442
157.989092137
159.0
159.50256247
159.414715055
158.999999999
158.671983464
158.693410342
159.000000001
159.286751255
159.285093926
158.999999998
158.704594492
158.692435735
159.000000003
159.349816162
159.383666608
158.999999997
158.500533128
158.394875233
159.000000004
160.160594708
161.335533912
161.999999996
162.046445487
161.859128755
162.000000005
162.760221948
163.936513397
164.999999995
165.503820126
165.39524062
165.000000005
164.728345985
164.76723724
164.999999996
165.177469898
165.156906745
165.000000004
164.875601643
164.888808696
164.999999996
165.08889876
165.079299626
165.000000004
164.937694805
164.945345427
164.999999997
165.040564005
165.033972539
165.000000003
164.978617726
164.984726836
164.999999997
165.003167944
164.997067939
165.000000003
165.015508325
165.022114662
164.999999997
164.963632561
164.955775196
165.000000003
165.062136436
165.07261775
164.999999997
164.901703233
164.885419744
165.000000003
165.158930188
165.190762191
164.999999997
164.704534144
164.608833105
165.000000003
165.913388666
167.06138333
167.999999997
168.416636301
168.321177669
168.000000003
167.782792677
167.814130652
167.999999997
168.142772905
168.127254426
168.000000003
167.896600569
167.906014262
167.999999998
168.078546912
168.072107515
168.000000002
167.93890733
167.943674827
167.999999998
168.047924106
168.04418882
168.000000002
167.962544605
167.965602576
167.999999998
168.02877992
168.026181858
168.000000001
167.978672835
167.98095646
167.999999999
168.014705359
168.012630245
168.000000001
167.991378394
167.993328969
167.999999999
168.002837196
168.000938485
168.000000001
168.002860618
168.004776355
167.999999999
167.991320165
167.989315695
168.000000001
168.014843986
168.017019204
167.999999999
167.978382899
167.975934016
168.000000001
168.029341266
168.032205139
167.999999998
167.961498602
167.958007735
168.000000002
168.049849035
168.05431497
167.999999998
167.935336826
167.929264582
168.000000002
168.08536654
168.094337154
167.999999998
167.882779427
167.867792513
168.000000003
168.174140815
168.204843527
167.999999997
167.69257428
167.597873036
168.000000003
168.92245353
170.069546307
170.999999997
171.410200814
171.315573486
171.000000003
170.786785579
170.817338386
170.999999998
171.141107118
171.126350312
171.000000002
170.895987907
170.904641722
170.999999998
171.081454128
171.075794348
171.000000002
170.933624447
170.937570484
170.999999999
171.055731235
171.052882682
171.000000001
170.951992398
170.954072766
170.999999999
171.042377739
171.040876903
171.000000001
170.961638514
170.962672125
171.0
171.035672215
171.03503915
171.0
170.96585742
170.966126233
171.0
171.033687866
171.033770208
171.0
170.965710168
170.965268735
171.0
171.035994399
171.036825912
170.999999999
170.96107765
170.959794981
171.000000001
171.043297461
171.045137535
170.999999999
170.950495219
170.947915776
171.000000001
171.058209729
171.061850322
170.999999999
170.929384645
170.924075223
171.000000002
171.089075754
171.097324384
170.999999998
170.881211392
170.86692618
171.000000002
171.17360835
171.203609481
170.999999998
170.69522723
170.601247966
171.000000002
171.917597532
173.063926182
173.999999998
174.417409701
174.323612701
174.000000002
173.776998413
173.806626867
173.999999998
174.153786742
174.140082026
174.000000001
173.879992261
173.88742338
173.999999999
174.101330937
174.097121801
174.000000001
173.909108377
173.91129492
174.0
174.085922447
174.085263068
174.0
173.914665961
173.913935395
174.0
174.08899114
174.091250838
173.999999999
173.902369145
173.898082867
174.000000001
174.113322731
174.120837112
173.999999998
173.858914189
173.845117789
174.000000002
174.194662334
174.22439343
173.999999998
173.674777044
173.580863603
174.000000002
174.938049657
176.084511776
176.999999998
177.396355942
177.302222479
177.000000002
176.799273205
176.829453558
176.999999998
177.129624646
177.115130189
177.000000002
176.906787004
176.915280768
176.999999998
177.07103685
177.065439491
177.000000002
176.943950426
176.947929946
176.999999999
177.045208317
177.042229205
177.000000001
176.963006961
176.965319127
176.999999999
177.030561161
177.028719871
177.000000001
176.974593316
176.976087178
176.999999999
177.02120528
177.019976538
177.000000001
176.982262663
176.983283923
176.999999999
177.014846998
177.01399113
177.0
176.987580876
176.98830321
177.0
177.010365706
177.009752054
177.0
176.991382484
176.991907341
177.0
177.007118757
177.006666431
177.0
176.994176487
176.994569841
177.0
177.004693278
177.004347387
177.0
176.996304814
176.996613187
177.0
177.002800668
177.002521061
177.0
176.998015589
176.998274299
177.0
177.001223496
177.000978448
177.0
176.999503327
176.99974154
177.0
176.999783708
176.999545708
177.0
177.000935209
177.001179607
177.0
176.998319949
176.99806236
177.0
177.002471532
177.002749485
177.0
176.996668285
176.996362201
177.0
177.004284676
177.00462749
177.0
176.994642747
176.994253497
177.0
177.006579918
177.007026744
177.0
176.992012163
176.991494773
177.0
177.009622207
177.010225518
177.0
176.988468004
176.98776034
177.0
177.013776298
177.014610804
176.999999999
176.983572335
176.982583032
177.000000001
177.019576983
177.020756638
176.999999999
176.976659081
176.975242591
177.000000001
177.027873753
177.02958993
176.999999999
176.966612991
176.964508627
177.000000001
177.040183563
177.04280691
176.999999999
176.951279835
176.947932703
177.000000002
177.05972979
177.064144562
176.999999998
176.925518393
176.919406154
177.000000002
177.095396856
177.104499972
176.999999998
176.872256152
176.857040013
177.000000003
177.185453815
177.216489811
176.999999997
176.680149314
176.584999798
177.000000003
177.936349633
179.084020953
179.999999997
180.394423333
180.299066353
180.000000003
179.804924135
179.836386018
179.999999997
180.120033134
180.104148925
180.000000003
179.920702695
179.930756936
179.999999997
180.052206888
180.044794161
180.000000003
179.968570566
179.974742696
179.999999997
180.01349504
180.007754189
180.000000002
180.003805653
180.009774542
179.999999998
179.977475416
179.970476667
180.000000002
180.045509593
180.0549234
179.999999998
179.921750926
179.906759175
180.000000002
180.134756602
180.165035619
179.999999998
179.733671351
179.639844011
180.000000002
180.878244686
182.023956142
182.999999998
183.459136603
183.366504232
183.000000002
182.731119548
182.758878772
182.999999999
183.206183982
183.195346973
183.000000001
182.817596305
182.82058771
183.0
183.179447886
183.182475648
182.999999999
182.804502895
182.793622341
183.000000001
183.241415895
183.269234957
182.999999998
182.63299549
182.540273445
183.000000002
183.976858758
185.122711712
185.999999998
186.358838109
186.264780012
186.000000002
185.837110554
185.86777564
185.999999998
186.089696156
186.07404211
186.000000002
185.951045805
185.961630149
185.999999998
186.019208413
186.010055652
186.000000002
186.008703549
186.018879928
185.999999998
185.95729175
185.942508562
186.000000002
186.097724837
186.126925811
185.999999998
185.774886757
185.683146985
186.000000001
186.829449452
187.971603305
188.999999999
189.520820314
189.434329684
189.000000001
188.64655231
188.662698688
189.0
189.336748674
189.352338716
189.0
188.567918288
188.482018408
189.000000001
190.024311406
191.165799034
191.999999999
192.32305395
192.232112572
192.000000001
191.864282957
191.892466048
191.999999998
192.069659911
192.056260423
192.000000002
191.964249015
191.972411319
191.999999998
192.0138466
192.007857899
192.000000002
192.003060826
192.008196856
191.999999998
191.98176759
191.976726307
192.000000002
192.033744584
192.039318915
191.999999998
191.948429282
191.9415363
192.000000002
192.074523511
192.084117417
191.999999997
191.891904402
191.876436406
192.000000003
192.166345797
192.197422538
191.999999997
191.699335316
191.604343991
192.000000003
192.916491514
194.063805972
194.999999997
195.415557521
195.320766321
195.000000003
194.78186856
194.812534596
194.999999998
195.145731236
195.130907185
195.000000002
194.891521821
194.900199582
194.999999998
195.085890721
195.080249289
195.000000002
194.929090252
194.932975089
194.999999999
195.06049337
195.05775102
195.000000001
194.946863816
194.948789052
194.999999999
195.048025096
195.046734399
195.000000001
194.955299194
194.956058767
195.0
195.042906976
195.042624672
195.0
194.957479977
194.957302646
195.0
195.043519396
195.044171069
195.0
194.954016394
194.952839541
195.000000001
195.050110223
195.051912477
194.999999999
194.943730458
194.941123709
195.000000001
195.065121051
195.068853792
194.999999998
194.92213072
194.916662299
195.000000002
195.096876562
195.10535526
194.999999998
194.872644521
194.858051674
195.000000002
195.183182385
195.213577709
194.999999997
194.684375188
194.589903311
195.000000003
195.930037312
197.076972316
197.999999997
198.403022396
198.30848565
198.000000003
197.793757289
197.824284198
197.999999998
198.134149154
198.119354249
198.000000002
197.903124837
197.911881874
197.999999998
198.073940301
198.068109191
198.000000002
197.941724002
197.945914442
197.999999998
198.046820107
198.04364694
198.000000001
197.961964752
197.964459556
197.999999999
198.031062882
198.029045273
198.000000001
197.974618062
197.976286831
197.999999999
198.020653445
198.019246344
198.000000001
197.983356858
197.984564882
197.999999999
198.013180098
198.012123862
198.000000001
197.989866776
197.990808671
197.999999999
198.00739722
198.006538661
198.000000001
197.995116311
197.995918329
197.999999999
198.002515183
198.001745551
198.0
197.999779084
198.000539044
197.999999999
197.997933397
197.99716083
198.000000001
198.004414514
198.005222481
197.999999999
197.993107514
197.992239826
198.000000001
198.009575905
198.010530361
197.999999999
197.98745019
197.986377615
198.000000001
198.015914199
198.017142793
197.999999999
197.98020821
197.978775743
198.000000001
198.02434004
198.026039675
197.999999999
197.970229118
197.968174292
198.000000001
198.036384831
198.03892423
197.999999999
197.955366573
197.952140199
198.000000002
198.055241393
198.059495123
197.999999998
197.930533695
197.924627462
198.000000002
198.089714018
198.098560089
197.999999998
197.878766973
197.863866656
198.000000002
198.17792941
198.208581031
197.999999997
197.688904678
197.594220456
198.000000003
198.926105659
200.073215007
200.999999997
201.406465124
201.311787168
201.000000003
200.79070821
200.821347125
200.999999998
201.13688891
201.122008088
201.000000002
200.900618672
200.90943792
200.999999998
201.076282129
201.07041079
201.000000002
200.939481811
200.943691613
200.999999998
201.0490246
201.045852404
201.000000001
200.959737058
200.962210532
200.999999999
201.033375323
201.031399995
201.000000001
200.972156978
200.97376134
200.999999999
201.023331199
201.022012422
201.000000001
200.980388383
200.981481709
200.999999999
201.016521442
201.015609478
201.000000001
200.986060003
200.986824016
201.0
201.011775022
201.011132955
201.0
200.990045798
200.990586592
201.0
201.008419731
201.007963506
201.0
200.992875296
200.99326062
201.0
201.006030623
201.005704912
201.0
200.994894381
200.995169864
201.0
201.004323147
201.004090048
201.0
200.99633901
200.996536306
201.0
201.003100496
201.002933468
201.0
200.997374036
200.997515462
201.0
201.002224153
201.002104392
201.0
200.998116114
200.998217537
201.0
201.001595717
201.00150982
201.0
200.998648342
200.998721093
201.0
201.001144951
201.001083334
201.0
200.999030123
200.99908231
201.0
201.000821595
201.000777394
201.0
200.999303993
200.999341429
201.0
201.000589641
201.000557936
201.0
200.99950044
200.99952729
201.0
201.000423274
201.000400537
201.0
200.999641323
200.999660574
201.0
201.000303985
201.000287687
201.0
200.999742313
200.999756107
201.0
201.000218505
201.000206834
201.0
200.999814643
200.999824514
201.0
201.000157327
201.000148984
201.0
200.999866359
200.999873404
201.0
201.000113646
201.000107703
201.0
200.999903211
200.999908215
201.0
201.000082604
201.000078401
201.0
200.999929299
200.999932819
201.0
201.00006075
201.000057817
201.0
200.999947524
200.99994995
201.0
201.000045651
201.000043664
201.0
200.999959913
200.999961515
201.0
201.00003563
201.000034368
201.0
200.999967844
200.9999688
201.0
201.000029571
201.000028893
201.0
200.999972198
200.999972616
201.0
201.0000268
201.000026632
201.0
200.999973461
200.999973385
201.0
201.000027011
201.000027332
201.0
200.999971772
200.999971195
201.0
201.000030225
201.000031073
201.0
200.999966943
200.999965801
201.0
201.000036801
201.000038269
201.0
200.999958439
200.999956604
201.0
201.000047469
201.000049721
201.0
200.999945312
200.999942581
201.0
201.000063417
201.000066703
201.0
200.999926102
200.999922171
201.0
201.000086418
201.000091103
201.0
200.999898675
200.999893106
201.0
201.00011903
201.000125636
201.0
200.999859978
200.999852153
201.0
201.00016488
201.000174141
201.0
200.999805709
200.999794757
201.0
201.000229068
201.000242013
201.0
200.999729831
200.999714534
201.0
201.000318731
201.000336802
201.0
200.999623905
200.999602562
201.0
201.000443845
201.00046905
201.0
200.999476148
200.999446384
201.0
201.000618326
201.00065347
201.0
200.999270123
200.999228627
201.0
201.000861588
201.000910583
201.0
200.998982901
200.998925053
201.0
201.00120071
201.001269011
201.0
200.998582499
200.998501855
201.0
201.001673473
201.001768696
201.0
200.998024278
200.997911837
201.0
201.002332634
201.002465418
201.0
200.997245864
200.997089037
201.0
201.003251983
201.003437235
201.0
200.99615989
200.995941009
201.0
201.004535071
201.004793768
201.0
200.994643429
200.994337534
201.0
201.006328144
201.006690074
201.0
200.992521981
200.992093374
201.0
201.008840263
201.009348451
201.0
200.989543676
200.988940103
201.0
201.012377178
201.013095747
201.0
200.985333565
200.984475252
201.000000001
201.017404962
201.018434947
200.999999999
200.97930195
200.978057957
201.000000001
201.024686926
201.026202994
200.999999999
200.970431989
200.968560912
201.000000001
201.035626582
201.037976958
200.999999999
200.956701218
200.953674386
201.000000001
201.053293338
201.057331463
200.999999998
200.933149235
200.927480678
201.000000002
201.086358292
201.094937965
200.999999998
200.88295634
200.868358644
201.000000002
201.172789412
201.203093594
200.999999998
200.695139399
200.600857419
201.000000002
201.918600494
203.065241042
203.999999998
204.415453854
204.32132527
204.000000002
203.779977997
203.809970027
203.999999998
204.149672964
204.135557348
204.000000002
203.885401133
203.893310816
203.999999999
204.09439765
204.089613579
204.000000001
203.917894112
203.920795022
203.999999999
204.074804856
204.073223038
204.0
203.928841807
203.929358423
204.0
204.070599769
204.07107445
204.0
203.926945476
203.925406751
204.000000001
204.078905105
204.081760572
203.999999999
203.910825937
203.906090911
204.000000001
204.106097887
204.113953566
203.999999998
203.865202063
203.851146903
204.000000002
204.189081468
204.219004921
203.999999998
203.679838535
203.585788546
204.000000002
204.933347694
206.079897453
206.999999998
207.400840315
207.30666383
207.000000002
206.794875257
206.825056312
206.999999998
207.134062114
207.119608596
207.000000002
206.902184643
206.910595074
206.999999998
207.075933095
207.070463571
207.000000002
206.938623635
206.942427352
206.999999999
207.051114134
207.048363701
207.000000001
206.956357367
206.958381482
206.999999999
207.038140527
207.036654973
207.000000001
206.965871192
206.966931182
207.0
207.031316968
207.03061327
207.0
206.970472436
206.970861216
207.0
207.028657425
207.028561875
207.0
206.971342246
206.971150524
207.0
207.029525242
207.030012853
207.0
206.96869901
206.96789109
207.000000001
207.034076813
207.035249297
206.999999999
206.961988885
206.960379451
207.000000001
207.043360318
207.045523134
206.999999999
206.949460635
206.946552832
207.000000001
207.06024243
207.064226564
206.999999998
206.926298514
206.920620491
207.000000002
207.093300866
207.101953724
206.999999998
206.875729062
206.860992352
207.000000002
207.180502484
207.211015554
206.999999997
206.686725262
206.592158381
207.000000003
207.927951677
209.074961643
209.999999997
210.404901483
210.310307702
210.000000003
209.79203268
209.8226003
209.999999998
210.135767019
210.120946586
210.000000002
209.901568973
209.910337069
209.999999998
210.075477172
210.06964916
210.000000002
209.940163657
209.944336758
209.999999998
210.048447036
210.045305927
210.000000001
209.960226291
209.962673432
209.999999999
210.032960911
210.031007888
210.000000001
209.972508012
209.97409348
209.999999999
210.023033849
210.021731076
210.000000001
209.980640259
209.98172003
209.999999999
210.016308083
210.015407602
210.000000001
209.986240735
209.986995022
210.0
210.011621926
210.010988098
210.0
209.990175486
209.990709301
210.0
210.008309871
210.007859556
210.0
209.992968362
209.993348681
210.0
210.00595178
210.005630309
210.0
209.994961177
209.995233069
210.0
210.004266553
210.004036494
210.0
209.996386964
209.996581686
210.0
210.003059857
210.002895009
210.0
209.997408483
209.997548063
210.0
210.002194949
210.002076749
210.0
209.998140883
209.998240985
210.0
210.0015747
210.00148992
210.0
209.998666188
209.998737995
210.0
210.001129783
210.001068963
210.0
209.999043031
209.999094547
210.0
210.000810591
210.000766954
210.0
209.999313398
209.999350361
210.0
210.000581575
210.000550266
210.0
209.999507389
209.999533911
210.0
210.00041725
210.000394784
210.0
209.999646588
209.99966562
210.0
210.000299333
210.000283211
210.0
209.999746479
209.999760138
210.0
210.000214708
210.000203136
210.0
209.999818175
209.99982798
210.0
210.000153962
210.000145654
210.0
209.999869649
209.99987669
210.0
210.00011034
210.000104371
210.0
209.999906625
209.999911686
210.0
210.000078989
210.000074696
210.0
209.999933217
209.99993686
210.0
210.000056422
210.000053327
210.0
209.999952381
209.999955012
210.0
210.000040131
210.00003789
210.0
209.999966249
209.999968161
210.0
210.000028302
210.000026667
210.0
209.999976364
209.999977769
210.0
210.000019622
210.000018409
210.0
209.99998385
209.999984904
210.0
210.000013123
210.000012199
210.0
209.999989541
209.999990361
210.0
210.000008084
210.000007345
210.0
209.999994067
209.999994746
210.0
210.000003944
210.000003309
210.0
209.999997935
209.999998546
210.0
210.000000243
209.99999964
210.0
210.000001572
210.000002184
210.0
209.999996569
209.999995931
210.0
210.000005384
210.000006066
210.0
209.999992514
209.99999177
210.0
210.000009795
210.000010622
210.0
209.999987625
209.999986693
210.0
210.000015296
210.000016359
210.0
209.999981361
209.999980137
210.0
210.000022497
210.000023916
210.0
209.999973023
209.999971371
210.0
210.000032201
210.000034132
210.0
209.999961686
209.999959422
210.0
210.000045486
210.000048144
210.0
209.999946087
209.99994296
210.0
210.000063829
210.000067511
210.0
209.999924492
209.999920154
210.0
210.000089271
210.000094386
210.0
209.9998945
209.999888467
210.0
210.000124642
210.000131759
210.0
209.999852775
209.999844377
210.0
210.000173874
210.000183784
210.0
209.999794675
209.999782979
210.0
210.000242445
210.00025625
210.0
209.99971374
209.999697444
210.0
210.000337979
210.000357216
210.0
209.999600968
209.99957826
210.0
210.000471104
210.000497911
210.0
209.999443814
209.999412167
210.0
210.000656628
210.000693988
210.0
209.999224795
209.999180689
210.0
210.000915194
210.000967264
210.0
209.998919538
209.998858063
210.0
210.001275581
210.00134816
210.0
209.998494054
209.998408362
210.0
210.001777935
210.001879113
210.0
209.997900915
209.997781445
210.0
210.002478305
210.002619386
210.0
209.997073862
209.996907243
210.0
210.003455064
210.003651876
210.0
209.995920121
209.995687594
210.0
210.004818149
210.005092955
210.0
209.994309225
209.993984315
210.0
210.006722702
210.007107081
210.0
209.992056173
209.991601064
210.0
210.009390185
210.00992966
210.0
209.988894453
209.988253944
210.0
210.013143633
210.013905807
209.999999999
209.98442871
209.983518916
210.000000001
210.018473213
210.019563976
209.999999999
209.978040791
209.97672504
210.000000001
210.026175843
210.027776633
209.999999999
209.968674161
209.966703051
210.000000001
210.037701926
210.04017042
209.999999999
209.954250943
209.951084625
210.000000002
210.056186383
210.060389244
209.999999998
209.929733241
209.923870095
210.000000002
210.090392045
210.099201621
209.999999998
209.878192646
209.863323243
210.000000002
210.178415899
210.209041334
209.999999997
209.688492594
209.593830552
210.000000003
210.92645472
212.073545279
212.999999997
213.406169448
213.311507407
213.000000003
212.790958666
212.821584101
212.999999998
213.136676758
213.121807354
213.000000002
212.900798379
212.909607954
212.999999998
213.076129906
213.07026676
213.000000002
212.939610755
212.943813616
212.999999998
213.048915376
213.045749058
213.000000001
212.959829579
212.962298073
212.999999999
213.03329695
213.03132584
213.000000001
212.972223366
212.973824155
212.999999999
213.023274962
213.021959211
213.000000001
212.980436022
212.981526785
212.999999999
213.016481085
213.015571292
213.000000001
212.986094191
212.986856365
213.0
213.011746059
213.011105549
213.0
212.990070337
212.990609812
213.0
213.008398939
213.007943831
213.0
212.992892915
212.993277294
213.0
213.00601569
213.00569078
213.0
212.994907039
212.995181845
213.0
213.004312413
213.004079887
213.0
212.996348116
212.996544927
213.0
213.003092767
213.002926148
213.0
212.997380603
212.997521683
213.0
213.002218569
213.002099099
213.0
212.998120871
212.998222048
213.0
213.001591656
213.001505966
213.0
212.998651818
212.998724396
213.0
213.001141963
213.00108049
213.0
212.999032705
212.999084774
213.0
213.000819347
213.000775244
213.0
212.999305969
212.999343326
213.0
213.000587883
213.00055624
213.0
212.999502029
212.999528832
213.0
213.000421811
213.000399107
213.0
212.999642701
212.999661933
213.0
213.000302654
213.000286364
213.0
212.999743634
212.999757433
213.0
213.000217158
213.000205469
213.0
212.999816054
212.999825955
213.0
213.000155814
213.000147427
213.0
212.999868016
212.99987512
213.0
213.000111798
213.000105781
213.0
212.9999053
212.999910397
213.0
213.000080217
213.000075899
213.0
212.999932051
212.999935709
213.0
213.000057557
213.000054459
213.0
212.999951246
212.99995387
213.0
213.000041298
213.000039075
213.0
212.999965018
212.999966901
213.0
213.000029632
213.000028037
213.0
212.9999749
212.999976251
213.0
213.000021261
213.000020117
213.0
212.99998199
212.99998296
213.0
213.000015255
213.000014434
213.0
212.999987078
212.999987773
213.0
213.000010946
213.000010357
213.0
212.999990728
212.999991227
213.0
213.000007854
213.000007431
213.0
212.999993347
212.999993705
213.0
213.000005635
213.000005332
213.0
212.999995227
212.999995484
213.0
213.000004043
213.000003826
213.0
212.999996575
212.999996759
213.0
213.000002901
213.000002745
213.0
212.999997543
212.999997675
213.0
213.000002082
213.00000197
213.0
212.999998237
212.999998332
213.0
213.000001494
213.000001413
213.0
212.999998735
212.999998803
213.0
213.000001072
213.000001014
213.0
212.999999092
212.999999141
213.0
213.000000769
213.000000728
213.0
212.999999349
212.999999384
213.0
213.000000552
213.000000522
213.0
212.999999533
212.999999558
213.0
213.000000396
213.000000375
213.0
212.999999665
212.999999683
213.0
213.000000284
213.000000269
213.0
212.999999759
212.999999772
213.0
213.000000204
213.000000193
213.0
212.999999827
212.999999837
213.0
213.000000146
213.000000138
213.0
212.999999876
212.999999883
213.0
213.000000105
213.000000099
213.0
212.999999911
212.999999916
213.0
213.000000075
213.000000071
213.0
212.999999936
212.99999994
213.0
213.000000054
213.000000051
213.0
212.999999954
212.999999957
213.0
213.000000039
213.000000037
213.0
212.999999967
212.999999969
213.0
213.000000028
213.000000026
213.0
212.999999976
212.999999978
213.0
213.00000002
213.000000019
213.0
212.999999983
212.999999984
213.0
213.000000014
213.000000014
213.0
212.999999988
212.999999989
213.0
213.00000001
213.00000001
213.0
212.999999991
212.999999992
213.0
213.000000007
213.000000007
213.0
212.999999994
212.999999994
213.0
213.000000005
213.000000005
213.0
212.999999996
212.999999996
213.0
213.000000004
213.000000004
213.0
212.999999997
212.999999997
213.0
213.000000003
213.000000003
213.0
212.999999998
212.999999998
213.0
213.000000002
213.000000002
213.0
212.999999998
212.999999998
213.0
213.000000001
213.000000001
213.0
212.999999999
212.999999999
213.0
213.000000001
213.000000001
213.0
212.999999999
212.999999999
213.0
213.000000001
213.000000001
213.0
212.999999999
212.999999999
213.0
213.000000001
213.0
213.0
213.0
213.0
213.0
213.0
213.0
213.0
213.0
213.0
213.0
213.0
213.0
213.0
213.0
213.0
213.0
213.0
213.0
213.0
213.0
213.0
213.0
213.0
213.0
213.0
213.0
213.0
213.0
213.0
213.0
213.0
213.0
213.0
213.0
213.0
213.0
213.0
213.0
213.0
213.0
213.0
213.0
213.0
213.0
213.0
213.0
213.0
213.0
213.0
213.0
213.0
213.0
213.0
213.0
213.0
213.0
213.0
213.0
213.0
213.0
213.0
213.0
213.0
213.0
213.0
213.0
213.0
213.0
213.0
213.0
213.0
213.0
213.0
213.0
213.0
213.0
213.0
213.0
213.0
213.0
213.0
213.0
213.0
213.0
213.0
213.0
213.0
213.0
213.0
213.0
213.0
213.0
213.0
213.0
213.0
213.0
213.0
213.0
213.0
213.0
213.0
213.0
213.0
213.0
213.0
213.0
213.0
213.0
213.0
213.0
213.0
213.0
213.0
213.0
213.0
213.0
213.0
213.0
213.0
213.0
213.0
213.0
213.0
213.0
213.0
213.0
213.0
213.0
213.0
213.0
213.0
213.0
213.0
213.0
213.0
213.0
213.0
213.0
213.0
213.0
213.0
213.0
213.0
213.0
213.0
213.0
213.0
213.0
213.0
213.0
213.0
213.0
213.0
213.0
213.0
213.0
213.0
213.0
213.0
213.0
213.0
213.0
213.0
213.0
213.0
213.0
213.0
213.0
213.0
213.0
213.0
213.0
213.0
213.0
213.0
213.0
213.0
213.0
213.0
213.0
213.0
213.0
213.0
213.0
213.0
213.0
213.0
213.0
213.0
213.0
213.0
213.0
213.0
213.0
213.0
213.0
213.0
213.0
213.0
213.0
213.0
213.0
213.0
213.0
213.0
213.0
213.0
213.0
213.0
213.0
213.0
213.0
213.0
213.0
213.0
213.0
213.0
213.0
213.0
213.0
213.0
213.0
213.0
213.0
213.0
213.0
213.0
213.0
213.0
213.0
213.0
213.0
213.0
213.0
213.0
213.0
213.0
213.0
213.0
213.0
213.0
213.0
213.0
213.0
213.0
213.0
213.0
213.0
213.0
213.0
213.0
213.0
213.0
213.0
213.0
213.0
213.0
213.0
213.0
213.0
213.0
213.0
213.0
213.0
213.0
213.0
213.0
213.0
213.0
213.0
213.0
213.0
213.0
213.0
213.0
213.0
213.0
213.0
213.0
213.0
213.0
213.0
213.0
213.0
213.0
213.0
213.0
213.0
213.0
213.0
213.0
213.0
213.0
213.0
213.0
213.0
213.0
213.0
213.0
213.0
213.0
213.0
213.0
213.0
213.0
213.0
213.0
213.0
213.0
213.0
213.0
213.0
213.0
213.0
213.0
213.0
213.0
213.0
213.0
213.0
213.0
213.0
213.0
213.0
213.0
213.0
213.0
213.0
213.0
213.0
213.0
213.0
213.0
213.0
213.0
213.0
213.0
213.0
213.0
213.0
213.0
213.0
213.0
213.0
213.0
213.0
213.0
213.0
213.0
213.0
213.0
213.0
213.0
213.0
213.0
213.0
213.0
213.0
213.0
213.0
213.0
213.0
213.0
213.0
213.0
213.0
213.0
213.0
213.0
213.0
213.0
213.0
213.0
213.0
213.0
213.0
213.0
212.999999999
213.0
213.000000001
213.000000001
213.0
212.999999999
212.999999999
213.0
213.000000001
213.000000001
213.0
212.999999999
212.999999999
213.0
213.000000001
213.000000001
213.0
212.999999999
212.999999999
213.0
213.000000002
213.000000002
213.0
212.999999998
212.999999998
213.0
213.000000002
213.000000002
213.0
212.999999997
212.999999997
213.0
213.000000003
213.000000003
213.0
212.999999996
212.999999996
213.0
213.000000004
213.000000004
213.0
212.999999995
212.999999995
213.0
213.000000006
213.000000006
213.0
212.999999993
212.999999993
213.0
213.000000008
213.000000009
213.0
212.99999999
212.99999999
213.0
213.000000011
213.000000012
213.0
212.999999986
212.999999986
213.0
213.000000016
213.000000017
213.0
212.999999981
212.99999998
213.0
213.000000022
213.000000024
213.0
212.999999974
212.999999972
213.0
213.000000031
213.000000033
213.0
212.999999963
212.999999961
213.0
213.000000043
213.000000046
213.0
212.999999949
212.999999946
213.0
213.00000006
213.000000064
213.0
212.999999929
212.999999925
213.0
213.000000084
213.000000089
213.0
212.999999901
212.999999895
213.0
213.000000117
213.000000124
213.0
212.999999862
212.999999854
213.0
213.000000163
213.000000173
213.0
212.999999807
212.999999796
213.0
213.000000228
213.000000241
213.0
212.999999731
212.999999716
213.0
213.000000317
213.000000335
213.0
212.999999625
212.999999604
213.0
213.000000442
213.000000467
213.0
212.999999478
212.999999448
213.0
213.000000616
213.000000651
213.0
212.999999272
212.999999231
213.0
213.000000859
213.000000908
213.0
212.999998986
212.999998928
213.0
213.000001197
213.000001265
213.0
212.999998587
212.999998506
213.0
213.000001668
213.000001763
213.0
212.99999803
212.999997918
213.0
213.000002325
213.000002457
213.0
212.999997255
212.999997099
213.0
213.000003241
213.000003425
213.0
212.999996174
212.999995957
213.0
213.000004516
213.000004773
213.0
212.999994668
212.999994365
213.0
213.000006295
213.000006653
213.0
212.999992569
212.999992146
213.0
213.000008773
213.000009272
213.0
212.999989643
212.999989054
213.0
213.000012227
213.000012922
213.0
212.999985566
212.999984745
213.0
213.00001704
213.00001801
213.0
212.999979883
212.999978739
213.0
213.000023749
213.0000251
213.0
212.999971963
212.999970368
213.0
213.000033099
213.000034982
213.0
212.999960925
212.999958702
213.0
213.00004613
213.000048754
213.0
212.999945541
212.999942443
213.0
213.000064291
213.000067949
213.0
212.999924101
212.999919783
213.0
213.000089603
213.0000947
213.0
212.999894219
212.999888202
213.0
213.00012488
213.000131984
213.0
212.999852573
212.999844186
213.0
213.000174045
213.000183946
213.0
212.999794531
212.999782842
213.0
213.000242567
213.000256366
213.0
212.999713636
212.999697346
213.0
213.000338067
213.000357299
213.0
212.999600893
212.999578189
213.0
213.000471168
213.000497971
213.0
212.99944376
212.999412117
213.0
213.000656674
213.000694031
213.0
212.999224756
212.999180653
213.0
213.000915226
213.000967295
213.0
212.99891951
212.998858037
213.0
213.001275604
213.001348182
213.0
212.998494034
212.998408344
213.0
213.001777952
213.001879129
213.0
212.997900901
212.997781431
213.0
213.002478317
213.002619397
213.0
212.997073852
212.996907233
213.0
213.003455073
213.003651884
213.0
212.995920113
212.995687587
213.0
213.004818155
213.005092961
213.0
212.99430922
212.99398431
213.0
213.006722706
213.007107085
213.0
212.992056169
212.991601061
213.0
213.009390188
213.009929663
213.0
212.988894451
212.988253941
213.0
213.013143635
213.013905809
212.999999999
212.984428708
212.983518915
213.000000001
213.018473215
213.019563978
212.999999999
212.978040789
212.976725038
213.000000001
213.026175845
213.027776634
212.999999999
212.96867416
212.96670305
213.000000001
213.037701927
213.040170421
212.999999999
212.954250942
212.951084624
213.000000002
213.056186384
213.060389245
212.999999998
212.929733241
212.923870094
213.000000002
213.090392046
213.099201621
212.999999998
212.878192646
212.863323242
213.000000002
213.178415899
213.209041334
212.999999997
212.688492593
212.593830552
213.000000003
213.92645472
215.07354528
215.999999997
216.406169448
216.311507407
216.000000003
215.790958666
215.821584101
215.999999998
216.136676758
216.121807354
216.000000002
215.900798379
215.909607954
215.999999998
216.076129906
216.070266759
216.000000002
215.939610755
215.943813616
215.999999998
216.048915376
216.045749058
216.000000001
215.959829579
215.962298073
215.999999999
216.03329695
216.03132584
216.000000001
215.972223366
215.973824156
215.999999999
216.023274961
216.021959211
216.000000001
215.980436022
215.981526785
215.999999999
216.016481085
216.015571292
216.000000001
215.986094191
215.986856365
216.0
216.011746059
216.011105549
216.0
215.990070337
215.990609812
216.0
216.008398939
216.007943831
216.0
215.992892915
215.993277294
216.0
216.00601569
216.00569078
216.0
215.994907039
215.995181845
216.0
216.004312413
216.004079887
216.0
215.996348116
215.996544927
216.0
216.003092767
216.002926148
216.0
215.997380603
215.997521683
216.0
216.002218569
216.002099099
216.0
215.998120871
215.998222048
216.0
216.001591656
216.001505966
216.0
215.998651818
215.998724396
216.0
216.001141963
216.00108049
216.0
215.999032705
215.999084774
216.0
216.000819347
216.000775244
216.0
215.999305969
215.999343326
216.0
216.000587883
216.00055624
216.0
215.999502029
215.999528832
216.0
216.000421811
216.000399107
216.0
215.999642701
215.999661933
216.0
216.000302654
216.000286364
216.0
215.999743634
215.999757433
216.0
216.000217158
216.000205469
216.0
215.999816054
215.999825955
216.0
216.000155814
216.000147427
216.0
215.999868016
215.99987512
216.0
216.000111798
216.000105781
216.0
215.9999053
215.999910397
216.0
216.000080217
216.000075899
216.0
215.999932051
215.999935709
216.0
216.000057557
216.000054459
216.0
215.999951246
215.99995387
216.0
216.000041298
216.000039075
216.0
215.999965018
215.999966901
216.0
216.000029632
216.000028037
216.0
215.9999749
215.999976251
216.0
216.000021261
216.000020117
216.0
215.99998199
215.99998296
216.0
216.000015255
216.000014434
216.0
215.999987078
215.999987773
216.0
216.000010946
216.000010357
216.0
215.999990728
215.999991227
216.0
216.000007854
216.000007431
216.0
215.999993347
215.999993705
216.0
216.000005635
216.000005332
216.0
215.999995227
215.999995484
216.0
216.000004043
216.000003826
216.0
215.999996575
215.999996759
216.0
216.000002901
216.000002745
216.0
215.999997543
215.999997675
216.0
216.000002082
216.00000197
216.0
215.999998237
215.999998332
216.0
216.000001494
216.000001413
216.0
215.999998735
215.999998803
216.0
216.000001072
216.000001014
216.0
215.999999092
215.999999141
216.0
216.000000769
216.000000728
216.0
215.999999349
215.999999384
216.0
216.000000552
216.000000522
216.0
215.999999533
215.999999558
216.0
216.000000396
216.000000375
216.0
215.999999665
215.999999683
216.0
216.000000284
216.000000269
216.0
215.999999759
215.999999772
216.0
216.000000204
216.000000193
216.0
215.999999827
215.999999837
216.0
216.000000146
216.000000138
216.0
215.999999876
215.999999883
216.0
216.000000105
216.000000099
216.0
215.999999911
215.999999916
216.0
216.000000075
216.000000071
216.0
215.999999936
215.99999994
216.0
216.000000054
216.000000051
216.0
215.999999954
215.999999957
216.0
216.000000039
216.000000037
216.0
215.999999967
215.999999969
216.0
216.000000028
216.000000026
216.0
215.999999976
215.999999978
216.0
216.00000002
216.000000019
216.0
215.999999983
215.999999984
216.0
216.000000014
216.000000014
216.0
215.999999988
215.999999989
216.0
216.00000001
216.00000001
216.0
215.999999991
215.999999992
216.0
216.000000007
216.000000007
216.0
215.999999994
215.999999994
216.0
216.000000005
216.000000005
216.0
215.999999996
215.999999996
216.0
216.000000004
216.000000004
216.0
215.999999997
215.999999997
216.0
216.000000003
216.000000003
216.0
215.999999998
215.999999998
216.0
216.000000002
216.000000002
216.0
215.999999998
215.999999998
216.0
216.000000001
216.000000001
216.0
215.999999999
215.999999999
216.0
216.000000001
216.000000001
216.0
215.999999999
215.999999999
216.0
216.000000001
216.000000001
216.0
215.999999999
215.999999999
216.0
216.000000001
216.0
216.0
216.0
216.0
216.0
216.0
216.0
216.0
216.0
216.0
216.0
216.0
216.0
216.0
216.0
216.0
216.0
216.0
216.0
216.0
216.0
216.0
216.0
216.0
216.0
216.0
216.0
216.0
216.0
216.0
216.0
216.0
216.0
216.0
216.0
216.0
216.0
216.0
216.0
216.0
216.0
216.0
216.0
216.0
216.0
216.0
216.0
216.0
216.0
216.0
216.0
216.0
216.0
216.0
216.0
216.0
216.0
216.0
216.0
216.0
216.0
216.0
216.0
216.0
216.0
216.0
216.0
216.0
216.0
216.0
216.0
216.0
216.0
216.0
216.0
216.0
216.0
216.0
216.0
216.0
216.0
216.0
216.0
216.0
216.0
216.0
216.0
216.0
216.0
216.0
216.0
216.0
216.0
216.0
216.0
216.0
216.0
216.0
216.0
216.0
216.0
216.0
216.0
216.0
216.0
216.0
216.0
216.0
216.0
216.0
216.0
216.0
216.0
216.0
216.0
216.0
216.0
216.0
216.0
216.0
216.0
216.0
216.0
216.0
216.0
216.0
216.0
216.0
216.0
216.0
216.0
216.0
216.0
216.0
216.0
216.0
216.0
216.0
216.0
216.0
216.0
216.0
216.0
216.0
216.0
216.0
216.0
216.0
216.0
216.0
216.0
216.0
216.0
216.0
216.0
216.0
216.0
216.0
216.0
216.0
216.0
216.0
216.0
216.0
216.0
216.0
216.0
216.0
216.0
216.0
216.0
216.0
216.0
216.0
216.0
216.0
216.0
216.0
216.0
216.0
216.0
216.0
216.0
216.0
216.0
216.0
216.0
216.0
216.0
216.0
216.0
216.0
216.0
216.0
216.0
216.0
216.0
216.0
216.0
216.0
216.0
216.0
216.0
216.0
216.0
216.0
216.0
216.0
216.0
216.0
216.0
216.0
216.0
216.0
216.0
216.0
216.0
216.0
216.0
216.0
216.0
216.0
216.0
216.0
216.0
216.0
216.0
216.0
216.0
216.0
216.0
216.0
216.0
216.0
216.0
216.0
216.0
216.0
216.0
216.0
216.0
216.0
216.0
216.0
216.0
216.0
216.0
216.0
216.0
216.0
216.0
216.0
216.0
216.0
216.0
216.0
216.0
216.0
216.0
216.0
216.0
216.0
216.0
216.0
216.0
216.0
216.0
216.0
216.0
216.0
216.0
216.0
216.0
216.0
216.0
216.0
216.0
216.0
216.0
216.0
216.0
216.0
216.0
216.0
216.0
216.0
216.0
216.0
216.0
216.0
216.0
216.0
216.0
216.0
216.0
216.0
216.0
216.0
216.0
216.0
216.0
216.0
216.0
216.0
216.0
216.0
216.0
216.0
216.0
216.0
216.0
216.0
216.0
216.0
216.0
216.0
216.0
216.0
216.0
216.0
216.0
216.0
216.0
216.0
216.0
216.0
216.0
216.0
216.0
216.0
216.0
216.0
216.0
216.0
216.0
216.0
216.0
216.0
216.0
216.0
216.0
216.0
216.0
216.0
216.0
216.0
216.0
216.0
216.0
216.0
216.0
216.0
216.0
216.0
216.0
216.0
216.0
216.0
216.0
216.0
216.0
216.0
216.0
216.0
216.0
216.0
216.0
216.0
216.0
216.0
216.0
216.0
216.0
216.0
216.0
216.0
216.0
216.0
216.0
216.0
216.0
216.0
216.0
216.0
216.0
216.0
216.0
216.0
216.0
216.0
216.0
216.0
216.0
216.0
216.0
216.0
216.0
216.0
216.0
216.0
216.0
216.0
216.0
216.0
216.0
216.0
216.0
216.0
216.0
216.0
216.0
216.0
216.0
216.0
216.0
216.0
216.0
216.0
216.0
216.0
216.0
216.0
216.0
216.0
216.0
216.0
216.0
216.0
216.0
216.0
216.0
216.0
216.0
216.0
216.0
216.0
216.0
216.0
216.0
216.0
216.0
216.0
216.0
216.0
216.0
216.0
216.0
216.0
216.0
216.0
216.0
216.0
216.0
216.0
216.0
216.0
216.0
216.0
216.0
216.0
216.0
216.0
216.0
216.0
216.0
216.0
216.0
216.0
216.0
216.0
216.0
216.0
216.0
216.0
216.0
216.0
216.0
216.0
216.0
216.0
216.0
216.0
216.0
216.0
216.0
216.0
216.0
216.0
216.0
216.0
216.0
216.0
216.0
216.0
216.0
216.0
216.0
216.0
216.0
216.0
216.0
216.0
216.0
216.0
216.0
216.0
216.0
216.0
216.0
216.0
216.0
216.0
216.0
216.0
216.0
216.0
216.0
216.0
216.0
216.0
216.0
216.0
216.0
216.0
216.0
216.0
216.0
216.0
216.0
216.0
216.0
216.0
216.0
216.0
216.0
216.0
216.0
216.0
216.0
216.0
216.0
216.0
216.0
216.0
216.0
216.0
216.0
216.0
216.0
216.0
216.0
216.0
216.0
216.0
216.0
216.0
216.0
216.0
216.0
216.0
216.0
216.0
216.0
216.0
216.0
216.0
216.0
216.0
216.0
216.0
216.0
216.0
216.0
216.0
216.0
216.0
216.0
216.0
216.0
216.0
216.0
216.0
216.0
216.0
216.0
216.0
216.0
216.0
216.0
216.0
216.0
216.0
216.0
216.0
216.0
216.0
216.0
216.0
216.0
216.0
216.0
216.0
216.0
216.0
216.0
216.0
216.0
216.0
216.0
216.0
216.0
216.0
216.0
216.0
216.0
216.0
216.0
216.0
216.0
216.0
216.0
216.0
216.0
216.0
216.0
216.0
216.0
216.0
216.0
216.0
216.0
216.0
216.0
216.0
216.0
216.0
216.0
216.0
216.0
216.0
216.0
216.0
216.0
216.0
216.0
216.0
216.0
216.0
216.0
216.0
216.0
216.0
216.0
216.0
216.0
216.0
216.0
216.0
216.0
216.0
216.0
216.0
216.0
216.0
216.0
216.0
216.0
216.0
216.0
216.0
216.0
216.0
216.0
216.0
216.0
216.0
216.0
216.0
216.0
216.0
216.0
216.0
216.0
216.0
216.0
216.0
216.0
216.0
216.0
216.0
216.0
216.0
216.0
216.0
216.0
216.0
216.0
216.0
216.0
216.0
216.0
216.0
216.0
216.0
216.0
216.0
216.0
216.0
216.0
216.0
216.0
216.0
216.0
216.0
216.0
216.0
216.0
216.0
216.0
216.0
216.0
216.0
216.0
216.0
216.0
216.0
216.0
216.0
216.0
216.0
216.0
216.0
216.0
216.0
216.0
216.0
216.0
216.0
216.0
216.0
216.0
216.0
216.0
216.0
216.0
216.0
216.0
216.0
216.0
216.0
216.0
216.0
216.0
216.0
216.0
216.0
216.0
216.0
216.0
216.0
216.0
216.0
216.0
216.0
216.0
216.0
216.0
216.0
216.0
216.0
216.0
216.0
216.0
216.0
216.0
216.0
216.0
216.0
216.0
216.0
216.0
216.0
216.0
216.0
216.0
216.0
216.0
216.0
216.0
216.0
216.0
216.0
216.0
216.0
216.0
216.0
216.0
216.0
216.0
216.0
216.0
216.0
216.0
216.0
216.0
216.0
216.0
216.0
216.0
216.0
216.0
216.0
216.0
216.0
216.0
216.0
216.0
216.0
216.0
216.0
216.0
216.0
216.0
216.0
216.0
216.0
216.0
216.0
216.0
216.0
216.0
216.0
216.0
216.0
216.0
216.0
216.0
216.0
216.0
216.0
216.0
216.0
216.0
216.0
216.0
216.0
216.0
216.0
216.0
216.0
216.0
216.0
216.0
216.0
216.0
216.0
216.0
216.0
216.0
216.0
216.0
216.0
216.0
216.0
216.0
216.0
216.0
216.0
216.0
216.0
216.0
216.0
216.0
216.0
216.0
216.0
216.0
216.0
216.0
216.0
216.0
216.0
216.0
216.0
216.0
216.0
216.0
216.0
216.0
216.0
216.0
216.0
216.0
216.0
216.0
216.0
216.0
216.0
216.0
216.0
216.0
216.0
216.0
216.0
216.0
216.0
216.0
216.0
216.0
216.0
216.0
216.0
216.0
216.0
216.0
216.0
216.0
216.0
216.0
216.0
216.0
216.0
216.0
216.0
216.0
216.0
216.0
216.0
216.0
216.0
216.0
216.0
216.0
216.0
216.0
216.0
216.0
216.0
216.0
216.0
216.0
216.0
216.0
216.0
216.0
216.0
216.0
216.0
216.0
216.0
216.0
216.0
216.0
216.0
216.0
216.0
216.0
216.0
216.0
216.0
216.0
216.0
216.0
216.0
216.0
216.0
216.0
216.0
216.0
216.0
216.0
216.0
216.0
216.0
216.0
216.0
216.0
216.0
216.0
216.0
216.0
216.0
216.0
216.0
216.0
216.0
216.0
216.0
216.0
216.0
216.0
216.0
216.0
216.0
216.0
216.0
216.0
216.0
216.0
216.0
216.0
216.0
216.0
216.0
216.0
216.0
216.0
216.0
216.0
216.0
216.0
216.0
216.0
216.0
216.0
216.0
216.0
216.0
216.0
216.0
216.0
216.0
216.0
216.0
216.0
216.0
216.0
216.0
216.0
216.0
216.0
216.0
216.0
216.0
216.0
216.0
216.0
216.0
216.0
216.0
216.0
216.0
216.0
216.0
216.0
216.0
216.0
216.0
216.0
216.0
216.0
216.0
216.0
216.0
216.0
216.0
216.0
216.0
216.0
216.0
216.0
216.0
216.0
216.0
216.0
216.0
216.0
216.0
216.0
216.0
216.0
216.0
216.0
216.0
216.0
216.0
216.0
216.0
216.0
216.0
216.0
216.0
216.0
216.0
216.0
216.0
216.0
216.0
216.0
216.0
216.0
216.0
216.0
216.0
216.0
216.0
216.0
216.0
216.0
216.0
216.0
216.0
216.0
216.0
216.0
216.0
216.0
216.0
216.0
216.0
216.0
216.0
216.0
216.0
216.0
216.0
216.0
216.0
216.0
216.0
216.0
216.0
216.0
216.0
216.0
216.0
216.0
216.0
216.0
216.0
216.0
216.0
216.0
216.0
216.0
216.0
216.0
216.0
216.0
216.0
216.0
216.0
216.0
216.0
216.0
216.0
216.0
216.0
216.0
216.0
216.0
216.0
216.0
216.0
216.0
216.0
216.0
216.0
216.0
216.0
216.0
216.0
216.0
216.0
216.0
216.0
216.0
216.0
216.0
216.0
216.0
216.0
216.0
216.0
216.0
216.0
216.0
216.0
216.0
216.0
216.0
216.0
216.0
216.0
216.0
216.0
216.0
216.0
216.0
216.0
216.0
216.0
216.0
216.0
216.0
216.0
216.0
216.0
216.0
216.0
216.0
216.0
216.0
216.0
216.0
216.0
216.0
216.0
216.0
216.0
216.0
216.0
216.0
216.0
216.0
216.0
216.0
216.0
216.0
216.0
216.0
216.0
216.0
216.0
216.0
216.0
216.0
216.0
216.0
216.0
216.0
216.0
216.0
216.0
216.0
216.0
216.0
216.0
216.0
216.0
216.0
216.0
216.0
216.0
216.0
216.0
216.0
216.0
216.0
216.0
216.0
216.0
216.0
216.0
216.0
216.0
216.0
216.0
216.0
216.0
216.0
216.0
216.0
216.0
216.0
216.0
216.0
216.0
216.0
216.0
216.0
216.0
216.0
216.0
216.0
216.0
216.0
216.0
216.0
216.0
216.0
216.0
216.0
216.0
216.0
216.0
216.0
216.0
216.0
216.0
216.0
216.0
216.0
216.0
216.0
216.0
216.0
216.0
216.0
216.0
216.0
216.0
216.0
216.0
216.0
216.0
216.0
216.0
216.0
216.0
216.0
216.0
216.0
216.0
216.0
216.0
216.0
216.0
216.0
216.0
216.0
216.0
216.0
216.0
216.0
216.0
216.0
216.0
216.0
216.0
216.0
216.0
216.0
216.0
216.0
216.0
216.0
216.0
216.0
216.0
216.0
216.0
216.0
216.0
216.0
216.0
216.0
216.0
216.0
216.0
216.0
216.0
216.0
216.0
216.0
216.0
216.0
216.0
216.0
216.0
216.0
216.0
216.0
216.0
216.0
216.0
216.0
216.0
216.0
216.0
216.0
216.0
216.0
216.0
216.0
216.0
216.0
216.0
216.0
216.0
216.0
216.0
216.0
216.0
216.0
216.0
216.0
216.0
216.0
216.0
216.0
216.0
216.0
216.0
216.0
216.0
216.0
216.0
216.0
216.0
216.0
216.0
216.0
216.0
216.0
216.0
216.0
216.0
216.0
216.0
216.0
216.0
216.0
216.0
216.0
216.0
216.0
216.0
216.0
216.0
216.0
216.0
216.0
216.0
216.0
216.0
216.0
216.0
216.0
216.0
216.0
216.0
216.0
216.0
216.0
216.0
216.0
216.0
216.0
216.0
216.0
216.0
216.0
216.0
216.0
216.0
216.0
216.0
216.0
216.0
216.0
216.0
216.0
216.0
216.0
216.0
216.0
216.0
216.0
216.0
216.0
216.0
216.0
216.0
216.0
216.0
216.0
216.0
216.0
216.0
216.0
216.0
216.0
216.0
216.0
216.0
216.0
216.0
216.0
216.0
216.0
216.0
216.0
216.0
216.0
216.0
216.0
216.0
216.0
216.0
216.0
216.0
216.0
216.0
216.0
216.0
216.0
216.0
216.0
216.0
216.0
216.0
216.0
216.0
216.0
216.0
216.0
216.0
216.0
216.0
216.0
216.0
216.0
216.0
216.0
216.0
216.0
216.0
216.0
216.0
216.0
216.0
216.0
216.0
216.0
216.0
216.0
216.0
216.0
216.0
216.0
216.0
216.0
216.0
216.0
216.0
216.0
216.0
216.0
216.0
216.0
216.0
216.0
216.0
216.0
216.0
216.0
216.0
216.0
216.0
216.0
216.0
216.0
216.0
216.0
216.0
216.0
216.0
216.0
216.0
216.0
216.0
216.0
216.0
216.0
216.0
216.0
216.0
216.0
216.0
216.0
216.0
216.0
216.0
216.0
216.0
216.0
216.0
216.0
216.0
216.0
216.0
216.0
216.0
216.0
216.0
216.0
216.0
216.0
216.0
216.0
216.0
216.0
216.0
216.0
216.0
216.0
216.0
216.0
216.0
216.0
216.0
216.0
216.0
216.0
216.0
216.0
216.0
216.0
216.0
216.0
216.0
216.0
216.0
216.0
216.0
216.0
216.0
216.0
216.0
216.0
216.0
216.0
216.0
216.0
216.0
216.0
216.0
216.0
216.0
216.0
216.0
216.0
216.0
216.0
216.0
216.0
216.0
216.0
216.0
216.0
216.0
216.0
216.0
216.0
216.0
216.0
216.0
216.0
216.0
216.0
216.0
216.0
216.0
216.0
216.0
216.0
216.0
216.0
216.0
216.0
216.0
216.0
216.0
216.0
216.0
216.0
216.0
216.0
216.0
216.0
216.0
216.0
216.0
216.0
216.0
216.0
216.0
216.0
216.0
216.0
216.0
216.0
216.0
216.0
216.0
216.0
216.0
216.0
216.0
216.0
216.0
216.0
216.0
216.0
216.0
216.0
216.0
216.0
216.0
216.0
216.0
216.0
216.0
216.0
216.0
216.0
216.0
216.0
216.0
216.0
216.0
216.0
216.0
216.0
216.0
216.0
216.0
216.0
216.0
216.0
216.0
216.0
216.0
216.0
216.0
216.0
216.0
216.0
216.0
216.0
216.0
216.0
216.0
216.0
216.0
216.0
216.0
216.0
216.0
216.0
216.0
216.0
216.0
216.0
216.0
216.0
216.0
216.0
216.0
216.0
216.0
216.0
216.0
216.0
216.0
216.0
216.0
216.0
216.0
216.0
216.0
216.0
216.0
216.0
216.0
216.0
216.0
216.0
216.0
216.0
216.0
216.0
216.0
216.0
216.0
216.0
216.0
216.0
216.0
216.0
216.0
216.0
216.0
216.0
216.0
216.0
216.0
216.0
216.0
216.0
216.0
216.0
216.0
216.0
216.0
216.0
216.0
216.0
216.0
216.0
216.0
216.0
216.0
216.0
216.0
216.0
216.0
216.0
216.0
216.0
216.0
216.0
216.0
216.0
216.0
216.0
216.0
216.0
216.0
216.0
216.0
216.0
216.0
216.0
216.0
216.0
216.0
216.0
216.0
216.0
216.0
216.0
216.0
216.0
216.0
216.0
216.0
216.0
216.0
216.0
216.0
216.0
216.0
216.0
216.0
216.0
216.0
216.0
216.0
216.0
216.0
216.0
216.0
216.0
216.0
216.0
216.0
216.0
216.0
216.0
216.0
216.0
216.0
216.0
216.0
216.0
216.0
216.0
216.0
216.0
216.0
216.0
216.0
216.0
216.0
216.0
216.0
216.0
216.0
216.0
216.0
216.0
216.0
216.0
216.0
216.0
216.0
216.0
216.0
216.0
216.0
216.0
216.0
216.0
216.0
216.0
216.0
216.0
216.0
216.0
216.0
216.0
216.0
216.0
216.0
216.0
216.0
216.0
216.0
216.0
216.0
216.0
216.0
216.0
216.0
216.0
216.0
216.0
216.0
216.0
216.0
216.0
216.0
216.0
216.0
216.0
216.0
216.0
216.0
216.0
216.0
216.0
216.0
216.0
216.0
216.0
216.0
216.0
216.0
216.0
216.0
216.0
216.0
216.0
216.0
216.0
216.0
216.0
216.0
216.0
216.0
216.0
216.0
216.0
216.0
216.0
216.0
216.0
216.0
216.0
216.0
216.0
216.0
216.0
216.0
216.0
216.0
216.0
216.0
216.0
216.0
216.0
216.0
216.0
216.0
216.0
216.0
216.0
216.0
216.0
216.0
216.0
216.0
216.0
216.0
216.0
216.0
216.0
216.0
216.0
216.0
216.0
216.0
216.0
216.0
216.0
216.0
216.0
216.0
216.0
216.0
216.0
216.0
216.0
216.0
216.0
216.0
216.0
216.0
216.0
216.0
216.0
216.0
216.0
216.0
216.0
216.0
216.0
216.0
216.0
216.0
216.0
216.0
216.0
216.0
216.0
216.0
216.0
216.0
216.0
216.0
216.0
216.0
216.0
216.0
216.0
216.0
216.0
216.0
216.0
216.0
216.0
216.0
216.0
216.0
216.0
216.0
216.0
216.0
216.0
216.0
216.0
216.0
216.0
216.0
216.0
216.0
216.0
216.0
216.0
216.0
216.0
216.0
215.999999999
216.0
216.000000001
216.000000001
216.0
215.999999999
215.999999999
216.0
216.000000001
216.000000001
216.0
215.999999999
215.999999999
216.0
216.000000001
216.000000001
216.0
215.999999999
215.999999999
216.0
216.000000002
216.000000002
216.0
215.999999998
215.999999998
216.0
216.000000002
216.000000002
216.0
215.999999997
215.999999997
216.0
216.000000003
216.000000003
216.0
215.999999996
215.999999996
216.0
216.000000004
216.000000004
216.0
215.999999995
215.999999995
216.0
216.000000006
216.000000006
216.0
215.999999993
215.999999993
216.0
216.000000008
216.000000009
216.0
215.99999999
215.99999999
216.0
216.000000011
216.000000012
216.0
215.999999986
215.999999986
216.0
216.000000016
216.000000017
216.0
215.999999981
215.99999998
216.0
216.000000022
216.000000024
216.0
215.999999974
215.999999972
216.0
216.000000031
216.000000033
216.0
215.999999963
215.999999961
216.0
216.000000043
216.000000046
216.0
215.999999949
215.999999946
216.0
216.00000006
216.000000064
216.0
215.999999929
215.999999925
216.0
216.000000084
216.000000089
216.0
215.999999901
215.999999895
216.0
216.000000117
216.000000124
216.0
215.999999862
215.999999854
216.0
216.000000163
216.000000173
216.0
215.999999807
215.999999796
216.0
216.000000228
216.000000241
216.0
215.999999731
215.999999716
216.0
216.000000317
216.000000335
216.0
215.999999625
215.999999604
216.0
216.000000442
216.000000467
216.0
215.999999478
215.999999448
216.0
216.000000616
216.000000651
216.0
215.999999272
215.999999231
216.0
216.000000859
216.000000908
216.0
215.999998986
215.999998928
216.0
216.000001197
216.000001265
216.0
215.999998587
215.999998506
216.0
216.000001668
216.000001763
216.0
215.99999803
215.999997918
216.0
216.000002325
216.000002457
216.0
215.999997255
215.999997099
216.0
216.000003241
216.000003425
216.0
215.999996174
215.999995957
216.0
216.000004516
216.000004773
216.0
215.999994668
215.999994365
216.0
216.000006295
216.000006653
216.0
215.999992569
215.999992146
216.0
216.000008773
216.000009272
216.0
215.999989643
215.999989054
216.0
216.000012227
216.000012922
216.0
215.999985566
215.999984745
216.0
216.00001704
216.00001801
216.0
215.999979883
215.999978739
216.0
216.000023749
216.0000251
216.0
215.999971963
215.999970368
216.0
216.000033099
216.000034982
216.0
215.999960925
215.999958702
216.0
216.00004613
216.000048754
216.0
215.999945541
215.999942443
216.0
216.000064291
216.000067949
216.0
215.999924101
215.999919783
216.0
216.000089603
216.0000947
216.0
215.999894219
215.999888202
216.0
216.00012488
216.000131984
216.0
215.999852573
215.999844186
216.0
216.000174045
216.000183946
216.0
215.999794531
215.999782842
216.0
216.000242567
216.000256366
216.0
215.999713636
215.999697346
216.0
216.000338067
216.000357299
216.0
215.999600893
215.999578189
216.0
216.000471168
216.000497971
216.0
215.99944376
215.999412117
216.0
216.000656674
216.000694031
216.0
215.999224756
215.999180653
216.0
216.000915226
216.000967295
216.0
215.99891951
215.998858037
216.0
216.001275604
216.001348182
216.0
215.998494034
215.998408344
216.0
216.001777952
216.001879129
216.0
215.997900901
215.997781431
216.0
216.002478317
216.002619397
216.0
215.997073852
215.996907233
216.0
216.003455073
216.003651884
216.0
215.995920113
215.995687587
216.0
216.004818155
216.005092961
216.0
215.99430922
215.99398431
216.0
216.006722706
216.007107085
216.0
215.992056169
215.991601061
216.0
216.009390188
216.009929663
216.0
215.988894451
215.988253941
216.0
216.013143635
216.013905809
215.999999999
215.984428708
215.983518915
216.000000001
216.018473215
216.019563978
215.999999999
215.978040789
215.976725039
216.000000001
216.026175844
216.027776634
215.999999999
215.96867416
215.96670305
216.000000001
216.037701927
216.040170421
215.999999999
215.954250942
215.951084624
216.000000002
216.056186383
216.060389245
215.999999998
215.929733241
215.923870094
216.000000002
216.090392045
216.099201621
215.999999998
215.878192646
215.863323243
216.000000002
216.178415899
216.209041334
215.999999997
215.688492594
215.593830552
216.000000003
216.92645472
218.073545279
218.999999997
219.406169448
219.311507407
219.000000003
218.790958665
218.821584101
218.999999998
219.136676758
219.121807355
219.000000002
218.900798378
218.909607954
218.999999998
219.076129906
219.07026676
219.000000002
218.939610754
218.943813616
218.999999998
219.048915377
219.045749059
219.000000001
218.959829578
218.962298072
218.999999999
219.033296951
219.031325841
219.000000001
218.972223365
218.973824154
218.999999999
219.023274963
219.021959212
219.000000001
218.98043602
218.981526783
218.999999999
219.016481088
219.015571295
219.000000001
218.986094189
218.986856362
219.0
219.011746062
219.011105552
219.0
218.990070334
218.990609808
219.0
219.008398943
219.007943835
219.0
218.99289291
218.993277289
219.0
219.006015696
219.005690786
219.0
218.994907032
218.995181837
219.0
219.004312421
219.004079895
219.0
218.996348106
218.996544917
219.0
219.003092778
219.00292616
219.0
218.997380589
218.997521668
219.0
219.002218585
219.002099116
219.0
218.998120852
218.998222028
219.0
219.001591679
219.001505989
219.0
218.998651792
218.998724368
219.0
219.001141994
219.001080523
219.0
218.999032668
218.999084735
219.0
219.000819391
219.00077529
219.0
218.999305918
218.999343272
219.0
219.000587944
219.000556304
219.0
218.999501958
218.999528757
219.0
219.000421895
219.000399196
219.0
218.999642602
218.999661828
219.0
219.000302771
219.000286487
219.0
218.999743495
218.999757286
219.0
219.000217321
219.000205642
219.0
218.999815861
218.999825751
219.0
219.000156041
219.000147668
219.0
218.999867747
218.999874836
219.0
219.000112116
219.000106116
219.0
218.999904925
218.999910001
219.0
219.000080659
219.000076367
219.0
218.999931529
218.999935157
219.0
219.000058173
219.00005511
219.0
218.999950518
218.999953101
219.0
219.000042157
219.000039983
219.0
218.999964004
218.999965829
219.0
219.000030829
219.000029302
219.0
218.999973487
218.999974757
219.0
219.00002293
219.00002188
219.0
218.999980021
218.999980878
219.0
219.00001758
219.000016892
219.0
218.999984333
218.999984872
219.0
219.000014186
219.000013782
219.0
218.999986903
218.999987184
219.0
219.00001237
219.000012204
219.0
218.999988015
218.99998807
219.0
219.00001193
219.000011985
219.0
218.999987796
218.99998763
219.0
219.000012816
219.000013097
219.0
218.999986218
218.999985814
219.0
219.000015128
219.000015667
219.0
218.999983108
218.99998242
219.0
219.000019122
219.000019979
219.0
218.99997812
218.99997707
219.0
219.000025243
219.000026513
219.0
218.999970698
218.999969171
219.0
219.000034171
219.000035996
219.0
218.999960017
218.999957843
219.0
219.000046899
219.000049482
219.0
218.99994489
218.999941827
219.0
219.000064843
219.000068471
219.0
218.999923633
218.999919341
219.0
219.000089999
219.000095075
219.0
218.999893884
218.999887884
219.0
219.000125164
219.000132253
219.0
218.999852332
218.999843959
219.0
219.000174249
219.000184139
219.0
218.999794358
218.999782679
219.0
219.000242714
219.000256505
219.0
218.999713513
218.999697229
219.0
219.000338172
219.000357398
219.0
218.999600804
218.999578105
219.0
219.000471243
219.000498042
219.0
218.999443696
218.999412056
219.0
219.000656728
219.000694082
219.0
218.99922471
218.999180609
219.0
219.000915265
219.000967332
219.0
218.998919477
218.998858006
219.0
219.001275632
219.001348208
219.0
218.998494011
218.998408321
219.0
219.001777972
219.001879148
219.0
218.997900884
218.997781415
219.0
219.002478332
219.002619411
219.0
218.99707384
218.996907222
219.0
219.003455083
219.003651894
219.0
218.995920105
218.995687579
219.0
219.004818163
219.005092968
219.0
218.994309214
218.993984304
219.0
219.006722711
219.00710709
219.0
218.992056165
218.991601057
219.0
219.009390192
219.009929666
219.0
218.988894448
218.988253938
219.0
219.013143638
219.013905811
218.999999999
218.984428705
218.983518912
219.000000001
219.018473217
219.01956398
218.999999999
218.978040788
218.976725037
219.000000001
219.026175846
219.027776635
218.999999999
218.968674159
218.966703049
219.000000001
219.037701928
219.040170422
218.999999999
218.954250941
218.951084623
219.000000002
219.056186384
219.060389246
218.999999998
218.92973324
218.923870094
219.000000002
219.090392046
219.099201622
218.999999998
218.878192645
218.863323242
219.000000002
219.178415899
219.209041335
218.999999997
218.688492593
218.593830552
219.000000003
219.926454721
221.07354528
221.999999997
222.406169448
222.311507406
222.000000003
221.790958666
221.821584101
221.999999998
222.136676757
222.121807354
222.000000002
221.900798379
221.909607955
221.999999998
222.076129906
222.070266759
222.000000002
221.939610755
221.943813617
221.999999998
222.048915376
222.045749058
222.000000001
221.959829579
221.962298073
221.999999999
222.03329695
222.03132584
222.000000001
221.972223366
221.973824156
221.999999999
222.023274961
222.021959211
222.000000001
221.980436022
221.981526785
221.999999999
222.016481085
222.015571292
222.000000001
221.986094191
221.986856365
222.0
222.011746059
222.011105549
222.0
221.990070337
221.990609812
222.0
222.008398939
222.00794383
222.0
221.992892915
221.993277294
222.0
222.00601569
222.00569078
222.0
221.994907039
221.995181845
222.0
222.004312413
222.004079887
222.0
221.996348116
221.996544927
222.0
222.003092767
222.002926148
222.0
221.997380603
221.997521683
222.0
222.002218569
222.002099099
222.0
221.998120871
221.998222048
222.0
222.001591656
222.001505966
222.0
221.998651818
221.998724396
222.0
222.001141963
222.00108049
222.0
221.999032705
221.999084774
222.0
222.000819347
222.000775244
222.0
221.999305969
221.999343326
222.0
222.000587883
222.00055624
222.0
221.999502029
221.999528832
222.0
222.000421811
222.000399107
222.0
221.999642701
221.999661933
222.0
222.000302654
222.000286364
222.0
221.999743634
221.999757433
222.0
222.000217158
222.000205469
222.0
221.999816054
221.999825955
222.0
222.000155814
222.000147427
222.0
221.999868016
221.99987512
222.0
222.000111798
222.000105781
222.0
221.9999053
221.999910397
222.0
222.000080217
222.000075899
222.0
221.999932051
221.999935709
222.0
222.000057557
222.000054459
222.0
221.999951246
221.99995387
222.0
222.000041298
222.000039075
222.0
221.999965018
221.999966901
222.0
222.000029632
222.000028037
222.0
221.9999749
221.999976251
222.0
222.000021261
222.000020117
222.0
221.99998199
221.99998296
222.0
222.000015255
222.000014434
222.0
221.999987078
221.999987773
222.0
222.000010946
222.000010357
222.0
221.999990728
221.999991227
222.0
222.000007854
222.000007431
222.0
221.999993347
221.999993705
222.0
222.000005635
222.000005332
222.0
221.999995227
221.999995484
222.0
222.000004043
222.000003826
222.0
221.999996575
221.999996759
222.0
222.000002901
222.000002745
222.0
221.999997543
221.999997675
222.0
222.000002082
222.00000197
222.0
221.999998237
221.999998332
222.0
222.000001494
222.000001413
222.0
221.999998735
221.999998803
222.0
222.000001072
222.000001014
222.0
221.999999092
221.999999141
222.0
222.000000769
222.000000728
222.0
221.999999349
221.999999384
222.0
222.000000552
222.000000522
222.0
221.999999533
221.999999558
222.0
222.000000396
222.000000375
222.0
221.999999665
221.999999683
222.0
222.000000284
222.000000269
222.0
221.999999759
221.999999772
222.0
222.000000204
222.000000193
222.0
221.999999827
221.999999837
222.0
222.000000146
222.000000138
222.0
221.999999876
221.999999883
222.0
222.000000105
222.000000099
222.0
221.999999911
221.999999916
222.0
222.000000075
222.000000071
222.0
221.999999936
221.99999994
222.0
222.000000054
222.000000051
222.0
221.999999954
221.999999957
222.0
222.000000039
222.000000037
222.0
221.999999967
221.999999969
222.0
222.000000028
222.000000026
222.0
221.999999976
221.999999978
222.0
222.00000002
222.000000019
222.0
221.999999983
221.999999984
222.0
222.000000014
222.000000014
222.0
221.999999988
221.999999989
222.0
222.00000001
222.00000001
222.0
221.999999991
221.999999992
222.0
222.000000007
222.000000007
222.0
221.999999994
221.999999994
222.0
222.000000005
222.000000005
222.0
221.999999996
221.999999996
222.0
222.000000004
222.000000004
222.0
221.999999997
221.999999997
222.0
222.000000003
222.000000003
222.0
221.999999998
221.999999998
222.0
222.000000002
222.000000002
222.0
221.999999998
221.999999998
222.0
222.000000001
222.000000001
222.0
221.999999999
221.999999999
222.0
222.000000001
222.000000001
222.0
221.999999999
221.999999999
222.0
222.000000001
222.000000001
222.0
221.999999999
221.999999999
222.0
222.000000001
222.0
222.0
222.0
222.0
222.0
222.0
222.0
222.0
222.0
222.0
222.0
222.0
222.0
222.0
222.0
222.0
222.0
222.0
222.0
222.0
222.0
222.0
222.0
222.0
222.0
222.0
222.0
222.0
222.0
222.0
222.0
222.0
222.0
222.0
222.0
222.0
222.0
222.0
222.0
222.0
222.0
222.0
222.0
222.0
222.0
222.0
222.0
222.0
222.0
222.0
222.0
222.0
222.0
222.0
222.0
222.0
222.0
222.0
222.0
222.0
222.0
222.0
222.0
222.0
222.0
222.0
222.0
222.0
222.0
222.0
222.0
222.0
222.0
222.0
222.0
222.0
222.0
222.0
222.0
222.0
222.0
222.0
222.0
222.0
222.0
222.0
222.0
222.0
222.0
222.0
222.0
222.0
222.0
222.0
222.0
222.0
222.0
222.0
222.0
222.0
222.0
222.0
222.0
222.0
222.0
222.0
222.0
222.0
222.0
222.0
222.0
222.0
222.0
222.0
222.0
222.0
222.0
222.0
222.0
222.0
222.0
222.0
222.0
222.0
222.0
222.0
222.0
222.0
222.0
222.0
222.0
222.0
222.0
222.0
222.0
222.0
222.0
222.0
222.0
222.0
222.0
222.0
222.0
222.0
222.0
222.0
222.0
222.0
222.0
222.0
222.0
222.0
222.0
222.0
222.0
222.0
222.0
222.0
222.0
222.0
222.0
222.0
222.0
222.0
222.0
222.0
222.0
222.0
222.0
222.0
222.0
222.0
222.0
222.0
222.0
222.0
222.0
222.0
222.0
222.0
222.0
222.0
222.0
222.0
222.0
222.0
222.0
222.0
222.0
222.0
222.0
222.0
222.0
222.0
222.0
222.0
222.0
222.0
222.0
222.0
222.0
222.0
222.0
222.0
222.0
222.0
222.0
222.0
222.0
222.0
222.0
222.0
222.0
222.0
222.0
222.0
222.0
222.0
222.0
222.0
222.0
222.0
222.0
222.0
222.0
222.0
222.0
222.0
222.0
222.0
222.0
222.0
222.0
222.0
222.0
222.0
222.0
222.0
222.0
222.0
222.0
222.0
222.0
222.0
222.0
222.0
222.0
222.0
222.0
222.0
222.0
222.0
222.0
222.0
222.0
222.0
222.0
222.0
222.0
222.0
222.0
222.0
222.0
222.0
222.0
222.0
222.0
222.0
222.0
222.0
222.0
222.0
222.0
222.0
222.0
222.0
222.0
222.0
222.0
222.0
222.0
222.0
222.0
222.0
222.0
222.0
222.0
222.0
222.0
222.0
222.0
222.0
222.0
222.0
222.0
222.0
222.0
222.0
222.0
222.0
222.0
222.0
222.0
222.0
222.0
222.0
222.0
222.0
222.0
222.0
222.0
222.0
222.0
222.0
222.0
222.0
222.0
222.0
222.0
222.0
222.0
222.0
222.0
222.0
222.0
222.0
222.0
222.0
222.0
222.0
222.0
222.0
222.0
222.0
222.0
222.0
222.0
222.0
222.0
222.0
222.0
222.0
222.0
222.0
222.0
222.0
222.0
222.0
222.0
222.0
222.0
222.0
222.0
222.0
222.0
222.0
222.0
222.0
222.0
222.0
222.0
222.0
222.0
222.0
222.0
222.0
222.0
222.0
222.0
222.0
222.0
222.0
222.0
222.0
222.0
222.0
222.0
222.0
222.0
222.0
222.0
222.0
222.0
222.0
222.0
222.0
222.0
222.0
222.0
222.0
222.0
222.0
222.0
222.0
222.0
222.0
222.0
222.0
222.0
222.0
222.0
222.0
222.0
222.0
222.0
222.0
222.0
222.0
222.0
222.0
222.0
222.0
222.0
222.0
222.0
222.0
222.0
222.0
222.0
222.0
222.0
222.0
222.0
222.0
222.0
222.0
222.0
222.0
222.0
222.0
222.0
222.0
222.0
222.0
222.0
222.0
222.0
222.0
222.0
222.0
222.0
222.0
222.0
222.0
222.0
222.0
222.0
222.0
222.0
222.0
222.0
222.0
222.0
222.0
222.0
222.0
222.0
222.0
222.0
222.0
222.0
222.0
222.0
222.0
222.0
222.0
222.0
222.0
222.0
222.0
222.0
222.0
222.0
222.0
222.0
222.0
222.0
222.0
222.0
222.0
222.0
222.0
222.0
222.0
222.0
222.0
222.0
222.0
222.0
222.0
222.0
222.0
222.0
222.0
222.0
222.0
222.0
222.0
222.0
222.0
222.0
222.0
222.0
222.0
222.0
222.0
222.0
222.0
222.0
222.0
222.0
222.0
222.0
222.0
222.0
222.0
222.0
222.0
222.0
222.0
222.0
222.0
222.0
222.0
222.0
222.0
222.0
222.0
222.0
222.0
222.0
222.0
222.0
222.0
222.0
222.0
222.0
222.0
222.0
222.0
222.0
222.0
222.0
222.0
222.0
222.0
222.0
222.0
222.0
222.0
222.0
222.0
222.0
222.0
222.0
222.0
222.0
222.0
222.0
222.0
222.0
222.0
222.0
222.0
222.0
222.0
222.0
222.0
222.0
222.0
222.0
222.0
222.0
222.0
222.0
222.0
222.0
222.0
222.0
222.0
222.0
222.0
222.0
222.0
222.0
222.0
222.0
222.0
222.0
222.0
222.0
222.0
222.0
222.0
222.0
222.0
222.0
222.0
222.0
222.0
222.0
222.0
222.0
222.0
222.0
222.0
222.0
222.0
222.0
222.0
222.0
222.0
222.0
222.0
222.0
222.0
222.0
222.0
222.0
222.0
222.0
222.0
222.0
222.0
222.0
222.0
222.0
222.0
222.0
222.0
222.0
222.0
222.0
222.0
222.0
222.0
222.0
222.0
222.0
222.0
222.0
222.0
222.0
222.0
222.0
222.0
222.0
222.0
222.0
222.0
222.0
222.0
222.0
222.0
222.0
222.0
222.0
222.0
222.0
222.0
222.0
222.0
222.0
222.0
222.0
222.0
222.0
222.0
222.0
222.0
222.0
222.0
222.0
222.0
222.0
222.0
222.0
222.0
222.0
222.0
222.0
222.0
222.0
222.0
222.0
222.0
222.0
222.0
222.0
222.0
222.0
222.0
222.0
222.0
222.0
222.0
222.0
222.0
222.0
222.0
222.0
222.0
222.0
222.0
222.0
222.0
222.0
222.0
222.0
222.0
222.0
222.0
222.0
222.0
222.0
222.0
222.0
222.0
222.0
222.0
222.0
222.0
222.0
222.0
222.0
222.0
222.0
222.0
222.0
222.0
222.0
222.0
222.0
222.0
222.0
222.0
222.0
222.0
222.0
222.0
222.0
222.0
222.0
222.0
222.0
222.0
222.0
222.0
222.0
222.0
222.0
222.0
222.0
222.0
222.0
222.0
222.0
222.0
222.0
222.0
222.0
222.0
222.0
222.0
222.0
222.0
222.0
222.0
222.0
222.0
222.0
222.0
222.0
222.0
222.0
222.0
222.0
222.0
222.0
222.0
222.0
222.0
222.0
222.0
222.0
222.0
222.0
222.0
222.0
222.0
222.0
222.0
222.0
222.0
222.0
222.0
222.0
222.0
222.0
222.0
222.0
222.0
222.0
222.0
222.0
222.0
222.0
222.0
222.0
222.0
222.0
222.0
222.0
222.0
222.0
222.0
222.0
222.0
222.0
222.0
222.0
222.0
222.0
222.0
222.0
222.0
222.0
222.0
222.0
222.0
222.0
222.0
222.0
222.0
222.0
222.0
222.0
222.0
222.0
222.0
222.0
222.0
222.0
222.0
222.0
222.0
222.0
222.0
222.0
222.0
222.0
222.0
222.0
222.0
222.0
222.0
222.0
222.0
222.0
222.0
222.0
222.0
222.0
222.0
222.0
222.0
222.0
222.0
222.0
222.0
222.0
222.0
222.0
222.0
222.0
222.0
222.0
222.0
222.0
222.0
222.0
222.0
222.0
222.0
222.0
222.0
222.0
222.0
222.0
222.0
222.0
222.0
222.0
222.0
222.0
222.0
222.0
222.0
222.0
222.0
222.0
222.0
222.0
222.0
222.0
222.0
222.0
222.0
222.0
222.0
222.0
222.0
222.0
222.0
222.0
222.0
222.0
222.0
222.0
222.0
222.0
222.0
222.0
222.0
222.0
222.0
222.0
222.0
222.0
222.0
222.0
222.0
222.0
222.0
222.0
222.0
222.0
222.0
222.0
222.0
222.0
222.0
222.0
222.0
222.0
222.0
222.0
222.0
222.0
222.0
222.0
222.0
222.0
222.0
222.0
222.0
222.0
222.0
222.0
222.0
222.0
222.0
222.0
222.0
222.0
222.0
222.0
222.0
222.0
222.0
222.0
222.0
222.0
222.0
222.0
222.0
222.0
222.0
222.0
222.0
222.0
222.0
222.0
222.0
222.0
222.0
222.0
222.0
222.0
222.0
222.0
222.0
222.0
222.0
222.0
222.0
222.0
222.0
222.0
222.0
222.0
222.0
222.0
222.0
222.0
222.0
222.0
222.0
222.0
222.0
222.0
222.0
222.0
222.0
222.0
222.0
222.0
222.0
222.0
222.0
222.0
222.0
222.0
222.0
222.0
222.0
222.0
222.0
222.0
222.0
222.0
222.0
222.0
222.0
222.0
222.0
222.0
222.0
222.0
222.0
222.0
222.0
222.0
222.0
222.0
222.0
222.0
222.0
222.0
222.0
222.0
222.0
222.0
222.0
222.0
222.0
222.0
222.0
222.0
222.0
222.0
222.0
222.0
222.0
222.0
222.0
222.0
222.0
222.0
222.0
222.0
222.0
222.0
222.0
222.0
222.0
222.0
222.0
222.0
222.0
222.0
222.0
222.0
222.0
222.0
222.0
222.0
222.0
222.0
222.0
222.0
222.0
222.0
222.0
222.0
222.0
222.0
222.0
222.0
222.0
222.0
222.0
222.0
222.0
222.0
222.0
222.0
222.0
222.0
222.0
222.0
222.0
222.0
222.0
222.0
222.0
222.0
222.0
222.0
222.0
222.0
222.0
222.0
222.0
222.0
222.0
222.0
222.0
222.0
222.0
222.0
222.0
222.0
222.0
222.0
222.0
222.0
222.0
222.0
222.0
222.0
222.0
222.0
222.0
222.0
222.0
222.0
222.0
222.0
222.0
222.0
222.0
222.0
222.0
222.0
222.0
222.0
222.0
222.0
222.0
222.0
222.0
222.0
222.0
222.0
222.0
222.0
222.0
222.0
222.0
222.0
222.0
222.0
222.0
222.0
222.0
222.0
222.0
222.0
222.0
222.0
222.0
222.0
222.0
222.0
222.0
222.0
222.0
222.0
222.0
222.0
222.0
222.0
222.0
222.0
222.0
222.0
222.0
222.0
222.0
222.0
222.0
222.0
222.0
222.0
222.0
222.0
222.0
222.0
222.0
222.0
222.0
222.0
222.0
222.0
222.0
222.0
222.0
222.0
222.0
222.0
222.0
222.0
222.0
222.0
222.0
222.0
222.0
222.0
222.0
222.0
222.0
222.0
222.0
222.0
222.0
222.0
222.0
222.0
222.0
222.0
222.0
222.0
222.0
222.0
222.0
222.0
222.0
222.0
222.0
222.0
222.0
222.0
222.0
222.0
222.0
222.0
222.0
222.0
222.0
222.0
222.0
222.0
222.0
222.0
222.0
222.0
222.0
222.0
222.0
222.0
222.0
222.0
222.0
222.0
222.0
222.0
222.0
222.0
222.0
222.0
222.0
222.0
222.0
222.0
222.0
222.0
222.0
222.0
222.0
222.0
222.0
222.0
222.0
222.0
222.0
222.0
222.0
222.0
222.0
222.0
222.0
222.0
222.0
222.0
222.0
222.0
222.0
222.0
222.0
222.0
222.0
222.0
222.0
222.0
222.0
222.0
222.0
222.0
222.0
222.0
222.0
222.0
222.0
222.0
222.0
222.0
222.0
222.0
222.0
222.0
222.0
222.0
222.0
222.0
222.0
222.0
222.0
222.0
222.0
222.0
222.0
222.0
222.0
222.0
222.0
222.0
222.0
222.0
222.0
222.0
222.0
222.0
222.0
222.0
222.0
222.0
222.0
222.0
222.0
222.0
222.0
222.0
222.0
222.0
222.0
222.0
222.0
222.0
222.0
222.0
222.0
222.0
222.0
222.0
222.0
222.0
222.0
222.0
222.0
222.0
222.0
222.0
222.0
222.0
222.0
222.0
222.0
222.0
222.0
222.0
222.0
222.0
222.0
222.0
222.0
222.0
222.0
222.0
222.0
222.0
222.0
222.0
222.0
222.0
222.0
222.0
222.0
222.0
222.0
222.0
222.0
222.0
222.0
222.0
222.0
222.0
222.0
222.0
222.0
222.0
222.0
222.0
222.0
222.0
222.0
222.0
222.0
222.0
222.0
222.0
222.0
222.0
222.0
222.0
222.0
222.0
222.0
222.0
222.0
222.0
222.0
222.0
222.0
222.0
222.0
222.0
222.0
222.0
222.0
222.0
222.0
222.0
222.0
222.0
222.0
222.0
222.0
222.0
222.0
222.0
222.0
222.0
222.0
222.0
222.0
222.0
222.0
222.0
222.0
222.0
222.0
222.0
222.0
222.0
222.0
222.0
222.0
222.0
222.0
222.0
222.0
222.0
222.0
222.0
222.0
222.0
222.0
222.0
222.0
222.0
222.0
222.0
222.0
222.0
222.0
222.0
222.0
222.0
222.0
222.0
222.0
222.0
222.0
222.0
222.0
222.0
222.0
222.0
222.0
222.0
222.0
222.0
222.0
222.0
222.0
222.0
222.0
222.0
222.0
222.0
222.0
222.0
222.0
222.0
222.0
222.0
222.0
222.0
222.0
222.0
222.0
222.0
222.0
222.0
222.0
222.0
222.0
222.0
222.0
222.0
222.0
222.0
222.0
222.0
222.0
222.0
222.0
222.0
222.0
222.0
222.0
222.0
222.0
222.0
222.0
222.0
222.0
222.0
222.0
222.0
222.0
222.0
222.0
222.0
222.0
222.0
222.0
222.0
222.0
222.0
222.0
222.0
222.0
222.0
222.0
222.0
222.0
222.0
222.0
222.0
222.0
222.0
222.0
222.0
222.0
222.0
222.0
222.0
222.0
222.0
222.0
222.0
222.0
222.0
222.0
222.0
222.0
222.0
222.0
222.0
222.0
222.0
222.0
222.0
222.0
222.0
222.0
222.0
222.0
222.0
222.0
222.0
222.0
222.0
222.0
222.0
222.0
222.0
222.0
222.0
222.0
222.0
222.0
222.0
222.0
222.0
222.0
222.0
222.0
222.0
222.0
222.0
222.0
222.0
222.0
222.0
222.0
222.0
222.0
222.0
222.0
222.0
222.0
222.0
222.0
222.0
222.0
222.0
222.0
222.0
222.0
222.0
222.0
222.0
222.0
222.0
222.0
222.0
222.0
222.0
222.0
222.0
222.0
222.0
222.0
222.0
222.0
222.0
222.0
222.0
222.0
222.0
222.0
222.0
222.0
222.0
222.0
222.0
222.0
222.0
222.0
222.0
222.0
222.0
222.0
222.0
222.0
222.0
222.0
222.0
222.0
222.0
222.0
222.0
222.0
222.0
222.0
222.0
222.0
222.0
222.0
222.0
222.0
222.0
222.0
222.0
222.0
222.0
222.0
222.0
222.0
222.0
222.0
222.0
222.0
222.0
222.0
222.0
222.0
222.0
222.0
222.0
222.0
222.0
222.0
222.0
222.0
222.0
222.0
222.0
222.0
222.0
222.0
222.0
222.0
222.0
222.0
222.0
222.0
222.0
222.0
222.0
222.0
222.0
222.0
222.0
222.0
222.0
222.0
222.0
222.0
222.0
222.0
222.0
222.0
222.0
222.0
222.0
222.0
222.0
222.0
222.0
222.0
222.0
222.0
222.0
222.0
222.0
222.0
222.0
222.0
222.0
222.0
222.0
222.0
222.0
222.0
222.0
222.0
222.0
222.0
222.0
222.0
222.0
222.0
222.0
222.0
222.0
222.0
222.0
222.0
222.0
222.0
222.0
222.0
222.0
222.0
222.0
222.0
222.0
222.0
222.0
222.0
222.0
222.0
222.0
222.0
222.0
222.0
222.0
222.0
222.0
222.0
222.0
222.0
222.0
222.0
222.0
222.0
222.0
222.0
222.0
222.0
222.0
222.0
222.0
222.0
222.0
222.0
222.0
222.0
222.0
222.0
222.0
222.0
222.0
222.0
222.0
222.0
222.0
222.0
222.0
222.0
222.0
222.0
222.0
222.0
222.0
222.0
222.0
222.0
222.0
222.0
222.0
222.0
222.0
222.0
222.0
222.0
222.0
222.0
222.0
222.0
222.0
222.0
222.0
222.0
222.0
222.0
222.0
222.0
222.0
222.0
222.0
222.0
222.0
222.0
222.0
222.0
222.0
222.0
222.0
222.0
222.0
222.0
222.0
222.0
222.0
222.0
222.0
222.0
222.0
222.0
222.0
222.0
222.0
222.0
222.0
222.0
222.0
222.0
222.0
222.0
222.0
222.0
222.0
222.0
222.0
222.0
222.0
222.0
222.0
222.0
222.0
222.0
222.0
222.0
222.0
222.0
222.0
222.0
222.0
222.0
222.0
222.0
222.0
222.0
222.0
222.0
222.0
222.0
222.0
222.0
222.0
222.0
222.0
222.0
222.0
222.0
222.0
222.0
222.0
222.0
222.0
222.0
222.0
222.0
222.0
222.0
222.0
222.0
222.0
222.0
222.0
222.0
222.0
222.0
222.0
222.0
222.0
222.0
222.0
222.0
222.0
222.0
222.0
222.0
222.0
222.0
222.0
222.0
222.0
222.0
222.0
222.0
222.0
222.0
222.0
222.0
222.0
222.0
222.0
222.0
222.0
222.0
222.0
222.0
222.0
222.0
222.0
222.0
222.0
222.0
222.0
222.0
222.0
222.0
222.0
222.0
222.0
222.0
222.0
222.0
222.0
222.0
222.0
222.0
222.0
222.0
222.0
222.0
222.0
222.0
222.0
222.0
222.0
222.0
222.0
222.0
222.0
222.0
222.0
222.0
222.0
222.0
222.0
222.0
222.0
222.0
222.0
222.0
222.0
222.0
222.0
222.0
222.0
222.0
222.0
222.0
222.0
222.0
222.0
222.0
222.0
222.0
222.0
222.0
222.0
222.0
222.0
222.0
222.0
222.0
222.0
222.0
222.0
222.0
222.0
222.0
222.0
222.0
222.0
222.0
222.0
222.0
222.0
222.0
222.0
222.0
222.0
222.0
222.0
222.0
222.0
222.0
222.0
222.0
222.0
222.0
222.0
222.0
222.0
222.0
222.0
222.0
222.0
222.0
222.0
222.0
222.0
222.0
222.0
222.0
222.0
222.0
222.0
222.0
222.0
222.0
222.0
222.0
222.0
222.0
222.0
222.0
222.0
222.0
222.0
222.0
222.0
222.0
222.0
222.0
222.0
222.0
222.0
222.0
222.0
222.0
222.0
222.0
222.0
222.0
222.0
222.0
222.0
222.0
222.0
222.0
222.0
222.0
222.0
222.0
222.0
222.0
222.0
222.0
222.0
222.0
222.0
222.0
222.0
222.0
222.0
222.0
222.0
222.0
222.0
222.0
222.0
222.0
222.0
222.0
222.0
222.0
222.0
222.0
222.0
222.0
222.0
222.0
222.0
222.0
222.0
222.0
222.0
222.0
222.0
222.0
222.0
222.0
222.0
222.0
222.0
222.0
222.0
222.0
222.0
222.0
222.0
222.0
222.0
222.0
222.0
222.0
222.0
222.0
222.0
222.0
222.0
222.0
222.0
222.0
222.0
222.0
222.0
222.0
222.0
222.0
222.0
222.0
222.0
222.0
222.0
222.0
222.0
222.0
222.0
222.0
222.0
222.0
222.0
222.0
222.0
222.0
222.0
222.0
222.0
222.0
222.0
222.0
222.0
222.0
222.0
222.0
222.0
222.0
222.0
222.0
222.0
222.0
222.0
222.0
222.0
222.0
222.0
222.0
222.0
222.0
222.0
222.0
222.0
222.0
222.0
222.0
222.0
222.0
222.0
222.0
222.0
222.0
222.0
222.0
222.0
222.0
222.0
222.0
222.0
222.0
222.0
222.0
222.0
222.0
222.0
222.0
222.0
222.0
222.0
222.0
222.0
222.0
222.0
222.0
222.0
222.0
222.0
222.0
222.0
222.0
222.0
222.0
222.0
222.0
222.0
222.0
222.0
222.0
222.0
222.0
222.0
222.0
222.0
222.0
222.0
222.0
222.0
222.0
222.0
222.0
222.0
222.0
222.0
222.0
222.0
222.0
222.0
222.0
222.0
222.0
222.0
222.0
222.0
222.0
222.0
222.0
222.0
222.0
222.0
222.0
222.0
222.0
222.0
222.0
222.0
222.0
222.0
222.0
222.0
222.0
222.0
222.0
222.0
222.0
222.0
222.0
222.0
222.0
222.0
222.0
222.0
222.0
222.0
222.0
222.0
222.0
222.0
222.0
222.0
222.0
222.0
222.0
222.0
222.0
222.0
222.0
222.0
222.0
222.0
222.0
222.0
222.0
222.0
222.0
222.0
222.0
222.0
222.0
222.0
222.0
222.0
222.0
222.0
222.0
222.0
222.0
222.0
222.0
222.0
222.0
222.0
222.0
222.0
222.0
222.0
222.0
222.0
222.0
222.0
222.0
222.0
222.0
222.0
222.0
222.0
222.0
222.0
222.0
222.0
222.0
222.0
222.0
222.0
222.0
222.0
222.0
222.0
222.0
222.0
222.0
222.0
222.0
222.0
222.0
222.0
222.0
222.0
222.0
222.0
222.0
222.0
222.0
222.0
222.0
222.0
222.0
222.0
222.0
222.0
222.0
222.0
222.0
222.0
222.0
222.0
222.0
222.0
222.0
222.0
222.0
222.0
222.0
222.0
222.0
222.0
222.0
222.0
222.0
222.0
222.0
222.0
222.0
222.0
222.0
222.0
222.0
222.0
222.0
222.0
222.0
222.0
222.0
222.0
222.0
222.0
222.0
222.0
222.0
222.0
222.0
222.0
222.0
222.0
222.0
222.0
222.0
222.0
222.0
222.0
222.0
222.0
222.0
222.0
222.0
222.0
222.0
222.0
222.0
222.0
222.0
222.0
222.0
222.0
222.0
222.0
222.0
222.0
222.0
222.0
222.0
222.0
222.0
222.0
222.0
222.0
222.0
222.0
222.0
222.0
222.0
222.0
222.0
222.0
222.0
222.0
222.0
222.0
222.0
222.0
222.0
222.0
222.0
222.0
222.0
222.0
222.0
222.0
222.0
222.0
222.0
222.0
222.0
222.0
222.0
222.0
222.0
222.0
222.0
222.0
222.0
222.0
222.0
222.0
222.0
222.0
222.0
222.0
222.0
222.0
222.0
222.0
222.0
222.0
222.0
222.0
222.0
222.0
222.0
222.0
222.0
222.0
222.0
222.0
222.0
222.0
222.0
222.0
222.0
222.0
222.0
222.0
222.0
222.0
222.0
222.0
222.0
222.0
222.0
222.0
222.0
222.0
222.0
222.0
222.0
222.0
222.0
222.0
222.0
222.0
222.0
222.0
222.0
222.0
222.0
222.0
222.0
222.0
222.0
222.0
222.0
222.0
222.0
222.0
222.0
222.0
222.0
222.0
222.0
222.0
222.0
222.0
222.0
222.0
222.0
222.0
222.0
222.0
222.0
222.0
222.0
222.0
222.0
222.0
222.0
222.0
222.0
222.0
222.0
222.0
222.0
222.0
222.0
222.0
222.0
222.0
222.0
222.0
222.0
222.0
222.0
222.0
222.0
222.0
222.0
222.0
222.0
222.0
222.0
222.0
222.0
222.0
222.0
222.0
222.0
222.0
222.0
222.0
222.0
222.0
222.0
222.0
222.0
222.0
222.0
222.0
222.0
222.0
222.0
222.0
222.0
222.0
222.0
222.0
222.0
222.0
222.0
222.0
222.0
222.0
222.0
222.0
222.0
222.0
222.0
222.0
222.0
222.0
222.0
222.0
222.0
222.0
222.0
222.0
222.0
222.0
222.0
222.0
222.0
222.0
222.0
222.0
222.0
222.0
222.0
222.0
222.0
222.0
222.0
222.0
222.0
222.0
222.0
222.0
222.0
222.0
222.0
222.0
222.0
222.0
222.0
222.0
222.0
222.0
222.0
222.0
222.0
222.0
222.0
222.0
222.0
222.0
222.0
222.0
222.0
222.0
222.0
222.0
222.0
222.0
222.0
222.0
222.0
222.0
222.0
222.0
222.0
222.0
222.0
222.0
222.0
222.0
222.0
222.0
222.0
222.0
222.0
222.0
222.0
222.0
222.0
222.0
222.0
222.0
222.0
222.0
222.0
222.0
222.0
222.0
222.0
222.0
222.0
222.0
222.0
222.0
222.0
222.0
222.0
222.0
222.0
222.0
222.0
222.0
222.0
222.0
222.0
222.0
222.0
222.0
222.0
222.0
222.0
222.0
222.0
222.0
222.0
222.0
222.0
222.0
222.0
222.0
222.0
222.0
222.0
222.0
222.0
222.0
222.0
222.0
222.0
222.0
222.0
222.0
222.0
222.0
222.0
222.0
222.0
222.0
222.0
222.0
222.0
222.0
222.0
222.0
222.0
222.0
222.0
222.0
222.0
222.0
222.0
222.0
222.0
222.0
222.0
222.0
222.0
222.0
222.0
222.0
222.0
222.0
222.0
222.0
222.0
222.0
222.0
222.0
222.0
222.0
222.0
222.0
222.0
222.0
222.0
222.0
222.0
222.0
222.0
222.0
222.0
222.0
222.0
222.0
222.0
222.0
222.0
222.0
222.0
222.0
222.0
222.0
222.0
222.0
222.0
222.0
222.0
222.0
222.0
222.0
222.0
222.0
222.0
222.0
222.0
222.0
222.0
222.0
222.0
222.0
222.0
222.0
222.0
222.0
222.0
222.0
222.0
222.0
222.0
222.0
222.0
222.0
222.0
222.0
222.0
222.0
222.0
222.0
222.0
222.0
222.0
222.0
222.0
222.0
222.0
222.0
222.0
222.0
222.0
222.0
222.0
222.0
222.0
222.0
222.0
222.0
222.0
222.0
222.0
222.0
222.0
222.0
222.0
222.0
222.0
222.0
222.0
222.0
222.0
222.0
222.0
222.0
222.0
222.0
222.0
222.0
222.0
222.0
222.0
222.0
222.0
222.0
222.0
222.0
222.0
222.0
222.0
222.0
222.0
222.0
222.0
222.0
222.0
222.0
222.0
222.0
222.0
222.0
222.0
222.0
222.0
222.0
222.0
222.0
222.0
222.0
222.0
222.0
222.0
222.0
222.0
222.0
222.0
222.0
222.0
222.0
222.0
222.0
222.0
222.0
222.0
222.0
222.0
222.0
222.0
222.0
222.0
222.0
222.0
222.0
222.0
222.0
222.0
222.0
222.0
222.0
222.0
222.0
222.0
222.0
222.0
222.0
222.0
222.0
222.0
222.0
222.0
222.0
222.0
222.0
222.0
222.0
222.0
222.0
222.0
222.0
222.0
222.0
222.0
222.0
222.0
222.0
222.0
222.0
222.0
222.0
222.0
222.0
222.0
222.0
222.0
222.0
222.0
222.0
222.0
222.0
222.0
222.0
222.0
222.0
222.0
222.0
222.0
222.0
222.0
222.0
222.0
222.0
222.0
222.0
222.0
222.0
222.0
222.0
222.0
222.0
222.0
222.0
222.0
222.0
222.0
222.0
222.0
222.0
222.0
222.0
222.0
222.0
222.0
222.0
222.0
222.0
222.0
222.0
222.0
222.0
222.0
222.0
222.0
222.0
222.0
222.0
222.0
222.0
222.0
222.0
222.0
222.0
222.0
222.0
222.0
222.0
222.0
222.0
222.0
222.0
222.0
222.0
222.0
222.0
222.0
222.0
222.0
222.0
222.0
222.0
222.0
222.0
222.0
222.0
222.0
222.0
222.0
222.0
222.0
222.0
222.0
222.0
222.0
222.0
222.0
222.0
222.0
222.0
222.0
222.0
222.0
222.0
222.0
222.0
222.0
222.0
222.0
222.0
222.0
222.0
222.0
222.0
222.0
222.0
222.0
222.0
222.0
222.0
222.0
222.0
222.0
222.0
222.0
222.0
222.0
222.0
222.0
222.0
222.0
222.0
222.0
222.0
222.0
222.0
222.0
222.0
222.0
222.0
222.0
222.0
222.0
222.0
222.0
222.0
222.0
222.0
222.0
222.0
222.0
222.0
222.0
222.0
222.0
222.0
222.0
222.0
222.0
222.0
222.0
222.0
222.0
222.0
222.0
222.0
222.0
222.0
222.0
222.0
222.0
222.0
222.0
222.0
222.0
222.0
222.0
222.0
222.0
222.0
222.0
222.0
222.0
222.0
222.0
222.0
222.0
222.0
222.0
222.0
222.0
222.0
222.0
222.0
222.0
222.0
222.0
222.0
222.0
222.0
222.0
222.0
222.0
222.0
222.0
222.0
222.0
222.0
222.0
222.0
222.0
222.0
222.0
222.0
222.0
222.0
222.0
222.0
222.0
222.0
222.0
222.0
222.0
222.0
222.0
222.0
222.0
222.0
222.0
222.0
222.0
222.0
222.0
222.0
222.0
222.0
222.0
222.0
222.0
222.0
222.0
222.0
222.0
222.0
222.0
222.0
222.0
222.0
222.0
222.0
222.0
222.0
222.0
222.0
222.0
222.0
222.0
222.0
222.0
222.0
222.0
222.0
222.0
222.0
222.0
222.0
222.0
222.0
222.0
222.0
222.0
222.0
222.0
222.0
222.0
222.0
222.0
222.0
222.0
222.0
222.0
222.0
222.0
222.0
222.0
222.0
222.0
222.0
222.0
222.0
222.0
222.0
222.0
222.0
222.0
222.0
222.0
222.0
222.0
222.0
222.0
222.0
222.0
222.0
222.0
222.0
222.0
222.0
222.0
222.0
222.0
222.0
222.0
222.0
222.0
222.0
222.0
222.0
222.0
222.0
222.0
222.0
222.0
222.0
222.0
222.0
222.0
222.0
222.0
222.0
222.0
222.0
222.0
222.0
222.0
222.0
222.0
222.0
222.0
222.0
222.0
222.0
222.0
222.0
222.0
222.0
222.0
222.0
222.0
222.0
222.0
222.0
222.0
222.0
222.0
222.0
222.0
222.0
222.0
222.0
222.0
222.0
222.0
222.0
222.0
222.0
222.0
222.0
222.0
222.0
222.0
222.0
222.0
222.0
222.0
222.0
222.0
222.0
222.0
222.0
222.0
222.0
222.000000001
222.0
221.999999999
221.999999999
222.0
222.000000001
222.000000001
222.0
221.999999999
221.999999999
222.0
222.000000001
222.000000001
222.0
221.999999999
221.999999999
222.0
222.000000001
222.000000001
222.0
221.999999998
221.999999998
222.0
222.000000002
222.000000002
222.0
221.999999998
221.999999998
222.0
222.000000003
222.000000003
222.0
221.999999997
221.999999997
222.0
222.000000004
222.000000004
222.0
221.999999996
221.999999995
222.0
222.000000005
222.000000005
222.0
221.999999994
221.999999994
222.0
222.000000007
222.000000008
222.0
221.999999992
221.999999991
222.0
222.00000001
222.00000001
222.0
221.999999988
221.999999988
222.0
222.000000014
222.000000015
222.0
221.999999984
221.999999983
222.0
222.000000019
222.00000002
222.0
221.999999977
221.999999976
222.0
222.000000027
222.000000028
222.0
221.999999968
221.999999966
222.0
222.000000037
222.00000004
222.0
221.999999956
221.999999953
222.0
222.000000052
222.000000055
222.0
221.999999938
221.999999935
222.0
222.000000073
222.000000077
222.0
221.999999914
221.999999909
222.0
222.000000101
222.000000107
222.0
221.99999988
221.999999873
222.0
222.000000141
222.00000015
222.0
221.999999833
221.999999823
222.0
222.000000197
222.000000208
222.0
221.999999767
221.999999754
222.0
222.000000275
222.00000029
222.0
221.999999676
221.999999657
222.0
222.000000383
222.000000405
222.0
221.999999548
221.999999522
222.0
222.000000534
222.000000564
222.0
221.99999937
221.999999334
222.0
222.000000744
222.000000786
222.0
221.999999122
221.999999072
222.0
222.000001037
222.000001096
222.0
221.999998776
221.999998706
222.0
222.000001445
222.000001527
222.0
221.999998294
221.999998197
222.0
222.000002014
222.000002128
222.0
221.999997623
221.999997487
222.0
222.000002807
222.000002966
222.0
221.999996687
221.999996498
222.0
222.000003911
222.000004134
222.0
221.999995382
221.99999512
222.0
222.000005451
222.000005761
222.0
221.999993564
221.999993198
222.0
222.000007598
222.00000803
222.0
221.999991031
221.99999052
222.0
222.000010589
222.000011191
222.0
221.999987499
221.999986788
222.0
222.000014758
222.000015597
222.0
221.999982578
221.999981587
222.0
222.000020568
222.000021738
222.0
221.999975719
221.999974337
222.0
222.000028665
222.000030296
222.0
221.999966159
221.999964234
222.0
222.000039951
222.000042224
222.0
221.999952836
221.999950152
222.0
222.00005568
222.000058848
222.0
221.999934266
221.999930527
222.0
222.000077603
222.000082018
222.0
221.999908385
221.999903173
222.0
222.000108158
222.000114311
222.0
221.999872311
221.999865046
222.0
222.000150748
222.000159326
222.0
221.999822027
221.999811899
222.0
222.000210119
222.000222078
222.0
221.999751922
221.999737801
222.0
222.000292903
222.00030958
222.0
221.999654156
221.999634457
222.0
222.00040838
222.000431652
222.0
221.999517733
221.999490231
222.0
222.000569595
222.000602108
222.0
221.999327147
221.999288689
222.0
222.000795024
222.000840551
222.0
221.999060302
221.99900635
222.0
222.001111226
222.001175257
222.0
221.998685065
221.998608915
222.0
222.001557424
222.001648248
222.0
221.998152992
221.998044237
222.0
222.002194376
222.002325317
222.0
221.997386378
221.997227536
222.0
222.003123899
222.003318577
222.0
221.996247851
221.996005897
222.0
222.004537791
222.004844217
222.0
221.994458946
221.994060991
222.0
222.006858454
222.007392736
222.0
221.991346854
221.990597675
222.0
222.011218397
222.012329957
222.0
221.984878412
221.983103624
222.0
222.021565993
222.02468641
222.0
221.966572317
221.960323677
222.0
222.058799989
222.073850557
222.0
221.873436105
221.825244273
222.0
222.388413274
222.645865101
