-2.73465789271
-2.42159993547
-2.11047653163
-1.80127572653
-1.49398563941
-1.18859446291
-0.885090462643
-0.583461976732
-0.283697415365
0.014214739648
0.310285935323
0.604527547937
0.896950883466
1.18756717802
1.47638759829
1.76342324192
2.04868513804
2.33218424756
2.6139314637
2.89393761234
3.17221345249
3.44876967664
3.72361691123
3.99676571702
4.26822658952
4.53800995938
4.80612619277
5.07258559185
5.33739839507
5.60057477764
5.86212485188
6.12205866762
6.3803862126
6.63711741282
6.89226213296
7.14583017673
7.39783128726
7.64827514747
7.89717138045
8.14452954983
8.39035916011
8.6346696571
8.8774704282
9.11877080283
9.35858005274
9.5969073924
9.83376197932
10.0691529144
10.3030892424
10.5355799521
10.7666339767
10.9962601943
11.2244674281
11.4512644467
11.6766599647
11.9006626425
12.1232810875
12.3445238534
12.5643994413
12.7829162998
13.0000828251
13.2159073618
13.4303982026
13.6435635892
13.8554117124
14.0659507121
14.2751886781
14.4831336503
14.6897936188
14.8951765242
15.0992902582
15.3021426638
15.5037415353
15.7040946191
15.9032096134
16.1010941692
16.2977558899
16.4932023321
16.6874410057
16.8804793742
17.0723248548
17.262984819
17.4524665929
17.640777457
17.8279246471
18.0139153541
18.1987567245
18.3824558608
18.5650198214
18.7464556211
18.9267702314
19.1059705809
19.2840635551
19.4610559971
19.6369547077
19.8117664455
19.9854979277
20.1581558297
20.3297467856
20.5002773889
20.6697541919
20.8381837066
21.0055724048
21.1719267182
21.337253039
21.5015577195
21.6648470731
21.827127374
21.9884048577
22.1486857212
22.307976123
22.4662821838
22.6236099864
22.779965576
22.9353549602
23.08978411
23.243258959
23.3957854045
23.5473693071
23.6980164912
23.8477327454
23.9965238224
24.1443954394
24.2913532782
24.4374029855
24.5825501731
24.7268004182
24.8701592636
25.0126322176
25.1542247546
25.2949423152
25.4347903064
25.5737741017
25.7118990414
25.8491704328
25.9855935505
26.1211736365
26.2559159002
26.3898255191
26.5229076384
26.6551673718
26.7866098012
26.9172399772
27.0470629191
27.1760836153
27.3043070233
27.4317380698
27.5583816515
27.6842426344
27.8093258546
27.9336361184
28.0571782022
28.1799568531
28.3019767887
28.4232426975
28.5437592391
28.6635310442
28.782562715
28.9008588251
29.0184239199
29.1352625168
29.2513791052
29.3667781468
29.4814640757
29.5954412986
29.708714195
29.8212871173
29.9331643909
30.0443503148
30.154849161
30.2646651755
30.3738025779
30.4822655615
30.5900582941
30.6971849174
30.8036495478
30.9094562759
31.0146091675
31.1191122627
31.2229695772
31.3261851015
31.4287628016
31.530706619
31.6320204707
31.7327082497
31.8327738248
31.9322210409
32.0310537192
32.1292756572
32.2268906291
32.3239023856
32.4203146543
32.5161311398
32.6113555237
32.705991465
32.8000425999
32.8935125423
32.9864048837
33.0787231934
33.1704710186
33.2616518847
33.3522692952
33.4423267321
33.5318276556
33.6207755048
33.7091736974
33.7970256301
33.8843346785
33.9711041973
34.0573375206
34.1430379619
34.2282088141
34.3128533498
34.3969748214
34.4805764612
34.5636614816
34.646233075
34.7282944141
34.809848652
34.8908989226
34.9714483399
35.051499999
35.131056976
35.2101223276
35.2886990919
35.3667902882
35.4443989169
35.5215279603
35.5981803818
35.6743591268
35.7500671224
35.8253072776
35.9000824834
35.9743956131
36.0482495219
36.1216470478
36.1945910109
36.2670842141
36.3391294427
36.4107294652
36.4818870327
36.5526048793
36.6228857223
36.6927322622
36.7621471828
36.8311331513
36.8996928184
36.9678288185
37.0355437696
37.1028402736
37.1697209164
37.2361882677
37.3022448815
37.367893296
37.4331360337
37.4979756014
37.5624144906
37.6264551772
37.690100122
37.7533517705
37.8162125531
37.8786848851
37.9407711669
38.0024737843
38.063795108
38.1247374943
38.1853032849
38.2454948068
38.305314373
38.364764282
38.423846818
38.4825642513
38.5409188379
38.5989128202
38.6565484266
38.7138278715
38.770753356
38.8273270673
38.8835511792
38.9394278521
38.994959233
39.0501474557
39.1049946406
39.1595028954
39.2136743143
39.2675109789
39.3210149578
39.3741883069
39.4270330693
39.4795512754
39.5317449434
39.5836160786
39.6351666742
39.686398711
39.7373141574
39.78791497
39.8382030929
39.8881804585
39.9378489871
39.9872105872
40.0362671554
40.0850205766
40.1334727243
40.1816254602
40.2294806344
40.2770400857
40.3243056416
40.3712791183
40.4179623206
40.4643570423
40.5104650661
40.5562881636
40.6018280955
40.6470866118
40.6920654513
40.7367663424
40.7811910027
40.8253411391
40.8692184481
40.9128246157
40.9561613172
40.999230218
41.042032973
41.0845712266
41.1268466136
41.1688607582
41.2106152748
41.2521117679
41.2933518317
41.3343370511
41.3750690008
41.4155492458
41.4557793417
41.4957608342
41.5354952595
41.5749841445
41.6142290064
41.6532313533
41.6919926836
41.7305144869
41.7687982432
41.8068454237
41.8446574901
41.8822358955
41.9195820837
41.9566974897
41.9935835397
42.030241651
42.0666732321
42.1028796828
42.1388623945
42.1746227496
42.2101621223
42.2454818781
42.2805833741
42.3154679591
42.3501369735
42.3845917495
42.4188336108
42.4528638733
42.4866838445
42.5202948239
42.5536981031
42.5868949654
42.6198866864
42.6526745339
42.6852597676
42.7176436397
42.7498273944
42.7818122684
42.8135994906
42.8451902826
42.876585858
42.9077874233
42.9387961774
42.9696133117
43.0002400103
43.0306774502
43.0609268007
43.0909892242
43.1208658759
43.1505579037
43.1800664484
43.2093926441
43.2385376173
43.2675024882
43.2962883695
43.3248963674
43.3533275811
43.381583103
43.4096640189
43.4375714077
43.4653063418
43.4928698868
43.5202631018
43.5474870394
43.5745427457
43.6014312603
43.6281536162
43.6547108404
43.6811039531
43.7073339687
43.7334018949
43.7593087333
43.7850554795
43.8106431227
43.8360726461
43.8613450268
43.8864612359
43.9114222384
43.9362289935
43.9608824543
43.9853835681
44.0097332764
44.0339325147
44.0579822129
44.0818832951
44.1056366797
44.1292432793
44.1527040011
44.1760197465
44.1991914113
44.222219886
44.2451060553
44.2678507988
44.2904549902
44.3129194981
44.3352451858
44.3574329111
44.3794835265
44.4013978793
44.4231768115
44.44482116
44.4663317564
44.4877094273
44.508954994
44.530069273
44.5510530755
44.5719072078
44.5926324713
44.6132296622
44.6336995719
44.6540429871
44.6742606894
44.6943534556
44.7143220579
44.7341672634
44.7538898347
44.7734905297
44.7929701014
44.8123292984
44.8315688645
44.850689539
44.8696920565
44.8885771473
44.9073455369
44.9259979466
44.944535093
44.9629576885
44.9812664408
44.9994620535
45.0175452257
45.0355166522
45.0533770237
45.0711270263
45.0887673422
45.106298649
45.1237216205
45.141036926
45.158245231
45.1753471966
45.19234348
45.2092347342
45.2260216083
45.2427047472
45.2592847921
45.2757623799
45.2921381439
45.3084127132
45.3245867133
45.3406607654
45.3566354874
45.372511493
45.3882893922
45.4039697913
45.4195532928
45.4350404954
45.4504319943
45.4657283808
45.4809302428
45.4960381643
45.5110527258
45.5259745042
45.540804073
45.5555420019
45.5701888572
45.5847452017
45.5992115948
45.6135885922
45.6278767464
45.6420766065
45.6561887179
45.6702136231
45.6841518608
45.6980039667
45.7117704729
45.7254519085
45.7390487992
45.7525616674
45.7659910323
45.7793374099
45.7926013131
45.8057832515
45.8188837316
45.8319032568
45.8448423274
45.8577014405
45.8704810902
45.8831817676
45.8958039607
45.9083481545
45.9208148309
45.9332044691
45.945517545
45.9577545318
45.9699158997
45.982002116
45.994013645
46.0059509484
46.0178144847
46.0296047099
46.0413220769
46.052967036
46.0645400347
46.0760415175
46.0874719266
46.0988317009
46.1101212772
46.121341089
46.1324915677
46.1435731415
46.1545862363
46.1655312753
46.176408679
46.1872188654
46.1979622498
46.2086392451
46.2192502615
46.2297957067
46.240275986
46.250691502
46.2610426549
46.2713298424
46.2815534599
46.2917139002
46.3018115536
46.3118468082
46.3218200496
46.331731661
46.3415820232
46.3513715147
46.3611005117
46.370769388
46.380378515
46.3899282622
46.3994189963
46.4088510821
46.4182248819
46.427540756
46.4367990623
46.4460001565
46.4551443923
46.4642321209
46.4732636915
46.4822394512
46.4911597448
46.5000249152
46.5088353029
46.5175912465
46.5262930824
46.534941145
46.5435357666
46.5520772774
46.5605660055
46.5690022773
46.5773864168
46.5857187463
46.5939995857
46.6022292534
46.6104080656
46.6185363365
46.6266143784
46.6346425018
46.6426210151
46.6505502249
46.6584304358
46.6662619506
46.6740450704
46.681780094
46.6894673188
46.69710704
46.7046995514
46.7122451445
46.7197441093
46.7271967341
46.734603305
46.7419641067
46.7492794221
46.7565495323
46.7637747165
46.7709552524
46.778091416
46.7851834813
46.792231721
46.7992364058
46.8061978048
46.8131161857
46.8199918142
46.8268249544
46.833615869
46.8403648189
46.8470720634
46.8537378603
46.8603624656
46.8669461339
46.8734891182
46.8799916698
46.8864540387
46.8928764732
46.8992592199
46.9056025243
46.91190663
46.9181717792
46.9243982126
46.9305861696
46.9367358879
46.9428476038
46.9489215521
46.9549579662
46.9609570781
46.9669191182
46.9728443157
46.9787328982
46.9845850919
46.9904011219
46.9961812114
47.0019255827
47.0076344564
47.0133080519
47.0189465872
47.024550279
47.0301193425
47.0356539918
47.0411544396
47.0466208971
47.0520535744
47.0574526803
47.0628184223
47.0681510064
47.0734506376
47.0787175196
47.0839518546
47.0891538439
47.0943236873
47.0994615835
47.1045677298
47.1096423225
47.1146855566
47.1196976258
47.1246787228
47.1296290388
47.1345487642
47.139438088
47.1442971981
47.149126281
47.1539255225
47.1586951069
47.1634352174
47.1681460363
47.1728277445
47.1774805219
47.1821045472
47.1866999983
47.1912670516
47.1958058826
47.2003166657
47.2047995743
47.2092547805
47.2136824557
47.2180827698
47.2224558921
47.2268019905
47.231121232
47.2354137826
47.2396798072
47.2439194698
47.2481329332
47.2523203593
47.2564819091
47.2606177425
47.2647280183
47.2688128945
47.272872528
47.2769070749
47.2809166902
47.2849015279
47.2888617411
47.2927974821
47.296708902
47.3005961511
47.3044593788
47.3082987336
47.3121143629
47.3159064134
47.3196750308
47.3234203599
47.3271425446
47.3308417279
47.3345180519
47.338171658
47.3418026865
47.3454112769
47.3489975678
47.3525616972
47.3561038019
47.359624018
47.3631224808
47.3665993247
47.3700546834
47.3734886895
47.376901475
47.3802931712
47.3836639082
47.3870138156
47.3903430221
47.3936516557
47.3969398434
47.4002077117
47.403455386
47.4066829913
47.4098906514
47.4130784896
47.4162466285
47.4193951898
47.4225242944
47.4256340626
47.4287246139
47.431796067
47.4348485399
47.4378821499
47.4408970137
47.443893247
47.4468709649
47.4498302819
47.4527713118
47.4556941674
47.4585989611
47.4614858045
47.4643548086
47.4672060836
47.470039739
47.4728558837
47.4756546259
47.4784360732
47.4812003325
47.4839475099
47.486677711
47.4893910408
47.4920876034
47.4947675025
47.4974308411
47.5000777215
47.5027082454
47.5053225138
47.5079206273
47.5105026857
47.5130687881
47.5156190332
47.5181535189
47.5206723427
47.5231756014
47.5256633911
47.5281358073
47.5305929452
47.5330348991
47.5354617629
47.5378736298
47.5402705924
47.5426527429
47.5450201729
47.5473729732
47.5497112343
47.552035046
47.5543444977
47.556639678
47.5589206751
47.5611875767
47.56344047
47.5656794414
47.567904577
47.5701159622
47.5723136822
47.5744978212
47.5766684633
47.5788256918
47.5809695897
47.5831002392
47.5852177223
47.5873221204
47.5894135142
47.5914919842
47.5935576102
47.5956104716
47.5976506473
47.5996782156
47.6016932545
47.6036958414
47.6056860532
47.6076639665
47.6096296571
47.6115832007
47.6135246723
47.6154541465
47.6173716974
47.6192773988
47.6211713238
47.6230535452
47.6249241353
47.6267831661
47.628630709
47.6304668348
47.6322916143
47.6341051175
47.635907414
47.6376985732
47.6394786639
47.6412477544
47.6430059128
47.6447532065
47.6464897028
47.6482154684
47.6499305695
47.6516350721
47.6533290416
47.6550125432
47.6566856415
47.6583484009
47.6600008852
47.6616431579
47.6632752821
47.6648973205
47.6665093355
47.668111389
47.6697035425
47.6712858573
47.672858394
47.6744212133
47.675974375
47.6775179389
47.6790519643
47.6805765101
47.682091635
47.6835973971
47.6850938542
47.686581064
47.6880590834
47.6895279694
47.6909877784
47.6924385664
47.6938803893
47.6953133023
47.6967373606
47.6981526188
47.6995591314
47.7009569525
47.7023461356
47.7037267342
47.7050988014
47.7064623898
47.7078175519
47.7091643397
47.710502805
47.7118329992
47.7131549734
47.7144687784
47.7157744647
47.7170720824
47.7183616815
47.7196433115
47.7209170216
47.7221828607
47.7234408775
47.7246911204
47.7259336374
47.7271684761
47.7283956842
47.7296153086
47.7308273964
47.732031994
47.7332291477
47.7344189036
47.7356013074
47.7367764044
47.7379442399
47.7391048587
47.7402583055
47.7414046244
47.7425438596
47.7436760549
47.7448012538
47.7459194994
47.7470308348
47.7481353026
47.7492329454
47.7503238052
47.751407924
47.7524853435
47.753556105
47.7546202497
47.7556778185
47.756728852
47.7577733906
47.7588114744
47.7598431433
47.760868437
47.7618873949
47.7629000561
47.7639064595
47.7649066438
47.7659006474
47.7668885085
47.7678702651
47.768845955
47.7698156155
47.7707792839
47.7717369973
47.7726887925
47.773634706
47.7745747743
47.7755090333
47.7764375191
47.7773602672
47.7782773132
47.7791886923
47.7800944394
47.7809945895
47.7818891771
47.7827782365
47.7836618019
47.7845399073
47.7854125865
47.7862798728
47.7871417998
47.7879984004
47.7888497077
47.7896957542
47.7905365726
47.7913721951
47.7922026539
47.7930279808
47.7938482075
47.7946633657
47.7954734865
47.7962786012
47.7970787406
47.7978739356
47.7986642166
47.799449614
47.800230158
47.8010058787
47.8017768057
47.8025429688
47.8033043973
47.8040611206
47.8048131676
47.8055605674
47.8063033486
47.8070415397
47.8077751691
47.8085042651
47.8092288556
47.8099489684
47.8106646313
47.8113758717
47.812082717
47.8127851943
47.8134833306
47.8141771528
47.8148666875
47.8155519611
47.8162330001
47.8169098306
47.8175824785
47.8182509699
47.8189153302
47.8195755851
47.82023176
47.82088388
47.8215319702
47.8221760554
47.8228161606
47.8234523102
47.8240845287
47.8247128403
47.8253372693
47.8259578396
47.8265745751
47.8271874994
47.8277966361
47.8284020087
47.8290036403
47.8296015541
47.8301957731
47.8307863201
47.8313732178
47.8319564887
47.8325361553
47.8331122398
47.8336847644
47.8342537511
47.8348192216
47.8353811978
47.8359397013
47.8364947535
47.8370463757
47.8375945891
47.8381394149
47.8386808738
47.8392189868
47.8397537745
47.8402852575
47.8408134561
47.8413383908
47.8418600815
47.8423785485
47.8428938116
47.8434058906
47.8439148052
47.8444205749
47.8449232192
47.8454227574
47.8459192086
47.8464125921
47.8469029266
47.8473902311
47.8478745243
47.8483558248
47.8488341511
47.8493095215
47.8497819544
47.8502514679
47.8507180799
47.8511818086
47.8516426716
47.8521006866
47.8525558714
47.8530082433
47.8534578198
47.8539046181
47.8543486554
47.8547899488
47.8552285151
47.8556643714
47.8560975342
47.8565280203
47.8569558462
47.8573810283
47.857803583
47.8582235265
47.8586408749
47.8590556443
47.8594678507
47.8598775098
47.8602846374
47.8606892491
47.8610913605
47.8614909871
47.8618881441
47.8622828469
47.8626751106
47.8630649503
47.863452381
47.8638374176
47.8642200747
47.8646003673
47.8649783098
47.8653539168
47.8657272027
47.8660981819
47.8664668686
47.866833277
47.8671974212
47.8675593151
47.8679189727
47.8682764078
47.8686316341
47.8689846652
47.8693355148
47.8696841963
47.8700307231
47.8703751085
47.8707173658
47.8710575081
47.8713955485
47.8717314999
47.8720653753
47.8723971875
47.8727269493
47.8730546733
47.8733803721
47.8737040583
47.8740257442
47.8743454422
47.8746631647
47.8749789238
47.8752927316
47.8756046002
47.8759145417
47.8762225678
47.8765286905
47.8768329215
47.8771352725
47.8774357551
47.8777343809
47.8780311612
47.8783261077
47.8786192314
47.8789105439
47.8792000561
47.8794877793
47.8797737245
47.8800579027
47.8803403248
47.8806210016
47.880899944
47.8811771627
47.8814526683
47.8817264714
47.8819985825
47.8822690121
47.8825377705
47.8828048682
47.8830703153
47.8833341221
47.8835962987
47.8838568551
47.8841158014
47.8843731476
47.8846289035
47.8848830789
47.8851356836
47.8853867274
47.8856362198
47.8858841705
47.8861305889
47.8863754846
47.886618867
47.8868607454
47.887101129
47.8873400273
47.8875774492
47.887813404
47.8880479006
47.8882809482
47.8885125557
47.888742732
47.8889714858
47.8891988261
47.8894247615
47.8896493008
47.8898724525
47.8900942252
47.8903146274
47.8905336677
47.8907513544
47.8909676959
47.8911827005
47.8913963765
47.8916087321
47.8918197754
47.8920295146
47.8922379576
47.8924451126
47.8926509875
47.8928555902
47.8930589285
47.8932610102
47.8934618432
47.8936614352
47.8938597937
47.8940569265
47.8942528411
47.8944475451
47.8946410458
47.8948333508
47.8950244675
47.8952144031
47.8954031651
47.8955907605
47.8957771967
47.8959624809
47.89614662
47.8963296213
47.8965114917
47.8966922382
47.8968718678
47.8970503874
47.8972278038
47.8974041238
47.8975793543
47.8977535019
47.8979265734
47.8980985754
47.8982695144
47.8984393972
47.8986082302
47.8987760198
47.8989427726
47.8991084949
47.8992731932
47.8994368737
47.8995995427
47.8997612065
47.8999218713
47.9000815432
47.9002402285
47.9003979331
47.9005546632
47.9007104248
47.9008652239
47.9010190664
47.9011719582
47.9013239052
47.9014749132
47.9016249881
47.9017741356
47.9019223614
47.9020696712
47.9022160708
47.9023615656
47.9025061614
47.9026498636
47.9027926779
47.9029346096
47.9030756642
47.9032158472
47.9033551639
47.9034936197
47.9036312199
47.9037679698
47.9039038746
47.9040389396
47.90417317
47.9043065709
47.9044391474
47.9045709047
47.9047018478
47.9048319817
47.9049613115
47.905089842
47.9052175783
47.9053445252
47.9054706877
47.9055960705
47.9057206785
47.9058445166
47.9059675893
47.9060899015
47.9062114579
47.9063322631
47.9064523218
47.9065716386
47.9066902181
47.9068080648
47.9069251832
47.907041578
47.9071572534
47.9072722141
47.9073864643
47.9075000085
47.9076128511
47.9077249964
47.9078364486
47.9079472121
47.9080572912
47.90816669
47.9082754128
47.9083834637
47.908490847
47.9085975666
47.9087036268
47.9088090316
47.908913785
47.9090178911
47.9091213538
47.9092241772
47.9093263652
47.9094279218
47.9095288507
47.909629156
47.9097288414
47.9098279108
47.909926368
47.9100242168
47.910121461
47.9102181042
47.9103141502
47.9104096027
47.9105044653
47.9105987417
47.9106924355
47.9107855504
47.9108780898
47.9109700574
47.9110614567
47.9111522912
47.9112425643
47.9113322796
47.9114214405
47.9115100505
47.9115981128
47.911685631
47.9117726084
47.9118590483
47.911944954
47.9120303288
47.9121151761
47.9121994991
47.912283301
47.912366585
47.9124493544
47.9125316123
47.9126133619
47.9126946063
47.9127753487
47.9128555921
47.9129353396
47.9130145944
47.9130933593
47.9131716376
47.9132494321
47.9133267459
47.9134035819
47.9134799432
47.9135558325
47.9136312529
47.9137062072
47.9137806983
47.9138547292
47.9139283025
47.9140014212
47.914074088
47.9141463058
47.9142180774
47.9142894054
47.9143602926
47.9144307418
47.9145007556
47.9145703368
47.9146394881
47.9147082119
47.9147765112
47.9148443883
47.914911846
47.9149788868
47.9150455134
47.9151117283
47.9151775339
47.9152429329
47.9153079278
47.9153725211
47.9154367151
47.9155005125
47.9155639157
47.915626927
47.915689549
47.915751784
47.9158136344
47.9158751026
47.915936191
47.9159969019
47.9160572376
47.9161172004
47.9161767927
47.9162360168
47.9162948749
47.9163533692
47.9164115021
47.9164692758
47.9165266925
47.9165837543
47.9166404635
47.9166968223
47.9167528328
47.9168084972
47.9168638176
47.9169187962
47.916973435
47.9170277362
47.9170817018
47.917135334
47.9171886347
47.917241606
47.91729425
47.9173465687
47.9173985641
47.9174502382
47.9175015929
47.9175526303
47.9176033523
47.9176537609
47.917703858
47.9177536455
47.9178031253
47.9178522994
47.9179011696
47.9179497378
47.9179980059
47.9180459757
47.9180936491
47.9181410279
47.9181881138
47.9182349089
47.9182814147
47.9183276332
47.9183735661
47.9184192151
47.918464582
47.9185096686
47.9185544765
47.9185990076
47.9186432635
47.9186872459
47.9187309565
47.918774397
47.9188175691
47.9188604744
47.9189031145
47.9189454912
47.918987606
47.9190294605
47.9190710564
47.9191123952
47.9191534786
47.9191943081
47.9192348853
47.9192752118
47.9193152891
47.9193551187
47.9193947021
47.919434041
47.9194731368
47.919511991
47.919550605
47.9195889805
47.9196271188
47.9196650215
47.9197026899
47.9197401255
47.9197773298
47.9198143042
47.9198510501
47.919887569
47.9199238622
47.9199599311
47.9199957771
47.9200314016
47.9200668059
47.9201019915
47.9201369597
47.9201717117
47.920206249
47.9202405729
47.9202746847
47.9203085857
47.9203422772
47.9203757605
47.9204090368
47.9204421076
47.920474974
47.9205076373
47.9205400987
47.9205723595
47.920604421
47.9206362844
47.9206679509
47.9206994216
47.9207306979
47.920761781
47.9207926719
47.920823372
47.9208538823
47.9208842041
47.9209143386
47.9209442868
47.9209740499
47.9210036292
47.9210330256
47.9210622404
47.9210912746
47.9211201295
47.921148806
47.9211773053
47.9212056285
47.9212337767
47.9212617509
47.9212895523
47.9213171819
47.9213446407
47.9213719298
47.9213990504
47.9214260033
47.9214527896
47.9214794105
47.9215058668
47.9215321597
47.92155829
47.9215842589
47.9216100673
47.9216357163
47.9216612067
47.9216865396
47.921711716
47.9217367368
47.921761603
47.9217863155
47.9218108753
47.9218352833
47.9218595405
47.9218836478
47.9219076062
47.9219314164
47.9219550796
47.9219785965
47.9220019681
47.9220251953
47.9220482789
47.9220712199
47.9220940191
47.9221166775
47.9221391958
47.9221615749
47.9221838158
47.9222059192
47.9222278861
47.9222497172
47.9222714134
47.9222929755
47.9223144044
47.9223357008
47.9223568657
47.9223778998
47.9223988038
47.9224195787
47.9224402253
47.9224607442
47.9224811364
47.9225014025
47.9225215434
47.9225415598
47.9225614526
47.9225812224
47.92260087
47.9226203963
47.9226398018
47.9226590875
47.9226782539
47.922697302
47.9227162323
47.9227350457
47.9227537427
47.9227723243
47.922790791
47.9228091436
47.9228273828
47.9228455093
47.9228635238
47.9228814269
47.9228992195
47.922916902
47.9229344753
47.92295194
47.9229692968
47.9229865463
47.9230036893
47.9230207263
47.923037658
47.9230544851
47.9230712082
47.9230878279
47.923104345
47.92312076
47.9231370735
47.9231532863
47.9231693988
47.9231854118
47.9232013258
47.9232171415
47.9232328595
47.9232484803
47.9232640046
47.923279433
47.923294766
47.9233100043
47.9233251484
47.9233401989
47.9233551564
47.9233700215
47.9233847948
47.9233994767
47.9234140679
47.923428569
47.9234429804
47.9234573028
47.9234715367
47.9234856826
47.9234997411
47.9235137127
47.923527598
47.9235413975
47.9235551117
47.9235687411
47.9235822864
47.9235957479
47.9236091262
47.9236224219
47.9236356354
47.9236487673
47.923661818
47.9236747881
47.923687678
47.9237004882
47.9237132193
47.9237258718
47.923738446
47.9237509425
47.9237633619
47.9237757044
47.9237879707
47.9238001612
47.9238122764
47.9238243167
47.9238362826
47.9238481745
47.923859993
47.9238717384
47.9238834113
47.923895012
47.9239065411
47.9239179988
47.9239293858
47.9239407024
47.9239519491
47.9239631263
47.9239742344
47.9239852739
47.9239962452
47.9240071486
47.9240179847
47.9240287538
47.9240394564
47.9240500928
47.9240606635
47.9240711689
47.9240816094
47.9240919853
47.9241022972
47.9241125453
47.92412273
47.9241328519
47.9241429112
47.9241529083
47.9241628437
47.9241727176
47.9241825306
47.9241922829
47.9242019749
47.924211607
47.9242211797
47.9242306931
47.9242401478
47.9242495441
47.9242588822
47.9242681627
47.9242773859
47.924286552
47.9242956615
47.9243047147
47.924313712
47.9243226536
47.92433154
47.9243403715
47.9243491484
47.9243578711
47.9243665399
47.9243751551
47.9243837171
47.9243922261
47.9244006826
47.9244090868
47.9244174391
47.9244257398
47.9244339892
47.9244421876
47.9244503353
47.9244584327
47.9244664801
47.9244744777
47.9244824259
47.924490325
47.9244981753
47.924505977
47.9245137306
47.9245214362
47.9245290942
47.9245367049
47.9245442686
47.9245517855
47.924559256
47.9245666803
47.9245740587
47.9245813916
47.9245886791
47.9245959216
47.9246031193
47.9246102726
47.9246173816
47.9246244468
47.9246314682
47.9246384463
47.9246453813
47.9246522734
47.9246591229
47.92466593
47.9246726952
47.9246794185
47.9246861002
47.9246927407
47.9246993401
47.9247058988
47.9247124169
47.9247188948
47.9247253326
47.9247317306
47.9247380891
47.9247444083
47.9247506885
47.9247569298
47.9247631326
47.9247692971
47.9247754234
47.9247815119
47.9247875628
47.9247935763
47.9247995526
47.924805492
47.9248113947
47.9248172609
47.9248230909
47.9248288848
47.9248346429
47.9248403655
47.9248460527
47.9248517047
47.9248573218
47.9248629042
47.9248684521
47.9248739657
47.9248794453
47.924884891
47.924890303
47.9248956816
47.924901027
47.9249063393
47.9249116188
47.9249168657
47.9249220801
47.9249272623
47.9249324126
47.9249375309
47.9249426177
47.924947673
47.9249526971
47.9249576901
47.9249626523
47.9249675838
47.9249724848
47.9249773556
47.9249821962
47.9249870069
47.924991788
47.9249965394
47.9250012615
47.9250059544
47.9250106184
47.9250152535
47.9250198599
47.9250244379
47.9250289876
47.9250335092
47.9250380029
47.9250424687
47.925046907
47.9250513179
47.9250557015
47.925060058
47.9250643876
47.9250686904
47.9250729666
47.9250772165
47.92508144
47.9250856375
47.925089809
47.9250939547
47.9250980749
47.9251021695
47.9251062389
47.9251102831
47.9251143023
47.9251182967
47.9251222664
47.9251262116
47.9251301323
47.9251340289
47.9251379014
47.9251417499
47.9251455747
47.9251493758
47.9251531535
47.9251569078
47.9251606389
47.9251643469
47.9251680321
47.9251716944
47.9251753341
47.9251789514
47.9251825463
47.9251861189
47.9251896695
47.9251931982
47.925196705
47.9252001902
47.9252036538
47.925207096
47.925210517
47.9252139168
47.9252172956
47.9252206536
47.9252239907
47.9252273073
47.9252306034
47.9252338791
47.9252371345
47.9252403699
47.9252435852
47.9252467807
47.9252499564
47.9252531125
47.9252562491
47.9252593663
47.9252624643
47.9252655431
47.9252686029
47.9252716437
47.9252746658
47.9252776692
47.9252806541
47.9252836205
47.9252865686
47.9252894984
47.9252924102
47.9252953039
47.9252981798
47.9253010379
47.9253038784
47.9253067013
47.9253095067
47.9253122948
47.9253150657
47.9253178194
47.9253205562
47.925323276
47.925325979
47.9253286654
47.9253313351
47.9253339883
47.9253366251
47.9253392457
47.92534185
47.9253444382
47.9253470105
47.9253495668
47.9253521074
47.9253546322
47.9253571415
47.9253596353
47.9253621136
47.9253645766
47.9253670244
47.9253694571
47.9253718747
47.9253742774
47.9253766653
47.9253790384
47.9253813968
47.9253837407
47.9253860701
47.9253883851
47.9253906857
47.9253929722
47.9253952445
47.9253975028
47.9253997472
47.9254019776
47.9254041943
47.9254063973
47.9254085867
47.9254107625
47.9254129249
47.9254150739
47.9254172097
47.9254193322
47.9254214417
47.9254235381
47.9254256215
47.9254276921
47.9254297499
47.9254317949
47.9254338274
47.9254358472
47.9254378546
47.9254398496
47.9254418322
47.9254438026
47.9254457609
47.925447707
47.9254496411
47.9254515632
47.9254534735
47.925455372
47.9254572587
47.9254591338
47.9254609972
47.9254628492
47.9254646897
47.9254665189
47.9254683367
47.9254701433
47.9254719388
47.9254737232
47.9254754965
47.9254772588
47.9254790103
47.925480751
47.9254824809
47.9254842001
47.9254859087
47.9254876067
47.9254892942
47.9254909713
47.9254926381
47.9254942945
47.9254959407
47.9254975768
47.9254992027
47.9255008186
47.9255024245
47.9255040204
47.9255056065
47.9255071828
47.9255087494
47.9255103063
47.9255118535
47.9255133912
47.9255149194
47.9255164382
47.9255179476
47.9255194476
47.9255209384
47.9255224199
47.9255238923
47.9255253556
47.9255268099
47.9255282552
47.9255296915
47.925531119
47.9255325377
47.9255339475
47.9255353487
47.9255367412
47.9255381251
47.9255395005
47.9255408673
47.9255422257
47.9255435757
47.9255449174
47.9255462508
47.9255475759
47.9255488929
47.9255502017
47.9255515024
47.9255527951
47.9255540798
47.9255553566
47.9255566255
47.9255578865
47.9255591397
47.9255603852
47.925561623
47.9255628532
47.9255640757
47.9255652907
47.9255664982
47.9255676982
47.9255688908
47.925570076
47.925571254
47.9255724246
47.925573588
47.9255747442
47.9255758933
47.9255770352
47.9255781701
47.925579298
47.9255804189
47.9255815329
47.9255826401
47.9255837403
47.9255848338
47.9255859205
47.9255870005
47.9255880738
47.9255891405
47.9255902006
47.9255912542
47.9255923012
47.9255933418
47.9255943759
47.9255954037
47.9255964251
47.9255974402
47.925598449
47.9255994516
47.925600448
47.9256014382
47.9256024223
47.9256034003
47.9256043723
47.9256053383
47.9256062983
47.9256072524
47.9256082005
47.9256091429
47.9256100794
47.9256110101
47.925611935
47.9256128543
47.9256137678
47.9256146757
47.9256155781
47.9256164748
47.925617366
47.9256182517
47.9256191319
47.9256200066
47.925620876
47.92562174
47.9256225986
47.925623452
47.9256243001
47.9256251429
47.9256259805
47.925626813
47.9256276403
47.9256284625
47.9256292796
47.9256300916
47.9256308987
47.9256317007
47.9256324978
47.92563329
47.9256340773
47.9256348597
47.9256356373
47.9256364101
47.925637178
47.9256379413
47.9256386998
47.9256394537
47.9256402029
47.9256409474
47.9256416874
47.9256424228
47.9256431536
47.92564388
47.9256446018
47.9256453192
47.9256460321
47.9256467406
47.9256474448
47.9256481446
47.9256488401
47.9256495313
47.9256502182
47.9256509009
47.9256515793
47.9256522536
47.9256529237
47.9256535896
47.9256542515
47.9256549092
47.9256555629
47.9256562125
47.9256568582
47.9256574998
47.9256581375
47.9256587712
47.925659401
47.925660027
47.925660649
47.9256612672
47.9256618816
47.9256624922
47.925663099
47.9256637021
47.9256643014
47.9256648971
47.9256654891
47.9256660774
47.925666662
47.9256672431
47.9256678205
47.9256683944
47.9256689648
47.9256695316
47.9256700949
47.9256706548
47.9256712112
47.9256717641
47.9256723136
47.9256728598
47.9256734025
47.9256739419
47.925674478
47.9256750107
47.9256755402
47.9256760664
47.9256765893
47.925677109
47.9256776255
47.9256781389
47.925678649
47.925679156
47.9256796598
47.9256801605
47.9256806582
47.9256811528
47.9256816443
47.9256821327
47.9256826182
47.9256831006
47.9256835801
47.9256840566
47.9256845302
47.9256850008
47.9256854686
47.9256859334
47.9256863954
47.9256868545
47.9256873108
47.9256877642
47.9256882149
47.9256886627
47.9256891078
47.9256895502
47.9256899898
47.9256904267
47.9256908609
47.9256912924
47.9256917213
47.9256921475
47.925692571
47.925692992
47.9256934103
47.9256938261
47.9256942393
47.9256946499
47.925695058
47.9256954636
47.9256958667
47.9256962673
47.9256966654
47.925697061
47.9256974542
47.925697845
47.9256982334
47.9256986193
47.9256990029
47.9256993841
47.9256997629
47.9257001395
47.9257005136
47.9257008855
47.9257012551
47.9257016224
47.9257019874
47.9257023501
47.9257027107
47.9257030689
47.925703425
47.9257037789
47.9257041306
47.9257044801
47.9257048275
47.9257051727
47.9257055157
47.9257058567
47.9257061956
47.9257065323
47.925706867
47.9257071996
47.9257075301
47.9257078587
47.9257081851
47.9257085096
47.9257088321
47.9257091525
47.925709471
47.9257097875
47.9257101021
47.9257104147
47.9257107254
47.9257110341
47.925711341
47.925711646
47.925711949
47.9257122502
47.9257125496
47.9257128471
47.9257131427
47.9257134365
47.9257137286
47.9257140188
47.9257143072
47.9257145938
47.9257148787
47.9257151618
47.9257154431
47.9257157227
47.9257160006
47.9257162768
47.9257165512
47.925716824
47.9257170951
47.9257173645
47.9257176322
47.9257178983
47.9257181627
47.9257184255
47.9257186867
47.9257189463
47.9257192042
47.9257194606
47.9257197154
47.9257199686
47.9257202202
47.9257204703
47.9257207189
47.9257209659
47.9257212114
47.9257214553
47.9257216978
47.9257219388
47.9257221782
47.9257224162
47.9257226527
47.9257228878
47.9257231214
47.9257233536
47.9257235843
47.9257238136
47.9257240415
47.925724268
47.925724493
47.9257247167
47.925724939
47.92572516
47.9257253795
47.9257255977
47.9257258146
47.9257260301
47.9257262443
47.9257264572
47.9257266687
47.9257268789
47.9257270879
47.9257272955
47.9257275019
47.925727707
47.9257279108
47.9257281134
47.9257283147
47.9257285148
47.9257287136
47.9257289112
47.9257291076
47.9257293028
47.9257294967
47.9257296895
47.9257298811
47.9257300715
47.9257302607
47.9257304487
47.9257306356
47.9257308213
47.9257310059
47.9257311894
47.9257313717
47.9257315528
47.9257317329
47.9257319118
47.9257320897
47.9257322664
47.9257324421
47.9257326166
47.9257327901
47.9257329625
47.9257331339
47.9257333042
47.9257334734
47.9257336416
47.9257338088
47.9257339749
47.92573414
47.925734304
47.9257344671
47.9257346292
47.9257347902
47.9257349503
47.9257351093
47.9257352674
47.9257354245
47.9257355806
47.9257357358
47.92573589
47.9257360433
47.9257361956
47.925736347
47.9257364974
47.9257366469
47.9257367955
47.9257369432
47.9257370899
47.9257372357
47.9257373807
47.9257375247
47.9257376679
47.9257378102
47.9257379516
47.9257380921
47.9257382317
47.9257383705
47.9257385084
47.9257386455
47.9257387817
47.9257389171
47.9257390517
47.9257391854
47.9257393183
47.9257394504
47.9257395816
47.9257397121
47.9257398417
47.9257399706
47.9257400986
47.9257402259
47.9257403523
47.925740478
47.9257406029
47.925740727
47.9257408504
47.925740973
47.9257410949
47.925741216
47.9257413363
47.9257414559
47.9257415748
47.9257416929
47.9257418103
47.925741927
47.9257420429
47.9257421582
47.9257422727
47.9257423865
47.9257424996
47.925742612
47.9257427237
47.9257428348
47.9257429451
47.9257430548
47.9257431638
47.9257432721
47.9257433797
47.9257434867
47.925743593
47.9257436987
47.9257438037
47.925743908
47.9257440117
47.9257441148
47.9257442172
47.925744319
47.9257444202
47.9257445207
47.9257446207
47.92574472
47.9257448187
47.9257449168
47.9257450142
47.9257451111
47.9257452074
47.9257453031
47.9257453982
47.9257454927
47.9257455866
47.9257456799
47.9257457727
47.9257458649
47.9257459565
47.9257460475
47.925746138
47.9257462279
47.9257463173
47.9257464061
47.9257464944
47.9257465821
47.9257466693
47.925746756
47.9257468421
47.9257469277
47.9257470127
47.9257470972
47.9257471812
47.9257472647
47.9257473477
47.9257474302
47.9257475121
47.9257475935
47.9257476745
47.9257477549
47.9257478348
47.9257479143
47.9257479932
47.9257480717
47.9257481497
47.9257482272
47.9257483042
47.9257483808
47.9257484568
47.9257485324
47.9257486076
47.9257486822
47.9257487564
47.9257488302
47.9257489035
47.9257489763
47.9257490487
47.9257491207
47.9257491922
47.9257492632
47.9257493338
47.925749404
47.9257494738
47.9257495431
47.925749612
47.9257496804
47.9257497485
47.9257498161
47.9257498833
47.9257499501
47.9257500164
47.9257500824
47.925750148
47.9257502131
47.9257502779
47.9257503422
47.9257504062
47.9257504697
47.9257505329
47.9257505957
47.925750658
47.92575072
47.9257507817
47.9257508429
47.9257509037
47.9257509642
47.9257510243
47.9257510841
47.9257511434
47.9257512024
47.9257512611
47.9257513193
47.9257513772
47.9257514348
47.925751492
47.9257515488
47.9257516053
47.9257516615
47.9257517173
47.9257517727
47.9257518278
47.9257518826
47.925751937
47.9257519911
47.9257520449
47.9257520983
47.9257521514
47.9257522042
47.9257522566
47.9257523088
47.9257523606
47.925752412
47.9257524632
47.925752514
47.9257525646
47.9257526148
47.9257526647
47.9257527143
47.9257527636
47.9257528126
47.9257528613
47.9257529096
47.9257529577
47.9257530055
47.925753053
47.9257531002
47.9257531471
47.9257531937
47.9257532401
47.9257532861
47.9257533319
47.9257533773
47.9257534225
47.9257534674
47.9257535121
47.9257535564
47.9257536005
47.9257536443
47.9257536879
47.9257537312
47.9257537742
47.9257538169
47.9257538594
47.9257539016
47.9257539436
47.9257539853
47.9257540267
47.9257540679
47.9257541088
47.9257541495
47.9257541899
47.9257542301
47.92575427
47.9257543097
47.9257543491
47.9257543883
47.9257544273
47.925754466
47.9257545044
47.9257545427
47.9257545806
47.9257546184
47.9257546559
47.9257546932
47.9257547303
47.9257547671
47.9257548037
47.9257548401
47.9257548763
47.9257549122
47.9257549479
47.9257549834
47.9257550187
47.9257550537
47.9257550886
47.9257551232
47.9257551576
47.9257551918
47.9257552258
47.9257552595
47.9257552931
47.9257553264
47.9257553596
47.9257553925
47.9257554253
47.9257554578
47.9257554902
47.9257555223
47.9257555542
47.925755586
47.9257556175
47.9257556489
47.92575568
47.925755711
47.9257557418
47.9257557724
47.9257558028
47.925755833
47.925755863
47.9257558928
47.9257559225
47.9257559519
47.9257559812
47.9257560103
47.9257560392
47.925756068
47.9257560966
47.9257561249
47.9257561532
47.9257561812
47.9257562091
47.9257562368
47.9257562643
47.9257562916
47.9257563188
47.9257563458
47.9257563727
47.9257563994
47.9257564259
47.9257564523
47.9257564785
47.9257565045
47.9257565304
47.9257565561
47.9257565816
47.925756607
47.9257566322
47.9257566573
47.9257566823
47.925756707
47.9257567316
47.9257567561
47.9257567804
47.9257568046
47.9257568286
47.9257568525
47.9257568762
47.9257568998
47.9257569232
47.9257569465
47.9257569696
47.9257569926
47.9257570155
47.9257570382
47.9257570607
47.9257570832
47.9257571055
47.9257571276
47.9257571497
47.9257571715
47.9257571933
47.9257572149
47.9257572364
47.9257572577
47.9257572789
47.9257573
47.925757321
47.9257573418
47.9257573625
47.9257573831
47.9257574035
47.9257574238
47.925757444
47.9257574641
47.925757484
47.9257575038
47.9257575235
47.9257575431
47.9257575626
47.9257575819
47.9257576011
47.9257576202
47.9257576392
47.925757658
47.9257576768
47.9257576954
47.9257577139
47.9257577323
47.9257577506
47.9257577688
47.9257577868
47.9257578048
47.9257578226
47.9257578403
47.9257578579
47.9257578754
47.9257578928
47.9257579101
47.9257579273
47.9257579444
47.9257579614
47.9257579782
47.925757995
47.9257580117
47.9257580282
47.9257580447
47.925758061
47.9257580773
47.9257580934
47.9257581095
47.9257581254
47.9257581413
47.925758157
47.9257581727
47.9257581883
47.9257582037
47.9257582191
47.9257582344
47.9257582495
47.9257582646
47.9257582796
47.9257582945
47.9257583093
47.925758324
47.9257583387
47.9257583532
47.9257583677
47.925758382
47.9257583963
47.9257584105
47.9257584246
47.9257584386
47.9257584525
47.9257584663
47.9257584801
47.9257584937
47.9257585073
47.9257585208
47.9257585342
47.9257585475
47.9257585608
47.9257585739
47.925758587
47.9257586
47.9257586129
47.9257586258
47.9257586385
47.9257586512
47.9257586638
47.9257586764
47.9257586888
47.9257587012
47.9257587135
47.9257587257
47.9257587378
47.9257587499
47.9257587619
47.9257587738
47.9257587857
47.9257587974
47.9257588091
47.9257588208
47.9257588323
47.9257588438
47.9257588552
47.9257588666
47.9257588778
47.925758889
47.9257589002
47.9257589112
47.9257589222
47.9257589332
47.925758944
47.9257589548
47.9257589656
47.9257589762
47.9257589868
47.9257589974
47.9257590078
47.9257590182
47.9257590286
47.9257590388
47.925759049
47.9257590592
47.9257590693
47.9257590793
47.9257590892
47.9257590991
47.925759109
47.9257591188
47.9257591285
47.9257591381
47.9257591477
47.9257591573
47.9257591667
47.9257591762
47.9257591855
47.9257591948
47.9257592041
47.9257592132
47.9257592224
47.9257592315
47.9257592405
47.9257592494
47.9257592583
47.9257592672
47.925759276
47.9257592847
47.9257592934
47.9257593021
47.9257593106
47.9257593192
47.9257593277
47.9257593361
47.9257593445
47.9257593528
47.925759361
47.9257593693
47.9257593774
47.9257593855
47.9257593936
47.9257594016
47.9257594096
47.9257594175
47.9257594254
47.9257594332
47.925759441
47.9257594487
47.9257594564
47.925759464
47.9257594716
47.9257594791
47.9257594866
47.925759494
47.9257595014
47.9257595088
47.9257595161
47.9257595234
47.9257595306
47.9257595377
47.9257595449
47.925759552
47.925759559
47.925759566
47.9257595729
47.9257595798
47.9257595867
47.9257595935
47.9257596003
47.9257596071
47.9257596138
47.9257596204
47.925759627
47.9257596336
47.9257596401
47.9257596466
47.9257596531
47.9257596595
47.9257596659
47.9257596722
47.9257596785
47.9257596848
47.925759691
47.9257596972
47.9257597033
47.9257597094
47.9257597155
47.9257597215
47.9257597275
47.9257597334
47.9257597393
47.9257597452
47.9257597511
47.9257597569
47.9257597627
47.9257597684
47.9257597741
47.9257597798
47.9257597854
47.925759791
47.9257597965
47.9257598021
47.9257598076
47.925759813
47.9257598184
47.9257598238
47.9257598292
47.9257598345
47.9257598398
47.9257598451
47.9257598503
47.9257598555
47.9257598607
47.9257598658
47.9257598709
47.925759876
47.925759881
47.925759886
47.925759891
47.9257598959
47.9257599008
47.9257599057
47.9257599106
47.9257599154
47.9257599202
47.9257599249
47.9257599297
47.9257599344
47.9257599391
47.9257599437
47.9257599483
47.9257599529
47.9257599575
47.925759962
47.9257599665
47.925759971
47.9257599754
47.9257599798
47.9257599842
47.9257599886
47.9257599929
47.9257599973
47.9257600015
47.9257600058
47.92576001
47.9257600142
47.9257600184
47.9257600226
47.9257600267
47.9257600308
47.9257600349
47.925760039
47.925760043
47.925760047
47.925760051
47.9257600549
47.9257600589
47.9257600628
47.9257600666
47.9257600705
47.9257600743
47.9257600781
47.9257600819
47.9257600857
47.9257600894
47.9257600931
47.9257600968
47.9257601005
47.9257601042
47.9257601078
47.9257601114
47.925760115
47.9257601185
47.9257601221
47.9257601256
47.9257601291
47.9257601325
47.925760136
47.9257601394
47.9257601428
47.9257601462
47.9257601496
47.9257601529
47.9257601563
47.9257601596
47.9257601628
47.9257601661
47.9257601694
47.9257601726
47.9257601758
47.925760179
47.9257601821
47.9257601853
47.9257601884
47.9257601915
47.9257601946
47.9257601977
47.9257602007
47.9257602037
47.9257602067
47.9257602097
47.9257602127
47.9257602157
47.9257602186
47.9257602215
47.9257602244
47.9257602273
47.9257602302
47.925760233
47.9257602358
47.9257602387
47.9257602414
47.9257602442
47.925760247
47.9257602497
47.9257602525
47.9257602552
47.9257602579
47.9257602605
47.9257602632
47.9257602658
47.9257602685
47.9257602711
47.9257602737
47.9257602762
47.9257602788
47.9257602814
47.9257602839
47.9257602864
47.9257602889
47.9257602914
47.9257602939
47.9257602963
47.9257602987
47.9257603012
47.9257603036
47.925760306
47.9257603084
47.9257603107
47.9257603131
47.9257603154
47.9257603177
47.92576032
47.9257603223
47.9257603246
47.9257603269
47.9257603291
47.9257603313
47.9257603336
47.9257603358
47.925760338
47.9257603402
47.9257603423
47.9257603445
47.9257603466
47.9257603487
47.9257603509
47.925760353
47.925760355
47.9257603571
47.9257603592
47.9257603612
47.9257603633
47.9257603653
47.9257603673
47.9257603693
47.9257603713
47.9257603733
47.9257603752
47.9257603772
47.9257603791
47.9257603811
47.925760383
47.9257603849
47.9257603868
47.9257603886
47.9257603905
47.9257603924
47.9257603942
47.925760396
47.9257603979
47.9257603997
47.9257604015
47.9257604033
47.925760405
47.9257604068
47.9257604086
47.9257604103
47.925760412
47.9257604138
47.9257604155
47.9257604172
47.9257604189
47.9257604206
47.9257604222
47.9257604239
47.9257604255
47.9257604272
47.9257604288
47.9257604304
47.925760432
47.9257604336
47.9257604352
47.9257604368
47.9257604384
47.9257604399
47.9257604415
47.925760443
47.9257604446
47.9257604461
47.9257604476
47.9257604491
47.9257604506
47.9257604521
47.9257604536
47.925760455
47.9257604565
47.9257604579
47.9257604594
47.9257604608
47.9257604622
47.9257604636
47.925760465
47.9257604664
47.9257604678
47.9257604692
47.9257604706
47.9257604719
47.9257604733
47.9257604746
47.925760476
47.9257604773
47.9257604786
47.9257604799
47.9257604812
47.9257604825
47.9257604838
47.9257604851
47.9257604864
47.9257604876
47.9257604889
47.9257604901
47.9257604914
47.9257604926
47.9257604938
47.9257604951
47.9257604963
47.9257604975
47.9257604987
47.9257604998
47.925760501
47.9257605022
47.9257605034
47.9257605045
47.9257605057
47.9257605068
47.925760508
47.9257605091
47.9257605102
47.9257605113
47.9257605124
47.9257605135
47.9257605146
47.9257605157
47.9257605168
47.9257605179
47.925760519
47.92576052
47.9257605211
47.9257605221
47.9257605232
47.9257605242
47.9257605252
47.9257605263
47.9257605273
47.9257605283
47.9257605293
47.9257605303
47.9257605313
47.9257605323
47.9257605333
47.9257605342
47.9257605352
47.9257605362
47.9257605371
47.9257605381
47.925760539
47.9257605399
47.9257605409
47.9257605418
47.9257605427
47.9257605436
47.9257605446
47.9257605455
47.9257605464
47.9257605473
47.9257605481
47.925760549
47.9257605499
47.9257605508
47.9257605516
47.9257605525
47.9257605534
47.9257605542
47.925760555
47.9257605559
47.9257605567
47.9257605576
47.9257605584
47.9257605592
47.92576056
47.9257605608
47.9257605616
47.9257605624
47.9257605632
47.925760564
47.9257605648
47.9257605656
47.9257605663
47.9257605671
47.9257605679
47.9257605686
47.9257605694
47.9257605701
47.9257605709
47.9257605716
47.9257605724
47.9257605731
47.9257605738
47.9257605746
47.9257605753
47.925760576
47.9257605767
47.9257605774
47.9257605781
47.9257605788
47.9257605795
47.9257605802
47.9257605809
47.9257605815
47.9257605822
47.9257605829
47.9257605836
47.9257605842
47.9257605849
47.9257605855
47.9257605862
47.9257605868
47.9257605875
47.9257605881
47.9257605888
47.9257605894
47.92576059
47.9257605906
47.9257605913
47.9257605919
47.9257605925
47.9257605931
47.9257605937
47.9257605943
47.9257605949
47.9257605955
47.9257605961
47.9257605967
47.9257605972
47.9257605978
47.9257605984
47.925760599
47.9257605995
47.9257606001
47.9257606007
47.9257606012
47.9257606018
47.9257606023
47.9257606029
47.9257606034
47.925760604
47.9257606045
47.925760605
47.9257606056
47.9257606061
47.9257606066
47.9257606071
47.9257606077
47.9257606082
47.9257606087
47.9257606092
47.9257606097
47.9257606102
47.9257606107
47.9257606112
47.9257606117
47.9257606122
47.9257606127
47.9257606131
47.9257606136
47.9257606141
47.9257606146
47.925760615
47.9257606155
47.925760616
47.9257606164
47.9257606169
47.9257606174
47.9257606178
47.9257606183
47.9257606187
47.9257606192
47.9257606196
47.92576062
47.9257606205
47.9257606209
47.9257606214
47.9257606218
47.9257606222
47.9257606226
47.9257606231
47.9257606235
47.9257606239
47.9257606243
47.9257606247
47.9257606251
47.9257606255
47.9257606259
47.9257606263
47.9257606267
47.9257606271
47.9257606275
47.9257606279
47.9257606283
47.9257606287
47.9257606291
47.9257606295
47.9257606298
47.9257606302
47.9257606306
47.925760631
47.9257606313
47.9257606317
47.9257606321
47.9257606324
47.9257606328
47.9257606332
47.9257606335
47.9257606339
47.9257606342
47.9257606346
47.9257606349
47.9257606353
47.9257606356
47.925760636
47.9257606363
47.9257606366
47.925760637
47.9257606373
47.9257606376
47.925760638
47.9257606383
47.9257606386
47.9257606389
47.9257606393
47.9257606396
47.9257606399
47.9257606402
47.9257606405
47.9257606408
47.9257606411
47.9257606415
47.9257606418
47.9257606421
47.9257606424
47.9257606427
47.925760643
47.9257606433
47.9257606436
47.9257606438
47.9257606441
47.9257606444
47.9257606447
47.925760645
47.9257606453
47.9257606456
47.9257606458
47.9257606461
47.9257606464
47.9257606467
47.9257606469
47.9257606472
47.9257606475
47.9257606478
47.925760648
47.9257606483
47.9257606486
47.9257606488
47.9257606491
47.9257606493
47.9257606496
47.9257606498
47.9257606501
47.9257606504
47.9257606506
47.9257606509
47.9257606511
47.9257606513
47.9257606516
47.9257606518
47.9257606521
47.9257606523
47.9257606526
47.9257606528
47.925760653
47.9257606533
47.9257606535
47.9257606537
47.925760654
47.9257606542
47.9257606544
47.9257606546
47.9257606549
47.9257606551
47.9257606553
47.9257606555
47.9257606557
47.925760656
47.9257606562
47.9257606564
47.9257606566
47.9257606568
47.925760657
47.9257606572
47.9257606574
47.9257606577
47.9257606579
47.9257606581
47.9257606583
47.9257606585
47.9257606587
47.9257606589
47.9257606591
47.9257606593
47.9257606595
47.9257606597
47.9257606598
47.92576066
47.9257606602
47.9257606604
47.9257606606
47.9257606608
47.925760661
47.9257606612
47.9257606613
47.9257606615
47.9257606617
47.9257606619
47.9257606621
47.9257606622
47.9257606624
47.9257606626
47.9257606628
47.925760663
47.9257606631
47.9257606633
47.9257606635
47.9257606636
47.9257606638
47.925760664
47.9257606641
47.9257606643
47.9257606645
47.9257606646
47.9257606648
47.925760665
47.9257606651
47.9257606653
47.9257606654
47.9257606656
47.9257606657
47.9257606659
47.9257606661
47.9257606662
47.9257606664
47.9257606665
47.9257606667
47.9257606668
47.925760667
47.9257606671
47.9257606673
47.9257606674
47.9257606676
47.9257606677
47.9257606678
47.925760668
47.9257606681
47.9257606683
47.9257606684
47.9257606685
47.9257606687
47.9257606688
47.925760669
47.9257606691
47.9257606692
47.9257606694
47.9257606695
47.9257606696
47.9257606698
47.9257606699
47.92576067
47.9257606701
47.9257606703
47.9257606704
47.9257606705
47.9257606707
47.9257606708
47.9257606709
47.925760671
47.9257606712
47.9257606713
47.9257606714
47.9257606715
47.9257606716
47.9257606718
47.9257606719
47.925760672
47.9257606721
47.9257606722
47.9257606723
47.9257606725
47.9257606726
47.9257606727
47.9257606728
47.9257606729
47.925760673
47.9257606731
47.9257606732
47.9257606734
47.9257606735
47.9257606736
47.9257606737
47.9257606738
47.9257606739
47.925760674
47.9257606741
47.9257606742
47.9257606743
47.9257606744
47.9257606745
47.9257606746
47.9257606747
47.9257606748
47.9257606749
47.925760675
47.9257606751
47.9257606752
47.9257606753
47.9257606754
47.9257606755
47.9257606756
47.9257606757
47.9257606758
47.9257606759
47.925760676
47.9257606761
47.9257606761
47.9257606762
47.9257606763
47.9257606764
47.9257606765
47.9257606766
47.9257606767
47.9257606768
47.9257606769
47.925760677
47.925760677
47.9257606771
47.9257606772
47.9257606773
47.9257606774
47.9257606775
47.9257606775
47.9257606776
47.9257606777
47.9257606778
47.9257606779
47.925760678
47.925760678
47.9257606781
47.9257606782
47.9257606783
47.9257606783
47.9257606784
47.9257606785
47.9257606786
47.9257606787
47.9257606787
47.9257606788
47.9257606789
47.925760679
47.925760679
47.9257606791
47.9257606792
47.9257606792
47.9257606793
47.9257606794
47.9257606795
47.9257606795
47.9257606796
47.9257606797
47.9257606797
47.9257606798
47.9257606799
47.92576068
47.92576068
47.9257606801
47.9257606802
47.9257606802
47.9257606803
47.9257606804
47.9257606804
47.9257606805
47.9257606805
47.9257606806
47.9257606807
47.9257606807
47.9257606808
47.9257606809
47.9257606809
47.925760681
47.925760681
47.9257606811
47.9257606812
47.9257606812
47.9257606813
47.9257606813
47.9257606814
47.9257606815
47.9257606815
47.9257606816
47.9257606816
47.9257606817
47.9257606818
47.9257606818
47.9257606819
47.9257606819
47.925760682
47.925760682
47.9257606821
47.9257606821
47.9257606822
47.9257606823
47.9257606823
47.9257606824
47.9257606824
47.9257606825
47.9257606825
47.9257606826
47.9257606826
47.9257606827
47.9257606827
47.9257606828
47.9257606828
47.9257606829
47.9257606829
47.925760683
47.925760683
47.9257606831
47.9257606831
47.9257606832
47.9257606832
47.9257606833
47.9257606833
47.9257606834
47.9257606834
47.9257606835
47.9257606835
47.9257606835
47.9257606836
47.9257606836
47.9257606837
47.9257606837
47.9257606838
47.9257606838
47.9257606839
47.9257606839
47.9257606839
47.925760684
47.925760684
47.9257606841
47.9257606841
47.9257606842
47.9257606842
47.9257606842
47.9257606843
47.9257606843
47.9257606844
47.9257606844
47.9257606844
47.9257606845
47.9257606845
47.9257606846
47.9257606846
47.9257606846
47.9257606847
47.9257606847
47.9257606848
47.9257606848
47.9257606848
47.9257606849
47.9257606849
47.9257606849
47.925760685
47.925760685
47.9257606851
47.9257606851
47.9257606851
47.9257606852
47.9257606852
47.9257606852
47.9257606853
47.9257606853
47.9257606853
47.9257606854
47.9257606854
47.9257606854
47.9257606855
47.9257606855
47.9257606855
47.9257606856
47.9257606856
47.9257606856
47.9257606857
47.9257606857
47.9257606857
47.9257606858
47.9257606858
47.9257606858
47.9257606859
47.9257606859
47.9257606859
47.925760686
47.925760686
47.925760686
47.925760686
47.9257606861
47.9257606861
47.9257606861
47.9257606862
47.9257606862
47.9257606862
47.9257606863
47.9257606863
47.9257606863
47.9257606863
47.9257606864
47.9257606864
47.9257606864
47.9257606865
47.9257606865
47.9257606865
47.9257606865
47.9257606866
47.9257606866
47.9257606866
47.9257606866
47.9257606867
47.9257606867
47.9257606867
47.9257606867
47.9257606868
47.9257606868
47.9257606868
47.9257606869
47.9257606869
47.9257606869
47.9257606869
47.925760687
47.925760687
47.925760687
47.925760687
47.925760687
47.9257606871
47.9257606871
47.9257606871
47.9257606871
47.9257606872
47.9257606872
47.9257606872
47.9257606872
47.9257606873
47.9257606873
47.9257606873
47.9257606873
47.9257606873
47.9257606874
47.9257606874
47.9257606874
47.9257606874
47.9257606875
47.9257606875
47.9257606875
47.9257606875
47.9257606875
47.9257606876
47.9257606876
47.9257606876
47.9257606876
47.9257606876
47.9257606877
47.9257606877
47.9257606877
47.9257606877
47.9257606877
47.9257606878
47.9257606878
47.9257606878
47.9257606878
47.9257606878
47.9257606879
47.9257606879
47.9257606879
47.9257606879
47.9257606879
47.925760688
47.925760688
47.925760688
47.925760688
47.925760688
47.925760688
47.9257606881
47.9257606881
47.9257606881
47.9257606881
47.9257606881
47.9257606881
47.9257606882
47.9257606882
47.9257606882
47.9257606882
47.9257606882
47.9257606883
47.9257606883
47.9257606883
47.9257606883
47.9257606883
47.9257606883
47.9257606883
47.9257606884
47.9257606884
47.9257606884
47.9257606884
47.9257606884
47.9257606884
47.9257606885
47.9257606885
47.9257606885
47.9257606885
47.9257606885
47.9257606885
47.9257606885
47.9257606886
47.9257606886
47.9257606886
47.9257606886
47.9257606886
47.9257606886
47.9257606886
47.9257606887
47.9257606887
47.9257606887
47.9257606887
47.9257606887
47.9257606887
47.9257606887
47.9257606888
47.9257606888
47.9257606888
47.9257606888
47.9257606888
47.9257606888
47.9257606888
47.9257606888
47.9257606889
47.9257606889
47.9257606889
47.9257606889
47.9257606889
47.9257606889
47.9257606889
47.9257606889
47.925760689
47.925760689
47.925760689
47.925760689
47.925760689
47.925760689
47.925760689
47.925760689
47.9257606891
47.9257606891
47.9257606891
47.9257606891
47.9257606891
47.9257606891
47.9257606891
47.9257606891
47.9257606891
47.9257606892
47.9257606892
47.9257606892
47.9257606892
47.9257606892
47.9257606892
47.9257606892
47.9257606892
47.9257606892
47.9257606893
47.9257606893
47.9257606893
47.9257606893
47.9257606893
47.9257606893
47.9257606893
47.9257606893
47.9257606893
47.9257606893
47.9257606894
47.9257606894
47.9257606894
47.9257606894
47.9257606894
47.9257606894
47.9257606894
47.9257606894
47.9257606894
47.9257606894
47.9257606894
47.9257606895
47.9257606895
47.9257606895
47.9257606895
47.9257606895
47.9257606895
47.9257606895
47.9257606895
47.9257606895
47.9257606895
47.9257606895
47.9257606896
47.9257606896
47.9257606896
47.9257606896
47.9257606896
47.9257606896
47.9257606896
47.9257606896
47.9257606896
47.9257606896
47.9257606896
47.9257606896
47.9257606897
47.9257606897
47.9257606897
47.9257606897
47.9257606897
47.9257606897
47.9257606897
47.9257606897
47.9257606897
47.9257606897
47.9257606897
47.9257606897
47.9257606897
47.9257606897
47.9257606898
47.9257606898
47.9257606898
47.9257606898
47.9257606898
47.9257606898
47.9257606898
47.9257606898
47.9257606898
47.9257606898
47.9257606898
47.9257606898
47.9257606898
47.9257606898
47.9257606899
47.9257606899
47.9257606899
47.9257606899
47.9257606899
47.9257606899
47.9257606899
47.9257606899
47.9257606899
47.9257606899
47.9257606899
47.9257606899
47.9257606899
47.9257606899
47.9257606899
47.9257606899
47.92576069
47.92576069
47.92576069
47.92576069
47.92576069
47.92576069
47.92576069
47.92576069
47.92576069
47.92576069
47.92576069
47.92576069
47.92576069
47.92576069
47.92576069
47.92576069
47.92576069
47.9257606901
47.9257606901
47.9257606901
47.9257606901
47.9257606901
47.9257606901
47.9257606901
47.9257606901
47.9257606901
47.9257606901
47.9257606901
47.9257606901
47.9257606901
47.9257606901
47.9257606901
47.9257606901
47.9257606901
47.9257606901
47.9257606901
47.9257606901
47.9257606902
47.9257606902
47.9257606902
47.9257606902
47.9257606902
47.9257606902
47.9257606902
47.9257606902
47.9257606902
47.9257606902
47.9257606902
47.9257606902
47.9257606902
47.9257606902
47.9257606902
47.9257606902
47.9257606902
47.9257606902
47.9257606902
47.9257606902
47.9257606902
47.9257606902
47.9257606902
47.9257606903
47.9257606903
47.9257606903
47.9257606903
47.9257606903
47.9257606903
47.9257606903
47.9257606903
47.9257606903
47.9257606903
47.9257606903
47.9257606903
47.9257606903
47.9257606903
47.9257606903
47.9257606903
47.9257606903
47.9257606903
47.9257606903
47.9257606903
47.9257606903
47.9257606903
47.9257606903
47.9257606903
47.9257606903
47.9257606903
47.9257606904
47.9257606904
47.9257606904
47.9257606904
47.9257606904
47.9257606904
47.9257606904
47.9257606904
47.9257606904
47.9257606904
47.9257606904
47.9257606904
47.9257606904
47.9257606904
47.9257606904
47.9257606904
47.9257606904
47.9257606904
47.9257606904
47.9257606904
47.9257606904
47.9257606904
47.9257606904
47.9257606904
47.9257606904
47.9257606904
47.9257606904
47.9257606904
47.9257606904
47.9257606904
47.9257606904
47.9257606905
47.9257606905
47.9257606905
47.9257606905
47.9257606905
47.9257606905
47.9257606905
47.9257606905
47.9257606905
47.9257606905
47.9257606905
47.9257606905
47.9257606905
47.9257606905
47.9257606905
47.9257606905
47.9257606905
47.9257606905
47.9257606905
47.9257606905
47.9257606905
47.9257606905
47.9257606905
47.9257606905
47.9257606905
47.9257606905
47.9257606905
47.9257606905
47.9257606905
47.9257606905
47.9257606905
47.9257606905
47.9257606905
47.9257606905
47.9257606905
47.9257606905
47.9257606905
47.9257606905
47.9257606906
47.9257606906
47.9257606906
47.9257606906
47.9257606906
47.9257606906
47.9257606906
47.9257606906
47.9257606906
47.9257606906
47.9257606906
47.9257606906
47.9257606906
47.9257606906
47.9257606906
47.9257606906
47.9257606906
47.9257606906
47.9257606906
47.9257606906
47.9257606906
47.9257606906
47.9257606906
47.9257606906
47.9257606906
47.9257606906
47.9257606906
47.9257606906
47.9257606906
47.9257606906
47.9257606906
47.9257606906
47.9257606906
47.9257606906
47.9257606906
47.9257606906
47.9257606906
47.9257606906
47.9257606906
47.9257606906
47.9257606906
47.9257606906
47.9257606906
47.9257606906
47.9257606906
47.9257606906
47.9257606906
47.9257606906
47.9257606906
47.9257606906
47.9257606906
47.9257606907
47.9257606907
47.9257606907
47.9257606907
47.9257606907
47.9257606907
47.9257606907
47.9257606907
47.9257606907
47.9257606907
47.9257606907
47.9257606907
47.9257606907
47.9257606907
47.9257606907
47.9257606907
47.9257606907
47.9257606907
47.9257606907
47.9257606907
47.9257606907
47.9257606907
47.9257606907
47.9257606907
47.9257606907
47.9257606907
47.9257606907
47.9257606907
47.9257606907
47.9257606907
47.9257606907
47.9257606907
47.9257606907
47.9257606907
47.9257606907
47.9257606907
47.9257606907
47.9257606907
47.9257606907
47.9257606907
47.9257606907
47.9257606907
47.9257606907
47.9257606907
47.9257606907
47.9257606907
47.9257606907
47.9257606907
47.9257606907
47.9257606907
47.9257606907
47.9257606907
47.9257606907
47.9257606907
47.9257606907
47.9257606907
47.9257606907
47.9257606907
47.9257606907
47.9257606907
47.9257606907
47.9257606907
47.9257606907
47.9257606907
47.9257606907
47.9257606907
47.9257606907
47.9257606907
47.9257606907
47.9257606907
47.9257606907
47.9257606907
47.9257606907
47.9257606907
47.9257606907
47.9257606908
47.9257606908
47.9257606908
47.9257606908
47.9257606908
47.9257606908
47.9257606908
47.9257606908
47.9257606908
47.9257606908
47.9257606908
47.9257606908
47.9257606908
47.9257606908
47.9257606908
47.9257606908
47.9257606908
47.9257606908
47.9257606908
47.9257606908
47.9257606908
47.9257606908
47.9257606908
47.9257606908
47.9257606908
47.9257606908
47.9257606908
47.9257606908
47.9257606908
47.9257606908
47.9257606908
47.9257606908
47.9257606908
47.9257606908
47.9257606908
47.9257606908
47.9257606908
47.9257606908
47.9257606908
47.9257606908
47.9257606908
47.9257606908
47.9257606908
47.9257606908
47.9257606908
47.9257606908
47.9257606908
47.9257606908
47.9257606908
47.9257606908
47.9257606908
47.9257606908
47.9257606908
47.9257606908
47.9257606908
47.9257606908
47.9257606908
47.9257606908
47.9257606908
47.9257606908
47.9257606908
47.9257606908
47.9257606908
47.9257606908
47.9257606908
47.9257606908
47.9257606908
47.9257606908
47.9257606908
47.9257606908
47.9257606908
47.9257606908
47.9257606908
47.9257606908
47.9257606908
47.9257606908
47.9257606908
47.9257606908
47.9257606908
47.9257606908
47.9257606908
47.9257606908
47.9257606908
47.9257606908
47.9257606908
47.9257606908
47.9257606908
47.9257606908
47.9257606908
47.9257606908
47.9257606908
47.9257606908
47.9257606908
47.9257606908
47.9257606908
47.9257606908
47.9257606908
47.9257606908
47.9257606908
47.9257606908
47.9257606908
47.9257606908
47.9257606908
47.9257606908
47.9257606908
47.9257606908
47.9257606908
47.9257606908
47.9257606908
47.9257606908
47.9257606908
47.9257606908
47.9257606908
47.9257606908
47.9257606908
47.9257606908
47.9257606908
47.9257606908
47.9257606908
47.9257606908
47.9257606908
47.9257606908
47.9257606908
47.9257606908
47.9257606908
47.9257606908
47.9257606908
47.9257606908
47.9257606908
47.9257606908
47.9257606908
47.9257606908
47.9257606908
47.9257606908
47.9257606908
47.9257606908
47.9257606908
47.9257606908
47.9257606908
47.9257606908
47.9257606908
47.9257606908
47.9257606908
47.9257606908
47.9257606909
47.9257606909
47.9257606909
47.9257606909
47.9257606909
47.9257606909
47.9257606909
47.9257606909
47.9257606909
47.9257606909
47.9257606909
47.9257606909
47.9257606909
47.9257606909
47.9257606909
47.9257606909
47.9257606909
47.9257606909
47.9257606909
47.9257606909
47.9257606909
47.9257606909
47.9257606909
47.9257606909
47.9257606909
47.9257606909
47.9257606909
47.9257606909
47.9257606909
47.9257606909
47.9257606909
47.9257606909
47.9257606909
47.9257606909
47.9257606909
47.9257606909
47.9257606909
47.9257606909
47.9257606909
47.9257606909
47.9257606909
47.9257606909
47.9257606909
47.9257606909
47.9257606909
47.9257606909
47.9257606909
47.9257606909
47.9257606909
47.9257606909
47.9257606909
47.9257606909
47.9257606909
47.9257606909
47.9257606909
47.9257606909
47.9257606909
47.9257606909
47.9257606909
47.9257606909
47.9257606909
47.9257606909
47.9257606909
47.9257606909
47.9257606909
47.9257606909
47.9257606909
47.9257606909
47.9257606909
47.9257606909
47.9257606909
47.9257606909
47.9257606909
47.9257606909
47.9257606909
47.9257606909
47.9257606909
47.9257606909
47.9257606909
47.9257606909
47.9257606909
47.9257606909
47.9257606909
47.9257606909
47.9257606909
47.9257606909
47.9257606909
47.9257606909
47.9257606909
47.9257606909
47.9257606909
47.9257606909
47.9257606909
47.9257606909
47.9257606909
47.9257606909
47.9257606909
47.9257606909
47.9257606909
47.9257606909
47.9257606909
47.9257606909
47.9257606909
47.9257606909
47.9257606909
47.9257606909
47.9257606909
47.9257606909
47.9257606909
47.9257606909
47.9257606909
47.9257606909
47.9257606909
47.9257606909
47.9257606909
47.9257606909
47.9257606909
47.9257606909
47.9257606909
47.9257606909
47.9257606909
47.9257606909
47.9257606909
47.9257606909
47.9257606909
47.9257606909
47.9257606909
47.9257606909
47.9257606909
47.9257606909
47.9257606909
47.9257606909
47.9257606909
47.9257606909
47.9257606909
47.9257606909
47.9257606909
47.9257606909
47.9257606909
47.9257606909
47.9257606909
47.9257606909
47.9257606909
47.9257606909
47.9257606909
47.9257606909
47.9257606909
47.9257606909
47.9257606909
47.9257606909
47.9257606909
47.9257606909
47.9257606909
47.9257606909
47.9257606909
47.9257606909
47.9257606909
47.9257606909
47.9257606909
47.9257606909
47.9257606909
47.9257606909
47.9257606909
47.9257606909
47.9257606909
47.9257606909
47.9257606909
47.9257606909
47.9257606909
47.9257606909
47.9257606909
47.9257606909
47.9257606909
47.9257606909
47.9257606909
47.9257606909
47.9257606909
47.9257606909
47.9257606909
47.9257606909
47.9257606909
47.9257606909
47.9257606909
47.9257606909
47.9257606909
47.9257606909
47.9257606909
47.9257606909
47.9257606909
47.9257606909
47.9257606909
47.9257606909
47.9257606909
47.9257606909
47.9257606909
47.9257606909
47.9257606909
47.9257606909
47.9257606909
47.9257606909
47.9257606909
47.9257606909
47.9257606909
47.9257606909
47.9257606909
47.9257606909
47.9257606909
47.9257606909
47.9257606909
47.9257606909
47.9257606909
47.9257606909
47.9257606909
47.9257606909
47.9257606909
47.9257606909
47.9257606909
47.9257606909
47.9257606909
47.9257606909
47.9257606909
47.9257606909
47.9257606909
47.9257606909
47.9257606909
47.9257606909
47.9257606909
47.9257606909
47.9257606909
47.9257606909
47.9257606909
47.9257606909
47.9257606909
47.9257606909
47.9257606909
47.9257606909
47.9257606909
47.9257606909
47.9257606909
47.9257606909
47.9257606909
47.9257606909
47.9257606909
47.9257606909
47.9257606909
47.9257606909
47.9257606909
47.9257606909
47.9257606909
47.9257606909
47.9257606909
47.9257606909
47.9257606909
47.9257606909
47.9257606909
47.9257606909
47.9257606909
47.9257606909
47.9257606909
47.9257606909
47.9257606909
47.9257606909
47.9257606909
47.9257606909
47.9257606909
47.9257606909
47.9257606909
47.9257606909
47.9257606909
47.9257606909
47.9257606909
47.9257606909
47.9257606909
47.9257606909
47.9257606909
47.9257606909
47.9257606909
47.9257606909
47.9257606909
47.9257606909
47.9257606909
47.9257606909
47.9257606909
47.9257606909
47.9257606909
47.9257606909
47.9257606909
47.9257606909
47.9257606909
47.9257606909
47.9257606909
47.9257606909
47.9257606909
47.9257606909
47.9257606909
47.9257606909
47.9257606909
47.9257606909
47.9257606909
47.9257606909
47.9257606909
47.9257606909
47.9257606909
47.9257606909
47.9257606909
47.9257606909
47.9257606909
47.9257606909
47.9257606909
47.9257606909
47.9257606909
47.9257606909
47.9257606909
47.9257606909
47.9257606909
47.9257606909
47.9257606909
47.9257606909
47.9257606909
47.9257606909
47.9257606909
47.9257606909
47.9257606909
47.9257606909
47.9257606909
47.9257606909
47.9257606909
47.9257606909
47.9257606909
47.9257606909
47.9257606909
47.9257606909
47.9257606909
47.9257606909
47.9257606909
47.9257606909
47.9257606909
47.9257606909
47.9257606909
47.9257606909
47.9257606909
47.9257606909
47.9257606909
47.9257606909
47.9257606909
47.9257606909
47.9257606909
47.9257606909
47.9257606909
47.9257606909
47.9257606909
47.9257606909
47.9257606909
47.9257606909
47.9257606909
47.9257606909
47.9257606909
47.9257606909
47.9257606909
47.9257606909
47.9257606909
47.9257606909
47.9257606909
47.9257606909
47.9257606909
47.9257606909
47.9257606909
47.9257606909
47.9257606909
47.9257606909
47.9257606909
47.9257606909
47.9257606909
47.9257606909
47.9257606909
47.9257606909
47.9257606909
47.9257606909
47.9257606909
47.9257606909
47.9257606909
47.9257606909
47.9257606909
47.9257606909
47.9257606909
47.9257606909
47.9257606909
47.9257606909
47.9257606909
47.9257606909
47.9257606909
47.9257606909
47.9257606909
47.9257606909
47.9257606909
47.9257606909
47.9257606909
47.9257606909
47.9257606909
47.9257606909
47.9257606909
47.9257606909
47.9257606909
47.9257606909
47.9257606909
47.9257606909
47.9257606909
47.9257606909
47.9257606909
47.9257606909
47.9257606909
47.9257606909
47.9257606909
47.9257606909
47.9257606909
47.9257606909
47.9257606909
47.9257606909
47.9257606909
47.9257606909
47.9257606909
47.9257606909
47.9257606909
47.9257606909
47.9257606909
47.9257606909
47.9257606909
47.9257606909
47.9257606909
47.9257606909
47.9257606909
47.9257606909
47.9257606909
47.9257606909
47.9257606909
47.9257606909
47.9257606909
47.9257606909
47.9257606909
47.9257606909
47.9257606909
47.9257606909
47.9257606909
47.9257606909
47.9257606909
47.9257606909
47.9257606909
47.9257606909
47.9257606909
47.9257606909
47.9257606909
47.9257606909
47.9257606909
47.9257606909
47.9257606909
47.9257606909
47.9257606909
47.9257606909
47.9257606909
47.9257606909
47.9257606909
47.9257606909
47.9257606909
47.9257606909
47.9257606909
47.9257606909
47.9257606909
47.9257606909
47.9257606909
47.9257606909
47.9257606909
47.9257606909
47.9257606909
47.9257606909
47.9257606909
47.9257606909
47.9257606909
47.9257606909
47.9257606909
47.9257606909
47.9257606909
47.9257606909
47.9257606909
47.9257606909
47.9257606909
47.9257606909
47.9257606909
47.9257606909
47.9257606909
47.9257606909
47.9257606909
47.9257606909
47.9257606909
47.9257606909
47.9257606909
47.9257606909
47.9257606909
47.9257606909
47.9257606909
47.9257606909
47.9257606909
47.9257606909
47.9257606909
47.9257606909
47.9257606909
47.9257606909
47.9257606909
47.9257606909
47.9257606909
47.9257606909
47.9257606909
47.9257606909
47.9257606909
47.9257606909
47.9257606909
47.9257606909
47.9257606909
47.9257606909
47.9257606909
47.9257606909
47.9257606909
47.9257606909
47.9257606909
47.9257606909
47.9257606909
47.9257606909
47.9257606909
47.9257606909
47.9257606909
47.9257606909
47.9257606909
47.9257606909
47.9257606909
47.9257606909
47.9257606909
47.9257606909
47.9257606909
47.9257606909
47.9257606909
47.9257606909
47.9257606909
47.9257606909
47.9257606909
47.9257606909
47.9257606909
47.9257606909
47.9257606909
47.9257606909
47.9257606909
47.9257606909
47.9257606909
47.9257606909
47.9257606909
47.9257606909
47.9257606909
47.9257606909
47.9257606909
47.9257606909
47.9257606909
47.9257606909
47.9257606909
47.9257606909
47.9257606909
47.9257606909
47.9257606909
47.9257606909
47.9257606909
47.9257606909
47.9257606909
47.9257606909
47.9257606909
47.9257606909
47.9257606909
47.9257606909
47.9257606909
47.9257606909
47.9257606909
47.9257606909
47.9257606909
47.9257606909
47.9257606909
47.9257606909
47.9257606909
47.9257606909
47.9257606909
47.9257606909
47.9257606909
47.9257606909
47.9257606909
47.9257606909
47.9257606909
47.9257606909
47.9257606909
47.9257606909
47.9257606909
47.9257606909
47.9257606909
47.9257606909
47.9257606909
47.9257606909
47.9257606909
47.9257606909
47.9257606909
47.9257606909
47.9257606909
47.9257606909
47.9257606909
47.9257606909
47.9257606909
47.9257606909
47.9257606909
47.9257606909
47.9257606909
47.9257606909
47.9257606909
47.9257606909
47.9257606909
47.9257606909
47.9257606909
47.9257606909
47.9257606909
47.9257606909
47.9257606909
47.9257606909
47.9257606909
47.9257606909
47.9257606909
47.9257606909
47.9257606909
47.9257606909
47.9257606909
47.9257606909
47.9257606909
47.9257606909
47.9257606909
47.9257606909
47.9257606909
47.9257606909
47.9257606909
47.9257606909
47.9257606909
47.9257606909
47.9257606909
47.9257606909
47.9257606909
47.9257606909
47.9257606909
47.9257606909
47.9257606909
47.9257606909
47.9257606909
47.9257606909
47.9257606909
47.9257606909
47.9257606909
47.9257606909
47.9257606909
47.9257606909
47.9257606909
47.9257606909
47.9257606909
47.9257606909
47.9257606909
47.9257606909
47.9257606909
47.9257606909
47.9257606909
47.9257606909
47.9257606909
47.9257606909
47.9257606909
47.9257606909
47.9257606909
47.9257606909
47.9257606909
47.9257606909
47.9257606909
47.9257606909
47.9257606909
47.9257606909
47.9257606909
47.9257606909
47.9257606909
47.9257606909
47.9257606909
47.9257606909
47.9257606909
47.9257606909
47.9257606909
47.9257606909
47.9257606909
47.9257606909
47.9257606909
47.9257606909
47.9257606909
47.9257606909
47.9257606909
47.9257606909
47.9257606909
47.9257606909
47.9257606909
47.9257606909
47.9257606909
47.9257606909
47.9257606909
47.9257606909
47.9257606909
47.9257606909
47.9257606909
47.9257606909
47.9257606909
47.9257606909
47.9257606909
47.9257606909
47.9257606909
47.9257606909
47.9257606909
47.9257606909
47.9257606909
47.9257606909
47.9257606909
47.9257606909
47.9257606909
47.9257606909
47.9257606909
47.9257606909
47.9257606909
47.9257606909
47.9257606909
47.9257606909
47.9257606909
47.9257606909
47.9257606909
47.9257606909
47.9257606909
47.9257606909
47.9257606909
47.9257606909
47.9257606909
47.9257606909
47.9257606909
47.9257606909
47.9257606909
47.9257606909
47.9257606909
47.9257606909
47.9257606909
47.9257606909
47.9257606909
47.9257606909
47.9257606909
47.9257606909
47.9257606909
47.9257606909
47.9257606909
47.9257606909
47.9257606909
47.9257606909
47.9257606909
47.9257606909
47.9257606909
47.9257606909
47.9257606909
47.9257606909
47.9257606909
47.9257606909
47.9257606909
47.9257606909
47.9257606909
47.9257606909
47.9257606909
47.9257606909
47.9257606909
47.9257606909
47.9257606909
47.9257606909
47.9257606909
47.9257606909
47.9257606909
47.9257606909
47.9257606909
47.9257606909
47.9257606909
47.9257606909
47.9257606909
47.9257606909
47.9257606909
47.9257606909
47.9257606909
47.9257606909
47.9257606909
47.9257606909
47.9257606909
47.9257606909
47.9257606909
47.9257606909
47.9257606909
47.9257606909
47.9257606909
47.9257606909
47.9257606909
47.9257606909
47.9257606909
47.9257606909
47.9257606909
47.9257606909
47.9257606909
47.9257606909
47.9257606909
47.9257606909
47.9257606909
47.9257606909
47.9257606909
47.9257606909
47.9257606909
47.9257606909
47.9257606909
47.9257606909
47.9257606909
47.9257606909
47.9257606909
47.9257606909
47.9257606909
47.9257606909
47.9257606909
47.9257606909
47.9257606909
47.9257606909
47.9257606909
47.9257606909
47.9257606909
47.9257606909
47.9257606909
47.9257606909
47.9257606909
47.9257606909
47.9257606909
47.9257606909
47.9257606909
47.9257606909
47.9257606909
47.9257606909
47.9257606909
47.9257606909
47.9257606909
47.9257606909
47.9257606909
47.9257606909
47.9257606909
47.9257606909
47.9257606909
47.9257606909
47.9257606909
47.9257606909
47.9257606909
47.9257606909
47.9257606909
47.9257606909
47.9257606909
47.9257606909
47.9257606909
47.9257606909
47.9257606909
47.9257606909
47.9257606909
47.9257606909
47.9257606909
47.9257606909
47.9257606909
47.9257606909
47.9257606909
47.9257606909
47.9257606909
47.9257606909
47.9257606909
47.9257606909
47.9257606909
47.9257606909
47.9257606909
47.9257606909
47.9257606909
47.9257606909
47.9257606909
47.9257606909
47.9257606909
47.9257606909
47.9257606909
47.9257606909
47.9257606909
47.9257606909
47.9257606909
47.9257606909
47.9257606909
47.9257606909
47.9257606909
47.9257606909
47.9257606909
47.9257606909
47.9257606909
47.9257606909
47.9257606909
47.9257606909
47.9257606909
47.9257606909
47.9257606909
47.9257606909
47.9257606909
47.9257606909
47.9257606909
47.9257606909
47.9257606909
47.9257606909
47.9257606909
47.9257606909
47.9257606909
47.9257606909
47.9257606909
47.9257606909
47.9257606909
47.9257606909
47.9257606909
47.9257606909
47.9257606909
47.9257606909
47.9257606909
47.9257606909
47.9257606909
47.9257606909
47.9257606909
47.9257606909
47.9257606909
47.9257606909
47.9257606909
47.9257606909
47.9257606909
47.9257606909
47.9257606909
47.9257606909
47.9257606909
47.9257606909
47.9257606909
47.9257606909
47.9257606909
47.9257606909
47.9257606909
47.9257606909
47.9257606909
47.9257606909
47.9257606909
47.9257606909
47.9257606909
47.9257606909
47.9257606909
47.9257606909
47.9257606909
47.9257606909
47.9257606909
47.9257606909
47.9257606909
47.9257606909
47.9257606909
47.9257606909
47.9257606909
47.9257606909
47.9257606909
47.9257606909
47.9257606909
47.9257606909
47.9257606909
47.9257606909
47.9257606909
47.9257606909
47.9257606909
47.9257606909
47.9257606909
47.9257606909
47.9257606909
47.9257606909
47.9257606909
47.9257606909
47.9257606909
47.9257606909
47.9257606909
47.9257606909
47.9257606909
47.9257606909
47.9257606909
47.9257606909
47.9257606909
47.9257606909
47.9257606909
47.9257606909
47.9257606909
47.9257606909
47.9257606909
47.9257606909
47.9257606909
47.9257606909
47.9257606909
47.9257606909
47.9257606909
47.9257606909
47.9257606909
47.9257606909
47.9257606909
47.9257606909
47.9257606909
47.9257606909
47.9257606909
47.9257606909
47.9257606909
47.9257606909
47.9257606909
47.9257606909
47.9257606909
47.9257606909
47.9257606909
47.9257606909
47.9257606909
47.9257606909
47.9257606909
47.9257606909
47.9257606909
47.9257606909
47.9257606909
47.9257606909
47.9257606909
47.9257606909
47.9257606909
47.9257606909
47.9257606909
47.9257606909
47.9257606909
47.9257606909
47.9257606909
47.9257606909
47.9257606909
47.9257606909
47.9257606909
47.9257606909
47.9257606909
47.9257606909
47.9257606909
47.9257606909
47.9257606909
47.9257606909
47.9257606909
47.9257606909
47.9257606909
47.9257606909
47.9257606909
47.9257606909
47.9257606909
47.9257606909
47.9257606909
47.9257606909
47.9257606909
47.9257606909
47.9257606909
47.9257606909
47.9257606909
47.9257606909
47.9257606909
47.9257606909
47.9257606909
47.9257606909
47.9257606909
47.9257606909
47.9257606909
47.9257606909
47.9257606909
47.9257606909
47.9257606909
47.9257606909
47.9257606909
47.9257606909
47.9257606909
47.9257606909
47.9257606909
47.9257606909
47.9257606909
47.9257606909
47.9257606909
47.9257606909
47.9257606909
47.9257606909
47.9257606909
47.9257606909
