-1.64058304455
-1.07886184115
-0.472491267564
1.19079857086e-10
0.216264235798
0.175475740228
-3.83124643122e-10
-0.139085095958
-0.131889516274
7.60081775297e-10
0.129279262304
0.132445103903
-1.20815002447e-09
-0.147037066574
-0.159038950479
1.68313363247e-09
0.196577581808
0.225683501148
-2.12298800761e-09
-0.325956579004
-0.419856136232
2.43289832724e-09
0.939117809003
2.08589555679
2.9999999975
3.3941511152
3.29954252579
3.00000000231
2.80296993
2.83367117877
2.99999999798
3.12438288453
3.10939893789
3.00000000167
2.91342514098
2.92232825962
2.99999999863
3.06327283849
3.05737173865
3.00000000108
2.95251272296
2.9566830763
2.99999999913
3.03618313338
3.03312047768
3.00000000067
2.97218546543
2.97448745423
2.99999999946
3.02149358531
3.01973881902
3.00000000041
2.98333914664
2.98468826557
2.99999999967
3.01293852755
3.01189585024
3.00000000025
2.98994153083
2.99074997699
2.9999999998
3.00782381763
3.00719569581
3.00000000015
2.99391321554
2.99440191913
2.99999999987
3.00473481846
3.00435416624
3.00000000009
2.99631858485
2.99661540053
2.99999999992
3.00285969064
3.00262793234
3.00000000005
2.99778228421
2.99796359967
2.99999999995
3.00171503656
3.00157275334
3.00000000003
2.99867996821
2.99879216247
2.99999999997
3.00100787971
3.00091872763
3.00000000002
2.99924102238
2.99931272928
2.99999999998
3.0005577008
3.00049893853
3.00000000001
2.99960858275
2.99965808791
2.99999999998
3.0002496925
3.00020633816
3.0
2.99987636601
2.99991628972
2.99999999998
3.00000533244
2.99996633448
3.0
3.0001126345
3.00015315347
2.99999999998
2.99976233176
2.99971774955
3.00000000001
3.0003776136
3.00042905627
2.99999999998
2.99945874862
2.99939721762
3.00000000001
3.00073884954
3.00081433008
2.99999999997
2.99901719152
2.99892302414
3.00000000002
3.00128844074
3.00140720664
2.99999999996
2.99832506402
2.99817424051
3.00000000004
3.00216657332
3.00235893354
2.99999999993
2.99720573709
2.99695973651
3.00000000007
3.00359752355
3.00391267274
2.99999999989
2.99537295621
2.99496872867
3.00000000012
3.00594803458
3.00646703516
2.99999999983
2.99235531283
2.99168826992
3.0000000002
3.0098262333
3.01068466997
2.99999999973
2.98736454399
2.98625766313
3.00000000034
3.01626119204
3.01769277108
2.99999999955
2.97904218846
2.97718149934
3.00000000056
3.02707779507
3.02951588411
2.99999999927
2.96486929821
2.96163167943
3.00000000091
3.04589933479
3.05029480194
2.99999999883
2.93930932879
2.93311818102
3.00000000145
3.08194033722
3.09121803913
2.9999999982
2.88510454003
2.86963497692
3.00000000216
3.17342041129
3.20475521061
2.99999999748
2.69127809149
2.5958343259
3.00000000273
3.92605091273
5.07394855271
5.99999999725
6.40416621977
6.30872246542
6.0000000025
5.79524419829
5.82657897444
5.99999999782
6.13036569661
6.11489617006
6.00000000178
5.90878116256
5.91805881224
5.99999999853
6.06688279206
6.06069171549
6.00000000115
5.94970398908
5.95409936161
5.99999999907
6.03836984123
6.03513234644
6.00000000071
5.97048218807
5.97292011599
5.99999999942
6.02282095651
6.02096047576
6.00000000043
5.98230409088
5.98373540123
5.99999999964
6.0137463539
6.0126398189
6.00000000025
5.98931018192
5.99016817384
5.99999999978
6.00831833218
6.00765186081
6.00000000015
5.99352449445
5.99404276086
5.99999999986
6.00504214134
6.00463885668
6.00000000009
5.99607337557
5.99638731403
5.99999999991
6.00305817209
6.00281372605
6.00000000005
5.99761807731
5.99780844164
5.99999999994
6.00185527143
6.00170701038
6.00000000002
5.99855490701
5.99867038312
5.99999999996
6.0011256135
6.00103566963
6.00000000001
5.99912322946
5.99919328776
5.99999999997
6.00068294305
6.00062837317
6.0
5.99946803358
5.99951053952
5.99999999998
6.00041436647
6.00038125731
5.99999999999
5.99967723572
5.9997030255
5.99999999998
6.0002514123
6.00023132377
5.99999999999
5.99980416612
5.99981981377
5.99999999998
6.00015254188
6.00014035339
5.99999999999
5.99988117972
5.99989067376
5.99999999998
6.0000925533
6.00008515806
5.99999999999
5.99992790693
5.99993366735
5.99999999999
6.00005615582
6.00005166883
5.99999999999
5.99995625821
5.99995975329
5.99999999999
6.00003407201
6.00003134957
5.99999999999
5.99997346008
5.99997558069
5.99999999999
6.00002067286
6.00001902105
5.99999999999
5.99998389715
5.99998518381
5.99999999999
6.00001254306
6.00001154083
5.99999999999
5.99999022974
5.99999101041
5.99999999999
6.00000761038
6.00000700229
5.99999999999
5.99999407199
5.99999454565
5.99999999999
6.00000461752
6.00000424857
5.99999999999
5.99999640323
5.99999669062
5.99999999999
6.00000280163
6.00000257777
5.99999999999
5.99999781769
5.99999799206
5.99999999999
6.00000169986
6.00000156403
5.99999999999
5.9999986759
5.9999987817
5.99999999999
6.00000103137
6.00000094896
5.99999999999
5.99999919661
5.9999992608
5.99999999999
6.00000062577
6.00000057577
5.99999999999
5.99999951254
5.99999955149
5.99999999999
6.00000037967
6.00000034934
5.99999999999
5.99999970424
5.99999972787
5.99999999999
6.00000023036
6.00000021195
5.99999999999
5.99999982054
5.99999983488
5.99999999999
6.00000013976
6.0000001286
5.99999999999
5.99999989111
5.99999989981
5.99999999999
6.0000000848
6.00000007802
5.99999999999
5.99999993392
5.9999999392
5.99999999999
6.00000005145
6.00000004734
5.99999999999
5.9999999599
5.9999999631
5.99999999999
6.00000003121
6.00000002872
5.99999999999
5.99999997566
5.9999999776
5.99999999999
6.00000001894
6.00000001743
5.99999999999
5.99999998522
5.9999999864
5.99999999999
6.0000000115
6.00000001058
5.99999999999
5.99999999101
5.99999999173
5.99999999999
6.00000000699
6.00000000643
5.99999999999
5.99999999452
5.99999999495
5.99999999999
6.00000000426
6.00000000393
5.99999999999
5.99999999663
5.99999999689
5.99999999999
6.00000000263
6.00000000243
5.99999999999
5.99999999789
5.99999999804
5.99999999999
6.00000000167
6.00000000155
5.99999999999
5.99999999861
5.9999999987
5.99999999999
6.00000000114
6.00000000108
5.99999999999
5.99999999899
5.99999999902
5.99999999999
6.0000000009
6.00000000088
5.99999999999
5.99999999911
5.99999999911
5.99999999999
6.00000000089
6.00000000091
5.99999999999
5.999999999
5.99999999896
5.99999999999
6.00000000111
6.00000000117
5.99999999999
5.99999999865
5.99999999856
5.99999999999
6.00000000162
6.00000000174
5.99999999999
5.99999999795
5.99999999779
5.99999999999
6.00000000255
6.00000000276
5.99999999999
5.99999999674
5.99999999647
5.99999999999
6.00000000413
6.00000000448
5.99999999999
5.9999999947
5.99999999424
5.99999999999
6.00000000676
6.00000000734
5.99999999999
5.99999999131
5.99999999056
5.99999999999
6.00000001112
6.00000001208
5.99999999999
5.9999999857
5.99999998446
5.99999999999
6.00000001832
6.00000001991
5.99999999999
5.99999997646
5.99999997442
5.99999999999
6.00000003019
6.00000003281
5.99999999999
5.99999996122
5.99999995785
5.99999999999
6.00000004976
6.00000005408
5.99999999999
5.99999993609
5.99999993054
5.99999999999
6.00000008202
6.00000008914
5.99999999999
5.99999989468
5.99999988553
5.99999999999
6.00000013518
6.00000014692
5.99999999999
5.99999982643
5.99999981135
5.99999999999
6.00000022281
6.00000024216
5.99999999999
5.99999971393
5.99999968909
5.99999999999
6.00000036722
6.00000039912
5.99999999999
5.99999952853
5.99999948758
5.99999999999
6.00000060525
6.00000065781
5.99999999999
5.99999922295
5.99999915547
5.99999999999
6.00000099755
6.00000108418
5.99999999999
5.99999871931
5.9999986081
5.99999999999
6.00000164412
6.0000017869
5.99999999999
5.99999788924
5.99999770594
5.99999999999
6.00000270977
6.00000294509
5.99999999999
5.99999652116
5.99999621905
5.99999999999
6.00000446612
6.00000485397
5.99999999999
5.99999426635
5.99999376843
5.99999999999
6.00000736086
6.00000800009
5.99999999999
5.99999055007
5.99998972942
5.99999999999
6.00001213184
6.00001318539
5.99999999999
5.99998442505
5.99998307248
5.99999999999
6.00001999521
6.00002173166
5.99999999999
5.99997432991
5.99997210062
5.99999999999
6.0000329556
6.00003581766
5.99999999999
5.99995769084
5.99995401635
5.99999999999
6.00005431792
6.00005903562
5.99999999999
5.99993026368
5.99992420631
5.99999999999
6.00008953353
6.00009731167
5.99999999998
5.99988504417
5.99987505506
5.99999999999
6.00014760681
6.00016043829
5.99999999998
5.9998104465
5.99979395768
5.99999999999
6.00024346658
6.00026466827
5.99999999998
5.99968718862
5.9996598993
6.0
6.00040211394
6.00043729765
5.99999999998
5.99948265018
5.99943716356
6.0
6.00066654166
6.00072561381
5.99999999997
5.99913925689
5.99906197442
6.00000000001
6.00111577588
6.00121810109
5.99999999996
5.99854446769
5.99840633944
6.00000000002
6.00191872574
6.00211102651
5.99999999994
5.99742620578
5.99714519875
6.00000000004
6.00355489303
6.00399733432
5.99999999992
5.99484044094
5.99406047714
6.00000000007
6.00816037408
6.00979221784
5.9999999999
5.98493147798
5.98045162293
6.00000000007
6.03769848358
6.05790173434
