0.045650753166	0.191590225184	-0.100288718852
0.317786812568	0.459184380293	0.176391983961
0.581672924801	0.718668770441	0.444682389763
0.837559191333	0.970289171877	0.704836932937
1.08568813168	1.2142839123	0.957102332186
1.32629491324	1.45088409661	1.20171782451
1.5596075742	1.68031382578	1.43891539207
1.78584723965	1.90279040914	1.66891998224
2.00522833116	2.1185245702	1.89194972087
2.21795876997	2.32772064622	2.1082161192
2.42424017412	2.5305767818	2.3179242744
2.62426804946	2.7272851165	2.52127306414
2.818231975	2.91803196688	2.71845533512
3.00631578254	3.10299800294	2.90965808602
3.18869773096	3.28235841927	3.0950626448
3.36555067509	3.45628310094	3.2748448407
3.53704222959	3.6249367845	3.44917517094
3.7033349278	3.78847921391	3.61821896246
3.86458637576	3.94706529193	3.78213652868
4.02094940163	4.10084522679	3.94108332154
4.17257220048	4.24996467447	4.09521007894
4.31959847477	4.39456487669	4.24466296765
4.46216757055	4.53478279465	4.38958372198
4.60041460952	4.67075123879	4.53010977817
4.7344706171	4.80259899455	4.66637440471
4.8644626466	4.93045094439	4.79850682876
4.99051389964	5.05442818605	4.92663235869
5.11274384293	5.17464814724	5.0508725029
5.23126832147	5.29122469691	5.17134508508
5.34619966837	5.40426825305	5.28816435593
5.45764681129	5.51388588732	5.40144110152
5.56571537571	5.62018142641	5.51128274835
5.67050778499	5.72325555046	5.61779346522
5.77212335751	5.82320588834	5.72107426204
5.87065840072	5.92012711018	5.82122308561
5.96620630249	6.01411101701	5.9183349125
6.05885761958	6.10524662772	6.01250183914
6.14870016346	6.19362026336	6.10381316915
6.23581908357	6.27931562895	6.19235549803
6.32029694799	6.36241389269	6.27821279528
6.40221382171	6.44299376291	6.36146648405
6.48164734249	6.52113156257	6.44219551834
6.55867279449	6.59690130158	6.52047645788
6.63336317958	6.67037474688	6.59638354075
6.70578928652	6.74162149043	6.66998875376
6.77601975809	6.81070901513	6.74136190074
6.84412115614	6.87770275873	6.81057066872
6.91015802464	6.94266617578	6.87768069214
6.97419295088	7.0056607978	6.94275561509
7.03628662479	7.06674629151	7.00585715166
7.09649789647	7.12598051535	7.06704514446
7.1548838319	7.18341957429	7.1263776214
7.21149976712	7.23911787299	7.18391085069
7.26639936062	7.29312816728	7.23969939422
7.31963464418	7.3455016142	7.29379615931
7.37125607224	7.39628782038	7.34625244885
7.42131256968	7.44553488907	7.39711801
7.46985157817	7.49328946569	7.44644108133
7.51691910121	7.53959678204	7.4942684386
7.56255974763	7.58450069908	7.5406454391
7.60681677395	7.62804374853	7.58561606465
7.64973212534	7.67026717313	7.62922296334
7.69134647537	7.71121096571	7.67150748997
7.73169926459	7.75091390707	7.71250974525
7.77082873787	7.78941360271	7.75226861385
7.80877198067	7.82674651844	7.79082180128
7.8455649542	7.86294801494	7.82820586961
7.88124252946	7.89805238125	7.86445627218
7.91583852034	7.93209286722	7.89960738724
7.94938571564	7.96510171504	7.93369255048
7.98191591014	7.99711018974	7.96674408673
8.01345993476	8.02814860886	7.99879334056
8.04404768576	8.05824637109	8.02987070601
8.07370815306	8.08743198418	8.06000565544
8.10246944776	8.11573309193	8.08922676746
8.13035882875	8.14317650032	8.11756175405
8.15740272854	8.16978820299	8.14503748681
8.18362677836	8.19559340578	8.17168002247
8.20905583236	8.22061655064	8.1975146276
8.23371399128	8.24488133879	8.22256580256
8.25762462519	8.26841075315	8.24685730474
8.28081039571	8.29122708011	8.27041217109
8.30329327746	8.31335193065	8.29325273998
8.32509457887	8.3348062608	8.31540067235
8.34623496241	8.35561039149	8.33687697231
8.36673446415	8.3757840278	8.35770200698
8.38661251276	8.39534627763	8.37789552589
8.40588794792	8.41431566978	8.39747667964
8.42457903816	8.43271017154	8.41646403811
8.44270349822	8.45054720563	8.43487560804
8.46027850577	8.46784366681	8.45272885013
8.47732071777	8.48461593779	8.47004069558
8.49384628618	8.50087990477	8.48682756215
8.50987087333	8.51665097255	8.50310536974
8.52540966673	8.53194407901	8.51888955548
8.54047739347	8.54677370936	8.53419508837
8.55508833418	8.5611539098	8.54903648348
8.56925633657	8.57509830085	8.56342781571
8.58299482855	8.58862009024	8.57738273315
8.59631683095	8.60173208542	8.59091447001
8.60923496987	8.61444670571	8.60403585916
8.62176148864	8.62677599404	8.61675934433
8.63390825943	8.63873162835	8.6290969919
8.64568679451	8.65032493268	8.64106050233
8.65710825713	8.66156688788	8.65266122126
8.66818347212	8.67246814202	8.66391015028
8.67892293617	8.68303902045	8.67481795738
8.68933682775	8.6932895356	8.68539498702
8.69943501675	8.70322939648	8.69565126996
8.70922707386	8.71286801783	8.7055965328
8.71872227962	8.72221452909	8.71524020717
8.72792963326	8.73127778301	8.7245914387
8.73685786114	8.74006636404	8.73365909566
8.74551542513	8.74858859648	8.74245177741
8.75391053052	8.75685255234	8.75097782252
8.7620511339	8.76486605901	8.75924531672
8.76994495062	8.77263670666	8.7672621005
8.77759946216	8.78017185542	8.77503577663
8.78502192316	8.78747864237	8.7825737173
8.79221936838	8.79456398829	8.78988307116
8.79919861927	8.80143460422	8.79697077006
8.80596629052	8.80809699781	8.80384353565
8.81252879627	8.8145574795	8.81050788575
8.81889235622	8.82082216847	8.81697014052
8.82506300152	8.82689699845	8.82323642847
8.83104658048	8.83278772335	8.82931269227
8.8368487641	8.83849992269	8.83520469437
8.84247505149	8.84403900692	8.84091802246
8.84793077503	8.84941022249	8.84645809482
8.85322110545	8.85461865687	8.85183016538
8.85835105674	8.85966924334	8.85703932879
8.86332549086	8.86456676566	8.86209052517
8.86814912241	8.86931586265	8.86698854485
8.87282652305	8.87392103249	8.87173803288
8.87736212583	8.87838663709	8.87634349347
8.88176022944	8.88271690613	8.88080929422
8.88602500224	8.88691594112	8.88513967029
8.89016048621	8.89098771927	8.88933872842
8.89417060082	8.89493609725	8.89341045079
8.89805914671	8.89876481486	8.89735869885
8.90182980929	8.90247749854	8.90118721694
8.90548616226	8.90607766485	8.90489963584
8.90903167098	8.90956872376	8.90849947625
8.91246969574	8.91295398189	8.91199015208
8.91580349498	8.91623664568	8.91537497374
8.91903622835	8.91941982437	8.91865715124
8.92217095971	8.92250653298	8.92183979725
8.92521066006	8.92549969514	8.92492593003
8.92815821029	8.92840214589	8.92791847634
8.931016404	8.93121663436	8.93082027418
8.93378795006	8.93394582635	8.93363407547
8.93647547526	8.93659230687	8.9363625487
8.93908152672	8.9391585826	8.93900828143
8.94160857437	8.94164708422	8.94157378274
8.94405901324	8.9440601688	8.94406148565
8.94643516577	8.94640012192	8.94647374937
8.948739284	8.94866915993	8.94881286159
8.95097355168	8.95086943199	8.95108104062
8.95314008636	8.95300302215	8.95328043748
8.95524094141	8.95507195127	8.955413138
8.95727810794	8.95707817899	8.95748116472
8.95925351669	8.95902360555	8.95948647888
8.9611690399	8.96091007359	8.96143098221
8.96302649301	8.96273936995	8.96331651879
8.96482763647	8.96451322725	8.96514487678
8.96657417731	8.96623332567	8.96691779012
8.96826777086	8.96790129442	8.96863694015
8.96991002223	8.96951871335	8.97030395724
8.97150248789	8.97108711445	8.97192042231
8.97304667711	8.97260798325	8.97348786834
8.97454405344	8.97408276028	8.97500778183
8.97599603601	8.97551284241	8.97648160418
8.97740400098	8.97689958417	8.97791073312
8.97876928275	8.97824429903	8.97929652396
8.98009317528	8.97954826069	8.98064029091
8.98137693332	8.98081270421	8.98194330835
8.98262177357	8.98203882723	8.98320681201
8.98382887583	8.98322779111	8.98443200012
8.98499938415	8.984380722	8.9856200346
8.9861344079	8.98549871193	8.98677204213
8.98723502281	8.98658281981	8.98788911522
8.988302272	8.9876340725	8.98897231325
8.98933716698	8.9886534657	8.99002266348
8.99034068857	8.98964196495	8.99104116201
8.99131378788	8.99060050653	8.99202877474
8.99225738717	8.99152999835	8.99298643827
8.99317238076	8.9924313208	8.99391506082
8.99405963583	8.99330532758	8.99481552304
8.99491999331	8.99415284652	8.99568867889
8.99575426859	8.99497468038	8.99653535643
8.99656325239	8.99577160756	8.99735635861
8.99734771142	8.9965443829	8.99815246404
8.99810838916	8.99729373835	8.9989244277
8.99884600655	8.99802038368	8.99967298168
8.99956126269	8.99872500714	9.00039883589
9.00025483547	8.99940827613	9.0011026787
9.00092738222	9.00007083782	9.00178517758
9.00157954037	9.00071331979	9.00244697979
9.002211928	9.00133633055	9.00308871297
9.00282514446	9.00194046023	9.00371098569
9.00341977095	9.00252628102	9.00431438809
9.00399637103	9.0030943478	9.00489949241
9.00455549117	9.00364519863	9.00546685354
9.0050976613	9.00417935526	9.00601700953
9.00562339525	9.00469732362	9.00655048214
9.0061331913	9.00519959433	9.00706777727
9.00662753262	9.00568664311	9.00756938552
9.00710688772	9.0061589313	9.00805578258
9.00757171092	9.00661690621	9.00852742972
9.00802244276	9.00706100164	9.00898477425
9.00845951043	9.00749163822	9.00942824987
9.00888332816	9.00790922384	9.00985827717
9.00929429764	9.00831415402	9.01027526397
9.00969280836	9.0087068123	9.0106796057
9.01007923802	9.0090875706	9.01107168584
9.01045395287	9.00945678955	9.01145187622
9.01081730804	9.00981481888	9.01182053738
9.0111696479	9.0101619977	9.01217801895
9.0115113064	9.01049865484	9.01252465995
9.01184260734	9.01082510917	9.01286078913
9.01216386472	9.01114166992	9.01318672524
9.01247538301	9.01144863691	9.01350277739
9.01277745747	9.01174630089	9.01380924531
9.01307037438	9.0120349438	9.01410641964
9.01335441135	9.01231483904	9.01439458221
9.0136298376	9.01258625172	9.01467400629
9.01389691416	9.0128494389	9.01494495689
9.01415589415	9.01310464988	9.01520769095
9.01440702303	9.01335212638	9.01546245765
9.01465053881	9.01359210281	9.01570949858
9.01488667227	9.01382480646	9.01594904805
9.01511564723	9.01405045775	9.01618133321
9.01533768069	9.01426927039	9.01640657436
9.01555298309	9.01448145166	9.01662498512
9.01576175849	9.01468720252	9.0168367726
9.01596420475	9.01488671785	9.01704213766
9.01616051374	9.01508018662	9.01724127506
9.01635087153	9.01526779209	9.01743437365
9.01653545852	9.01544971195	9.01762161656
9.01671444966	9.0156261185	9.01780318135
9.01688801458	9.01579717884	9.01797924023
9.0170563178	9.01596305499	9.01814996015
9.01721951882	9.01612390407	9.01831550301
9.01737777231	9.01627987841	9.01847602582
9.01753122826	9.01643112577	9.01863168079
9.01768003212	9.01657778939	9.01878261556
9.01782432491	9.01672000819	9.01892897325
9.01796424339	9.01685791688	9.01907089267
9.01809992017	9.01699164608	9.0192085084
9.01823148383	9.01712132246	9.01934195097
9.01835905907	9.01724706883	9.0194713469
9.01848276681	9.01736900431	9.01959681893
9.01860272427	9.01748724439	9.01971848604
9.01871904517	9.01760190105	9.01983646361
9.01883183973	9.01771308291	9.01995086354
9.01894121487	9.01782089527	9.0200617943
9.01904727425	9.01792544024	9.02016936111
9.01915011837	9.01802681686	9.02027366597
9.01924984473	9.01812512113	9.0203748078
9.01934654783	9.01822044617	9.02047288252
9.01944031932	9.01831288227	9.02056798315
9.01953124808	9.01840251698	9.02066019986
9.01961942029	9.0184894352	9.02074962012
9.01970491951	9.01857371926	9.02083632872
9.01978782678	9.01865544899	9.02092040789
9.01986822067	9.0187347018	9.02100193738
9.01994617738	9.01881155276	9.02108099451
9.02002177079	9.01888607466	9.02115765423
9.02009507255	9.01895833808	9.02123198927
9.02016615212	9.01902841148	9.0213040701
9.02023507688	9.01909636121	9.0213739651
9.02030191215	9.01916225164	9.02144174054
9.02036672128	9.01922614519	9.0215074607
9.02042956568	9.01928810236	9.02157118791
9.02049050492	9.01934818184	9.02163298261
9.02054959675	9.01940644055	9.02169290338
9.02060689719	9.01946293365	9.02175100707
9.02066246053	9.01951771466	9.02180734878
9.02071633944	9.01957083547	9.02186198193
9.02076858498	9.01962234639	9.02191495834
9.02081924668	9.0196722962	9.02196632826
9.02086837253	9.01972073223	9.02201614038
9.02091600911	9.01976770034	9.02206444196
9.02096220157	9.01981324503	9.02211127881
9.02100699367	9.01985740943	9.02215669533
9.02105042788	9.01990023538	9.02220073461
9.02109254536	9.01994176343	9.0222434384
9.02113338602	9.01998203292	9.02228484721
9.02117298858	9.020021082	9.0223250003
9.02121139056	9.02005894765	9.02236393575
9.02124862837	9.02009566574	9.0224016905
9.0212847373	9.02013127104	9.02243830033
9.02131975156	9.02016579728	9.02247379998
9.02135370435	9.02019927715	9.02250822311
9.02138662785	9.02023174238	9.02254160237
9.02141855324	9.02026322372	9.0225739694
9.02144951081	9.02029375097	9.02260535491
9.02147952988	9.02032335305	9.02263578866
9.0215086389	9.02035205801	9.0226652995
9.02153686547	9.02037989303	9.02269391544
9.02156423634	9.02040688448	9.02272166361
9.02159077745	9.02043305792	9.02274857031
9.02161651394	9.02045843814	9.02277466108
9.02164147023	9.02048304918	9.02279996064
9.02166566994	9.02050691436	9.022824493
9.02168913604	9.02053005627	9.02284828142
9.02171189074	9.02055249684	9.02287134846
9.02173395563	9.02057425732	9.022893716
9.0217553516	9.02059535832	9.02291540525
9.02177609895	9.02061581983	9.02293643677
9.02179621733	9.02063566123	9.02295683051
9.02181572581	9.02065490131	9.02297660582
9.02183464288	9.0206735583	9.02299578144
9.02185298646	9.02069164986	9.02301437557
9.02187077396	9.02070919314	9.02303240583
9.02188802221	9.02072620475	9.02304988933
9.02190474758	9.0207427008	9.02306684265
9.02192096591	9.02075869692	9.02308328185
9.02193669257	9.02077420826	9.02309922254
9.02195194247	9.0207892495	9.02311467984
9.02196673006	9.02080383491	9.02312966839
9.02198106936	9.02081797828	9.02314420242
9.02199497395	9.02083169302	9.0231582957
9.02200845702	9.02084499213	9.02317196161
9.02202153134	9.02085788818	9.0231852131
9.02203420931	9.02087039341	9.02319806275
9.02204650294	9.02088251965	9.02321052272
9.02205842388	9.02089427838	9.02322260486
9.02206998343	9.02090568076	9.0232343206
9.02208119255	9.02091673757	9.02324568107
9.02209206185	9.0209274593	9.02325669703
9.02210260165	9.02093785608	9.02326737893
9.02211282193	9.02094793779	9.02327773691
9.02212273237	9.02095771395	9.02328778078
9.02213234238	9.02096719383	9.02329752008
9.02214166105	9.02097638642	9.02330696403
9.02215069722	9.02098530041	9.0233161216
9.02215945946	9.02099394425	9.02332500146
9.02216795606	9.02100232613	9.02333361205
9.02217619509	9.02101045399	9.02334196151
9.02218418434	9.02101833553	9.02335005779
9.0221919314	9.0210259782	9.02335790854
9.0221994436	9.02103338925	9.02336552122
9.02220672807	9.02104057571	9.02337290305
9.0222137917	9.02104754436	9.02338006103
9.02222064119	9.02105430183	9.02338700194
9.02222728304	9.0210608545	9.02339373237
9.02223372354	9.02106720859	9.0234002587
9.02223996879	9.0210733701	9.02340658712
9.02224602471	9.02107934489	9.02341272363
9.02225189704	9.0210851386	9.02341867405
9.02225759135	9.02109075672	9.02342444403
9.02226311304	9.02109620459	9.02343003904
9.02226846733	9.02110148734	9.02343546437
9.0222736593	9.02110661	9.02344072519
9.02227869388	9.02111157741	9.02344582647
9.02228357583	9.02111639428	9.02345077305
9.02228830978	9.02112106516	9.02345556963
9.02229290022	9.02112559449	9.02346022076
9.0222973515	9.02112998655	9.02346473084
9.02230166783	9.0211342455	9.02346910415
9.02230585331	9.02113837539	9.02347334485
9.02230991191	9.02114238011	9.02347745694
9.02231384747	9.02114626346	9.02348144434
9.02231766372	9.02115002912	9.02348531082
9.02232136428	9.02115368066	9.02348906005
9.02232495266	9.02115722154	9.02349269558
9.02232843225	9.0211606551	9.02349622087
9.02233180635	9.02116398461	9.02349963925
9.02233507817	9.02116721321	9.02350295397
9.0223382508	9.02117034397	9.02350616817
9.02234132725	9.02117337984	9.02350928491
9.02234431044	9.02117632371	9.02351230713
9.02234720319	9.02117917836	9.0235152377
9.02235000824	9.0211819465	9.0235180794
9.02235272826	9.02118463074	9.02352083492
9.02235536582	9.02118723364	9.02352350689
9.02235792342	9.02118975765	9.02352609783
9.02236040349	9.02119220517	9.0235286102
9.02236280837	9.02119457851	9.02353104638
9.02236514034	9.02119687993	9.02353340869
9.02236740162	9.0211991116	9.02353569935
9.02236959435	9.02120127564	9.02353792056
9.02237172061	9.02120337409	9.02354007441
9.0223737824	9.02120540895	9.02354216294
9.0223757817	9.02120738213	9.02354418814
9.02237772038	9.02120929552	9.02354615192
9.02237960029	9.02121115092	9.02354805615
9.02238142321	9.02121295009	9.02354990264
9.02238319087	9.02121469473	9.02355169313
9.02238490493	9.0212163865	9.02355342933
9.02238656704	9.021218027	9.02355511287
9.02238817876	9.02121961779	9.02355674537
9.02238974162	9.02122116036	9.02355832835
9.0223912571	9.02122265618	9.02355986334
9.02239272664	9.02122410667	9.02356135177
9.02239415162	9.0212255132	9.02356279507
9.02239553341	9.0212268771	9.0235641946
9.02239687331	9.02122819967	9.02356555169
9.02239817259	9.02122948216	9.02356686763
9.02239943248	9.02123072578	9.02356814366
9.02240065418	9.02123193171	9.023569381
9.02240183884	9.02123310109	9.02357058081
9.02240298758	9.02123423503	9.02357174424
9.02240410151	9.02123533461	9.02357287239
9.02240518166	9.02123640087	9.02357396633
9.02240622906	9.02123743481	9.0235750271
9.02240724472	9.02123843741	9.02357605569
9.02240822958	9.02123940963	9.0235770531
9.02240918459	9.02124035239	9.02357802026
9.02241011065	9.02124126657	9.02357895809
9.02241100863	9.02124215305	9.02357986748
9.02241187939	9.02124301266	9.02358074929
9.02241272375	9.02124384622	9.02358160436
9.02241354252	9.02124465452	9.02358243351
9.02241433646	9.02124543832	9.02358323751
9.02241510633	9.02124619837	9.02358401712
9.02241585287	9.02124693539	9.0235847731
9.02241657677	9.02124765007	9.02358550615
9.02241727873	9.02124834309	9.02358621697
9.02241795941	9.0212490151	9.02358690624
9.02241861945	9.02124966675	9.0235875746
9.02241925948	9.02125029865	9.0235882227
9.02241988012	9.0212509114	9.02358885114
9.02242048193	9.02125150558	9.02358946053
9.0224210655	9.02125208176	9.02359005143
9.02242163138	9.02125264047	9.02359062442
9.02242218011	9.02125318225	9.02359118003
9.0224227122	9.02125370761	9.02359171879
9.02242322816	9.02125421704	9.02359224122
9.02242372848	9.02125471104	9.0235927478
9.02242421363	9.02125519007	9.02359323902
9.02242468407	9.02125565458	9.02359371534
9.02242514025	9.02125610501	9.02359417722
9.0224255826	9.0212565418	9.0235946251
9.02242601154	9.02125696534	9.02359505939
9.02242642748	9.02125737605	9.02359548051
9.02242683081	9.02125777431	9.02359588886
9.02242722191	9.0212581605	9.02359628483
9.02242760116	9.02125853499	9.02359666879
9.02242796891	9.02125889813	9.0235970411
9.02242832551	9.02125925026	9.02359740213
9.02242867129	9.02125959172	9.02359775221
9.0224290066	9.02125992283	9.02359809167
9.02242933174	9.02126024391	9.02359842084
9.02242964703	9.02126055526	9.02359874002
9.02242995275	9.02126085717	9.02359904953
9.02243024921	9.02126114993	9.02359934965
9.02243053668	9.02126143382	9.02359964067
9.02243081544	9.02126170911	9.02359992287
9.02243108575	9.02126197605	9.0236001965
9.02243134786	9.0212622349	9.02360046184
9.02243160202	9.02126248591	9.02360071913
9.02243184848	9.02126272931	9.02360096863
9.02243208747	9.02126296534	9.02360121055
9.02243231921	9.02126319421	9.02360144514
9.02243254393	9.02126341614	9.02360167261
9.02243276184	9.02126363135	9.02360189319
9.02243297314	9.02126384004	9.02360210708
9.02243317803	9.0212640424	9.02360231448
9.02243337671	9.02126423863	9.02360251559
9.02243356937	9.02126442891	9.0236027106
9.02243375619	9.02126461343	9.0236028997
9.02243393735	9.02126479235	9.02360308307
9.02243411301	9.02126496585	9.02360326087
9.02243428335	9.0212651341	9.02360343328
9.02243444852	9.02126529724	9.02360360047
9.02243460869	9.02126545544	9.02360376258
9.022434764	9.02126560885	9.02360391978
9.0224349146	9.0212657576	9.02360407221
9.02243506064	9.02126590185	9.02360422002
9.02243520225	9.02126604173	9.02360436335
9.02243533957	9.02126617737	9.02360450233
9.02243547272	9.02126630889	9.02360463709
9.02243560184	9.02126643643	9.02360476777
9.02243572704	9.02126656011	9.02360489449
9.02243584845	9.02126668004	9.02360501736
9.02243596618	9.02126679633	9.02360513651
9.02243608034	9.0212669091	9.02360525204
9.02243619103	9.02126701845	9.02360536408
9.02243629837	9.02126712449	9.02360547271
9.02243640246	9.02126722731	9.02360557805
9.02243650339	9.02126732702	9.02360568019
9.02243660127	9.0212674237	9.02360577924
9.02243669617	9.02126751746	9.02360587528
9.0224367882	9.02126760837	9.02360596841
9.02243687744	9.02126769653	9.02360605872
9.02243696397	9.02126778202	9.02360614629
9.02243704788	9.02126786491	9.0236062312
9.02243712925	9.0212679453	9.02360631354
9.02243720815	9.02126802324	9.02360639338
9.02243728465	9.02126809883	9.0236064708
9.02243735884	9.02126817212	9.02360654587
9.02243743078	9.0212682432	9.02360661867
9.02243750054	9.02126831212	9.02360668926
9.02243756818	9.02126837895	9.0236067577
9.02243763377	9.02126844375	9.02360682408
9.02243769738	9.02126850659	9.02360688844
9.02243775905	9.02126856753	9.02360695084
9.02243781886	9.02126862662	9.02360701136
9.02243787685	9.02126868392	9.02360707004
9.02243793309	9.02126873948	9.02360712694
9.02243798762	9.02126879336	9.02360718211
9.0224380405	9.02126884561	9.02360723561
9.02243809177	9.02126889627	9.02360728749
9.02243814149	9.0212689454	9.0236073378
9.0224381897	9.02126899303	9.02360738658
9.02243823645	9.02126903923	9.02360743388
9.02243828179	9.02126908402	9.02360747975
9.02243832575	9.02126912746	9.02360752422
9.02243836837	9.02126916958	9.02360756735
9.02243840971	9.02126921043	9.02360760917
9.02243844979	9.02126925003	9.02360764972
9.02243848866	9.02126928844	9.02360768904
9.02243852634	9.02126932568	9.02360772717
9.02243856289	9.02126936179	9.02360776415
9.02243859833	9.02126939681	9.0236078
9.02243863269	9.02126943077	9.02360783476
9.02243866601	9.0212694637	9.02360786847
9.02243869832	9.02126949563	9.02360790116
9.02243872965	9.02126952659	9.02360793286
9.02243876004	9.02126955662	9.02360796359
9.0224387895	9.02126958573	9.0236079934
9.02243881807	9.02126961396	9.02360802229
9.02243884577	9.02126964134	9.02360805032
9.02243887263	9.02126966789	9.02360807749
9.02243889868	9.02126969363	9.02360810384
9.02243892393	9.02126971859	9.02360812939
9.02243894843	9.0212697428	9.02360815417
9.02243897218	9.02126976627	9.02360817819
9.02243899521	9.02126978903	9.02360820149
9.02243901754	9.0212698111	9.02360822408
9.02243903919	9.0212698325	9.02360824598
9.02243906019	9.02126985326	9.02360826722
9.02243908055	9.02126987338	9.02360828782
9.0224391003	9.0212698929	9.02360830779
9.02243911944	9.02126991182	9.02360832715
9.02243913801	9.02126993017	9.02360834593
9.02243915601	9.02126994796	9.02360836414
9.02243917347	9.02126996522	9.0236083818
9.0224391904	9.02126998195	9.02360839892
9.02243920681	9.02126999817	9.02360841552
9.02243922273	9.02127001391	9.02360843162
9.02243923816	9.02127002916	9.02360844723
9.02243925313	9.02127004395	9.02360846237
9.02243926764	9.0212700583	9.02360847705
9.02243928171	9.02127007221	9.02360849128
9.02243929536	9.0212700857	9.02360850508
9.02243930859	9.02127009878	9.02360851846
9.02243932142	9.02127011146	9.02360853144
9.02243933386	9.02127012376	9.02360854402
9.02243934593	9.02127013569	9.02360855623
9.02243935763	9.02127014725	9.02360856806
9.02243936897	9.02127015847	9.02360857953
9.02243937997	9.02127016934	9.02360859066
9.02243939064	9.02127017989	9.02360860144
9.02243940099	9.02127019011	9.02360861191
9.02243941102	9.02127020003	9.02360862205
9.02243942074	9.02127020964	9.02360863188
9.02243943017	9.02127021897	9.02360864142
9.02243943932	9.02127022801	9.02360865067
9.02243944819	9.02127023678	9.02360865964
9.02243945679	9.02127024528	9.02360866833
9.02243946512	9.02127025352	9.02360867677
9.02243947321	9.02127026152	9.02360868494
9.02243948105	9.02127026927	9.02360869287
9.02243948865	9.02127027678	9.02360870056
9.02243949603	9.02127028407	9.02360870801
9.02243950318	9.02127029114	9.02360871524
9.02243951011	9.021270298	9.02360872225
9.02243951683	9.02127030464	9.02360872905
9.02243952335	9.02127031109	9.02360873564
9.02243952967	9.02127031734	9.02360874203
9.0224395358	9.0212703234	9.02360874823
9.02243954174	9.02127032927	9.02360875424
9.0224395475	9.02127033497	9.02360876007
9.02243955309	9.0212703405	9.02360876572
9.02243955851	9.02127034585	9.0236087712
9.02243956377	9.02127035105	9.02360877651
9.02243956886	9.02127035609	9.02360878166
9.0224395738	9.02127036097	9.02360878666
9.02243957859	9.02127036571	9.0236087915
9.02243958324	9.02127037031	9.0236087962
9.02243958775	9.02127037476	9.02360880075
9.02243959211	9.02127037908	9.02360880517
9.02243959635	9.02127038327	9.02360880945
9.02243960046	9.02127038733	9.02360881361
9.02243960444	9.02127039127	9.02360881763
9.0224396083	9.02127039509	9.02360882154
9.02243961205	9.02127039879	9.02360882532
9.02243961568	9.02127040238	9.023608829
9.0224396192	9.02127040587	9.02360883256
9.02243962262	9.02127040924	9.02360883601
9.02243962593	9.02127041252	9.02360883936
9.02243962914	9.02127041569	9.0236088426
9.02243963225	9.02127041877	9.02360884575
9.02243963527	9.02127042176	9.0236088488
9.0224396382	9.02127042465	9.02360885176
9.02243964104	9.02127042746	9.02360885463
9.02243964379	9.02127043018	9.02360885741
9.02243964646	9.02127043282	9.02360886011
9.02243964905	9.02127043538	9.02360886273
9.02243965156	9.02127043787	9.02360886527
9.02243965399	9.02127044027	9.02360886773
9.02243965635	9.02127044261	9.02360887011
9.02243965864	9.02127044487	9.02360887243
9.02243966086	9.02127044707	9.02360887467
9.02243966301	9.0212704492	9.02360887684
9.0224396651	9.02127045126	9.02360887895
9.02243966712	9.02127045326	9.023608881
9.02243966909	9.0212704552	9.02360888298
9.02243967099	9.02127045708	9.0236088849
9.02243967283	9.02127045891	9.02360888677
9.02243967462	9.02127046068	9.02360888858
9.02243967636	9.02127046239	9.02360889033
9.02243967804	9.02127046406	9.02360889203
9.02243967967	9.02127046567	9.02360889368
9.02243968125	9.02127046724	9.02360889528
9.02243968279	9.02127046875	9.02360889683
9.02243968427	9.02127047022	9.02360889833
9.02243968572	9.02127047165	9.02360889979
9.02243968711	9.02127047303	9.0236089012
9.02243968847	9.02127047438	9.02360890257
9.02243968979	9.02127047568	9.0236089039
9.02243969106	9.02127047694	9.02360890519
9.0224396923	9.02127047816	9.02360890644
9.0224396935	9.02127047935	9.02360890765
9.02243969466	9.0212704805	9.02360890883
9.02243969579	9.02127048161	9.02360890997
9.02243969688	9.02127048269	9.02360891107
9.02243969794	9.02127048374	9.02360891214
9.02243969897	9.02127048476	9.02360891318
9.02243969996	9.02127048575	9.02360891419
9.02243970093	9.0212704867	9.02360891517
9.02243970187	9.02127048763	9.02360891611
9.02243970278	9.02127048853	9.02360891703
9.02243970366	9.0212704894	9.02360891792
9.02243970451	9.02127049024	9.02360891879
9.02243970534	9.02127049106	9.02360891962
9.02243970615	9.02127049186	9.02360892043
9.02243970692	9.02127049263	9.02360892122
9.02243970768	9.02127049338	9.02360892199
9.02243970841	9.0212704941	9.02360892273
9.02243970912	9.02127049481	9.02360892344
9.02243970981	9.02127049549	9.02360892414
9.02243971048	9.02127049615	9.02360892481
9.02243971113	9.02127049679	9.02360892547
9.02243971176	9.02127049741	9.0236089261
9.02243971236	9.02127049801	9.02360892672
9.02243971296	9.0212704986	9.02360892732
9.02243971353	9.02127049916	9.02360892789
9.02243971408	9.02127049971	9.02360892846
9.02243971462	9.02127050025	9.023608929
9.02243971514	9.02127050076	9.02360892953
9.02243971565	9.02127050126	9.02360893004
9.02243971614	9.02127050175	9.02360893054
9.02243971662	9.02127050222	9.02360893102
9.02243971708	9.02127050268	9.02360893148
9.02243971753	9.02127050312	9.02360893194
9.02243971796	9.02127050355	9.02360893237
9.02243971838	9.02127050397	9.0236089328
9.02243971879	9.02127050437	9.02360893321
9.02243971919	9.02127050476	9.02360893361
9.02243971957	9.02127050514	9.023608934
9.02243971994	9.02127050551	9.02360893438
9.0224397203	9.02127050587	9.02360893474
9.02243972065	9.02127050622	9.02360893509
9.02243972099	9.02127050655	9.02360893544
9.02243972132	9.02127050688	9.02360893577
9.02243972164	9.02127050719	9.02360893609
9.02243972195	9.0212705075	9.0236089364
9.02243972225	9.0212705078	9.02360893671
9.02243972254	9.02127050808	9.023608937
9.02243972282	9.02127050836	9.02360893729
9.0224397231	9.02127050863	9.02360893756
9.02243972336	9.0212705089	9.02360893783
9.02243972362	9.02127050915	9.02360893809
9.02243972387	9.0212705094	9.02360893834
9.02243972411	9.02127050964	9.02360893859
9.02243972435	9.02127050987	9.02360893882
9.02243972457	9.02127051009	9.02360893905
9.02243972479	9.02127051031	9.02360893928
9.02243972501	9.02127051052	9.02360893949
9.02243972521	9.02127051073	9.0236089397
9.02243972542	9.02127051093	9.0236089399
9.02243972561	9.02127051112	9.0236089401
9.0224397258	9.02127051131	9.02360894029
9.02243972598	9.02127051149	9.02360894048
9.02243972616	9.02127051167	9.02360894066
9.02243972633	9.02127051184	9.02360894083
9.0224397265	9.021270512	9.023608941
9.02243972666	9.02127051216	9.02360894116
9.02243972682	9.02127051232	9.02360894132
9.02243972697	9.02127051247	9.02360894148
9.02243972712	9.02127051262	9.02360894163
9.02243972726	9.02127051276	9.02360894177
9.0224397274	9.02127051289	9.02360894191
9.02243972754	9.02127051303	9.02360894205
9.02243972767	9.02127051316	9.02360894218
9.02243972779	9.02127051328	9.02360894231
9.02243972792	9.0212705134	9.02360894243
9.02243972804	9.02127051352	9.02360894255
9.02243972815	9.02127051364	9.02360894267
9.02243972826	9.02127051375	9.02360894278
9.02243972837	9.02127051386	9.02360894289
9.02243972848	9.02127051396	9.023608943
9.02243972858	9.02127051406	9.0236089431
9.02243972868	9.02127051416	9.0236089432
9.02243972878	9.02127051425	9.0236089433
9.02243972887	9.02127051435	9.02360894339
9.02243972896	9.02127051444	9.02360894348
9.02243972905	9.02127051452	9.02360894357
9.02243972913	9.02127051461	9.02360894366
9.02243972921	9.02127051469	9.02360894374
9.02243972929	9.02127051477	9.02360894382
9.02243972937	9.02127051484	9.0236089439
9.02243972945	9.02127051492	9.02360894397
9.02243972952	9.02127051499	9.02360894405
9.02243972959	9.02127051506	9.02360894412
9.02243972966	9.02127051513	9.02360894419
9.02243972972	9.02127051519	9.02360894426
9.02243972979	9.02127051526	9.02360894432
9.02243972985	9.02127051532	9.02360894438
9.02243972991	9.02127051538	9.02360894444
9.02243972997	9.02127051544	9.0236089445
9.02243973003	9.02127051549	9.02360894456
9.02243973008	9.02127051555	9.02360894462
9.02243973014	9.0212705156	9.02360894467
9.02243973019	9.02127051565	9.02360894472
9.02243973024	9.0212705157	9.02360894477
9.02243973029	9.02127051575	9.02360894482
9.02243973033	9.0212705158	9.02360894487
9.02243973038	9.02127051584	9.02360894492
9.02243973042	9.02127051589	9.02360894496
9.02243973047	9.02127051593	9.02360894501
9.02243973051	9.02127051597	9.02360894505
9.02243973055	9.02127051601	9.02360894509
9.02243973059	9.02127051605	9.02360894513
9.02243973063	9.02127051609	9.02360894517
9.02243973066	9.02127051612	9.0236089452
9.0224397307	9.02127051616	9.02360894524
9.02243973074	9.02127051619	9.02360894528
9.02243973077	9.02127051623	9.02360894531
9.0224397308	9.02127051626	9.02360894534
9.02243973083	9.02127051629	9.02360894538
9.02243973086	9.02127051632	9.02360894541
9.02243973089	9.02127051635	9.02360894544
9.02243973092	9.02127051638	9.02360894547
9.02243973095	9.02127051641	9.02360894549
9.02243973098	9.02127051644	9.02360894552
9.022439731	9.02127051646	9.02360894555
9.02243973103	9.02127051649	9.02360894557
9.02243973105	9.02127051651	9.0236089456
9.02243973108	9.02127051653	9.02360894562
9.0224397311	9.02127051656	9.02360894565
9.02243973112	9.02127051658	9.02360894567
9.02243973115	9.0212705166	9.02360894569
9.02243973117	9.02127051662	9.02360894571
9.02243973119	9.02127051664	9.02360894573
9.02243973121	9.02127051666	9.02360894575
9.02243973123	9.02127051668	9.02360894577
9.02243973125	9.0212705167	9.02360894579
9.02243973126	9.02127051672	9.02360894581
9.02243973128	9.02127051674	9.02360894583
9.0224397313	9.02127051675	9.02360894585
9.02243973132	9.02127051677	9.02360894586
9.02243973133	9.02127051679	9.02360894588
9.02243973135	9.0212705168	9.02360894589
9.02243973136	9.02127051682	9.02360894591
9.02243973138	9.02127051683	9.02360894592
9.02243973139	9.02127051685	9.02360894594
9.02243973141	9.02127051686	9.02360894595
9.02243973142	9.02127051687	9.02360894597
9.02243973143	9.02127051688	9.02360894598
9.02243973144	9.0212705169	9.02360894599
9.02243973146	9.02127051691	9.023608946
9.02243973147	9.02127051692	9.02360894602
9.02243973148	9.02127051693	9.02360894603
9.02243973149	9.02127051694	9.02360894604
9.0224397315	9.02127051695	9.02360894605
9.02243973151	9.02127051696	9.02360894606
9.02243973152	9.02127051697	9.02360894607
9.02243973153	9.02127051698	9.02360894608
9.02243973154	9.02127051699	9.02360894609
9.02243973155	9.021270517	9.0236089461
9.02243973156	9.02127051701	9.02360894611
9.02243973157	9.02127051702	9.02360894612
9.02243973158	9.02127051703	9.02360894613
9.02243973159	9.02127051704	9.02360894613
9.02243973159	9.02127051705	9.02360894614
9.0224397316	9.02127051705	9.02360894615
9.02243973161	9.02127051706	9.02360894616
9.02243973162	9.02127051707	9.02360894617
9.02243973162	9.02127051707	9.02360894617
9.02243973163	9.02127051708	9.02360894618
9.02243973164	9.02127051709	9.02360894619
9.02243973164	9.02127051709	9.02360894619
9.02243973165	9.0212705171	9.0236089462
9.02243973166	9.02127051711	9.0236089462
9.02243973166	9.02127051711	9.02360894621
9.02243973167	9.02127051712	9.02360894622
9.02243973167	9.02127051712	9.02360894622
9.02243973168	9.02127051713	9.02360894623
9.02243973168	9.02127051713	9.02360894623
9.02243973169	9.02127051714	9.02360894624
9.02243973169	9.02127051714	9.02360894624
9.0224397317	9.02127051715	9.02360894625
9.0224397317	9.02127051715	9.02360894625
9.02243973171	9.02127051716	9.02360894626
9.02243973171	9.02127051716	9.02360894626
9.02243973171	9.02127051716	9.02360894626
9.02243973172	9.02127051717	9.02360894627
9.02243973172	9.02127051717	9.02360894627
9.02243973173	9.02127051718	9.02360894628
9.02243973173	9.02127051718	9.02360894628
9.02243973173	9.02127051718	9.02360894628
9.02243973174	9.02127051719	9.02360894629
9.02243973174	9.02127051719	9.02360894629
9.02243973174	9.02127051719	9.02360894629
9.02243973175	9.0212705172	9.0236089463
9.02243973175	9.0212705172	9.0236089463
9.02243973175	9.0212705172	9.0236089463
9.02243973176	9.02127051721	9.02360894631
9.02243973176	9.02127051721	9.02360894631
9.02243973176	9.02127051721	9.02360894631
9.02243973176	9.02127051721	9.02360894631
9.02243973177	9.02127051722	9.02360894632
9.02243973177	9.02127051722	9.02360894632
9.02243973177	9.02127051722	9.02360894632
9.02243973177	9.02127051722	9.02360894632
9.02243973178	9.02127051723	9.02360894633
9.02243973178	9.02127051723	9.02360894633
9.02243973178	9.02127051723	9.02360894633
9.02243973178	9.02127051723	9.02360894633
9.02243973178	9.02127051723	9.02360894633
9.02243973179	9.02127051724	9.02360894634
9.02243973179	9.02127051724	9.02360894634
9.02243973179	9.02127051724	9.02360894634
9.02243973179	9.02127051724	9.02360894634
9.02243973179	9.02127051724	9.02360894634
9.02243973179	9.02127051724	9.02360894635
9.0224397318	9.02127051725	9.02360894635
9.0224397318	9.02127051725	9.02360894635
9.0224397318	9.02127051725	9.02360894635
9.0224397318	9.02127051725	9.02360894635
9.0224397318	9.02127051725	9.02360894635
9.0224397318	9.02127051725	9.02360894635
9.02243973181	9.02127051725	9.02360894636
9.02243973181	9.02127051726	9.02360894636
9.02243973181	9.02127051726	9.02360894636
9.02243973181	9.02127051726	9.02360894636
9.02243973181	9.02127051726	9.02360894636
9.02243973181	9.02127051726	9.02360894636
9.02243973181	9.02127051726	9.02360894636
9.02243973181	9.02127051726	9.02360894636
9.02243973181	9.02127051726	9.02360894637
9.02243973182	9.02127051726	9.02360894637
9.02243973182	9.02127051727	9.02360894637
9.02243973182	9.02127051727	9.02360894637
9.02243973182	9.02127051727	9.02360894637
9.02243973182	9.02127051727	9.02360894637
9.02243973182	9.02127051727	9.02360894637
9.02243973182	9.02127051727	9.02360894637
9.02243973182	9.02127051727	9.02360894637
9.02243973182	9.02127051727	9.02360894637
9.02243973182	9.02127051727	9.02360894637
9.02243973182	9.02127051727	9.02360894637
9.02243973182	9.02127051727	9.02360894638
9.02243973183	9.02127051727	9.02360894638
9.02243973183	9.02127051728	9.02360894638
9.02243973183	9.02127051728	9.02360894638
9.02243973183	9.02127051728	9.02360894638
9.02243973183	9.02127051728	9.02360894638
9.02243973183	9.02127051728	9.02360894638
9.02243973183	9.02127051728	9.02360894638
9.02243973183	9.02127051728	9.02360894638
9.02243973183	9.02127051728	9.02360894638
9.02243973183	9.02127051728	9.02360894638
9.02243973183	9.02127051728	9.02360894638
9.02243973183	9.02127051728	9.02360894638
9.02243973183	9.02127051728	9.02360894638
9.02243973183	9.02127051728	9.02360894638
9.02243973183	9.02127051728	9.02360894638
9.02243973183	9.02127051728	9.02360894638
9.02243973183	9.02127051728	9.02360894638
9.02243973183	9.02127051728	9.02360894639
9.02243973183	9.02127051728	9.02360894639
9.02243973184	9.02127051728	9.02360894639
9.02243973184	9.02127051728	9.02360894639
9.02243973184	9.02127051728	9.02360894639
9.02243973184	9.02127051729	9.02360894639
9.02243973184	9.02127051729	9.02360894639
9.02243973184	9.02127051729	9.02360894639
9.02243973184	9.02127051729	9.02360894639
9.02243973184	9.02127051729	9.02360894639
9.02243973184	9.02127051729	9.02360894639
9.02243973184	9.02127051729	9.02360894639
9.02243973184	9.02127051729	9.02360894639
9.02243973184	9.02127051729	9.02360894639
9.02243973184	9.02127051729	9.02360894639
9.02243973184	9.02127051729	9.02360894639
9.02243973184	9.02127051729	9.02360894639
9.02243973184	9.02127051729	9.02360894639
9.02243973184	9.02127051729	9.02360894639
9.02243973184	9.02127051729	9.02360894639
9.02243973184	9.02127051729	9.02360894639
9.02243973184	9.02127051729	9.02360894639
9.02243973184	9.02127051729	9.02360894639
9.02243973184	9.02127051729	9.02360894639
9.02243973184	9.02127051729	9.02360894639
9.02243973184	9.02127051729	9.02360894639
9.02243973184	9.02127051729	9.02360894639
9.02243973184	9.02127051729	9.02360894639
9.02243973184	9.02127051729	9.02360894639
9.02243973184	9.02127051729	9.02360894639
9.02243973184	9.02127051729	9.02360894639
9.02243973184	9.02127051729	9.02360894639
9.02243973184	9.02127051729	9.02360894639
9.02243973184	9.02127051729	9.02360894639
9.02243973184	9.02127051729	9.02360894639
9.02243973184	9.02127051729	9.02360894639
9.02243973184	9.02127051729	9.02360894639
9.02243973184	9.02127051729	9.02360894639
9.02243973184	9.02127051729	9.02360894639
9.02243973184	9.02127051729	9.02360894639
9.02243973184	9.02127051729	9.02360894639
9.02243973184	9.02127051729	9.02360894639
9.02243973184	9.02127051729	9.02360894639
9.02243973184	9.02127051729	9.0236089464
9.02243973184	9.02127051729	9.0236089464
9.02243973184	9.02127051729	9.0236089464
9.02243973184	9.02127051729	9.0236089464
9.02243973184	9.02127051729	9.0236089464
9.02243973184	9.02127051729	9.0236089464
9.02243973184	9.02127051729	9.0236089464
9.02243973184	9.02127051729	9.0236089464
9.02243973184	9.02127051729	9.0236089464
9.02243973184	9.02127051729	9.0236089464
9.02243973185	9.02127051729	9.0236089464
9.02243973185	9.02127051729	9.0236089464
9.02243973185	9.02127051729	9.0236089464
9.02243973185	9.02127051729	9.0236089464
9.02243973185	9.02127051729	9.0236089464
9.02243973185	9.02127051729	9.0236089464
9.02243973185	9.02127051729	9.0236089464
9.02243973185	9.02127051729	9.0236089464
9.02243973185	9.02127051729	9.0236089464
9.02243973185	9.02127051729	9.0236089464
9.02243973185	9.02127051729	9.0236089464
9.02243973185	9.02127051729	9.0236089464
9.02243973185	9.02127051729	9.0236089464
9.02243973185	9.02127051729	9.0236089464
9.02243973185	9.02127051729	9.0236089464
9.02243973185	9.02127051729	9.0236089464
9.02243973185	9.0212705173	9.0236089464
9.02243973185	9.0212705173	9.0236089464
9.02243973185	9.0212705173	9.0236089464
9.02243973185	9.0212705173	9.0236089464
9.02243973185	9.0212705173	9.0236089464
9.02243973185	9.0212705173	9.0236089464
9.02243973185	9.0212705173	9.0236089464
9.02243973185	9.0212705173	9.0236089464
9.02243973185	9.0212705173	9.0236089464
9.02243973185	9.0212705173	9.0236089464
9.02243973185	9.0212705173	9.0236089464
9.02243973185	9.0212705173	9.0236089464
9.02243973185	9.0212705173	9.0236089464
9.02243973185	9.0212705173	9.0236089464
9.02243973185	9.0212705173	9.0236089464
9.02243973185	9.0212705173	9.0236089464
9.02243973185	9.0212705173	9.0236089464
9.02243973185	9.0212705173	9.0236089464
9.02243973185	9.0212705173	9.0236089464
9.02243973185	9.0212705173	9.0236089464
9.02243973185	9.0212705173	9.0236089464
9.02243973185	9.0212705173	9.0236089464
9.02243973185	9.0212705173	9.0236089464
9.02243973185	9.0212705173	9.0236089464
9.02243973185	9.0212705173	9.0236089464
9.02243973185	9.0212705173	9.0236089464
9.02243973185	9.0212705173	9.0236089464
9.02243973185	9.0212705173	9.0236089464
9.02243973185	9.0212705173	9.0236089464
9.02243973185	9.0212705173	9.0236089464
9.02243973185	9.0212705173	9.0236089464
9.02243973185	9.0212705173	9.0236089464
9.02243973185	9.0212705173	9.0236089464
9.02243973185	9.0212705173	9.0236089464
9.02243973185	9.0212705173	9.0236089464
9.02243973185	9.0212705173	9.0236089464
9.02243973185	9.0212705173	9.0236089464
9.02243973185	9.0212705173	9.0236089464
9.02243973185	9.0212705173	9.0236089464
9.02243973185	9.0212705173	9.0236089464
9.02243973185	9.0212705173	9.0236089464
9.02243973185	9.0212705173	9.0236089464
9.02243973185	9.0212705173	9.0236089464
9.02243973185	9.0212705173	9.0236089464
9.02243973185	9.0212705173	9.0236089464
9.02243973185	9.0212705173	9.0236089464
9.02243973185	9.0212705173	9.0236089464
9.02243973185	9.0212705173	9.0236089464
9.02243973185	9.0212705173	9.0236089464
9.02243973185	9.0212705173	9.0236089464
9.02243973185	9.0212705173	9.0236089464
9.02243973185	9.0212705173	9.0236089464
9.02243973185	9.0212705173	9.0236089464
9.02243973185	9.0212705173	9.0236089464
9.02243973185	9.0212705173	9.0236089464
9.02243973185	9.0212705173	9.0236089464
9.02243973185	9.0212705173	9.0236089464
9.02243973185	9.0212705173	9.0236089464
9.02243973185	9.0212705173	9.0236089464
9.02243973185	9.0212705173	9.0236089464
9.02243973185	9.0212705173	9.0236089464
9.02243973185	9.0212705173	9.0236089464
9.02243973185	9.0212705173	9.0236089464
9.02243973185	9.0212705173	9.0236089464
9.02243973185	9.0212705173	9.0236089464
9.02243973185	9.0212705173	9.0236089464
9.02243973185	9.0212705173	9.0236089464
9.02243973185	9.0212705173	9.0236089464
9.02243973185	9.0212705173	9.0236089464
9.02243973185	9.0212705173	9.0236089464
9.02243973185	9.0212705173	9.0236089464
9.02243973185	9.0212705173	9.0236089464
9.02243973185	9.0212705173	9.0236089464
9.02243973185	9.0212705173	9.0236089464
9.02243973185	9.0212705173	9.0236089464
9.02243973185	9.0212705173	9.0236089464
9.02243973185	9.0212705173	9.0236089464
9.02243973185	9.0212705173	9.0236089464
9.02243973185	9.0212705173	9.0236089464
9.02243973185	9.0212705173	9.0236089464
9.02243973185	9.0212705173	9.0236089464
9.02243973185	9.0212705173	9.0236089464
9.02243973185	9.0212705173	9.0236089464
9.02243973185	9.0212705173	9.0236089464
9.02243973185	9.0212705173	9.0236089464
9.02243973185	9.0212705173	9.0236089464
9.02243973185	9.0212705173	9.0236089464
9.02243973185	9.0212705173	9.0236089464
9.02243973185	9.0212705173	9.0236089464
9.02243973185	9.0212705173	9.0236089464
9.02243973185	9.0212705173	9.0236089464
9.02243973185	9.0212705173	9.0236089464
9.02243973185	9.0212705173	9.0236089464
9.02243973185	9.0212705173	9.0236089464
9.02243973185	9.0212705173	9.0236089464
9.02243973185	9.0212705173	9.0236089464
9.02243973185	9.0212705173	9.0236089464
9.02243973185	9.0212705173	9.0236089464
9.02243973185	9.0212705173	9.0236089464
9.02243973185	9.0212705173	9.0236089464
9.02243973185	9.0212705173	9.0236089464
9.02243973185	9.0212705173	9.0236089464
9.02243973185	9.0212705173	9.0236089464
9.02243973185	9.0212705173	9.0236089464
9.02243973185	9.0212705173	9.0236089464
9.02243973185	9.0212705173	9.0236089464
9.02243973185	9.0212705173	9.0236089464
9.02243973185	9.0212705173	9.0236089464
9.02243973185	9.0212705173	9.0236089464
9.02243973185	9.0212705173	9.0236089464
9.02243973185	9.0212705173	9.0236089464
9.02243973185	9.0212705173	9.0236089464
9.02243973185	9.0212705173	9.0236089464
9.02243973185	9.0212705173	9.0236089464
9.02243973185	9.0212705173	9.0236089464
9.02243973185	9.0212705173	9.0236089464
9.02243973185	9.0212705173	9.0236089464
9.02243973185	9.0212705173	9.0236089464
9.02243973185	9.0212705173	9.0236089464
9.02243973185	9.0212705173	9.0236089464
9.02243973185	9.0212705173	9.0236089464
9.02243973185	9.0212705173	9.0236089464
9.02243973185	9.0212705173	9.0236089464
9.02243973185	9.0212705173	9.0236089464
9.02243973185	9.0212705173	9.0236089464
9.02243973185	9.0212705173	9.0236089464
9.02243973185	9.0212705173	9.0236089464
9.02243973185	9.0212705173	9.0236089464
9.02243973185	9.0212705173	9.0236089464
9.02243973185	9.0212705173	9.0236089464
9.02243973185	9.0212705173	9.0236089464
9.02243973185	9.0212705173	9.0236089464
9.02243973185	9.0212705173	9.0236089464
9.02243973185	9.0212705173	9.0236089464
9.02243973185	9.0212705173	9.0236089464
9.02243973185	9.0212705173	9.0236089464
9.02243973185	9.0212705173	9.0236089464
9.02243973185	9.0212705173	9.0236089464
9.02243973185	9.0212705173	9.0236089464
9.02243973185	9.0212705173	9.0236089464
9.02243973185	9.0212705173	9.0236089464
9.02243973185	9.0212705173	9.0236089464
9.02243973185	9.0212705173	9.0236089464
9.02243973185	9.0212705173	9.0236089464
9.02243973185	9.0212705173	9.0236089464
9.02243973185	9.0212705173	9.0236089464
9.02243973185	9.0212705173	9.0236089464
9.02243973185	9.0212705173	9.0236089464
9.02243973185	9.0212705173	9.0236089464
9.02243973185	9.0212705173	9.0236089464
9.02243973185	9.0212705173	9.0236089464
9.02243973185	9.0212705173	9.0236089464
9.02243973185	9.0212705173	9.0236089464
9.02243973185	9.0212705173	9.0236089464
9.02243973185	9.0212705173	9.0236089464
9.02243973185	9.0212705173	9.0236089464
9.02243973185	9.0212705173	9.0236089464
9.02243973185	9.0212705173	9.0236089464
9.02243973185	9.0212705173	9.0236089464
9.02243973185	9.0212705173	9.0236089464
9.02243973185	9.0212705173	9.0236089464
9.02243973185	9.0212705173	9.0236089464
9.02243973185	9.0212705173	9.0236089464
9.02243973185	9.0212705173	9.0236089464
9.02243973185	9.0212705173	9.0236089464
9.02243973185	9.0212705173	9.0236089464
9.02243973185	9.0212705173	9.0236089464
9.02243973185	9.0212705173	9.0236089464
9.02243973185	9.0212705173	9.0236089464
9.02243973185	9.0212705173	9.0236089464
9.02243973185	9.0212705173	9.0236089464
9.02243973185	9.0212705173	9.0236089464
9.02243973185	9.0212705173	9.0236089464
9.02243973185	9.0212705173	9.0236089464
9.02243973185	9.0212705173	9.0236089464
9.02243973185	9.0212705173	9.0236089464
9.02243973185	9.0212705173	9.0236089464
9.02243973185	9.0212705173	9.0236089464
9.02243973185	9.0212705173	9.0236089464
9.02243973185	9.0212705173	9.0236089464
9.02243973185	9.0212705173	9.0236089464
9.02243973185	9.0212705173	9.0236089464
9.02243973185	9.0212705173	9.0236089464
9.02243973185	9.0212705173	9.0236089464
9.02243973185	9.0212705173	9.0236089464
9.02243973185	9.0212705173	9.0236089464
9.02243973185	9.0212705173	9.0236089464
9.02243973185	9.0212705173	9.0236089464
9.02243973185	9.0212705173	9.0236089464
9.02243973185	9.0212705173	9.0236089464
9.02243973185	9.0212705173	9.0236089464
9.02243973185	9.0212705173	9.0236089464
9.02243973185	9.0212705173	9.0236089464
9.02243973185	9.0212705173	9.0236089464
9.02243973185	9.0212705173	9.0236089464
9.02243973185	9.0212705173	9.0236089464
9.02243973185	9.0212705173	9.0236089464
9.02243973185	9.0212705173	9.0236089464
9.02243973185	9.0212705173	9.0236089464
9.02243973185	9.0212705173	9.0236089464
9.02243973185	9.0212705173	9.0236089464
9.02243973185	9.0212705173	9.0236089464
9.02243973185	9.0212705173	9.0236089464
9.02243973185	9.0212705173	9.0236089464
9.02243973185	9.0212705173	9.0236089464
9.02243973185	9.0212705173	9.0236089464
9.02243973185	9.0212705173	9.0236089464
9.02243973185	9.0212705173	9.0236089464
9.02243973185	9.0212705173	9.0236089464
9.02243973185	9.0212705173	9.0236089464
9.02243973185	9.0212705173	9.0236089464
9.02243973185	9.0212705173	9.0236089464
9.02243973185	9.0212705173	9.0236089464
9.02243973185	9.0212705173	9.0236089464
9.02243973185	9.0212705173	9.0236089464
9.02243973185	9.0212705173	9.0236089464
9.02243973185	9.0212705173	9.0236089464
9.02243973185	9.0212705173	9.0236089464
9.02243973185	9.0212705173	9.0236089464
9.02243973185	9.0212705173	9.0236089464
9.02243973185	9.0212705173	9.0236089464
9.02243973185	9.0212705173	9.0236089464
9.02243973185	9.0212705173	9.0236089464
9.02243973185	9.0212705173	9.0236089464
9.02243973185	9.0212705173	9.0236089464
9.02243973185	9.0212705173	9.0236089464
9.02243973185	9.0212705173	9.0236089464
9.02243973185	9.0212705173	9.0236089464
9.02243973185	9.0212705173	9.0236089464
9.02243973185	9.0212705173	9.0236089464
9.02243973185	9.0212705173	9.0236089464
9.02243973185	9.0212705173	9.0236089464
9.02243973185	9.0212705173	9.0236089464
9.02243973185	9.0212705173	9.0236089464
9.02243973185	9.0212705173	9.0236089464
9.02243973185	9.0212705173	9.0236089464
9.02243973185	9.0212705173	9.0236089464
9.02243973185	9.0212705173	9.0236089464
9.02243973185	9.0212705173	9.0236089464
9.02243973185	9.0212705173	9.0236089464
9.02243973185	9.0212705173	9.0236089464
9.02243973185	9.0212705173	9.0236089464
9.02243973185	9.0212705173	9.0236089464
9.02243973185	9.0212705173	9.0236089464
9.02243973185	9.0212705173	9.0236089464
9.02243973185	9.0212705173	9.0236089464
9.02243973185	9.0212705173	9.0236089464
9.02243973185	9.0212705173	9.0236089464
9.02243973185	9.0212705173	9.0236089464
9.02243973185	9.0212705173	9.0236089464
9.02243973185	9.0212705173	9.0236089464
9.02243973185	9.0212705173	9.0236089464
9.02243973185	9.0212705173	9.0236089464
9.02243973185	9.0212705173	9.0236089464
9.02243973185	9.0212705173	9.0236089464
9.02243973185	9.0212705173	9.0236089464
9.02243973185	9.0212705173	9.0236089464
9.02243973185	9.0212705173	9.0236089464
9.02243973185	9.0212705173	9.0236089464
9.02243973185	9.0212705173	9.0236089464
9.02243973185	9.0212705173	9.0236089464
9.02243973185	9.0212705173	9.0236089464
9.02243973185	9.0212705173	9.0236089464
9.02243973185	9.0212705173	9.0236089464
9.02243973185	9.0212705173	9.0236089464
9.02243973185	9.0212705173	9.0236089464
9.02243973185	9.0212705173	9.0236089464
9.02243973185	9.0212705173	9.0236089464
9.02243973185	9.0212705173	9.0236089464
9.02243973185	9.0212705173	9.0236089464
9.02243973185	9.0212705173	9.0236089464
9.02243973185	9.0212705173	9.0236089464
9.02243973185	9.0212705173	9.0236089464
9.02243973185	9.0212705173	9.0236089464
9.02243973185	9.0212705173	9.0236089464
9.02243973185	9.0212705173	9.0236089464
9.02243973185	9.0212705173	9.0236089464
9.02243973185	9.0212705173	9.0236089464
9.02243973185	9.0212705173	9.0236089464
9.02243973185	9.0212705173	9.0236089464
9.02243973185	9.0212705173	9.0236089464
9.02243973185	9.0212705173	9.0236089464
9.02243973185	9.0212705173	9.0236089464
9.02243973185	9.0212705173	9.0236089464
9.02243973185	9.0212705173	9.0236089464
9.02243973185	9.0212705173	9.0236089464
9.02243973185	9.0212705173	9.0236089464
9.02243973185	9.0212705173	9.0236089464
9.02243973185	9.0212705173	9.0236089464
9.02243973185	9.0212705173	9.0236089464
9.02243973185	9.0212705173	9.0236089464
9.02243973185	9.0212705173	9.0236089464
9.02243973185	9.0212705173	9.0236089464
9.02243973185	9.0212705173	9.0236089464
9.02243973185	9.0212705173	9.0236089464
9.02243973185	9.0212705173	9.0236089464
9.02243973185	9.0212705173	9.0236089464
9.02243973185	9.0212705173	9.0236089464
9.02243973185	9.0212705173	9.0236089464
9.02243973185	9.0212705173	9.0236089464
9.02243973185	9.0212705173	9.0236089464
9.02243973185	9.0212705173	9.0236089464
9.02243973185	9.0212705173	9.0236089464
9.02243973185	9.0212705173	9.0236089464
9.02243973185	9.0212705173	9.0236089464
9.02243973185	9.0212705173	9.0236089464
9.02243973185	9.0212705173	9.0236089464
9.02243973185	9.0212705173	9.0236089464
9.02243973185	9.0212705173	9.0236089464
9.02243973185	9.0212705173	9.0236089464
9.02243973185	9.0212705173	9.0236089464
9.02243973185	9.0212705173	9.0236089464
9.02243973185	9.0212705173	9.0236089464
9.02243973185	9.0212705173	9.0236089464
9.02243973185	9.0212705173	9.0236089464
9.02243973185	9.0212705173	9.0236089464
9.02243973185	9.0212705173	9.0236089464
9.02243973185	9.0212705173	9.0236089464
9.02243973185	9.0212705173	9.0236089464
9.02243973185	9.0212705173	9.0236089464
9.02243973185	9.0212705173	9.0236089464
9.02243973185	9.0212705173	9.0236089464
9.02243973185	9.0212705173	9.0236089464
9.02243973185	9.0212705173	9.0236089464
9.02243973185	9.0212705173	9.0236089464
9.02243973185	9.0212705173	9.0236089464
9.02243973185	9.0212705173	9.0236089464
9.02243973185	9.0212705173	9.0236089464
9.02243973185	9.0212705173	9.0236089464
9.02243973185	9.0212705173	9.0236089464
9.02243973185	9.0212705173	9.0236089464
9.02243973185	9.0212705173	9.0236089464
9.02243973185	9.0212705173	9.0236089464
9.02243973185	9.0212705173	9.0236089464
9.02243973185	9.0212705173	9.0236089464
9.02243973185	9.0212705173	9.0236089464
9.02243973185	9.0212705173	9.0236089464
9.02243973185	9.0212705173	9.0236089464
9.02243973185	9.0212705173	9.0236089464
9.02243973185	9.0212705173	9.0236089464
9.02243973185	9.0212705173	9.0236089464
9.02243973185	9.0212705173	9.0236089464
9.02243973185	9.0212705173	9.0236089464
9.02243973185	9.0212705173	9.0236089464
9.02243973185	9.0212705173	9.0236089464
9.02243973185	9.0212705173	9.0236089464
9.02243973185	9.0212705173	9.0236089464
9.02243973185	9.0212705173	9.0236089464
9.02243973185	9.0212705173	9.0236089464
9.02243973185	9.0212705173	9.0236089464
9.02243973185	9.0212705173	9.0236089464
9.02243973185	9.0212705173	9.0236089464
9.02243973185	9.0212705173	9.0236089464
9.02243973185	9.0212705173	9.0236089464
9.02243973185	9.0212705173	9.0236089464
9.02243973185	9.0212705173	9.0236089464
9.02243973185	9.0212705173	9.0236089464
9.02243973185	9.0212705173	9.0236089464
9.02243973185	9.0212705173	9.0236089464
9.02243973185	9.0212705173	9.0236089464
9.02243973185	9.0212705173	9.0236089464
9.02243973185	9.0212705173	9.0236089464
9.02243973185	9.0212705173	9.0236089464
9.02243973185	9.0212705173	9.0236089464
9.02243973185	9.0212705173	9.0236089464
9.02243973185	9.0212705173	9.0236089464
9.02243973185	9.0212705173	9.0236089464
9.02243973185	9.0212705173	9.0236089464
9.02243973185	9.0212705173	9.0236089464
9.02243973185	9.0212705173	9.0236089464
9.02243973185	9.0212705173	9.0236089464
9.02243973185	9.0212705173	9.0236089464
9.02243973185	9.0212705173	9.0236089464
9.02243973185	9.0212705173	9.0236089464
9.02243973185	9.0212705173	9.0236089464
9.02243973185	9.0212705173	9.0236089464
9.02243973185	9.0212705173	9.0236089464
9.02243973185	9.0212705173	9.0236089464
9.02243973185	9.0212705173	9.0236089464
9.02243973185	9.0212705173	9.0236089464
9.02243973185	9.0212705173	9.0236089464
9.02243973185	9.0212705173	9.0236089464
9.02243973185	9.0212705173	9.0236089464
9.02243973185	9.0212705173	9.0236089464
9.02243973185	9.0212705173	9.0236089464
9.02243973185	9.0212705173	9.0236089464
9.02243973185	9.0212705173	9.0236089464
9.02243973185	9.0212705173	9.0236089464
9.02243973185	9.0212705173	9.0236089464
9.02243973185	9.0212705173	9.0236089464
9.02243973185	9.0212705173	9.0236089464
9.02243973185	9.0212705173	9.0236089464
9.02243973185	9.0212705173	9.0236089464
9.02243973185	9.0212705173	9.0236089464
9.02243973185	9.0212705173	9.0236089464
9.02243973185	9.0212705173	9.0236089464
9.02243973185	9.0212705173	9.0236089464
9.02243973185	9.0212705173	9.0236089464
9.02243973185	9.0212705173	9.0236089464
9.02243973185	9.0212705173	9.0236089464
9.02243973185	9.0212705173	9.0236089464
9.02243973185	9.0212705173	9.0236089464
9.02243973185	9.0212705173	9.0236089464
9.02243973185	9.0212705173	9.0236089464
9.02243973185	9.0212705173	9.0236089464
9.02243973185	9.0212705173	9.0236089464
9.02243973185	9.0212705173	9.0236089464
9.02243973185	9.0212705173	9.0236089464
9.02243973185	9.0212705173	9.0236089464
9.02243973185	9.0212705173	9.0236089464
9.02243973185	9.0212705173	9.0236089464
9.02243973185	9.0212705173	9.0236089464
9.02243973185	9.0212705173	9.0236089464
9.02243973185	9.0212705173	9.0236089464
9.02243973185	9.0212705173	9.0236089464
9.02243973185	9.0212705173	9.0236089464
9.02243973185	9.0212705173	9.0236089464
9.02243973185	9.0212705173	9.0236089464
9.02243973185	9.0212705173	9.0236089464
9.02243973185	9.0212705173	9.0236089464
9.02243973185	9.0212705173	9.0236089464
9.02243973185	9.0212705173	9.0236089464
9.02243973185	9.0212705173	9.0236089464
9.02243973185	9.0212705173	9.0236089464
9.02243973185	9.0212705173	9.0236089464
9.02243973185	9.0212705173	9.0236089464
9.02243973185	9.0212705173	9.0236089464
9.02243973185	9.0212705173	9.0236089464
9.02243973185	9.0212705173	9.0236089464
9.02243973185	9.0212705173	9.0236089464
9.02243973185	9.0212705173	9.0236089464
9.02243973185	9.0212705173	9.0236089464
9.02243973185	9.0212705173	9.0236089464
9.02243973185	9.0212705173	9.0236089464
9.02243973185	9.0212705173	9.0236089464
9.02243973185	9.0212705173	9.0236089464
9.02243973185	9.0212705173	9.0236089464
9.02243973185	9.0212705173	9.0236089464
9.02243973185	9.0212705173	9.0236089464
9.02243973185	9.0212705173	9.0236089464
9.02243973185	9.0212705173	9.0236089464
9.02243973185	9.0212705173	9.0236089464
9.02243973185	9.0212705173	9.0236089464
9.02243973185	9.0212705173	9.0236089464
9.02243973185	9.0212705173	9.0236089464
9.02243973185	9.0212705173	9.0236089464
9.02243973185	9.0212705173	9.0236089464
9.02243973185	9.0212705173	9.0236089464
9.02243973185	9.0212705173	9.0236089464
9.02243973185	9.0212705173	9.0236089464
9.02243973185	9.0212705173	9.0236089464
9.02243973185	9.0212705173	9.0236089464
9.02243973185	9.0212705173	9.0236089464
9.02243973185	9.0212705173	9.0236089464
9.02243973185	9.0212705173	9.0236089464
9.02243973185	9.0212705173	9.0236089464
9.02243973185	9.0212705173	9.0236089464
9.02243973185	9.0212705173	9.0236089464
9.02243973185	9.0212705173	9.0236089464
9.02243973185	9.0212705173	9.0236089464
9.02243973185	9.0212705173	9.0236089464
9.02243973185	9.0212705173	9.0236089464
9.02243973185	9.0212705173	9.0236089464
9.02243973185	9.0212705173	9.0236089464
9.02243973185	9.0212705173	9.0236089464
9.02243973185	9.0212705173	9.0236089464
9.02243973185	9.0212705173	9.0236089464
9.02243973185	9.0212705173	9.0236089464
9.02243973185	9.0212705173	9.0236089464
9.02243973185	9.0212705173	9.0236089464
9.02243973185	9.0212705173	9.0236089464
9.02243973185	9.0212705173	9.0236089464
9.02243973185	9.0212705173	9.0236089464
9.02243973185	9.0212705173	9.0236089464
9.02243973185	9.0212705173	9.0236089464
9.02243973185	9.0212705173	9.0236089464
9.02243973185	9.0212705173	9.0236089464
9.02243973185	9.0212705173	9.0236089464
9.02243973185	9.0212705173	9.0236089464
9.02243973185	9.0212705173	9.0236089464
9.02243973185	9.0212705173	9.0236089464
9.02243973185	9.0212705173	9.0236089464
9.02243973185	9.0212705173	9.0236089464
9.02243973185	9.0212705173	9.0236089464
9.02243973185	9.0212705173	9.0236089464
9.02243973185	9.0212705173	9.0236089464
9.02243973185	9.0212705173	9.0236089464
9.02243973185	9.0212705173	9.0236089464
9.02243973185	9.0212705173	9.0236089464
9.02243973185	9.0212705173	9.0236089464
9.02243973185	9.0212705173	9.0236089464
9.02243973185	9.0212705173	9.0236089464
9.02243973185	9.0212705173	9.0236089464
9.02243973185	9.0212705173	9.0236089464
9.02243973185	9.0212705173	9.0236089464
9.02243973185	9.0212705173	9.0236089464
9.02243973185	9.0212705173	9.0236089464
9.02243973185	9.0212705173	9.0236089464
9.02243973185	9.0212705173	9.0236089464
9.02243973185	9.0212705173	9.0236089464
9.02243973185	9.0212705173	9.0236089464
9.02243973185	9.0212705173	9.0236089464
9.02243973185	9.0212705173	9.0236089464
9.02243973185	9.0212705173	9.0236089464
9.02243973185	9.0212705173	9.0236089464
9.02243973185	9.0212705173	9.0236089464
9.02243973185	9.0212705173	9.0236089464
9.02243973185	9.0212705173	9.0236089464
9.02243973185	9.0212705173	9.0236089464
9.02243973185	9.0212705173	9.0236089464
9.02243973185	9.0212705173	9.0236089464
9.02243973185	9.0212705173	9.0236089464
9.02243973185	9.0212705173	9.0236089464
9.02243973185	9.0212705173	9.0236089464
9.02243973185	9.0212705173	9.0236089464
9.02243973185	9.0212705173	9.0236089464
9.02243973185	9.0212705173	9.0236089464
9.02243973185	9.0212705173	9.0236089464
9.02243973185	9.0212705173	9.0236089464
9.02243973185	9.0212705173	9.0236089464
9.02243973185	9.0212705173	9.0236089464
9.02243973185	9.0212705173	9.0236089464
9.02243973185	9.0212705173	9.0236089464
9.02243973185	9.0212705173	9.0236089464
9.02243973185	9.0212705173	9.0236089464
9.02243973185	9.0212705173	9.0236089464
9.02243973185	9.0212705173	9.0236089464
9.02243973185	9.0212705173	9.0236089464
9.02243973185	9.0212705173	9.0236089464
9.02243973185	9.0212705173	9.0236089464
9.02243973185	9.0212705173	9.0236089464
9.02243973185	9.0212705173	9.0236089464
9.02243973185	9.0212705173	9.0236089464
9.02243973185	9.0212705173	9.0236089464
9.02243973185	9.0212705173	9.0236089464
9.02243973185	9.0212705173	9.0236089464
9.02243973185	9.0212705173	9.0236089464
9.02243973185	9.0212705173	9.0236089464
9.02243973185	9.0212705173	9.0236089464
9.02243973185	9.0212705173	9.0236089464
9.02243973185	9.0212705173	9.0236089464
9.02243973185	9.0212705173	9.0236089464
9.02243973185	9.0212705173	9.0236089464
9.02243973185	9.0212705173	9.0236089464
9.02243973185	9.0212705173	9.0236089464
9.02243973185	9.0212705173	9.0236089464
9.02243973185	9.0212705173	9.0236089464
9.02243973185	9.0212705173	9.0236089464
9.02243973185	9.0212705173	9.0236089464
9.02243973185	9.0212705173	9.0236089464
9.02243973185	9.0212705173	9.0236089464
9.02243973185	9.0212705173	9.0236089464
9.02243973185	9.0212705173	9.0236089464
9.02243973185	9.0212705173	9.0236089464
9.02243973185	9.0212705173	9.0236089464
9.02243973185	9.0212705173	9.0236089464
9.02243973185	9.0212705173	9.0236089464
9.02243973185	9.0212705173	9.0236089464
9.02243973185	9.0212705173	9.0236089464
9.02243973185	9.0212705173	9.0236089464
9.02243973185	9.0212705173	9.0236089464
9.02243973185	9.0212705173	9.0236089464
9.02243973185	9.0212705173	9.0236089464
9.02243973185	9.0212705173	9.0236089464
9.02243973185	9.0212705173	9.0236089464
9.02243973185	9.0212705173	9.0236089464
9.02243973185	9.0212705173	9.0236089464
9.02243973185	9.0212705173	9.0236089464
9.02243973185	9.0212705173	9.0236089464
9.02243973185	9.0212705173	9.0236089464
9.02243973185	9.0212705173	9.0236089464
9.02243973185	9.0212705173	9.0236089464
9.02243973185	9.0212705173	9.0236089464
9.02243973185	9.0212705173	9.0236089464
9.02243973185	9.0212705173	9.0236089464
9.02243973185	9.0212705173	9.0236089464
9.02243973185	9.0212705173	9.0236089464
9.02243973185	9.0212705173	9.0236089464
9.02243973185	9.0212705173	9.0236089464
9.02243973185	9.0212705173	9.0236089464
9.02243973185	9.0212705173	9.0236089464
9.02243973185	9.0212705173	9.0236089464
9.02243973185	9.0212705173	9.0236089464
9.02243973185	9.0212705173	9.0236089464
9.02243973185	9.0212705173	9.0236089464
9.02243973185	9.0212705173	9.0236089464
9.02243973185	9.0212705173	9.0236089464
9.02243973185	9.0212705173	9.0236089464
9.02243973185	9.0212705173	9.0236089464
9.02243973185	9.0212705173	9.0236089464
9.02243973185	9.0212705173	9.0236089464
9.02243973185	9.0212705173	9.0236089464
9.02243973185	9.0212705173	9.0236089464
9.02243973185	9.0212705173	9.0236089464
9.02243973185	9.0212705173	9.0236089464
9.02243973185	9.0212705173	9.0236089464
9.02243973185	9.0212705173	9.0236089464
9.02243973185	9.0212705173	9.0236089464
9.02243973185	9.0212705173	9.0236089464
9.02243973185	9.0212705173	9.0236089464
9.02243973185	9.0212705173	9.0236089464
9.02243973185	9.0212705173	9.0236089464
9.02243973185	9.0212705173	9.0236089464
9.02243973185	9.0212705173	9.0236089464
9.02243973185	9.0212705173	9.0236089464
9.02243973185	9.0212705173	9.0236089464
9.02243973185	9.0212705173	9.0236089464
9.02243973185	9.0212705173	9.0236089464
9.02243973185	9.0212705173	9.0236089464
9.02243973185	9.0212705173	9.0236089464
9.02243973185	9.0212705173	9.0236089464
9.02243973185	9.0212705173	9.0236089464
9.02243973185	9.0212705173	9.0236089464
9.02243973185	9.0212705173	9.0236089464
9.02243973185	9.0212705173	9.0236089464
9.02243973185	9.0212705173	9.0236089464
9.02243973185	9.0212705173	9.0236089464
9.02243973185	9.0212705173	9.0236089464
9.02243973185	9.0212705173	9.0236089464
9.02243973185	9.0212705173	9.0236089464
9.02243973185	9.0212705173	9.0236089464
