-2.08959983227
-1.26100505828
-0.43406047641
0.391237199789
1.21489125022
2.03690494825
2.85728156074
3.67602434803
4.49313656397
5.30862145594
6.12248226485
6.93472222513
7.74534456481
8.55435250546
9.36174926224
10.1675380439
10.9717220529
11.7743044851
12.5752885302
13.3746773715
14.1724741859
14.9686821439
15.76330441
16.5563441421
17.3478044919
18.1376886049
18.9259996201
19.7127406705
20.4979148828
21.2815253774
22.0635752686
22.8440676644
23.6230056665
24.4003923708
25.1762308666
25.9505242373
26.7232755601
27.4944879062
28.2641643403
29.0323079215
29.7989217024
30.5640087298
31.3275720442
32.0896146802
32.8501396664
33.6091500252
34.366648773
35.1226389204
35.8771234718
36.6301054256
37.3815877744
38.1315735048
38.8800655972
39.6270670265
40.3725807612
41.1166097643
41.8591569927
42.6002253974
43.3398179235
44.0779375104
44.8145870915
45.5497695944
46.2834879408
47.0157450468
47.7465438224
48.475887172
49.2037779941
49.9302191816
50.6552136215
51.3787641951
52.1008737778
52.8215452395
53.5407814443
54.2585852506
54.9749595111
55.6899070729
56.4034307771
57.1155334597
57.8262179505
58.535487074
59.243343649
59.9497904887
60.6548304006
61.3584661866
62.0607006433
62.7615365614
63.4609767261
64.1590239172
64.855680909
65.5509504699
66.2448353633
66.9373383466
67.6284621722
68.3182095866
69.006583331
69.6935861412
70.3792207475
71.0634898747
71.7463962422
72.4279425642
73.1081315491
73.7869659001
74.4644483152
75.1405814868
75.8153681019
76.4888108423
77.1609123844
77.8316753992
78.5011025526
79.169196505
79.8359599114
80.5013954219
81.1655056808
81.8282933276
82.4897609963
83.1499113157
83.8087469094
84.4662703958
85.1224843879
85.7773914937
86.4309943159
87.0832954522
87.7342974948
88.384003031
89.0324146428
89.6795349072
90.3253663959
90.9699116757
91.6131733081
92.2551538495
92.8958558513
93.5352818598
94.1734344162
94.8103160566
95.4459293122
96.0802767089
96.7133607679
97.3451840052
97.9757489316
98.6050580533
99.2331138712
99.8599188814
100.485475575
101.109786438
101.732853951
102.354680591
102.975268829
103.594621132
104.21273996
104.829627771
105.445287015
106.059720141
106.672929589
107.284917796
107.895687195
108.505240214
109.113579274
109.720706793
110.326625184
110.931336856
111.534844211
112.137149647
112.73825556
113.338164337
113.936878362
114.534400016
115.130731672
115.725875701
116.319834468
116.912610333
117.504205652
118.094622777
118.683864053
119.271931824
119.858828424
120.444556188
121.029117443
121.612514512
122.194749713
122.775825361
123.355743765
123.934507229
124.512118054
125.088578536
125.663890964
126.238057626
126.811080804
127.382962774
127.95370581
128.52331218
129.091784148
129.659123972
130.225333907
130.790416205
131.354373109
131.917206863
132.478919702
133.039513859
133.598991562
134.157355035
134.714606495
135.270748159
135.825782236
136.379710932
136.932536449
137.484260983
138.034886727
138.58441587
139.132850596
139.680193083
140.226445508
140.77161004
141.315688848
141.858684093
142.400597933
142.941432521
143.481190008
144.019872538
144.557482252
145.094021287
145.629491774
146.163895843
146.697235617
147.229513215
147.760730753
148.290890341
148.819994088
149.348044096
149.875042463
150.400991284
150.925892648
151.449748643
151.97256135
152.494332846
153.015065206
153.534760498
154.053420789
154.571048139
155.087644606
155.603212242
156.117753098
156.631269216
157.143762639
157.655235404
158.165689542
158.675127082
159.18355005
159.690960465
160.197360345
160.702751701
161.207136542
161.710516874
162.212894695
162.714272004
163.214650792
163.714033048
164.212420757
164.709815899
165.206220452
165.701636387
166.196065675
166.689510279
167.181972161
167.673453278
168.163955584
168.653481027
169.142031553
169.629609104
170.116215618
170.601853027
171.086523264
171.570228252
172.052969916
172.534750173
173.015570938
173.495434122
173.974341632
174.452295371
174.929297239
175.405349132
175.880452941
176.354610555
176.827823857
177.30009473
177.771425049
178.241816687
178.711271515
179.179791398
179.647378197
180.114033772
180.579759976
181.044558661
181.508431674
181.971380858
182.433408054
182.894515096
183.354703819
183.813976051
184.272333616
184.729778337
185.186312032
185.641936515
186.096653597
186.550465084
187.003372781
187.455378488
187.906484
188.35669111
188.806001609
189.254417281
189.701939908
190.148571269
190.59431314
191.039167291
191.48313549
191.926219502
192.368421088
192.809742005
193.250184008
193.689748846
194.128438266
194.566254012
195.003197824
195.439271438
195.874476588
196.308815002
196.742288408
197.174898528
197.60664708
198.037535782
198.467566345
198.896740479
199.325059888
199.752526276
200.179141342
200.604906779
201.029824282
201.453895538
201.877122232
202.299506047
202.721048662
203.141751751
203.561616987
203.980646039
204.39884057
204.816202245
205.23273272
205.648433652
206.063306693
206.477353492
206.890575693
207.30297494
207.714552871
208.125311121
208.535251324
208.944375109
209.352684101
209.760179923
210.166864195
210.572738533
210.977804549
211.382063855
211.785518055
212.188168755
212.590017553
212.991066047
213.391315831
213.790768496
214.189425629
214.587288814
214.984359632
215.380639663
215.776130479
216.170833654
216.564750756
216.957883351
217.350233
217.741801263
218.132589696
218.522599853
218.911833283
219.300291533
219.687976147
220.074888666
220.461030628
220.846403566
221.231009013
221.614848497
221.997923543
222.380235675
222.761786411
223.142577267
223.522609758
223.901885393
224.280405679
224.658172122
225.035186222
225.411449478
225.786963384
226.161729434
226.535749117
226.909023919
227.281555324
227.653344811
228.02439386
228.394703944
228.764276535
229.133113102
229.501215111
229.868584024
230.235221302
230.601128401
230.966306776
231.330757879
231.694483157
232.057484056
232.419762018
232.781318485
233.142154891
233.502272672
233.861673259
234.22035808
234.57832856
234.935586122
235.292132186
235.647968169
236.003095485
236.357515545
236.711229759
237.064239531
237.416546264
237.768151359
238.119056214
238.469262222
238.818770775
239.167583263
239.515701072
239.863125585
240.209858183
240.555900243
240.901253142
241.245918252
241.589896942
241.93319058
242.275800529
242.617728152
242.958974807
243.299541851
243.639430637
243.978642515
244.317178834
244.65504094
244.992230174
245.328747878
245.664595388
245.999774039
246.334285164
246.668130091
247.001310148
247.333826658
247.665680943
247.996874322
248.327408112
248.657283625
248.986502173
249.315065064
249.642973604
249.970229096
250.29683284
250.622786135
250.948090277
251.272746557
251.596756267
251.920120693
252.242841121
252.564918834
252.886355111
253.20715123
253.527308466
253.846828091
254.165711375
254.483959586
254.801573988
255.118555843
255.434906411
255.75062695
256.065718714
256.380182956
256.694020924
257.007233867
257.319823029
257.631789653
257.943134978
258.253860241
258.563966679
258.873455522
259.182328001
259.490585343
259.798228774
260.105259516
260.411678789
260.717487812
261.022687799
261.327279964
261.631265516
261.934645665
262.237421615
262.53959457
262.841165731
263.142136297
263.442507463
263.742280423
264.041456369
264.34003649
264.638021972
264.935413999
265.232213754
265.528422416
265.824041162
266.119071167
266.413513603
266.707369641
267.000640449
267.293327192
267.585431032
267.876953132
268.16789465
268.458256742
268.748040561
269.03724726
269.325877988
269.613933892
269.901416117
270.188325805
270.474664097
270.76043213
271.045631041
271.330261962
271.614326025
271.897824359
272.18075809
272.463128343
272.74493624
273.026182901
273.306869444
273.586996985
273.866566636
274.145579508
274.424036711
274.701939351
274.979288533
275.256085359
275.532330928
275.80802634
276.083172688
276.357771068
276.63182257
276.905328283
277.178289294
277.450706689
277.722581549
277.993914955
278.264707986
278.534961718
278.804677225
279.073855578
279.342497848
279.610605102
279.878178406
280.145218823
280.411727414
280.677705238
280.943153353
281.208072813
281.472464672
281.73632998
281.999669785
282.262485135
282.524777074
282.786546643
283.047794885
283.308522835
283.568731532
283.828422009
284.087595298
284.346252429
284.604394431
284.862022328
285.119137145
285.375739904
285.631831624
285.887413323
286.142486018
286.397050721
286.651108444
286.904660198
287.157706989
287.410249824
287.662289705
287.913827636
288.164864614
288.415401639
288.665439706
288.914979808
289.164022937
289.412570083
289.660622233
289.908180374
290.15524549
290.401818562
290.647900569
290.893492491
291.138595303
291.38320998
291.627337492
291.870978812
292.114134906
292.356806742
292.598995283
292.840701492
293.08192633
293.322670756
293.562935726
293.802722195
294.042031116
294.28086344
294.519220116
294.757102092
294.994510313
295.231445722
295.467909261
295.703901871
295.939424487
296.174478048
296.409063487
296.643181735
296.876833725
297.110020383
297.342742638
297.575001413
297.806797632
298.038132216
298.269006085
298.499420156
298.729375344
298.958872564
299.187912728
299.416496745
299.644625525
299.872299974
300.099520996
300.326289495
300.552606373
300.778472528
301.003888858
301.228856259
301.453375625
301.677447848
301.901073819
302.124254427
302.346990558
302.569283098
302.791132931
303.012540937
303.233507996
303.454034988
303.674122788
303.893772271
304.11298431
304.331759776
304.550099539
304.768004466
304.985475424
305.202513276
305.419118885
305.635293112
305.851036817
306.066350856
306.281236085
306.495693358
306.709723528
306.923327445
307.136505958
307.349259915
307.56159016
307.773497538
307.98498289
308.196047058
308.40669088
308.616915193
308.826720833
309.036108633
309.245079426
309.453634042
309.66177331
309.869498058
310.07680911
310.28370729
310.490193422
310.696268325
310.901932819
311.10718772
311.312033845
311.516472008
311.72050302
311.924127694
312.127346838
312.33016126
312.532571766
312.73457916
312.936184245
313.137387823
313.338190693
313.538593652
313.738597498
313.938203026
314.137411028
314.336222296
314.534637621
314.732657791
314.930283593
315.127515812
315.324355232
315.520802635
315.716858803
315.912524514
316.107800546
316.302687676
316.497186676
316.691298322
316.885023383
317.07836263
317.271316831
317.463886753
317.656073162
317.847876821
318.039298493
318.230338937
318.420998914
318.611279182
318.801180495
318.99070361
319.179849279
319.368618254
319.557011285
319.745029121
319.932672509
320.119942195
320.306838923
320.493363436
320.679516475
320.86529878
321.05071109
321.23575414
321.420428668
321.604735405
321.788675086
321.972248441
322.155456199
322.338299089
322.520777837
322.702893169
322.884645808
323.066036476
323.247065896
323.427734785
323.608043862
323.787993843
323.967585444
324.146819379
324.32569636
324.504217097
324.6823823
324.860192677
325.037648936
325.21475178
325.391501914
325.567900041
325.743946861
325.919643074
326.094989379
326.269986471
326.444635047
326.618935801
326.792889426
326.966496612
327.13975805
327.312674428
327.485246434
327.657474753
327.82936007
328.000903068
328.172104429
328.342964832
328.513484958
328.683665484
328.853507085
329.023010438
329.192176215
329.36100509
329.529497732
329.697654813
329.865476999
330.032964957
330.200119355
330.366940855
330.533430121
330.699587815
330.865414596
331.030911124
331.196078057
331.36091605
331.52542576
331.68960784
331.853462941
332.016991717
332.180194816
332.343072887
332.505626577
332.667856533
332.829763398
332.991347818
333.152610433
333.313551884
333.474172812
333.634473855
333.794455649
333.95411883
334.113464034
334.272491893
334.431203039
334.589598103
334.747677714
334.905442502
335.062893092
335.22003011
335.376854182
335.53336593
335.689565976
335.845454941
336.001033444
336.156302105
336.311261539
336.465912363
336.620255191
336.774290638
336.928019314
337.081441831
337.234558798
337.387370825
337.539878518
337.692082484
337.843983327
337.995581651
338.146878059
338.297873151
338.448567529
338.598961791
338.749056534
338.898852355
339.048349849
339.197549611
339.346452233
339.495058308
339.643368426
339.791383175
339.939103145
340.086528923
340.233661094
340.380500244
340.527046955
340.67330181
340.819265391
340.964938277
341.110321047
341.25541428
341.400218552
341.544734438
341.688962512
341.832903349
341.976557519
342.119925594
342.263008144
342.405805737
342.54831894
342.690548321
342.832494444
342.974157874
343.115539173
343.256638904
343.397457626
343.5379959
343.678254285
343.818233337
343.957933614
344.097355669
344.236500058
344.375367333
344.513958046
344.652272749
344.79031199
344.928076318
345.065566281
345.202782425
345.339725295
345.476395437
345.612793392
345.748919703
345.884774911
346.020359556
346.155674177
346.290719311
346.425495495
346.560003266
346.694243156
346.8282157
346.961921431
347.09536088
347.228534576
347.36144305
347.494086829
347.62646644
347.758582411
347.890435265
348.022025527
348.15335372
348.284420365
348.415225984
348.545771096
348.676056221
348.806081875
348.935848577
349.06535684
349.194607181
349.323600113
349.452336148
349.580815799
349.709039575
349.837007986
349.964721541
350.092180748
350.219386112
350.34633814
350.473037337
350.599484204
350.725679246
350.851622963
350.977315857
351.102758426
351.22795117
351.352894585
351.477589169
351.602035416
351.726233822
351.85018488
351.973889082
352.097346921
352.220558887
352.343525469
352.466247157
352.588724437
352.710957798
352.832947724
352.9546947
353.07619921
353.197461738
353.318482764
353.439262771
353.559802237
353.680101642
353.800161465
353.919982182
354.039564269
354.158908202
354.278014455
354.396883501
354.515515813
354.633911862
354.752072119
354.869997054
354.987687134
355.105142828
355.222364602
355.339352923
355.456108256
355.572631063
355.688921809
355.804980956
355.920808964
356.036406295
356.151773407
356.266910759
356.381818809
356.496498013
356.610948827
356.725171706
356.839167104
356.952935473
357.066477267
357.179792936
357.292882931
357.4057477
357.518387694
357.630803358
357.742995141
357.854963487
357.966708842
358.078231651
358.189532355
358.300611398
358.411469221
358.522106264
358.632522968
358.742719771
358.852697111
358.962455424
359.071995148
359.181316718
359.290420568
359.399307131
359.507976841
359.616430129
359.724667427
359.832689164
359.94049577
360.048087672
360.1554653
360.262629079
360.369579436
360.476316795
360.582841581
360.689154217
360.795255125
360.901144728
361.006823445
361.112291698
361.217549905
361.322598484
361.427437853
361.532068429
361.636490627
361.740704863
361.844711551
361.948511103
362.052103933
362.155490452
362.258671071
362.3616462
362.464416248
362.566981625
362.669342736
362.77149999
362.873453792
362.975204548
363.076752661
363.178098536
363.279242574
363.380185179
363.480926751
363.581467691
363.681808398
363.78194927
363.881890707
363.981633105
364.08117686
364.180522369
364.279670025
364.378620224
364.477373357
364.575929819
364.674289999
364.77245429
364.870423082
364.968196763
365.065775723
365.163160348
365.260351027
365.357348145
365.454152088
365.550763241
365.647181987
365.74340871
365.839443793
365.935287616
366.030940561
366.126403007
366.221675335
366.316757923
366.411651149
366.506355389
366.600871021
366.69519842
366.789337961
366.883290017
366.977054963
367.070633171
367.164025013
367.257230859
367.350251081
367.443086048
367.53573613
367.628201693
367.720483106
367.812580736
367.904494948
367.996226108
368.087774581
368.179140729
368.270324917
368.361327506
368.452148859
368.542789336
368.633249298
368.723529103
368.813629112
368.903549681
368.993291168
369.082853931
369.172238324
369.261444703
369.350473423
369.439324837
369.527999299
369.616497161
369.704818774
369.79296449
369.880934659
369.96872963
370.056349753
370.143795376
370.231066846
370.31816451
370.405088714
370.491839804
370.578418124
370.664824019
370.751057831
370.837119905
370.92301058
371.0087302
371.094279105
371.179657634
371.264866127
371.349904923
371.434774359
371.519474773
371.604006502
371.688369881
371.772565246
371.856592931
371.94045327
372.024146597
372.107673243
372.191033542
372.274227825
372.357256421
372.440119661
372.522817875
372.605351391
372.687720536
372.769925639
372.851967026
372.933845023
373.015559955
373.097112148
373.178501925
373.259729609
373.340795524
373.421699993
373.502443335
373.583025872
373.663447925
373.743709813
373.823811855
373.90375437
373.983537674
374.063162086
374.142627921
374.221935496
374.301085125
374.380077123
374.458911805
374.537589483
374.61611047
374.694475078
374.772683619
374.850736403
374.92863374
375.006375941
375.083963314
375.161396167
375.238674809
375.315799546
375.392770685
375.469588531
375.546253391
375.622765568
375.699125367
375.775333091
375.851389044
375.927293526
376.003046841
376.078649289
376.154101171
376.229402786
376.304554433
376.379556412
376.454409021
376.529112556
376.603667315
376.678073594
376.752331689
376.826441895
376.900404506
376.974219817
377.047888121
377.12140971
377.194784876
377.268013912
377.341097109
377.414034756
377.486827144
377.559474561
377.631977298
377.704335641
377.776549879
377.848620298
377.920547184
377.992330825
378.063971504
378.135469507
378.206825118
378.27803862
378.349110296
378.42004043
378.490829302
378.561477194
378.631984387
378.702351161
378.772577796
378.84266457
378.912611763
378.982419652
379.052088515
379.121618629
379.191010269
379.260263713
379.329379234
379.398357108
379.467197608
379.535901009
379.604467583
379.672897604
379.741191342
379.809349069
379.877371056
379.945257574
380.013008892
380.08062528
380.148107006
380.215454338
380.282667545
380.349746893
380.416692648
380.483505077
380.550184446
380.616731019
380.683145061
380.749426835
380.815576606
380.881594636
380.947481187
381.013236522
381.078860901
381.144354586
381.209717837
381.274950912
381.340054073
381.405027577
381.469871683
381.534586648
381.59917273
381.663630185
381.72795927
381.792160239
381.856233349
381.920178854
381.983997007
382.047688064
382.111252276
382.174689896
382.238001177
382.30118637
382.364245727
382.427179497
382.489987931
382.552671278
382.615229788
382.67766371
382.739973291
382.802158779
382.864220421
382.926158464
382.987973154
383.049664736
383.111233456
383.172679559
383.234003289
383.295204889
383.356284603
383.417242673
383.478079341
383.53879485
383.599389441
383.659863354
383.720216831
383.78045011
383.840563431
383.900557033
383.960431154
384.020186033
384.079821907
384.139339012
384.198737587
384.258017865
384.317180084
384.376224477
384.435151281
384.493960729
384.552653054
384.61122849
384.66968727
384.728029627
384.786255791
384.844365995
384.902360469
384.960239443
385.018003149
385.075651815
385.133185671
385.190604944
385.247909864
385.305100658
385.362177554
385.419140778
385.475990556
385.532727115
385.58935068
385.645861476
385.702259727
385.758545659
385.814719494
385.870781455
385.926731766
385.982570649
386.038298326
386.093915018
386.149420946
386.204816331
386.260101394
386.315276353
386.370341428
386.425296837
386.480142801
386.534879535
386.589507258
386.644026187
386.698436539
386.752738529
386.806932374
386.861018289
386.914996489
386.968867188
387.022630601
387.076286941
387.129836422
387.183279256
387.236615655
387.289845832
387.342969998
387.395988365
387.448901142
387.501708541
387.554410771
387.607008042
387.659500562
387.71188854
387.764172185
387.816351704
387.868427305
387.920399195
387.972267579
388.024032665
388.075694657
388.127253763
388.178710185
388.230064129
388.281315798
388.332465398
388.383513129
388.434459197
388.485303803
388.536047149
388.586689436
388.637230867
388.687671642
388.738011961
388.788252024
388.838392032
388.888432183
388.938372677
388.988213711
389.037955484
389.087598194
389.137142037
389.186587211
389.235933913
389.285182337
389.334332681
389.383385139
389.432339906
389.481197178
389.529957147
389.578620008
389.627185955
389.675655179
389.724027875
389.772304233
389.820484447
389.868568707
389.916557205
389.964450131
390.012247675
390.059950028
390.107557379
390.155069918
390.202487833
390.249811312
390.297040544
390.344175716
390.391217016
390.438164631
390.485018747
390.53177955
390.578447227
390.625021962
390.671503942
390.71789335
390.76419037
390.810395188
390.856507987
390.902528949
390.948458257
390.994296096
391.040042645
391.085698088
391.131262605
391.176736379
391.222119588
391.267412415
391.312615038
391.357727638
391.402750393
391.447683484
391.492527087
391.537281382
391.581946547
391.626522758
391.671010193
391.71540903
391.759719443
391.80394161
391.848075706
391.892121906
391.936080386
391.97995132
392.023734883
392.067431249
392.11104059
392.154563082
392.197998896
392.241348205
392.284611181
392.327787997
392.370878824
392.413883834
392.456803196
392.499637082
392.542385662
392.585049106
392.627627583
392.670121263
392.712530315
392.754854906
392.797095206
392.839251382
392.881323601
392.923312032
392.96521684
393.007038192
393.048776255
393.090431194
393.132003175
393.173492363
393.214898923
393.25622302
393.297464818
393.33862448
393.37970217
393.420698052
393.461612289
393.502445042
393.543196475
393.583866749
393.624456026
393.664964467
393.705392233
393.745739486
393.786006384
393.826193089
393.86629976
393.906326556
393.946273636
393.98614116
394.025929285
394.06563817
394.105267973
394.144818851
394.184290961
394.22368446
394.262999505
394.302236251
394.341394856
394.380475474
394.419478261
394.458403371
394.497250961
394.536021183
394.574714192
394.613330141
394.651869185
394.690331477
394.728717168
394.767026412
394.805259362
394.843416168
394.881496983
394.919501958
394.957431244
394.995284991
395.033063351
395.070766473
395.108394508
395.145947604
395.183425911
395.220829577
395.258158753
395.295413585
395.332594222
395.369700812
395.406733502
395.44369244
395.480577771
395.517389644
395.554128204
395.590793596
395.627385968
395.663905464
395.700352229
395.736726409
395.773028147
395.809257589
395.845414877
395.881500157
395.91751357
395.953455261
395.989325372
396.025124046
396.060851424
396.09650765
396.132092864
396.167607209
396.203050824
396.238423852
396.273726432
396.308958705
396.344120812
396.379212891
396.414235082
396.449187524
396.484070357
396.518883719
396.553627748
396.588302583
396.62290836
396.657445218
396.691913295
396.726312726
396.760643649
396.794906199
396.829100514
396.86322673
396.897284981
396.931275403
396.965198131
396.9990533
397.032841045
397.0665615
397.100214799
397.133801075
397.167320462
397.200773094
397.234159103
397.267478621
397.300731782
397.333918718
397.36703956
397.40009444
397.433083489
397.466006839
397.49886462
397.531656964
397.564383999
397.597045857
397.629642666
397.662174558
397.69464166
397.727044103
397.759382014
397.791655522
397.823864756
397.856009843
397.888090912
397.92010809
397.952061503
397.98395128
398.015777546
398.047540429
398.079240054
398.110876547
398.142450035
398.173960642
398.205408495
398.236793717
398.268116433
398.299376769
398.330574848
398.361710795
398.392784732
398.423796784
398.454747074
398.485635724
398.516462859
398.547228599
398.577933067
398.608576386
398.639158677
398.669680062
398.700140662
398.730540597
398.76087999
398.79115896
398.821377628
398.851536114
398.881634537
398.911673018
398.941651675
398.971570628
399.001429996
399.031229898
399.060970451
399.090651774
399.120273986
399.149837203
399.179341543
399.208787124
399.238174062
399.267502475
399.296772478
399.325984189
399.355137723
399.384233196
399.413270724
399.442250422
399.471172405
399.500036788
399.528843687
399.557593215
399.586285487
399.614920616
399.643498717
399.672019904
399.700484288
399.728891985
399.757243105
399.785537763
399.813776071
399.841958141
399.870084084
399.898154013
399.926168039
399.954126274
399.982028828
400.009875813
400.037667339
400.065403517
400.093084456
400.120710268
400.148281061
400.175796945
400.20325803
400.230664425
400.258016239
400.285313579
400.312556556
400.339745277
400.366879849
400.393960382
400.420986983
400.447959758
400.474878816
400.501744263
400.528556206
400.555314752
400.582020006
400.608672075
400.635271066
400.661817083
400.688310232
400.714750618
400.741138347
400.767473524
400.793756252
400.819986637
400.846164783
400.872290794
400.898364773
400.924386824
400.950357051
400.976275557
401.002142445
401.027957817
401.053721777
401.079434426
401.105095868
401.130706203
401.156265533
401.181773961
401.207231587
401.232638513
401.25799484
401.283300669
401.308556099
401.333761232
401.358916167
401.384021005
401.409075845
401.434080787
401.459035931
401.483941375
401.508797218
401.53360356
401.558360498
401.583068131
401.607726558
401.632335877
401.656896184
401.681407578
401.705870157
401.730284017
401.754649255
401.778965969
401.803234255
401.827454209
401.851625927
401.875749506
401.899825042
401.92385263
401.947832366
401.971764345
401.995648662
402.019485412
402.04327469
402.06701659
402.090711207
402.114358635
402.137958968
402.161512299
402.185018723
402.208478332
402.23189122
402.25525748
402.278577205
402.301850487
402.325077419
402.348258094
402.371392603
402.394481038
402.417523492
402.440520055
402.463470819
402.486375875
402.509235315
402.532049229
402.554817708
402.577540842
402.600218722
402.622851438
402.645439079
402.667981735
402.690479497
402.712932453
402.735340693
402.757704306
402.78002338
402.802298005
402.824528268
402.846714259
402.868856065
402.890953775
402.913007475
402.935017255
402.956983201
402.9789054
403.00078394
403.022618908
403.04441039
403.066158474
403.087863245
403.109524789
403.131143194
403.152718544
403.174250925
403.195740424
403.217187126
403.238591114
403.259952476
403.281271296
403.302547657
403.323781646
403.344973346
403.366122842
403.387230217
403.408295556
403.429318942
403.450300459
403.47124019
403.492138218
403.512994627
403.533809499
403.554582917
403.575314964
403.596005721
403.616655272
403.637263698
403.657831082
403.678357504
403.698843047
403.719287791
403.739691819
403.760055211
403.780378049
403.800660412
403.820902382
403.841104038
403.861265463
403.881386734
403.901467933
403.921509139
403.941510432
403.961471891
403.981393596
404.001275626
404.021118059
404.040920975
404.060684453
404.080408571
404.100093407
404.119739039
404.139345546
404.158913006
404.178441496
404.197931094
404.217381877
404.236793923
404.256167309
404.275502112
404.294798408
404.314056275
404.333275789
404.352457026
404.371600062
404.390704974
404.409771838
404.428800729
404.447791722
404.466744895
404.48566032
404.504538075
404.523378234
404.542180871
404.560946062
404.579673881
404.598364403
404.617017701
404.635633851
404.654212925
404.672754998
404.691260143
404.709728434
404.728159945
404.746554749
404.764912918
404.783234526
404.801519645
404.819768348
404.837980709
404.856156798
404.874296689
404.892400453
404.910468162
404.928499889
404.946495704
404.96445568
404.982379887
405.000268397
405.018121282
405.035938611
405.053720457
405.071466888
405.089177977
405.106853793
405.124494407
405.142099888
405.159670308
405.177205734
405.194706238
405.212171889
405.229602756
405.246998908
405.264360415
405.281687346
405.298979769
405.316237753
405.333461368
405.35065068
405.367805759
405.384926672
405.402013488
405.419066275
405.436085101
405.453070032
405.470021137
405.486938483
405.503822137
405.520672167
405.537488639
405.554271619
405.571021176
405.587737375
405.604420282
405.621069965
405.637686489
405.65426992
405.670820324
405.687337768
405.703822316
405.720274034
405.736692987
405.753079242
405.769432862
405.785753913
405.80204246
405.818298567
405.834522299
405.850713721
405.866872897
405.882999891
405.899094767
405.915157589
405.931188421
405.947187327
405.96315437
405.979089614
405.994993122
406.010864958
406.026705183
406.042513863
406.058291058
406.074036832
406.089751247
406.105434367
406.121086252
406.136706966
406.15229657
406.167855127
406.183382699
406.198879346
406.21434513
406.229780114
406.245184358
406.260557924
406.275900872
406.291213265
406.306495161
406.321746623
406.336967711
406.352158485
406.367319006
406.382449334
406.397549529
406.412619651
406.42765976
406.442669916
406.457650178
406.472600607
406.48752126
406.502412199
406.517273481
406.532105167
406.546907314
406.561679982
406.576423229
406.591137114
406.605821696
406.620477033
406.635103182
406.649700203
406.664268153
406.678807091
406.693317073
406.707798158
406.722250402
406.736673865
406.751068602
406.765434672
406.77977213
406.794081035
406.808361443
406.82261341
406.836836994
406.851032251
406.865199238
406.87933801
406.893448623
406.907531135
406.921585601
406.935612076
406.949610617
406.963581279
406.977524118
406.991439189
407.005326547
407.019186248
407.033018346
407.046822897
407.060599955
407.074349576
407.088071814
407.101766723
407.115434357
407.129074772
407.142688022
407.156274159
407.16983324
407.183365316
407.196870443
407.210348673
407.223800061
407.23722466
407.250622523
407.263993703
407.277338254
407.290656228
407.303947679
407.317212659
407.330451222
407.343663419
407.356849303
407.370008927
407.383142343
407.396249602
407.409330758
407.422385862
407.435414966
407.448418122
407.461395382
407.474346796
407.487272417
407.500172296
407.513046484
407.525895033
407.538717993
407.551515415
407.564287351
407.57703385
407.589754964
407.602450744
407.615121239
407.6277665
407.640386577
407.652981521
407.665551381
407.678096207
407.69061605
407.703110959
407.715580984
407.728026174
407.740446578
407.752842247
407.765213229
407.777559574
407.78988133
407.802178546
407.814451272
407.826699557
407.838923448
407.851122994
407.863298245
407.875449248
407.887576051
407.899678703
407.911757253
407.923811747
407.935842234
407.947848761
407.959831377
407.971790129
407.983725064
407.99563623
408.007523675
408.019387445
408.031227587
408.043044149
408.054837178
408.066606721
408.078352824
408.090075533
408.101774897
408.11345096
408.12510377
408.136733373
408.148339815
408.159923141
408.1714834
408.183020635
408.194534893
408.20602622
408.217494661
408.228940262
408.240363069
408.251763126
408.26314048
408.274495175
408.285827256
408.297136769
408.308423759
408.31968827
408.330930347
408.342150034
408.353347377
408.36452242
408.375675208
408.386805784
408.397914192
408.409000478
408.420064685
408.431106857
408.442127037
408.453125271
408.464101601
408.47505607
408.485988724
408.496899604
408.507788755
408.51865622
408.529502041
408.540326262
408.551128927
408.561910077
408.572669756
408.583408006
408.594124871
408.604820392
408.615494613
408.626147575
408.636779321
408.647389894
408.657979335
408.668547687
408.679094991
408.68962129
408.700126625
408.710611038
408.721074571
408.731517265
408.741939161
408.752340302
408.762720729
408.773080483
408.783419604
408.793738134
408.804036115
408.814313587
408.82457059
408.834807166
408.845023355
408.855219199
408.865394736
408.875550009
408.885685056
408.89579992
408.905894638
408.915969253
408.926023804
408.93605833
408.946072872
408.95606747
408.966042162
408.97599699
408.985931992
408.995847208
409.005742677
409.015618439
409.025474533
409.035310997
409.045127872
409.054925196
409.064703008
409.074461348
409.084200252
409.093919762
409.103619914
409.113300748
409.122962302
409.132604614
409.142227724
409.151831668
409.161416486
409.170982214
409.180528893
409.190056558
409.199565249
409.209055002
409.218525856
409.227977849
409.237411017
409.246825399
409.256221031
409.265597951
409.274956197
409.284295805
409.293616813
409.302919258
409.312203176
409.321468605
409.330715581
409.339944142
409.349154323
409.358346162
409.367519694
409.376674957
409.385811987
409.39493082
409.404031492
409.41311404
409.422178499
409.431224906
409.440253297
409.449263707
409.458256172
409.467230728
409.476187411
409.485126256
409.4940473
409.502950576
409.511836121
409.52070397
409.529554158
409.53838672
409.547201692
409.555999108
409.564779004
409.573541414
409.582286374
409.591013917
409.599724079
409.608416894
409.617092397
409.625750622
409.634391604
409.643015377
409.651621975
409.660211433
409.668783784
409.677339063
409.685877304
409.69439854
409.702902806
409.711390135
409.719860561
409.728314118
409.736750839
409.745170758
409.753573908
409.761960322
409.770330035
409.778683079
409.787019488
409.795339294
409.80364253
409.811929231
409.820199428
409.828453154
409.836690443
409.844911326
409.853115838
409.861304009
409.869475873
409.877631463
409.88577081
409.893893948
409.902000907
409.910091722
409.918166422
409.926225042
409.934267613
409.942294166
409.950304734
409.958299348
409.966278041
409.974240844
409.982187788
409.990118906
409.998034228
410.005933787
410.013817613
410.021685738
410.029538193
410.03737501
410.045196219
410.053001852
410.06079194
410.068566513
410.076325603
410.08406924
410.091797455
410.099510279
410.107207742
410.114889876
410.12255671
410.130208275
410.137844601
410.14546572
410.153071661
410.160662454
410.168238129
410.175798717
410.183344248
410.190874752
410.198390258
410.205890796
410.213376397
410.22084709
410.228302904
410.23574387
410.243170017
410.250581374
410.257977971
410.265359837
410.272727002
410.280079495
410.287417345
410.294740581
410.302049232
410.309343328
410.316622898
410.323887969
410.331138572
410.338374735
410.345596487
410.352803856
410.359996871
410.367175561
410.374339955
410.38149008
410.388625965
410.395747638
410.402855129
410.409948464
410.417027673
410.424092783
410.431143823
410.43818082
410.445203802
410.452212798
410.459207835
410.466188941
410.473156143
410.48010947
410.48704895
410.493974608
410.500886474
410.507784575
410.514668938
410.52153959
410.528396559
410.535239871
410.542069555
410.548885638
410.555688145
410.562477105
410.569252545
410.576014491
410.58276297
410.589498009
410.596219635
410.602927874
410.609622754
410.6163043
410.62297254
410.629627499
410.636269205
410.642897683
410.649512961
410.656115064
410.662704018
410.66927985
410.675842586
410.682392252
410.688928874
410.695452478
410.701963089
410.708460735
410.71494544
410.72141723
410.727876132
410.73432217
410.740755371
410.747175759
410.753583361
410.759978202
410.766360307
410.772729702
410.779086412
410.785430462
410.791761878
410.798080684
410.804386906
410.810680569
410.816961697
410.823230317
410.829486452
410.835730128
410.841961369
410.8481802
410.854386646
410.860580731
410.866762481
410.87293192
410.879089071
410.885233961
410.891366612
410.89748705
410.903595299
410.909691383
410.915775326
410.921847152
410.927906887
410.933954553
410.939990174
410.946013776
410.952025381
410.958025013
410.964012697
410.969988457
410.975952315
410.981904296
410.987844423
410.99377272
410.999689211
411.005593918
411.011486866
411.017368078
411.023237577
411.029095387
411.03494153
411.040776031
411.046598911
411.052410196
411.058209907
411.063998067
411.0697747
411.075539828
411.081293475
411.087035663
411.092766415
411.098485754
411.104193703
411.109890284
411.11557552
411.121249434
411.126912047
411.132563384
411.138203465
411.143832314
411.149449952
411.155056403
411.160651688
411.16623583
411.171808851
411.177370773
411.182921618
411.188461408
411.193990165
411.199507911
411.205014669
411.21051046
411.215995305
411.221469227
411.226932247
411.232384388
411.23782567
411.243256116
411.248675746
411.254084583
411.259482649
411.264869963
411.270246549
411.275612426
411.280967618
411.286312144
411.291646026
411.296969285
411.302281943
411.30758402
411.312875539
411.318156518
411.323426981
411.328686946
411.333936437
411.339175473
411.344404075
411.349622263
411.35483006
411.360027485
411.365214559
411.370391303
411.375557737
411.380713881
411.385859757
411.390995385
411.396120784
411.401235977
411.406340982
411.41143582
411.416520511
411.421595076
411.426659535
411.431713908
411.436758214
411.441792475
411.446816709
411.451830938
411.45683518
411.461829456
411.466813786
411.471788189
411.476752686
411.481707295
411.486652037
411.491586931
411.496511997
411.501427255
411.506332723
411.511228422
411.516114371
411.52099059
411.525857097
411.530713912
411.535561055
411.540398544
411.545226399
411.550044639
411.554853284
411.559652351
411.564441861
411.569221833
411.573992285
411.578753236
411.583504706
411.588246712
411.592979275
411.597702413
411.602416144
411.607120488
411.611815463
411.616501087
411.62117738
411.625844359
411.630502044
411.635150453
411.639789605
411.644419517
411.649040209
411.653651698
411.658254003
411.662847143
411.667431135
411.672005997
411.676571749
411.681128408
411.685675991
411.690214519
411.694744007
411.699264474
411.703775939
411.708278419
411.712771932
411.717256496
411.721732129
411.726198848
411.730656672
411.735105618
411.739545703
411.743976945
411.748399363
411.752812973
411.757217793
411.761613841
411.766001133
411.770379688
411.774749523
411.779110656
411.783463102
411.787806881
411.792142009
411.796468503
411.800786381
411.805095659
411.809396355
411.813688486
411.81797207
411.822247122
411.82651366
411.830771701
411.835021262
411.83926236
411.843495011
411.847719233
411.851935042
411.856142455
411.860341489
411.86453216
411.868714485
411.872888481
411.877054164
411.881211551
411.885360658
411.889501502
411.893634099
411.897758466
411.901874619
411.905982575
411.910082349
411.914173959
411.91825742
411.922332748
411.92639996
411.930459072
411.9345101
411.93855306
411.942587969
411.946614842
411.950633695
411.954644544
411.958647405
411.962642295
411.966629228
411.970608221
411.97457929
411.97854245
411.982497718
411.986445108
411.990384637
411.99431632
411.998240173
412.002156211
412.00606445
412.009964906
412.013857594
412.017742529
412.021619727
412.025489204
412.029350974
412.033205054
412.037051458
412.040890201
412.0447213
412.048544768
412.052360622
412.056168876
412.059969547
412.063762647
412.067548194
412.071326202
412.075096685
412.078859659
412.082615139
412.08636314
412.090103677
412.093836764
412.097562416
412.101280649
412.104991476
412.108694914
412.112390975
412.116079676
412.11976103
412.123435053
412.127101759
412.130761162
412.134413278
412.13805812
412.141695703
412.145326042
412.14894915
412.152565043
412.156173735
412.15977524
412.163369572
412.166956746
412.170536776
412.174109676
412.177675461
412.181234144
412.18478574
412.188330262
412.191867726
412.195398144
412.198921531
412.202437902
412.205947269
412.209449647
412.21294505
412.216433492
412.219914986
412.223389547
412.226857188
412.230317922
412.233771765
412.237218729
412.240658829
412.244092077
412.247518487
412.250938074
412.254350851
412.257756831
412.261156027
412.264548454
412.267934125
412.271313053
412.274685251
412.278050734
412.281409514
412.284761605
412.28810702
412.291445773
412.294777876
412.298103343
412.301422187
412.304734422
412.30804006
412.311339115
412.314631599
412.317917526
412.32119691
412.324469762
412.327736096
412.330995925
412.334249262
412.33749612
412.340736511
412.343970449
412.347197946
412.350419016
412.353633671
412.356841923
412.360043786
412.363239273
412.366428395
412.369611167
412.372787599
412.375957705
412.379121499
412.382278991
412.385430195
412.388575123
412.391713787
412.394846201
412.397972377
412.401092326
412.404206062
412.407313597
412.410414943
412.413510113
412.416599118
412.419681972
412.422758685
412.425829272
412.428893743
412.431952111
412.435004388
412.438050586
412.441090718
412.444124795
412.447152829
412.450174833
412.453190819
412.456200798
412.459204782
412.462202784
412.465194815
412.468180888
412.471161013
412.474135204
412.477103471
412.480065826
412.483022282
412.48597285
412.488917542
412.491856369
412.494789344
412.497716477
412.500637781
412.503553267
412.506462946
412.509366831
412.512264932
412.515157262
412.518043831
412.520924652
412.523799735
412.526669093
412.529532736
412.532390676
412.535242924
412.538089492
412.54093039
412.543765631
412.546595225
412.549419184
412.552237519
412.555050241
412.557857362
412.560658892
412.563454842
412.566245224
412.569030049
412.571809328
412.574583072
412.577351291
412.580113998
412.582871202
412.585622916
412.588369149
412.591109913
412.593845218
412.596575077
412.599299498
412.602018493
412.604732074
412.60744025
412.610143033
412.612840433
412.615532461
412.618219128
412.620900444
412.62357642
412.626247067
412.628912395
412.631572414
412.634227137
412.636876572
412.639520731
412.642159623
412.644793261
412.647421653
412.65004481
412.652662744
412.655275464
412.65788298
412.660485303
412.663082444
412.665674412
412.668261218
412.670842873
412.673419386
412.675990768
412.678557028
412.681118178
412.683674227
412.686225186
412.688771064
412.691311872
412.69384762
412.696378318
412.698903975
412.701424603
412.703940211
412.706450809
412.708956406
412.711457014
412.713952642
412.716443299
412.718928997
412.721409743
412.72388555
412.726356425
412.72882238
412.731283424
412.733739566
412.736190817
412.738637186
412.741078682
412.743515317
412.745947099
412.748374037
412.750796143
412.753213424
412.755625892
412.758033555
412.760436423
412.762834505
412.765227812
412.767616352
412.770000135
412.772379171
412.774753469
412.777123038
412.779487888
412.781848029
412.784203469
412.786554218
412.788900285
412.791241681
412.793578413
412.795910491
412.798237925
412.800560724
412.802878896
412.805192452
412.807501401
412.809805751
412.812105512
412.814400692
412.816691302
412.81897735
412.821258845
412.823535796
412.825808213
412.828076104
412.830339478
412.832598345
412.834852713
412.837102591
412.839347989
412.841588914
412.843825377
412.846057386
412.84828495
412.850508077
412.852726777
412.854941058
412.857150929
412.859356399
412.861557477
412.863754172
412.865946491
412.868134444
412.87031804
412.872497288
412.874672195
412.87684277
412.879009023
412.881170962
412.883328595
412.885481931
412.887630978
412.889775746
412.891916242
412.894052475
412.896184454
412.898312187
412.900435682
412.902554948
412.904669994
412.906780827
412.908887457
412.910989891
412.913088138
412.915182206
412.917272104
412.919357839
412.921439421
412.923516857
412.925590156
412.927659326
412.929724375
412.931785311
412.933842142
412.935894878
412.937943525
412.939988093
412.942028588
412.94406502
412.946097396
412.948125724
412.950150013
412.95217027
412.954186504
412.956198723
412.958206934
412.960211146
412.962211366
412.964207602
412.966199863
412.968188157
412.97017249
412.972152872
412.974129309
412.97610181
412.978070383
412.980035036
412.981995776
412.98395261
412.985905548
412.987854596
412.989799763
412.991741056
412.993678482
412.995612051
412.997541768
412.999467642
413.001389681
413.003307891
413.005222282
413.00713286
413.009039633
413.010942608
413.012841794
413.014737197
413.016628826
413.018516687
413.020400788
413.022281138
413.024157742
413.026030609
413.027899746
413.02976516
413.03162686
413.033484852
413.035339143
413.037189742
413.039036655
413.04087989
413.042719453
413.044555354
413.046387598
413.048216193
413.050041146
413.051862465
413.053680156
413.055494228
413.057304686
413.059111539
413.060914794
413.062714457
413.064510536
413.066303038
413.06809197
413.06987734
413.071659154
413.073437419
413.075212143
413.076983332
413.078750994
413.080515136
413.082275764
413.084032885
413.085786508
413.087536638
413.089283282
413.091026448
413.092766142
413.094502372
413.096235143
413.097964464
413.099690341
413.101412781
413.10313179
413.104847376
413.106559545
413.108268304
413.10997366
413.11167562
413.11337419
413.115069378
413.116761189
413.118449631
413.120134711
413.121816434
413.123494809
413.12516984
413.126841536
413.128509903
413.130174946
413.131836674
413.133495093
413.135150208
413.136802028
413.138450557
413.140095804
413.141737774
413.143376474
413.14501191
413.146644089
413.148273018
413.149898702
413.151521149
413.153140365
413.154756356
413.156369129
413.157978689
413.159585044
413.1611882
413.162788164
413.164384941
413.165978537
413.16756896
413.169156216
413.17074031
413.17232125
413.173899041
413.17547369
413.177045203
413.178613586
413.180178846
413.181740988
413.18330002
413.184855946
413.186408773
413.187958509
413.189505157
413.191048726
413.19258922
413.194126647
413.195661011
413.19719232
413.198720579
413.200245794
413.201767972
413.203287119
413.20480324
413.206316341
413.207826429
413.20933351
413.210837589
413.212338673
413.213836767
413.215331878
413.216824011
413.218313172
413.219799368
413.221282604
413.222762886
413.22424022
413.225714611
413.227186067
413.228654592
413.230120192
413.231582873
413.233042642
413.234499503
413.235953463
413.237404527
413.238852701
413.240297991
413.241740403
413.243179942
413.244616614
413.246050425
413.247481381
413.248909486
413.250334748
413.251757171
413.253176761
413.254593524
413.256007465
413.257418591
413.258826906
413.260232416
413.261635127
413.263035045
413.264432175
413.265826522
413.267218092
413.268606891
413.269992924
413.271376197
413.272756714
413.274134483
413.275509507
413.276881793
413.278251347
413.279618172
413.280982276
413.282343662
413.283702338
413.285058307
413.286411576
413.28776215
413.289110035
413.290455235
413.291797755
413.293137603
413.294474781
413.295809297
413.297141155
413.29847036
413.299796919
413.301120835
413.302442115
413.303760763
413.305076785
413.306390186
413.307700972
413.309009147
413.310314717
413.311617686
413.312918061
413.314215846
413.315511046
413.316803667
413.318093713
413.319381191
413.320666104
413.321948458
413.323228258
413.32450551
413.325780218
413.327052387
413.328322022
413.329589129
413.330853713
413.332115778
413.33337533
413.334632373
413.335886912
413.337138953
413.338388501
413.33963556
413.340880136
413.342122233
413.343361856
413.34459901
413.345833701
413.347065932
413.34829571
413.349523038
413.350747922
413.351970367
413.353190377
413.354407957
413.355623113
413.356835848
413.358046168
413.359254078
413.360459582
413.361662685
413.362863393
413.364061709
413.365257638
413.366451186
413.367642357
413.368831155
413.370017586
413.371201654
413.372383364
413.37356272
413.374739728
413.375914392
413.377086716
413.378256705
413.379424365
413.380589699
413.381752712
413.382913409
413.384071794
413.385227872
413.386381648
413.387533126
413.388682311
413.389829207
413.390973819
413.392116152
413.393256209
413.394393996
413.395529518
413.396662777
413.39779378
413.39892253
413.400049032
413.401173291
413.402295311
413.403415096
413.404532651
413.40564798
413.406761088
413.40787198
413.408980659
413.41008713
413.411191397
413.412293465
413.413393338
413.414491021
413.415586518
413.416679833
413.417770971
413.418859935
413.419946731
413.421031362
413.422113834
413.423194149
413.424272313
413.42534833
413.426422204
413.427493939
413.428563539
413.42963101
413.430696355
413.431759577
413.432820683
413.433879675
413.434936558
413.435991337
413.437044014
413.438094595
413.439143084
413.440189485
413.441233802
413.442276039
413.4433162
413.44435429
413.445390313
413.446424272
413.447456172
413.448486016
413.44951381
413.450539557
413.451563261
413.452584927
413.453604557
413.454622157
413.455637731
413.456651281
413.457662814
413.458672331
413.459679839
413.460685339
413.461688837
413.462690337
413.463689842
413.464687357
413.465682885
413.46667643
413.467667997
413.468657589
413.46964521
413.470630864
413.471614555
413.472596287
413.473576064
413.474553889
413.475529768
413.476503702
413.477475697
413.478445757
413.479413884
413.480380083
413.481344358
413.482306713
413.483267151
413.484225676
413.485182293
413.486137004
413.487089814
413.488040726
413.488989744
413.489936873
413.490882115
413.491825475
413.492766956
413.493706561
413.494644296
413.495580163
413.496514166
413.49744631
413.498376596
413.49930503
413.500231615
413.501156355
413.502079253
413.503000313
413.503919538
413.504836933
413.505752501
413.506666246
413.50757817
413.508488279
413.509396575
413.510303062
413.511207744
413.512110624
413.513011706
413.513910993
413.514808489
413.515704198
413.516598124
413.517490268
413.518380636
413.519269231
413.520156056
413.521041115
413.521924412
413.522805949
413.523685731
413.52456376
413.525440041
413.526314577
413.527187371
413.528058426
413.528927747
413.529795337
413.530661199
413.531525336
413.532387753
413.533248452
413.534107436
413.53496471
413.535820277
413.53667414
413.537526302
413.538376768
413.539225539
413.54007262
413.540918014
413.541761725
413.542603755
413.543444108
413.544282787
413.545119797
413.545955139
413.546788818
413.547620836
413.548451197
413.549279905
413.550106962
413.550932372
413.551756139
413.552578264
413.553398753
413.554217607
413.555034831
413.555850427
413.556664398
413.557476749
413.558287482
413.5590966
413.559904107
413.560710005
413.561514299
413.562316991
413.563118084
413.563917582
413.564715487
413.565511804
413.566306534
413.567099682
413.56789125
413.568681242
413.56946966
413.570256508
413.57104179
413.571825507
413.572607663
413.573388262
413.574167306
413.574944799
413.575720743
413.576495142
413.577267998
413.578039316
413.578809097
413.579577345
413.580344064
413.581109255
413.581872922
413.582635069
413.583395697
413.584154811
413.584912413
413.585668506
413.586423094
413.587176178
413.587927763
413.588677851
413.589426445
413.590173548
413.590919163
413.591663294
413.592405942
413.593147111
413.593886805
413.594625025
413.595361775
413.596097058
413.596830876
413.597563233
413.598294131
413.599023574
413.599751564
413.600478104
413.601203197
413.601926846
413.602649054
413.603369824
413.604089158
413.60480706
413.605523532
413.606238577
413.606952197
413.607664397
413.608375179
413.609084544
413.609792497
413.61049904
413.611204176
413.611907908
413.612610238
413.61331117
413.614010705
413.614708847
413.615405599
413.616100963
413.616794943
413.61748754
413.618178758
413.6188686
413.619557067
413.620244164
413.620929892
413.621614254
413.622297253
413.622978893
413.623659174
413.624338101
413.625015676
413.625691901
413.62636678
413.627040314
413.627712507
413.628383362
413.62905288
413.629721065
413.630387919
413.631053445
413.631717646
413.632380524
413.633042082
413.633702322
413.634361247
413.635018861
413.635675164
413.63633016
413.636983852
413.637636242
413.638287333
413.638937127
413.639585627
413.640232835
413.640878755
413.641523388
413.642166737
413.642808805
413.643449595
413.644089108
413.644727347
413.645364316
413.646000015
413.646634449
413.64726762
413.647899529
413.64853018
413.649159575
413.649787716
413.650414606
413.651040248
413.651664644
413.652287797
413.652909708
413.653530381
413.654149817
413.65476802
413.655384992
413.656000735
413.656615252
413.657228545
413.657840617
413.65845147
413.659061106
413.659669528
413.660276738
413.660882739
413.661487533
413.662091122
413.66269351
413.663294698
413.663894688
413.664493484
413.665091087
413.6656875
413.666282725
413.666876765
413.667469621
413.668061297
413.668651795
413.669241116
413.669829264
413.670416241
413.671002048
413.671586689
413.672170166
413.67275248
413.673333635
413.673913632
413.674492475
413.675070164
413.675646703
413.676222094
413.676796339
413.67736944
413.6779414
413.678512221
413.679081905
413.679650454
413.680217871
413.680784159
413.681349318
413.681913352
413.682476262
413.683038051
413.683598722
413.684158276
413.684716715
413.685274043
413.68583026
413.68638537
413.686939374
413.687492275
413.688044075
413.688594775
413.689144379
413.689692889
413.690240306
413.690786633
413.691331872
413.691876025
413.692419094
413.692961081
413.69350199
413.694041821
413.694580577
413.69511826
413.695654872
413.696190415
413.696724892
413.697258304
413.697790655
413.698321945
413.698852176
413.699381352
413.699909474
413.700436544
413.700962565
413.701487538
413.702011465
413.702534349
413.703056192
413.703576995
413.704096761
413.704615492
413.70513319
413.705649857
413.706165495
413.706680105
413.707193692
413.707706255
413.708217797
413.708728321
413.709237828
413.70974632
413.7102538
413.710760269
413.711265729
413.711770182
413.712273631
413.712776078
413.713277523
413.71377797
413.71427742
413.714775876
413.715273339
413.715769811
413.716265295
413.716759791
413.717253303
413.717745832
413.71823738
413.718727949
413.719217541
413.719706158
413.720193802
413.720680475
413.721166179
413.721650915
413.722134686
413.722617493
413.723099339
413.723580226
413.724060154
413.724539127
413.725017146
413.725494213
413.725970329
413.726445498
413.72691972
413.727392998
413.727865333
413.728336728
413.728807183
413.729276702
413.729745286
413.730212936
413.730679656
413.731145445
413.731610307
413.732074243
413.732537256
413.732999346
413.733460516
413.733920767
413.734380102
413.734838522
413.735296029
413.735752625
413.736208311
413.73666309
413.737116964
413.737569933
413.738022
413.738473167
413.738923436
413.739372808
413.739821284
413.740268868
413.74071556
413.741161363
413.741606278
413.742050306
413.742493451
413.742935712
413.743377094
413.743817596
413.74425722
413.744695969
413.745133845
413.745570848
413.746006981
413.746442246
413.746876643
413.747310176
413.747742845
413.748174652
413.7486056
413.749035689
413.749464921
413.749893299
413.750320824
413.750747497
413.75117332
413.751598296
413.752022425
413.752445709
413.75286815
413.753289751
413.753710511
413.754130433
413.75454952
413.754967771
413.75538519
413.755801777
413.756217534
413.756632464
413.757046567
413.757459846
413.757872301
413.758283935
413.758694749
413.759104745
413.759513925
413.75992229
413.760329841
413.760736581
413.76114251
413.761547631
413.761951946
413.762355455
413.76275816
413.763160064
413.763561167
413.763961471
413.764360979
413.76475969
413.765157607
413.765554732
413.765951066
413.766346611
413.766741368
413.767135339
413.767528525
413.767920928
413.76831255
413.768703391
413.769093455
413.769482741
413.769871252
413.77025899
413.770645955
413.77103215
413.771417575
413.771802233
413.772186125
413.772569252
413.772951616
413.773333219
413.773714061
413.774094146
413.774473473
413.774852045
413.775229863
413.775606928
413.775983243
413.776358808
413.776733625
413.777107696
413.777481021
413.777853603
413.778225444
413.778596543
413.778966904
413.779336527
413.779705414
413.780073566
413.780440985
413.780807672
413.781173629
413.781538857
413.781903358
413.782267133
413.782630183
413.78299251
413.783354116
413.783715002
413.784075168
413.784434618
413.784793352
413.785151371
413.785508677
413.785865272
413.786221156
413.786576332
413.7869308
413.787284563
413.787637621
413.787989975
413.788341628
413.788692581
413.789042835
413.789392391
413.789741251
413.790089416
413.790436888
413.790783668
413.791129757
413.791475157
413.791819869
413.792163895
413.792507235
413.792849892
413.793191866
413.793533159
413.793873772
413.794213707
413.794552966
413.794891548
413.795229456
413.795566691
413.795903255
413.796239148
413.796574372
413.796908929
413.79724282
413.797576045
413.797908607
413.798240506
413.798571745
413.798902324
413.799232244
413.799561508
413.799890115
413.800218068
413.800545368
413.800872017
413.801198014
413.801523363
413.801848063
413.802172117
413.802495526
413.80281829
413.803140412
413.803461892
413.803782732
413.804102932
413.804422496
413.804741422
413.805059714
413.805377372
413.805694397
413.80601079
413.806326554
413.806641689
413.806956196
413.807270076
413.807583332
413.807895964
413.808207973
413.808519361
413.808830128
413.809140277
413.809449808
413.809758722
413.810067022
413.810374707
413.81068178
413.810988241
413.811294091
413.811599333
413.811903967
413.812207994
413.812511415
413.812814232
413.813116446
413.813418059
413.81371907
413.814019482
413.814319296
413.814618513
413.814917134
413.81521516
413.815512592
413.815809433
413.816105682
413.816401341
413.816696411
413.816990893
413.817284789
413.8175781
413.817870827
413.81816297
413.818454532
413.818745513
413.819035915
413.819325738
413.819614984
413.819903655
413.82019175
413.820479271
413.82076622
413.821052597
413.821338404
413.821623642
413.821908312
413.822192414
413.822475951
413.822758924
413.823041332
413.823323179
413.823604464
413.823885188
413.824165354
413.824444962
413.824724013
413.825002508
413.825280448
413.825557835
413.82583467
413.826110953
413.826386686
413.82666187
413.826936506
413.827210594
413.827484137
413.827757136
413.82802959
413.828301502
413.828572872
413.828843702
413.829113993
413.829383745
413.82965296
413.829921639
413.830189783
413.830457393
413.830724469
413.830991014
413.831257028
413.831522513
413.831787468
413.832051896
413.832315797
413.832579173
413.832842024
413.833104352
413.833366157
413.833627441
413.833888204
413.834148449
413.834408174
413.834667383
413.834926075
413.835184253
413.835441916
413.835699065
413.835955703
413.83621183
413.836467446
413.836722554
413.836977153
413.837231245
413.837484832
413.837737913
413.83799049
413.838242564
413.838494137
413.838745208
413.838995779
413.839245851
413.839495425
413.839744502
413.839993083
413.840241169
413.840488761
413.84073586
413.840982467
413.841228582
413.841474208
413.841719344
413.841963992
413.842208152
413.842451827
413.842695016
413.842937721
413.843179943
413.843421682
413.84366294
413.843903717
413.844144014
413.844383834
413.844623175
413.84486204
413.845100429
413.845338344
413.845575784
413.845812752
413.846049248
413.846285272
413.846520827
413.846755913
413.84699053
413.84722468
413.847458364
413.847691582
413.847924336
413.848156627
413.848388455
413.848619821
413.848850726
413.849081171
413.849311158
413.849540686
413.849769758
413.849998373
413.850226533
413.850454238
413.85068149
413.85090829
413.851134637
413.851360534
413.851585981
413.851810979
413.852035529
413.852259632
413.852483289
413.8527065
413.852929266
413.853151589
413.853373469
413.853594907
413.853815904
413.854036461
413.854256579
413.854476259
413.8546955
413.854914306
413.855132675
413.85535061
413.85556811
413.855785178
413.856001813
413.856218017
413.85643379
413.856649133
413.856864048
413.857078534
413.857292593
413.857506226
413.857719434
413.857932217
413.858144576
413.858356512
413.858568027
413.858779119
413.858989792
413.859200045
413.859409879
413.859619296
413.859828295
413.860036878
413.860245045
413.860452798
413.860660138
413.860867064
413.861073578
413.861279681
413.861485374
413.861690657
413.861895531
413.862099997
413.862304056
413.862507708
413.862710955
413.862913797
413.863116235
413.86331827
413.863519902
413.863721133
413.863921964
413.864122394
413.864322425
413.864522058
413.864721293
413.864920131
413.865118574
413.865316621
413.865514274
413.865711533
413.865908399
413.866104873
413.866300956
413.866496648
413.866691951
413.866886865
413.86708139
413.867275528
413.86746928
413.867662645
413.867855626
413.868048222
413.868240434
413.868432264
413.868623712
413.868814778
413.869005464
413.869195771
413.869385698
413.869575247
413.869764418
413.869953213
413.870141632
413.870329675
413.870517344
413.870704639
413.870891561
413.871078111
413.87126429
413.871450097
413.871635535
413.871820603
413.872005303
413.872189635
413.872373599
413.872557198
413.872740431
413.872923298
413.873105802
413.873287942
413.873469719
413.873651135
413.873832189
413.874012882
413.874193216
413.874373191
413.874552807
413.874732065
413.874910966
413.875089511
413.875267701
413.875445536
413.875623016
413.875800143
413.875976917
413.876153339
413.87632941
413.87650513
413.8766805
413.876855521
413.877030194
413.877204518
413.877378496
413.877552126
413.877725411
413.877898351
413.878070947
413.878243199
413.878415107
413.878586674
413.878757898
413.878928782
413.879099326
413.879269529
413.879439394
413.87960892
413.879778109
413.879946961
413.880115477
413.880283657
413.880451502
413.880619013
413.88078619
413.880953034
413.881119546
413.881285726
413.881451576
413.881617095
413.881782284
413.881947145
413.882111677
413.882275881
413.882439759
413.88260331
413.882766535
413.882929435
413.883092011
413.883254263
413.883416192
413.883577798
413.883739083
413.883900046
413.884060689
413.884221012
413.884381016
413.884540701
413.884700068
413.884859117
413.88501785
413.885176267
413.885334368
413.885492154
413.885649626
413.885806784
413.88596363
413.886120163
413.886276384
413.886432294
413.886587894
413.886743184
413.886898165
413.887052836
413.8872072
413.887361257
413.887515006
413.88766845
413.887821588
413.88797442
413.888126949
413.888279174
413.888431095
413.888582714
413.888734031
413.888885047
413.889035762
413.889186176
413.889336292
413.889486108
413.889635626
413.889784846
413.889933769
413.890082395
413.890230725
413.89037876
413.8905265
413.890673946
413.890821098
413.890967958
413.891114524
413.891260799
413.891406783
413.891552475
413.891697878
413.891842991
413.891987815
413.89213235
413.892276598
413.892420559
413.892564232
413.89270762
413.892850722
413.892993539
413.893136072
413.89327832
413.893420286
413.893561969
413.893703369
413.893844488
413.893985326
413.894125884
413.894266161
413.894406159
413.894545878
413.894685319
413.894824483
413.894963369
413.895101979
413.895240312
413.89537837
413.895516153
413.895653662
413.895790897
413.895927858
413.896064547
413.896200964
413.896337109
413.896472982
413.896608585
413.896743918
413.896878982
413.897013777
413.897148303
413.897282561
413.897416552
413.897550276
413.897683733
413.897816925
413.897949852
413.898082513
413.898214911
413.898347045
413.898478916
413.898610524
413.89874187
413.898872955
413.899003778
413.899134341
413.899264644
413.899394687
413.899524472
413.899653998
413.899783265
413.899912276
413.90004103
413.900169527
413.900297768
413.900425754
413.900553485
413.900680961
413.900808184
413.900935153
413.90106187
413.901188334
413.901314546
413.901440507
413.901566217
413.901691677
413.901816887
413.901941847
413.902066559
413.902191022
413.902315237
413.902439205
413.902562926
413.902686401
413.902809629
413.902932613
413.903055351
413.903177845
413.903300095
413.903422102
413.903543865
413.903665386
413.903786665
413.903907703
413.904028499
413.904149055
413.904269371
413.904389447
413.904509284
413.904628883
413.904748243
413.904867365
413.904986251
413.905104899
413.905223311
413.905341488
413.905459429
413.905577135
413.905694606
413.905811844
413.905928848
413.90604562
413.906162158
413.906278465
413.90639454
413.906510384
413.906625997
413.90674138
413.906856533
413.906971456
413.907086151
413.907200618
413.907314856
413.907428867
413.907542651
413.907656208
413.907769539
413.907882645
413.907995525
413.90810818
413.908220611
413.908332818
413.908444802
413.908556562
413.9086681
413.908779416
413.90889051
413.909001383
413.909112035
413.909222467
413.909332679
413.909442671
413.909552445
413.909661999
413.909771336
413.909880454
413.909989356
413.91009804
413.910206508
413.91031476
413.910422797
413.910530618
413.910638225
413.910745617
413.910852795
413.91095976
413.911066512
413.911173051
413.911279379
413.911385494
413.911491398
413.911597091
413.911702574
413.911807846
413.911912909
413.912017763
413.912122408
413.912226844
413.912331073
413.912435093
413.912538907
413.912642514
413.912745915
413.912849109
413.912952098
413.913054883
413.913157462
413.913259837
413.913362008
413.913463976
413.91356574
413.913667302
413.913768662
413.91386982
413.913970776
413.914071532
413.914172086
413.914272441
413.914372595
413.91447255
413.914572306
413.914671863
413.914771222
413.914870384
413.914969347
413.915068114
413.915166684
413.915265057
413.915363235
413.915461217
413.915559004
413.915656596
413.915753994
413.915851198
413.915948209
413.916045026
413.91614165
413.916238082
413.916334322
413.91643037
413.916526227
413.916621893
413.916717368
413.916812654
413.916907749
413.917002655
413.917097372
413.917191901
413.917286241
413.917380393
413.917474358
413.917568136
413.917661727
413.917755132
413.91784835
413.917941383
413.918034231
413.918126893
413.918219371
413.918311665
413.918403776
413.918495702
413.918587446
413.918679007
413.918770386
413.918861582
413.918952597
413.919043431
413.919134084
413.919224556
413.919314848
413.91940496
413.919494893
413.919584647
413.919674222
413.919763618
413.919852837
413.919941878
413.920030741
413.920119428
413.920207938
413.920296272
413.920384429
413.920472411
413.920560218
413.92064785
413.920735308
413.920822591
413.920909701
413.920996637
413.9210834
413.92116999
413.921256408
413.921342653
413.921428727
413.921514629
413.921600361
413.921685921
413.921771311
413.921856531
413.921941582
413.922026463
413.922111175
413.922195718
413.922280093
413.9223643
413.922448339
413.922532211
413.922615915
413.922699453
413.922782825
413.922866031
413.922949071
413.923031945
413.923114655
413.923197199
413.92327958
413.923361796
413.923443849
413.923525738
413.923607464
413.923689027
413.923770428
413.923851667
413.923932744
413.924013659
413.924094413
413.924175007
413.92425544
413.924335713
413.924415826
413.924495779
413.924575573
413.924655209
413.924734685
413.924814004
413.924893164
413.924972167
413.925051012
413.925129701
413.925208232
413.925286608
413.925364827
413.92544289
413.925520798
413.925598551
413.925676149
413.925753592
413.925830882
413.925908017
413.925984998
413.926061827
413.926138502
413.926215025
413.926291395
413.926367613
413.926443679
413.926519594
413.926595358
413.92667097
413.926746433
413.926821744
413.926896906
413.926971919
413.927046781
413.927121495
413.92719606
413.927270476
413.927344745
413.927418865
413.927492838
413.927566663
413.927640341
413.927713873
413.927787258
413.927860497
413.92793359
413.928006538
413.92807934
413.928151997
413.92822451
413.928296878
413.928369102
413.928441183
413.928513119
413.928584913
413.928656563
413.928728071
413.928799436
413.928870659
413.928941741
413.929012681
413.929083479
413.929154137
413.929224653
413.92929503
413.929365266
413.929435362
413.929505319
413.929575136
413.929644815
413.929714354
413.929783755
413.929853018
413.929922143
413.929991131
413.93005998
413.930128693
413.930197269
413.930265708
413.930334011
413.930402178
413.93047021
413.930538106
413.930605866
413.930673492
413.930740983
413.930808339
413.930875561
413.93094265
413.931009605
413.931076426
413.931143115
413.93120967
413.931276094
413.931342384
413.931408543
413.93147457
413.931540466
413.93160623
413.931671863
413.931737366
413.931802738
413.93186798
413.931933092
413.931998074
413.932062927
413.932127651
413.932192246
413.932256712
413.93232105
413.93238526
413.932449342
413.932513296
413.932577123
413.932640822
413.932704395
413.932767842
413.932831162
413.932894355
413.932957423
413.933020366
413.933083183
413.933145874
413.933208442
413.933270884
413.933333202
413.933395396
413.933457466
413.933519413
413.933581236
413.933642936
413.933704513
413.933765967
413.933827299
413.933888509
413.933949597
413.934010564
413.934071409
413.934132132
413.934192735
413.934253217
413.934313579
413.934373821
413.934433942
413.934493944
413.934553826
413.934613589
413.934673233
413.934732758
413.934792165
413.934851453
413.934910624
413.934969676
413.935028611
413.935087428
413.935146129
413.935204712
413.935263179
413.935321529
413.935379763
413.935437881
413.935495884
413.935553771
413.935611542
413.935669199
413.93572674
413.935784168
413.93584148
413.935898679
413.935955764
413.936012735
413.936069592
413.936126336
413.936182968
413.936239486
413.936295892
413.936352186
413.936408367
413.936464437
413.936520395
413.936576241
413.936631976
413.936687601
413.936743114
413.936798517
413.93685381
413.936908992
413.936964065
413.937019028
413.937073881
413.937128625
413.93718326
413.937237787
413.937292205
413.937346514
413.937400715
413.937454808
413.937508794
413.937562672
413.937616443
413.937670106
413.937723663
413.937777113
413.937830457
413.937883694
413.937936826
413.937989851
413.938042771
413.938095586
413.938148295
413.9382009
413.9382534
413.938305795
413.938358085
413.938410272
413.938462355
413.938514334
413.938566209
413.938617981
413.93866965
413.938721216
413.93877268
413.938824041
413.938875299
413.938926456
413.938977511
413.939028464
413.939079315
413.939130066
413.939180715
413.939231263
413.939281711
413.939332058
413.939382305
413.939432452
413.939482499
413.939532446
413.939582294
413.939632042
413.939681692
413.939731242
413.939780694
413.939830048
413.939879303
413.93992846
413.939977519
413.94002648
413.940075344
413.940124111
413.94017278
413.940221353
413.940269829
413.940318208
413.940366491
413.940414678
413.940462769
413.940510764
413.940558663
413.940606467
413.940654176
413.94070179
413.940749309
413.940796733
413.940844063
413.940891299
413.94093844
413.940985488
413.941032442
413.941079303
413.94112607
413.941172744
413.941219325
413.941265813
413.941312209
413.941358512
413.941404723
413.941450843
413.94149687
413.941542805
413.941588649
413.941634402
413.941680064
413.941725635
413.941771115
413.941816504
413.941861803
413.941907012
413.94195213
413.941997159
413.942042099
413.942086948
413.942131709
413.94217638
413.942220962
413.942265456
413.942309861
413.942354177
413.942398405
413.942442545
413.942486598
413.942530562
413.942574439
413.942618228
413.942661931
413.942705546
413.942749074
413.942792516
413.942835871
413.94287914
413.942922323
413.94296542
413.943008431
413.943051356
413.943094196
413.94313695
413.943179619
413.943222203
413.943264703
413.943307118
413.943349448
413.943391694
413.943433856
413.943475934
413.943517928
413.943559839
413.943601666
413.94364341
413.94368507
413.943726648
413.943768143
413.943809555
413.943850885
413.943892132
413.943933297
413.943974381
413.944015382
413.944056302
413.94409714
413.944137897
413.944178573
413.944219168
413.944259682
413.944300115
413.944340468
413.94438074
413.944420932
413.944461044
413.944501077
413.944541029
413.944580902
413.944620696
413.94466041
413.944700045
413.944739601
413.944779079
413.944818478
413.944857798
413.94489704
413.944936204
413.94497529
413.945014298
413.945053229
413.945092082
413.945130857
413.945169555
413.945208177
413.945246721
413.945285188
413.945323579
413.945361894
413.945400132
413.945438294
413.94547638
413.94551439
413.945552325
413.945590183
413.945627967
413.945665675
413.945703308
413.945740867
413.94577835
413.945815759
413.945853093
413.945890353
413.945927539
413.94596465
413.946001688
413.946038652
413.946075542
413.946112359
413.946149103
413.946185773
413.946222371
413.946258895
413.946295347
413.946331726
413.946368033
413.946404267
413.946440429
413.946476519
413.946512538
413.946548484
413.946584359
413.946620163
413.946655895
413.946691556
413.946727146
413.946762665
413.946798114
413.946833492
413.946868799
413.946904036
413.946939203
413.9469743
413.947009327
413.947044284
413.947079172
413.94711399
413.947148739
413.947183418
413.947218029
413.94725257
413.947287043
413.947321447
413.947355783
413.94739005
413.947424249
413.94745838
413.947492443
413.947526438
413.947560365
413.947594225
413.947628017
413.947661742
413.9476954
413.947728991
413.947762515
413.947795972
413.947829363
413.947862687
413.947895944
413.947929136
413.947962261
413.947995321
413.948028314
413.948061242
413.948094104
413.948126901
413.948159632
413.948192299
413.9482249
413.948257436
413.948289908
413.948322315
413.948354657
413.948386935
413.948419149
413.948451298
413.948483383
413.948515405
413.948547363
413.948579257
413.948611088
413.948642855
413.948674559
413.948706199
413.948737777
413.948769292
413.948800744
413.948832134
413.948863461
413.948894725
413.948925928
413.948957068
413.948988146
413.949019162
413.949050117
413.94908101
413.949111841
413.949142611
413.94917332
413.949203967
413.949234554
413.949265079
413.949295544
413.949325948
413.949356291
413.949386575
413.949416797
413.94944696
413.949477062
413.949507105
413.949537088
413.949567011
413.949596874
413.949626678
413.949656423
413.949686108
413.949715734
413.949745302
413.94977481
413.94980426
413.949833651
413.949862983
413.949892257
413.949921473
413.94995063
413.94997973
413.950008771
413.950037755
413.950066681
413.950095549
413.95012436
413.950153113
413.950181809
413.950210448
413.95023903
413.950267556
413.950296024
413.950324435
413.95035279
413.950381089
413.950409331
413.950437517
413.950465647
413.95049372
413.950521738
413.9505497
413.950577607
413.950605457
413.950633253
413.950660993
413.950688677
413.950716307
413.950743882
413.950771401
413.950798866
413.950826276
413.950853632
413.950880933
413.950908179
413.950935372
413.95096251
413.950989594
413.951016625
413.951043601
413.951070524
413.951097393
413.951124209
413.951150971
413.95117768
413.951204335
413.951230938
413.951257488
413.951283984
413.951310428
413.95133682
413.951363158
413.951389445
413.951415679
413.95144186
413.95146799
413.951494067
413.951520093
413.951546067
413.951571989
413.951597859
413.951623678
413.951649446
413.951675162
413.951700827
413.951726441
413.951752003
413.951777515
413.951802976
413.951828387
413.951853747
413.951879056
413.951904315
413.951929523
413.951954682
413.95197979
413.952004848
413.952029856
413.952054815
413.952079724
413.952104583
413.952129393
413.952154153
413.952178864
413.952203526
413.952228139
413.952252702
413.952277217
413.952301683
413.9523261
413.952350469
413.952374789
413.95239906
413.952423284
413.952447459
413.952471585
413.952495664
413.952519695
413.952543678
413.952567613
413.952591501
413.952615341
413.952639133
413.952662879
413.952686576
413.952710227
413.952733831
413.952757387
413.952780897
413.95280436
413.952827776
413.952851145
413.952874468
413.952897744
413.952920975
413.952944158
413.952967296
413.952990388
413.953013433
413.953036433
413.953059387
413.953082295
413.953105158
413.953127975
413.953150746
413.953173472
413.953196153
413.953218789
413.95324138
413.953263926
413.953286426
413.953308882
413.953331294
413.95335366
413.953375982
413.95339826
413.953420493
413.953442682
413.953464827
413.953486928
413.953508985
413.953530997
413.953552966
413.953574892
413.953596773
413.953618611
413.953640406
413.953662157
413.953683864
413.953705529
413.95372715
413.953748728
413.953770264
413.953791756
413.953813206
413.953834613
413.953855977
413.953877299
413.953898578
413.953919815
413.953941009
413.953962162
413.953983272
413.95400434
413.954025366
413.954046351
413.954067293
413.954088194
413.954109054
413.954129871
413.954150648
413.954171382
413.954192076
413.954212728
413.95423334
413.95425391
413.954274439
413.954294927
413.954315375
413.954335782
413.954356148
413.954376473
413.954396759
413.954417003
413.954437208
413.954457372
413.954477496
413.95449758
413.954517624
413.954537628
413.954557592
413.954577516
413.954597401
413.954617246
413.954637052
413.954656818
413.954676545
413.954696232
413.954715881
413.95473549
413.95475506
413.954774591
413.954794083
413.954813537
413.954832951
413.954852328
413.954871665
413.954890964
413.954910224
413.954929447
413.95494863
413.954967776
413.954986884
413.955005953
413.955024984
413.955043978
413.955062934
413.955081852
413.955100732
413.955119575
413.95513838
413.955157148
413.955175878
413.955194571
413.955213227
413.955231846
413.955250427
413.955268972
413.95528748
413.95530595
413.955324384
413.955342782
413.955361142
413.955379467
413.955397754
413.955416005
413.95543422
413.955452399
413.955470541
413.955488647
413.955506718
413.955524752
413.95554275
413.955560712
413.955578639
413.95559653
413.955614385
413.955632205
413.955649989
413.955667738
413.955685452
413.95570313
413.955720773
413.955738381
413.955755954
413.955773491
413.955790994
413.955808462
413.955825896
413.955843294
413.955860658
413.955877987
413.955895282
413.955912542
413.955929768
413.95594696
413.955964117
413.955981241
413.95599833
413.956015385
413.956032406
413.956049393
413.956066347
413.956083266
413.956100152
413.956117005
413.956133823
413.956150609
413.956167361
413.956184079
413.956200764
413.956217416
413.956234035
413.956250621
413.956267173
413.956283693
413.95630018
413.956316634
413.956333055
413.956349443
413.956365799
413.956382123
413.956398413
413.956414672
413.956430898
413.956447091
413.956463253
413.956479382
413.956495479
413.956511544
413.956527577
413.956543578
413.956559547
413.956575485
413.95659139
413.956607264
413.956623107
413.956638917
413.956654697
413.956670445
413.956686161
413.956701847
413.956717501
413.956733123
413.956748715
413.956764276
413.956779805
413.956795304
413.956810772
413.956826209
413.956841616
413.956856991
413.956872336
413.956887651
413.956902935
413.956918188
413.956933411
413.956948604
413.956963767
413.956978899
413.956994001
413.957009074
413.957024116
413.957039128
413.95705411
413.957069063
413.957083985
413.957098878
413.957113742
413.957128575
413.95714338
413.957158154
413.9571729
413.957187615
413.957202302
413.957216959
413.957231588
413.957246187
413.957260756
413.957275297
413.957289809
413.957304292
413.957318747
413.957333172
413.957347569
413.957361937
413.957376276
413.957390587
413.957404869
413.957419123
413.957433349
413.957447546
413.957461715
413.957475856
413.957489968
413.957504053
413.957518109
413.957532137
413.957546138
413.95756011
413.957574055
413.957587972
413.957601861
413.957615723
413.957629557
413.957643363
413.957657142
413.957670894
413.957684618
413.957698315
413.957711984
413.957725626
413.957739242
413.957752829
413.95776639
413.957779924
413.957793431
413.957806911
413.957820365
413.957833791
413.957847191
413.957860564
413.95787391
413.95788723
413.957900523
413.95791379
413.95792703
413.957940244
413.957953432
413.957966593
413.957979729
413.957992838
413.958005921
413.958018977
413.958032008
413.958045013
413.958057992
413.958070945
413.958083873
413.958096774
413.95810965
413.958122501
413.958135325
413.958148125
413.958160898
413.958173647
413.958186369
413.958199067
413.958211739
413.958224386
413.958237008
413.958249605
413.958262176
413.958274723
413.958287244
413.958299741
413.958312213
413.958324659
413.958337082
413.958349479
413.958361852
413.9583742
413.958386523
413.958398822
413.958411096
413.958423346
413.958435572
413.958447773
413.95845995
413.958472103
413.958484231
413.958496335
413.958508416
413.958520472
413.958532504
413.958544512
413.958556496
413.958568457
413.958580393
413.958592306
413.958604195
413.95861606
413.958627902
413.95863972
413.958651515
413.958663286
413.958675034
413.958686758
413.958698459
413.958710137
413.958721791
413.958733422
413.95874503
413.958756615
413.958768177
413.958779716
413.958791232
413.958802725
413.958814195
413.958825642
413.958837066
413.958848468
413.958859847
413.958871203
413.958882536
413.958893848
413.958905136
413.958916402
413.958927646
413.958938867
413.958950066
413.958961242
413.958972397
413.958983529
413.958994639
413.959005726
413.959016792
413.959027836
413.959038858
413.959049857
413.959060835
413.959071791
413.959082725
413.959093638
413.959104528
413.959115397
413.959126244
413.95913707
413.959147874
413.959158657
413.959169418
413.959180158
413.959190876
413.959201573
413.959212249
413.959222903
413.959233536
413.959244148
413.959254739
413.959265309
413.959275858
413.959286386
413.959296892
413.959307378
413.959317843
413.959328287
413.959338711
413.959349113
413.959359495
413.959369856
413.959380197
413.959390517
413.959400816
413.959411095
413.959421353
413.959431591
413.959441809
413.959452006
413.959462183
413.95947234
413.959482476
413.959492592
413.959502688
413.959512764
413.95952282
413.959532856
413.959542872
413.959552868
413.959562844
413.9595728
413.959582737
413.959592653
413.95960255
413.959612427
413.959622285
413.959632122
413.959641941
413.959651739
413.959661518
413.959671278
413.959681018
413.959690739
413.959700441
413.959710123
413.959719786
413.959729429
413.959739054
413.959748659
413.959758245
413.959767812
413.95977736
413.959786889
413.959796399
413.95980589
413.959815362
413.959824815
413.95983425
413.959843666
413.959853062
413.959862441
413.9598718
413.959881141
413.959890463
413.959899767
413.959909052
413.959918319
413.959927567
413.959936797
413.959946008
413.959955202
413.959964376
413.959973533
413.959982671
413.959991791
413.960000893
413.960009977
413.960019043
413.96002809
413.96003712
413.960046131
413.960055125
413.960064101
413.960073059
413.960081999
413.960090921
413.960099826
413.960108712
413.960117581
413.960126433
413.960135267
413.960144083
413.960152881
413.960161662
413.960170426
413.960179172
413.960187901
413.960196612
413.960205306
413.960213983
413.960222642
413.960231285
413.96023991
413.960248517
413.960257108
413.960265681
413.960274238
413.960282777
413.9602913
413.960299805
413.960308294
413.960316765
413.96032522
413.960333658
413.960342079
413.960350483
413.960358871
413.960367242
413.960375596
413.960383933
413.960392254
413.960400559
413.960408846
413.960417118
413.960425373
413.960433611
413.960441833
413.960450039
413.960458228
413.960466401
413.960474558
413.960482698
413.960490822
413.96049893
413.960507022
413.960515098
413.960523158
413.960531201
413.960539229
413.960547241
413.960555236
413.960563216
413.96057118
413.960579128
413.96058706
413.960594977
413.960602877
413.960610762
413.960618631
413.960626485
413.960634323
413.960642145
413.960649952
413.960657743
413.960665519
413.960673279
413.960681023
413.960688753
413.960696467
413.960704165
413.960711848
413.960719516
413.960727169
413.960734806
413.960742428
413.960750035
413.960757627
413.960765204
413.960772765
413.960780312
413.960787844
413.96079536
413.960802862
413.960810348
413.96081782
413.960825277
413.960832719
413.960840146
413.960847558
413.960854956
413.960862339
413.960869707
413.96087706
413.960884399
413.960891724
413.960899033
413.960906328
413.960913609
413.960920875
413.960928126
413.960935364
413.960942586
413.960949795
413.960956989
413.960964168
413.960971334
413.960978485
413.960985622
413.960992744
413.960999853
413.961006947
413.961014027
413.961021093
413.961028145
413.961035183
413.961042207
413.961049217
413.961056213
413.961063195
413.961070163
413.961077118
413.961084058
413.961090985
413.961097897
413.961104797
413.961111682
413.961118553
413.961125411
413.961132256
413.961139086
413.961145903
413.961152707
413.961159497
413.961166273
413.961173036
413.961179785
413.961186521
413.961193244
413.961199953
413.961206649
413.961213331
413.96122
413.961226656
413.961233299
413.961239928
413.961246544
413.961253147
413.961259737
413.961266314
413.961272877
413.961279428
413.961285966
413.96129249
413.961299002
413.9613055
413.961311986
413.961318458
413.961324918
413.961331365
413.961337799
413.96134422
413.961350629
413.961357025
413.961363408
413.961369778
413.961376135
413.96138248
413.961388813
413.961395132
413.961401439
413.961407734
413.961414016
413.961420285
413.961426542
413.961432787
413.961439019
413.961445239
413.961451446
413.961457641
413.961463823
413.961469994
413.961476152
413.961482297
413.961488431
413.961494552
413.961500661
413.961506758
413.961512843
413.961518916
413.961524976
413.961531025
413.961537061
413.961543085
413.961549098
413.961555098
413.961561087
413.961567063
413.961573028
413.961578981
413.961584922
413.961590851
413.961596768
413.961602674
413.961608567
413.961614449
413.96162032
413.961626178
413.961632025
413.961637861
413.961643684
413.961649496
413.961655297
413.961661086
413.961666863
413.961672629
413.961678384
413.961684127
413.961689858
413.961695578
413.961701287
413.961706984
413.96171267
413.961718345
413.961724008
413.96172966
413.961735301
413.961740931
413.961746549
413.961752157
413.961757753
413.961763338
413.961768911
413.961774474
413.961780026
413.961785566
413.961791096
413.961796614
413.961802122
413.961807618
413.961813104
413.961818578
413.961824042
413.961829495
413.961834937
413.961840368
413.961845789
413.961851198
413.961856597
413.961861985
413.961867362
413.961872729
413.961878085
413.96188343
413.961888765
413.961894089
413.961899402
413.961904705
413.961909997
413.961915279
413.96192055
413.961925811
413.961931061
413.961936301
413.96194153
413.961946749
413.961951957
413.961957156
413.961962343
413.961967521
413.961972688
413.961977845
413.961982991
413.961988128
413.961993254
413.96199837
413.962003475
413.962008571
413.962013656
413.962018732
413.962023797
413.962028852
413.962033897
413.962038932
413.962043957
413.962048972
413.962053976
413.962058971
413.962063956
413.962068931
413.962073897
413.962078852
413.962083797
413.962088733
413.962093659
413.962098575
413.962103481
413.962108377
413.962113264
413.962118141
413.962123008
413.962127865
413.962132713
413.962137551
413.96214238
413.962147199
413.962152008
413.962156808
413.962161598
413.962166378
413.96217115
413.962175911
413.962180663
413.962185406
413.962190139
413.962194863
413.962199577
413.962204282
413.962208978
413.962213664
413.962218341
413.962223009
413.962227667
413.962232316
413.962236956
413.962241586
413.962246208
413.96225082
413.962255423
413.962260016
413.962264601
413.962269177
413.962273743
413.9622783
413.962282848
413.962287388
413.962291918
413.962296439
413.962300951
413.962305454
413.962309948
413.962314433
413.962318909
413.962323377
413.962327835
413.962332285
413.962336725
413.962341157
413.96234558
413.962349995
413.9623544
413.962358797
413.962363185
413.962367564
413.962371934
413.962376296
413.962380649
413.962384993
413.962389329
413.962393656
413.962397975
413.962402284
413.962406586
413.962410878
413.962415163
413.962419438
413.962423705
413.962427964
413.962432214
413.962436456
413.962440689
413.962444914
413.96244913
413.962453338
413.962457538
413.962461729
413.962465912
413.962470086
413.962474253
413.962478411
413.96248256
413.962486702
413.962490835
413.96249496
413.962499077
413.962503185
413.962507285
413.962511378
413.962515462
413.962519537
413.962523605
413.962527665
413.962531716
413.96253576
413.962539795
413.962543823
413.962547842
413.962551854
413.962555857
413.962559852
413.96256384
413.962567819
413.962571791
413.962575755
413.962579711
413.962583659
413.962587599
413.962591531
413.962595455
413.962599372
413.962603281
413.962607182
413.962611075
413.96261496
413.962618838
413.962622708
413.96262657
413.962630425
413.962634272
413.962638111
413.962641943
413.962645767
413.962649583
413.962653392
413.962657193
413.962660987
413.962664773
413.962668551
413.962672322
413.962676086
413.962679842
413.96268359
413.962687331
413.962691065
413.962694791
413.96269851
413.962702221
413.962705925
413.962709622
413.962713311
413.962716993
413.962720667
413.962724334
413.962727994
413.962731647
413.962735292
413.96273893
413.962742561
413.962746185
413.962749801
413.96275341
413.962757012
413.962760607
413.962764195
413.962767775
413.962771349
413.962774915
413.962778474
413.962782026
413.962785571
413.962789109
413.96279264
413.962796164
413.962799681
413.962803191
413.962806693
413.962810189
413.962813678
413.96281716
413.962820635
413.962824103
413.962827565
413.962831019
413.962834466
413.962837907
413.962841341
413.962844767
413.962848188
413.962851601
413.962855007
413.962858407
413.9628618
413.962865186
413.962868565
413.962871938
413.962875304
413.962878663
413.962882016
413.962885362
413.962888701
413.962892033
413.962895359
413.962898679
413.962901991
413.962905297
413.962908597
413.96291189
413.962915176
413.962918456
413.962921729
413.962924996
413.962928256
413.96293151
413.962934757
413.962937998
413.962941233
413.962944461
413.962947682
413.962950897
413.962954106
413.962957308
413.962960504
413.962963694
413.962966877
413.962970054
413.962973224
413.962976388
413.962979546
413.962982698
413.962985843
413.962988982
413.962992115
413.962995242
413.962998362
413.963001476
413.963004584
413.963007686
413.963010782
413.963013871
413.963016954
413.963020032
413.963023103
413.963026167
413.963029226
413.963032279
413.963035326
413.963038366
413.963041401
413.963044429
413.963047451
413.963050468
413.963053478
413.963056483
413.963059481
413.963062473
413.96306546
413.96306844
413.963071415
413.963074384
413.963077347
413.963080303
413.963083254
413.963086199
413.963089139
413.963092072
413.963095
413.963097921
413.963100837
413.963103747
413.963106652
413.96310955
413.963112443
413.96311533
413.963118211
413.963121086
413.963123956
413.96312682
413.963129678
413.963132531
413.963135378
413.963138219
413.963141055
413.963143885
413.963146709
413.963149528
413.963152341
413.963155149
413.963157951
413.963160747
413.963163538
413.963166323
413.963169103
413.963171877
413.963174645
413.963177408
413.963180166
413.963182918
413.963185665
413.963188406
413.963191141
413.963193872
413.963196596
413.963199316
413.96320203
413.963204738
413.963207441
413.963210139
413.963212832
413.963215519
413.9632182
413.963220877
413.963223548
413.963226213
413.963228874
413.963231529
413.963234179
413.963236823
413.963239462
413.963242096
413.963244725
413.963247349
413.963249967
413.96325258
413.963255188
413.963257791
413.963260388
413.96326298
413.963265568
413.96326815
413.963270726
413.963273298
413.963275865
413.963278426
413.963280983
413.963283534
413.96328608
413.963288621
413.963291157
413.963293688
413.963296214
413.963298735
413.963301251
413.963303762
413.963306268
413.963308769
413.963311265
413.963313756
413.963316242
413.963318723
413.963321199
413.963323671
413.963326137
413.963328598
413.963331055
413.963333506
413.963335953
413.963338395
413.963340832
413.963343264
413.963345691
413.963348114
413.963350531
413.963352944
413.963355352
413.963357755
413.963360154
413.963362547
413.963364936
413.96336732
413.9633697
413.963372074
413.963374444
413.963376809
413.96337917
413.963381526
413.963383877
413.963386223
413.963388565
413.963390902
413.963393234
413.963395562
413.963397885
413.963400204
413.963402517
413.963404827
413.963407131
413.963409431
413.963411727
413.963414018
413.963416304
413.963418586
413.963420863
413.963423136
413.963425404
413.963427668
413.963429927
413.963432182
413.963434432
413.963436678
413.963438919
413.963441156
413.963443388
413.963445616
413.963447839
413.963450058
413.963452273
413.963454483
413.963456689
413.96345889
413.963461087
413.96346328
413.963465468
413.963467652
413.963469831
413.963472007
413.963474178
413.963476344
413.963478506
413.963480664
413.963482818
413.963484967
413.963487112
