-0.791772949686
-0.247024967199
0.296656557211
0.83927371136
1.38082857897
1.9213232397
2.46075976912
2.99914023874
3.53646671602
4.07274126437
4.60796594317
5.14214280775
5.67527390942
6.20736129549
6.73840700925
7.26841308999
7.79738157301
8.32531448962
8.85221386716
9.378081729
9.90292009454
10.4267309793
10.9495163946
11.4712783482
11.9920188437
12.5117398808
13.0304434553
13.5481315591
14.0648061802
14.5804693027
15.0951229068
15.6087689689
16.1214094614
16.633046353
17.1436816083
17.6533171884
18.1619550503
18.6695971472
19.1762454286
19.68190184
20.1865683232
20.6902468163
21.1929392535
21.6946475651
22.1953736777
22.6951195143
23.1938869939
23.691678032
24.1884945399
24.6843384257
25.1792115934
25.6731159434
26.1660533723
26.6580257732
27.1490350352
27.639083044
28.1281716813
28.6163028253
29.1034783505
29.5897001278
30.0749700243
30.5592899036
31.0426616253
31.5250870459
32.0065680178
32.4871063901
32.966704008
33.4453627133
33.9230843442
34.399870735
34.8757237168
35.3506451169
35.824636759
36.2977004634
36.7698380466
37.2410513219
37.7113420986
38.1807121828
38.6491633769
39.1166974799
39.5833162871
40.0490215904
40.5138151782
40.9776988354
41.4406743433
41.9027434798
42.3639080195
42.8241697331
43.2835303881
43.7419917487
44.1995555752
44.6562236249
45.1119976514
45.566879405
46.0208706324
46.4739730771
46.9261884789
47.3775185746
47.8279650973
48.2775297767
48.7262143392
49.1740205079
49.6209500024
50.067004539
50.5121858305
50.9564955866
51.3999355134
51.8425073138
52.2842126875
52.7250533304
53.1650309357
53.6041471928
54.042403788
54.4798024043
54.9163447213
55.3520324155
55.7868671599
56.2208506244
56.6539844756
57.0862703766
57.5177099876
57.9483049654
58.3780569634
58.8069676321
59.2350386184
59.6622715663
60.0886681164
60.514229906
60.9389585695
61.3628557378
61.7859230388
62.2081620971
62.6295745341
63.0501619682
63.4699260144
63.8888682847
64.306990388
64.7242939298
65.1407805127
65.556451736
65.9713091959
66.3853544857
66.7985891952
67.2110149114
67.622633218
68.0334456957
68.4434539221
68.8526594716
69.2610639157
69.6686688228
70.075475758
70.4814862835
70.8867019586
71.2911243393
71.6947549786
72.0975954265
72.49964723
72.900911933
73.3013910765
73.7010861984
74.0999988334
74.4981305136
74.8954827677
75.2920571218
75.6878550986
76.0828782181
76.4771279973
76.8706059501
77.2633135875
77.6552524176
78.0464239455
78.4368296734
78.8264711004
79.2153497228
79.6034670341
79.9908245245
80.3774236817
80.7632659902
81.1483529316
81.5326859849
81.9162666259
82.2990963276
82.68117656
83.0625087906
83.4430944835
83.8229351004
84.2020320999
84.5803869377
84.9580010668
85.3348759373
85.7110129964
86.0864136887
86.4610794555
86.8350117358
87.2082119654
87.5806815776
87.9524220026
88.3234346681
88.6937209986
89.0632824162
89.4321203401
89.8002361867
90.1676313695
90.5343072994
90.9002653845
91.2655070301
91.6300336389
91.9938466105
92.3569473423
92.7193372284
93.0810176606
93.4419900276
93.8022557158
94.1618161086
94.5206725868
94.8788265283
95.2362793086
95.5930323004
95.9490868736
96.3044443955
96.6591062308
97.0130737414
97.3663482865
97.7189312229
98.0708239044
98.4220276825
98.7725439057
99.1223739201
99.4715190691
99.8199806935
100.167760131
100.514858718
100.861277787
101.207018668
101.552082689
101.896471175
102.240185449
102.58322683
102.925596636
103.267296181
103.608326778
103.948689737
104.288386363
104.627417963
104.965785837
105.303491286
105.640535605
105.97692009
106.312646031
106.647714719
106.98212744
107.315885478
107.648990115
107.98144263
108.3132443
108.644396399
108.974900198
109.304756966
109.633967972
109.962534477
110.290457746
110.617739035
110.944379604
111.270380705
111.59574359
111.92046951
112.244559711
112.568015438
112.890837932
113.213028434
113.534588181
113.855518407
114.175820345
114.495495225
114.814544275
115.132968719
115.450769781
115.767948681
116.084506637
116.400444865
116.715764578
117.030466986
117.344553298
117.658024721
117.970882458
118.283127711
118.594761678
118.905785556
119.216200541
119.526007823
119.835208592
120.143804036
120.451795341
120.759183687
121.065970257
121.372156228
121.677742776
121.982731075
122.287122295
122.590917605
122.894118173
123.196725162
123.498739735
123.800163051
124.100996268
124.401240541
124.700897023
124.999966865
125.298451215
125.59635122
125.893668023
126.190402766
126.486556589
126.782130629
127.077126021
127.371543898
127.66538539
127.958651626
128.251343732
128.543462832
128.835010048
129.125986499
129.416393303
129.706231575
129.995502428
130.284206973
130.572346318
130.85992157
131.146933833
131.43338421
131.719273801
132.004603703
132.289375012
132.573588821
132.857246223
133.140348306
133.422896157
133.704890862
133.986333503
134.267225162
134.547566916
134.827359843
135.106605016
135.385303509
135.663456391
135.941064731
136.218129594
136.494652045
136.770633146
137.046073956
137.320975532
137.595338932
137.869165207
138.142455411
138.415210592
138.687431797
138.959120073
139.230276462
139.500902006
139.770997743
140.040564712
140.309603947
140.578116481
140.846103346
141.113565571
141.380504183
141.646920206
141.912814664
142.178188578
142.443042968
142.707378849
142.971197238
143.234499147
143.497285587
143.759557569
144.021316097
144.282562179
144.543296817
144.803521013
145.063235765
145.322442071
145.581140927
145.839333325
146.097020258
146.354202715
146.610881684
146.86705815
147.122733096
147.377907506
147.632582358
147.886758631
148.140437301
148.393619342
148.646305726
148.898497424
149.150195403
149.401400631
149.652114073
149.90233669
150.152069445
150.401313295
150.650069198
150.89833811
151.146120983
151.39341877
151.640232419
151.886562879
152.132411096
152.377778013
152.622664574
152.867071717
153.111000383
153.354451507
153.597426025
153.83992487
154.081948972
154.323499261
154.564576665
154.80518211
155.04531652
155.284980816
155.524175919
155.762902747
156.001162218
156.238955246
156.476282745
156.713145625
156.949544797
157.185481168
157.420955644
157.65596913
157.890522528
158.124616738
158.35825266
158.591431191
158.824153226
159.056419659
159.288231382
159.519589285
159.750494256
159.980947183
160.21094895
160.440500441
160.669602536
160.898256116
161.126462059
161.354221241
161.581534537
161.80840282
162.03482696
162.260807828
162.486346291
162.711443216
162.936099466
163.160315904
163.384093392
163.607432789
163.830334952
164.052800738
164.274831
164.496426591
164.717588363
164.938317165
165.158613844
165.378479246
165.597914215
165.816919595
166.035496225
166.253644947
166.471366596
166.68866201
166.905532023
167.121977467
167.337999174
167.553597974
167.768774693
167.98353016
168.197865197
168.411780629
168.625277277
168.83835596
169.051017498
169.263262705
169.475092399
169.686507392
169.897508495
170.10809652
170.318272275
170.528036566
170.737390201
170.946333981
171.154868711
171.36299519
171.570714218
171.778026593
171.98493311
172.191434565
172.39753175
172.603225456
172.808516475
173.013405593
173.217893597
173.421981274
173.625669406
173.828958777
174.031850165
174.234344352
174.436442114
174.638144227
174.839451466
175.040364604
175.240884413
175.441011662
175.64074712
175.840091555
176.03904573
176.237610412
176.435786362
176.63357434
176.830975108
177.027989422
177.224618039
177.420861715
177.616721203
177.812197255
178.007290622
178.202002052
178.396332295
178.590282095
178.783852198
178.977043347
179.169856283
179.362291749
179.554350481
179.746033219
179.937340697
180.128273651
180.318832814
180.509018917
180.698832692
180.888274866
181.077346168
181.266047323
181.454379055
181.64234209
181.829937147
182.017164948
182.204026211
182.390521654
182.576651994
182.762417944
182.947820218
183.132859529
183.317536587
183.501852101
183.685806779
183.869401326
184.05263645
184.235512852
184.418031235
184.600192301
184.781996748
184.963445274
185.144538578
185.325277353
185.505662295
185.685694095
185.865373445
186.044701036
186.223677555
186.40230369
186.580580127
186.758507551
186.936086645
187.11331809
187.290202568
187.466740758
187.642933337
187.818780982
187.994284369
188.169444171
188.344261061
188.518735711
188.69286879
188.866660967
189.040112909
189.213225284
189.385998754
189.558433984
189.730531637
189.902292372
190.073716849
190.244805728
190.415559664
190.585979313
190.75606533
190.925818369
191.09523908
191.264328115
191.433086123
191.601513752
191.769611648
191.937380458
192.104820825
192.271933393
192.438718802
192.605177695
192.771310709
192.937118484
193.102601654
193.267760857
193.432596727
193.597109895
193.761300995
193.925170656
194.088719509
194.25194818
194.414857297
194.577447485
194.739719369
194.901673571
195.063310715
195.22463142
195.385636306
195.546325991
195.706701093
195.866762227
196.026510007
196.185945048
196.345067962
196.503879359
196.66237985
196.820570043
196.978450545
197.136021964
197.293284903
197.450239967
197.606887759
197.763228881
197.919263931
198.074993511
198.230418217
198.385538647
198.540355396
198.694869059
198.849080229
199.002989499
199.156597459
199.309904699
199.462911809
199.615619375
199.768027984
199.920138221
200.071950671
200.223465916
200.374684538
200.525607118
200.676234236
200.82656647
200.976604397
201.126348593
201.275799634
201.424958093
201.573824543
201.722399556
201.870683702
202.018677551
202.166381671
202.31379663
202.460922993
202.607761325
202.75431219
202.900576152
203.046553771
203.192245609
203.337652224
203.482774175
203.62761202
203.772166315
203.916437614
204.060426472
204.204133442
204.347559075
204.490703923
204.633568534
204.776153459
204.918459243
205.060486434
205.202235578
205.343707217
205.484901897
205.625820158
205.766462542
205.90682959
206.046921839
206.186739829
206.326284096
206.465555176
206.604553603
206.743279912
206.881734635
207.019918304
207.15783145
207.295474602
207.432848288
207.569953037
207.706789375
207.843357827
207.979658918
208.11569317
208.251461108
208.386963251
208.52220012
208.657172235
208.791880114
208.926324274
209.060505231
209.194423501
209.328079598
209.461474036
209.594607325
209.727479979
209.860092507
209.992445417
210.12453922
210.256374421
210.387951527
210.519271043
210.650333474
210.781139323
210.911689093
211.041983283
211.172022396
211.301806929
211.431337383
211.560614253
211.689638037
211.81840923
211.946928327
212.07519582
212.203212203
212.330977967
212.458493603
212.5857596
212.712776448
212.839544633
212.966064644
213.092336965
213.218362081
213.344140477
213.469672636
213.594959039
213.720000167
213.844796502
213.969348521
214.093656704
214.217721528
214.341543469
214.465123003
214.588460603
214.711556745
214.8344119
214.957026541
215.079401137
215.20153616
215.323432078
215.44508936
215.566508471
215.68768988
215.80863405
215.929341447
216.049812534
216.170047774
216.290047628
216.409812557
216.529343022
216.64863948
216.767702391
216.886532211
217.005129397
217.123494404
217.241627687
217.359529699
217.477200894
217.594641722
217.711852636
217.828834085
217.945586518
218.062110383
218.178406129
218.294474202
218.410315047
218.525929109
218.641316833
218.756478661
218.871415036
218.986126399
219.10061319
219.21487585
219.328914816
219.442730528
219.556323421
219.669693932
219.782842497
219.89576955
220.008475525
220.120960854
220.23322597
220.345271303
220.457097284
220.568704342
220.680092906
220.791263404
220.902216262
221.012951907
221.123470764
221.233773256
221.343859809
221.453730844
221.563386784
221.672828049
221.78205506
221.891068237
221.999867997
222.108454759
222.21682894
222.324990955
222.432941221
222.540680152
222.648208161
222.755525662
222.862633066
222.969530785
223.076219229
223.182698808
223.288969932
223.395033007
223.500888442
223.606536643
223.711978015
223.817212964
223.922241893
224.027065206
224.131683306
224.236096593
224.34030547
224.444310337
224.548111592
224.651709634
224.755104862
224.858297671
224.96128846
225.064077622
225.166665553
225.269052647
225.371239296
225.473225894
225.575012832
225.6766005
225.777989289
225.879179589
225.980171788
226.080966273
226.181563431
226.28196365
226.382167315
226.48217481
226.581986519
226.681602826
226.781024113
226.880250762
226.979283154
227.07812167
227.176766689
227.275218589
227.373477749
227.471544547
227.569419358
227.667102559
227.764594524
227.861895628
227.959006246
228.055926749
228.152657509
228.249198899
228.34555129
228.44171505
228.537690549
228.633478157
228.72907824
228.824491166
228.919717301
229.014757011
229.109610661
229.204278615
229.298761237
229.393058889
229.487171934
229.581100733
229.674845647
229.768407036
229.861785258
229.954980673
230.047993639
230.140824512
230.23347365
230.325941407
230.41822814
230.510334201
230.602259946
230.694005728
230.785571897
230.876958807
230.968166807
231.059196249
231.150047482
231.240720855
231.331216715
231.421535411
231.511677289
231.601642695
231.691431976
231.781045475
231.870483537
231.959746505
232.048834722
232.137748531
232.226488272
232.315054287
232.403446915
232.491666496
232.579713368
232.667587871
232.755290341
232.842821115
232.930180529
233.017368919
233.104386619
233.191233964
233.277911287
233.364418921
233.450757199
233.536926451
233.622927009
233.708759202
233.794423362
233.879919816
233.965248892
234.050410919
234.135406224
234.220235132
234.304897971
234.389395064
234.473726736
234.557893311
234.641895113
234.725732464
234.809405685
234.892915099
234.976261025
235.059443785
235.142463696
235.225321079
235.308016252
235.390549531
235.472921234
235.555131677
235.637181176
235.719070046
235.800798602
235.882367157
235.963776024
236.045025516
236.126115946
236.207047624
236.287820861
236.368435968
236.448893254
236.529193028
236.609335598
236.689321273
236.769150358
236.848823162
236.92833999
237.007701146
237.086906937
237.165957666
237.244853636
237.323595151
237.402182513
237.480616024
237.558895985
237.637022697
237.714996459
237.792817571
237.870486332
237.94800304
238.025367993
238.102581488
238.179643822
238.25655529
238.333316187
238.409926809
238.48638745
238.562698403
238.638859961
238.714872418
238.790736063
238.86645119
238.942018089
239.01743705
239.092708362
239.167832315
239.242809198
239.317639297
239.392322901
239.466860296
239.541251768
239.615497604
239.689598088
239.763553504
239.837364138
239.911030271
239.984552188
240.05793017
240.1311645
240.204255458
240.277203325
240.350008382
240.422670907
240.495191181
240.56756948
240.639806084
240.71190127
240.783855315
240.855668494
240.927341084
240.99887336
241.070265596
241.141518068
241.212631047
241.283604808
241.354439624
241.425135765
241.495693504
241.566113111
241.636394857
241.706539012
241.776545845
241.846415625
241.91614862
241.985745099
242.055205327
242.124529573
242.193718102
242.262771181
242.331689073
242.400472044
242.469120358
242.537634279
242.606014069
242.674259991
242.742372308
242.810351281
242.878197171
242.945910238
243.013490743
243.080938945
243.148255102
243.215439475
243.28249232
243.349413895
243.416204457
243.482864262
243.549393567
243.615792627
243.682061697
243.748201031
243.814210884
243.880091509
243.945843158
244.011466085
244.076960542
244.142326779
244.207565048
244.2726756
244.337658684
244.40251455
244.467243447
244.531845624
244.596321329
244.660670809
244.724894311
244.788992082
244.852964369
244.916811417
244.98053347
245.044130775
245.107603574
245.170952112
245.234176632
245.297277377
245.360254589
245.42310851
245.485839381
245.548447443
245.610932937
245.673296103
245.735537179
245.797656406
245.859654021
245.921530263
245.98328537
246.044919578
246.106433124
246.167826244
246.229099174
246.29025215
246.351285407
246.412199177
246.472993697
246.533669198
246.594225915
246.654664079
246.714983922
246.775185677
246.835269575
246.895235845
246.955084719
247.014816427
247.074431197
247.133929259
247.19331084
247.25257617
247.311725476
247.370758985
247.429676923
247.488479517
247.547166992
247.605739575
247.664197489
247.72254096
247.780770212
247.838885467
247.89688695
247.954774882
248.012549487
248.070210986
248.127759601
248.185195552
248.24251906
248.299730346
248.356829628
248.413817127
248.470693061
248.527457648
248.584111106
248.640653654
248.697085508
248.753406884
248.809618
248.865719071
248.921710312
248.977591939
249.033364165
249.089027206
249.144581275
249.200026585
249.25536335
249.310591781
249.36571209
249.420724491
249.475629193
249.530426407
249.585116345
249.639699215
249.694175229
249.748544594
249.802807519
249.856964214
249.911014886
249.964959742
250.018798989
250.072532835
250.126161486
250.179685148
250.233104026
250.286418325
250.33962825
250.392734006
250.445735796
250.498633824
250.551428294
250.604119406
250.656707365
250.709192373
250.761574629
250.813854337
250.866031696
250.918106907
250.97008017
251.021951684
251.073721649
251.125390264
251.176957726
251.228424234
251.279789986
251.331055179
251.382220009
251.433284673
251.484249368
251.535114289
251.58587963
251.636545589
251.687112358
251.737580131
251.787949104
251.838219469
251.888391419
251.938465147
251.988440845
252.038318706
252.08809892
252.137781679
252.187367173
252.236855594
252.28624713
252.335541973
252.38474031
252.433842331
252.482848225
252.53175818
252.580572383
252.629291022
252.677914284
252.726442356
252.774875424
252.823213674
252.871457292
252.919606463
252.967661372
253.015622204
253.063489142
253.11126237
253.158942073
253.206528432
253.254021632
253.301421853
253.348729279
253.39594409
253.443066468
253.490096595
253.53703465
253.583880814
253.630635268
253.677298189
253.723869758
253.770350153
253.816739554
253.863038137
253.909246081
253.955363564
254.001390762
254.047327852
254.09317501
254.138932413
254.184600237
254.230178656
254.275667846
254.321067981
254.366379236
254.411601785
254.456735801
254.501781458
254.546738929
254.591608386
254.636390001
254.681083948
254.725690396
254.770209518
254.814641485
254.858986467
254.903244634
254.947416156
254.991501204
255.035499945
255.079412551
255.123239188
255.166980025
255.21063523
255.254204971
255.297689415
255.34108873
255.384403081
255.427632635
255.470777559
255.513838017
255.556814175
255.599706199
255.642514252
255.6852385
255.727879106
255.770436234
255.812910047
255.85530071
255.897608383
255.939833231
255.981975414
256.024035096
256.066012437
256.107907598
256.149720741
256.191452026
256.233101613
256.274669662
256.316156334
256.357561786
256.398886179
256.44012967
256.481292419
256.522374583
256.56337632
256.604297788
256.645139143
256.685900543
256.726582144
256.767184102
256.807706573
256.848149713
256.888513677
256.92879862
256.969004697
257.009132063
257.04918087
257.089151274
257.129043427
257.168857483
257.208593595
257.248251915
257.287832595
257.327335788
257.366761645
257.406110318
257.445381958
257.484576715
257.52369474
257.562736184
257.601701195
257.640589925
257.679402522
257.718139135
257.756799913
257.795385004
257.833894557
257.87232872
257.910687639
257.948971463
257.987180339
258.025314412
258.06337383
258.101358739
258.139269285
258.177105612
258.214867867
258.252556195
258.29017074
258.327711646
258.365179059
258.402573121
258.439893976
258.477141768
258.51431664
258.551418734
258.588448192
258.625405158
258.662289774
258.699102179
258.735842517
258.772510928
258.809107552
258.845632532
258.882086005
258.918468114
258.954778997
258.991018794
259.027187644
259.063285686
259.099313058
259.135269899
259.171156347
259.20697254
259.242718616
259.27839471
259.314000962
259.349537507
259.385004481
259.420402022
259.455730264
259.490989344
259.526179397
259.561300558
259.596352962
259.631336744
259.666252038
259.701098977
259.735877697
259.770588329
259.805231009
259.839805868
259.87431304
259.908752657
259.943124851
259.977429754
260.011667498
260.045838215
260.079942035
260.11397909
260.14794951
260.181853426
260.215690968
260.249462266
260.28316745
260.316806649
260.350379992
260.383887608
260.417329626
260.450706174
260.484017381
260.517263374
260.550444281
260.583560229
260.616611346
260.649597759
260.682519593
260.715376977
260.748170035
260.780898894
260.813563679
260.846164516
260.878701531
260.911174847
260.94358459
260.975930884
261.008213853
261.040433622
261.072590314
261.104684052
261.136714961
261.168683162
261.200588778
261.232431933
261.264212748
261.295931345
261.327587847
261.359182374
261.390715049
261.422185991
261.453595323
261.484943165
261.516229636
261.547454858
261.57861895
261.609722031
261.640764222
261.671745641
261.702666408
261.73352664
261.764326458
261.795065978
261.825745319
261.856364599
261.886923936
261.917423446
261.947863246
261.978243455
262.008564188
262.038825562
262.069027693
262.099170697
262.129254689
262.159279786
262.189246103
262.219153754
262.249002855
262.27879352
262.308525863
262.338199999
262.367816042
262.397374105
262.426874302
262.456316747
262.485701551
262.515028829
262.544298692
262.573511254
262.602666626
262.63176492
262.660806248
262.689790722
262.718718452
262.74758955
262.776404128
262.805162294
262.833864161
262.862509837
262.891099434
262.91963306
262.948110826
262.976532841
263.004899214
263.033210054
263.061465469
263.089665569
263.11781046
263.145900253
263.173935053
263.20191497
263.22984011
263.257710581
263.28552649
263.313287943
263.340995047
263.368647909
263.396246635
263.42379133
263.451282101
263.478719053
263.506102291
263.533431921
263.560708047
263.587930775
263.615100208
263.642216452
263.66927961
263.696289786
263.723247084
263.750151608
263.77700346
263.803802744
263.830549563
263.85724402
263.883886216
263.910476255
263.937014238
263.963500268
263.989934446
264.016316873
264.042647651
264.068926881
264.095154664
264.121331101
264.147456292
264.173530337
264.199553337
264.225525392
264.2514466
264.277317063
264.303136879
264.328906147
264.354624966
264.380293435
264.405911653
264.431479718
264.456997728
264.482465782
264.507883976
264.533252409
264.558571177
264.583840379
264.609060111
264.634230471
264.659351554
264.684423457
264.709446277
264.734420109
264.75934505
264.784221196
264.80904864
264.83382748
264.858557811
264.883239726
264.907873321
264.932458691
264.95699593
264.981485133
265.005926392
265.030319803
265.054665458
265.078963452
265.103213877
265.127416827
265.151572395
265.175680673
265.199741754
265.223755731
265.247722695
265.271642738
265.295515954
265.319342432
265.343122265
265.366855545
265.390542361
265.414182805
265.437776969
265.461324941
265.484826814
265.508282677
265.53169262
265.555056734
265.578375107
265.601647829
265.624874991
265.64805668
265.671192986
265.694283998
