-45.9108097354
-45.2246007225
-44.5397643189
-43.8562977791
-43.174198363
-42.4934633358
-41.8140899686
-41.1360755375
-40.4594173243
-39.7841126161
-39.1101587057
-38.4375528911
-37.7662924756
-37.0963747681
-36.4277970827
-35.7605567392
-35.0946510624
-34.4300773826
-33.7668330355
-33.104915362
-32.4443217084
-31.7850494263
-31.1270958726
-30.4704584095
-29.8151344043
-29.1611212299
-28.5084162642
-27.8570168904
-27.206920497
-26.5581244776
-25.9106262312
-25.2644231618
-24.6195126787
-23.9758921964
-23.3335591345
-22.6925109178
-22.0527449763
-21.4142587451
-20.7770496644
-20.1411151795
-19.5064527408
-18.873059804
-18.2409338297
-17.6100722836
-16.9804726364
-16.3521323641
-15.7250489476
-15.0992198727
-14.4746426305
-13.8513147169
-13.2292336329
-12.6083968846
-11.9888019828
-11.3704464436
-10.7533277879
-10.1374435416
-9.52279123544
-8.90936840532
-8.29717259189
-7.68620134078
-7.07645220253
-6.46792273256
-5.8606104912
-5.25451304366
-4.64962796001
-4.04595281518
-3.44348518896
-2.84222266597
-2.24216283567
-1.64330329234
-1.04564163508
-0.449175467768
0.146097600899
0.740179957454
1.33307398365
1.92478205649
2.51530654819
3.10464982627
3.69281425346
4.27980218781
4.86561598262
5.45025798651
6.03373054338
6.61603599245
7.19717666826
7.77715490068
8.35597301493
8.93363333157
9.5101381665
10.085489831
10.6596906318
11.2327428709
11.8046488457
12.3754108491
12.9450311694
13.5135120902
14.0808558906
14.6470648453
15.2121412241
15.7760872927
16.3389053119
16.9005975381
17.4611662233
18.0206136148
18.5789419555
19.1361534839
19.6922504338
20.2472350348
20.8011095118
21.3538760855
21.9055369719
22.4560943827
23.0055505252
23.5539076022
24.1011678121
24.647333349
25.1924064026
25.7363891581
26.2792837964
26.8210924941
27.3618174233
27.9014607519
28.4400246433
28.9775112568
29.5139227472
30.0492612651
30.5835289567
31.1167279639
31.6488604244
32.1799284717
32.7099342347
33.2388798385
33.7667674036
34.2935990464
34.819376879
35.3441030093
35.8677795411
36.3904085738
36.9119922027
37.4325325189
37.9520316093
38.4704915567
38.9879144397
39.5043023326
40.0196573058
40.5339814253
41.0472767532
41.5595453473
42.0707892614
42.5810105451
43.090211244
43.5983933995
44.105559049
44.6117102258
45.1168489591
45.6209772741
46.1240971919
46.6262107296
47.1273199003
47.6274267128
48.1265331723
48.6246412797
49.1217530321
49.6178704223
50.1129954394
50.6071300684
51.1002762904
51.5924360824
52.0836114176
52.5738042652
53.0630165905
53.5512503546
54.0385075152
54.5247900255
55.0100998352
55.49443889
55.9778091317
56.4602124981
56.9416509232
57.4221263373
57.9016406666
58.3801958335
58.8577937566
59.3344363508
59.8101255268
60.2848631919
60.7586512493
61.2314915984
61.703386135
62.174336751
62.6443453344
63.1134137696
63.5815439372
64.0487377139
64.5149969727
64.9803235831
65.4447194105
65.9081863167
66.3707261599
66.8323407945
67.2930320711
67.7528018367
68.2116519345
68.6695842042
69.1266004817
69.5827025993
70.0378923854
70.492171665
70.9455422594
71.3980059862
71.8495646594
72.3002200893
72.7499740828
73.1988284428
73.646784969
74.0938454572
74.5400116998
74.9852854855
75.4296685995
75.8731628233
76.3157699351
76.7574917092
77.1983299166
77.6382863247
78.0773626973
78.5155607947
78.9528823737
79.3893291877
79.8249029863
80.2596055159
80.6934385192
81.1264037356
81.5585029008
81.9897377472
82.4201100036
82.8496213956
83.278273645
83.7060684704
84.1330075869
84.5590927061
84.9843255362
85.4087077822
85.8322411453
86.2549273236
86.6767680116
87.0977649007
87.5179196787
87.9372340299
88.3557096355
88.7733481732
89.1901513174
89.6061207391
90.0212581059
90.4355650823
90.8490433292
91.2616945044
91.6735202621
92.0845222535
92.4947021263
92.904061525
93.3126020907
93.7203254615
94.1272332717
94.533327153
94.9386087332
95.3430796372
95.7467414867
96.1495959
96.551644492
96.9528888748
97.353330657
97.7529714439
98.1518128379
98.5498564378
98.9471038396
99.3435566358
99.7392164158
100.134084766
100.528163269
100.921453506
101.313957052
101.705675482
102.096610366
102.486763271
102.876135761
103.264729398
103.652545739
104.03958634
104.425852751
104.811346522
105.196069198
105.580022321
105.963207431
106.345626063
106.727279752
107.108170027
107.488298416
107.867666441
108.246275625
108.624127485
109.001223535
109.377565289
109.753154254
110.127991936
110.502079839
110.875419461
111.2480123
111.61985985
111.990963601
112.36132504
112.730945654
113.099826923
113.467970327
113.835377342
114.20204944
114.567988091
114.933194764
115.297670921
115.661418024
116.024437531
116.386730899
116.748299578
117.10914502
117.469268669
117.828671972
118.187356367
118.545323293
118.902574186
119.259110478
119.614933597
119.970044971
120.324446024
120.678138175
121.031122843
121.383401444
121.734975389
122.085846089
122.436014949
122.785483373
123.134252764
123.482324518
123.829700032
124.176380698
124.522367906
124.867663043
125.212267494
125.55618264
125.899409859
126.241950528
126.583806021
126.924977707
127.265466954
127.605275129
127.944403592
128.282853703
128.62062682
128.957724297
129.294147484
129.629897732
129.964976385
130.299384788
130.633124281
130.966196201
131.298601885
131.630342665
131.961419871
132.29183483
132.621588867
132.950683303
133.27911946
133.606898652
133.934022195
134.260491399
134.586307574
134.911472026
135.235986058
135.559850972
135.883068065
136.205638634
136.527563973
136.84884537
137.169484115
137.489481494
137.808838788
138.127557279
138.445638244
138.763082958
139.079892695
139.396068723
139.711612312
140.026524725
140.340807226
140.654461073
140.967487526
141.279887839
141.591663264
141.902815051
142.213344448
142.523252699
142.832541048
143.141210733
143.449262993
143.756699063
144.063520175
144.369727559
144.675322443
144.980306052
145.284679608
145.588444333
145.891601444
146.194152156
146.496097682
146.797439232
147.098178016
147.398315238
147.697852103
147.996789809
148.295129558
148.592872543
148.89001996
149.186572998
149.482532848
149.777900696
150.072677726
150.366865119
150.660464056
150.953475713
151.245901265
151.537741884
151.828998741
152.119673003
152.409765835
152.6992784
152.98821186
153.276567373
153.564346093
153.851549177
154.138177774
154.424233033
154.709716103
154.994628127
155.278970247
155.562743604
155.845949335
156.128588576
156.410662459
156.692172116
156.973118675
157.253503262
157.533327003
157.812591017
158.091296426
158.369444347
158.647035893
158.92407218
159.200554317
159.476483412
159.751860572
160.026686901
160.300963501
160.574691471
160.847871909
161.120505909
161.392594566
161.66413897
161.935140209
162.20559937
162.475517537
162.744895793
163.013735217
163.282036887
163.549801879
163.817031267
164.083726121
164.349887511
164.615516504
164.880614165
165.145181557
165.40921974
165.672729774
165.935712713
166.198169614
166.460101527
166.721509504
166.982394592
167.242757837
167.502600283
167.761922971
168.020726942
168.279013233
168.536782879
168.794036914
169.050776369
169.307002274
169.562715655
169.817917539
170.072608947
170.326790902
170.580464422
170.833630524
171.086290223
171.338444533
171.590094463
171.841241024
172.091885221
172.34202806
172.591670544
172.840813673
173.089458446
173.337605861
173.585256911
173.83241259
174.079073889
174.325241797
174.5709173
174.816101384
175.060795031
175.304999223
175.548714938
175.791943154
176.034684845
176.276940986
176.518712546
176.760000496
177.000805803
177.241129433
177.480972348
177.72033551
177.959219879
178.197626413
178.435556067
178.673009796
178.909988551
179.146493282
179.382524938
179.618084465
179.853172807
180.087790907
180.321939705
180.55562014
180.78883315
181.021579668
181.253860628
181.485676962
181.717029598
181.947919465
182.178347488
182.40831459
182.637821694
182.866869719
183.095459585
183.323592207
183.551268501
183.778489378
184.00525575
184.231568527
184.457428614
184.682836919
184.907794344
185.132301791
185.356360161
185.579970352
185.80313326
186.02584978
186.248120805
186.469947226
186.691329932
186.912269811
187.132767749
187.352824629
187.572441334
187.791618745
188.010357739
188.228659195
188.446523987
188.663952988
188.880947071
189.097507105
189.313633959
189.529328499
189.744591589
189.959424094
190.173826873
190.387800787
190.601346694
190.814465449
191.027157908
191.239424922
191.451267343
191.66268602
191.8736818
192.084255531
192.294408055
192.504140215
192.713452853
192.922346807
193.130822915
193.338882012
193.546524934
193.753752511
193.960565576
194.166964957
194.372951482
194.578525976
194.783689263
194.988442167
195.192785509
195.396720106
195.600246777
195.803366339
196.006079604
196.208387387
196.410290497
196.611789745
196.812885939
197.013579883
197.213872385
197.413764245
197.613256265
197.812349246
198.011043986
198.209341281
198.407241926
198.604746714
198.801856438
198.998571887
199.194893851
199.390823115
199.586360467
199.78150669
199.976262565
200.170628875
200.364606398
200.558195911
200.751398192
200.944214014
201.136644151
201.328689374
201.520350453
201.711628156
201.902523251
202.093036502
202.283168673
202.472920528
202.662292825
202.851286325
203.039901786
203.228139963
203.416001611
203.603487483
203.790598332
203.977334906
204.163697956
204.349688227
204.535306466
204.720553416
204.905429821
205.089936422
205.274073958
205.457843168
205.641244788
205.824279554
206.006948199
206.189251455
206.371190055
206.552764727
206.733976198
206.914825196
207.095312446
207.275438671
207.455204593
207.634610933
207.813658411
207.992347744
208.170679648
208.348654838
208.526274029
208.703537932
208.880447257
209.057002715
209.233205012
209.409054856
209.584552951
209.759700001
209.934496708
210.108943772
210.283041894
210.456791772
210.630194101
210.803249577
210.975958893
211.148322743
211.320341818
211.492016806
211.663348396
211.834337275
212.004984129
212.175289642
212.345254496
212.514879373
212.684164953
212.853111914
213.021720935
213.18999269
213.357927855
213.525527103
213.692791106
213.859720534
214.026316057
214.192578342
214.358508056
214.524105865
214.689372431
214.854308419
215.018914489
215.1831913
215.347139512
215.510759782
215.674052766
215.837019118
215.999659492
216.161974541
216.323964913
216.48563126
216.646974229
216.807994467
216.96869262
217.129069332
217.289125245
217.448861002
217.608277243
217.767374607
217.926153732
218.084615255
218.24275981
218.400588032
218.558100553
218.715298006
218.87218102
219.028750224
219.185006246
219.340949712
219.496581248
219.651901478
219.806911024
219.961610507
220.116000549
220.270081767
220.42385478
220.577320204
220.730478654
220.883330745
221.035877088
221.188118297
221.340054981
221.491687749
221.643017209
221.794043968
221.944768632
222.095191804
222.245314088
222.395136085
222.544658397
222.693881623
222.84280636
222.991433206
223.139762757
223.287795608
223.435532352
223.582973581
223.730119886
223.876971858
224.023530085
224.169795155
224.315767654
224.461448167
224.606837278
224.751935571
224.896743626
225.041262025
225.185491347
225.329432171
225.473085072
225.616450627
225.759529412
225.902321999
226.044828961
226.187050869
226.328988294
226.470641804
226.612011968
226.753099353
226.893904523
227.034428043
227.174670477
227.314632388
227.454314335
227.59371688
227.73284058
227.871685995
228.010253679
228.14854419
228.286558082
228.424295907
228.561758218
228.698945566
228.835858501
228.972497572
229.108863327
229.244956312
229.380777073
229.516326155
229.651604101
229.786611454
229.921348754
230.055816542
230.190015356
230.323945736
230.457608218
230.591003337
230.724131629
230.856993628
230.989589865
231.121920873
231.253987182
231.385789321
231.517327819
231.648603204
231.779616002
231.910366737
232.040855934
232.171084117
232.301051807
232.430759525
232.560207791
232.689397126
232.818328045
232.947001066
233.075416706
233.203575479
233.331477898
233.459124477
233.586515727
233.713652159
233.840534282
233.967162606
234.093537639
234.219659885
234.345529853
234.471148045
234.596514965
234.721631117
234.846497002
234.97111312
235.095479971
235.219598054
235.343467866
235.467089904
235.590464663
235.713592639
235.836474324
235.959110211
236.081500793
236.203646559
236.325548
236.447205603
236.568619858
236.68979125
236.810720266
236.93140739
237.051853106
237.172057897
237.292022245
237.411746631
237.531231534
237.650477435
237.76948481
237.888254138
238.006785894
238.125080553
238.24313859
238.360960478
238.478546689
238.595897695
238.713013966
238.829895972
238.946544182
239.062959063
239.179141081
239.295090703
239.410808393
239.526294616
239.641549834
239.75657451
239.871369104
239.985934077
240.100269888
240.214376995
240.328255857
240.441906929
240.555330667
240.668527526
240.78149796
240.894242421
241.006761362
241.119055234
241.231124487
241.34296957
241.454590931
241.565989019
241.67716428
241.788117159
241.898848101
242.009357551
242.119645951
242.229713743
242.339561369
242.449189269
242.558597883
242.667787649
242.776759005
242.885512388
242.994048234
243.102366978
243.210469054
243.318354896
243.426024937
243.533479607
243.640719337
243.747744559
243.8545557
243.961153189
244.067537454
244.17370892
244.279668013
244.385415159
244.490950782
244.596275303
244.701389146
244.806292732
244.910986482
245.015470815
245.11974615
245.223812906
245.327671498
245.431322345
245.534765861
245.638002462
245.74103256
245.843856569
245.946474902
246.04888797
246.151096182
246.25309995
246.354899682
246.456495786
246.557888669
246.659078739
246.7600664
246.860852057
246.961436116
247.061818978
247.162001046
247.261982722
247.361764407
247.461346501
247.560729403
247.659913511
247.758899224
247.857686937
247.956277047
248.05466995
248.15286604
248.25086571
248.348669353
248.446277362
248.543690127
248.64090804
248.73793149
248.834760866
248.931396556
249.027838948
249.124088428
249.220145383
249.316010196
249.411683254
249.507164938
249.602455633
249.697555719
249.792465579
249.887185593
249.98171614
250.0760576
250.170210351
250.264174769
250.357951233
250.451540118
250.544941799
250.63815665
250.731185046
250.824027359
250.916683962
251.009155225
251.101441521
251.193543217
251.285460685
251.377194292
251.468744407
251.560111396
251.651295625
251.74229746
251.833117266
251.923755408
252.014212248
252.104488149
252.194583473
252.284498581
252.374233834
252.463789591
252.553166212
252.642364055
252.731383477
252.820224835
252.908888486
252.997374785
253.085684087
253.173816745
253.261773114
253.349553545
253.437158391
253.524588003
253.611842731
253.698922926
253.785828936
253.872561109
253.959119794
254.045505338
254.131718086
254.217758385
254.303626579
254.389323013
254.47484803
254.560201974
254.645385185
254.730398007
254.815240779
254.899913842
254.984417535
255.068752197
255.152918166
255.23691578
255.320745376
255.404407288
255.487901854
255.571229407
255.654390282
255.737384812
255.820213329
255.902876167
255.985373656
256.067706127
256.14987391
256.231877334
256.313716729
256.395392422
256.476904741
256.558254013
256.639440563
256.720464718
256.801326802
256.882027139
256.962566053
257.042943866
257.123160902
257.203217481
257.283113924
257.362850553
257.442427686
257.521845642
257.601104741
257.680205299
257.759147634
257.837932062
257.9165589
257.995028462
258.073341063
258.151497017
258.229496637
258.307340236
258.385028126
258.462560619
258.539938025
258.617160655
258.694228818
258.771142823
258.847902979
258.924509593
259.000962973
259.077263424
259.153411253
259.229406766
259.305250266
259.380942058
259.456482445
259.531871731
259.607110217
259.682198204
259.757135995
259.83192389
259.906562188
259.981051188
260.05539119
260.129582491
260.203625389
260.27752018
260.351267161
260.424866628
260.498318875
260.571624197
260.644782888
260.717795241
260.790661549
260.863382104
260.935957198
261.008387122
261.080672165
261.152812618
261.22480877
261.29666091
261.368369326
261.439934304
261.511356133
261.582635098
261.653771485
261.72476558
261.795617667
261.86632803
261.936896952
262.007324717
262.077611607
262.147757903
262.217763887
262.28762984
262.357356041
262.42694277
262.496390307
262.565698929
262.634868915
262.703900541
262.772794085
262.841549822
262.910168029
262.978648981
263.046992951
263.115200214
263.183271044
263.251205713
263.319004494
263.386667658
263.454195478
263.521588222
263.588846163
263.655969569
263.722958709
263.789813852
263.856535267
263.92312322
263.989577978
264.055899809
264.122088977
264.188145748
264.254070388
264.31986316
264.385524328
264.451054155
264.516452905
264.581720838
264.646858218
264.711865305
264.776742359
264.841489641
264.906107411
264.970595927
265.034955448
265.099186232
265.163288537
265.227262619
265.291108735
265.354827141
265.418418092
265.481881844
265.545218651
265.608428766
265.671512444
265.734469936
265.797301496
265.860007376
265.922587826
265.985043098
266.047373442
266.109579107
266.171660345
266.233617402
266.295450528
266.35715997
266.418745977
266.480208794
266.541548668
266.602765846
266.663860572
266.724833091
266.785683649
266.846412488
266.907019853
266.967505987
267.027871131
267.088115528
267.148239419
267.208243046
267.268126649
267.327890468
267.387534743
267.447059712
267.506465615
267.56575269
267.624921174
267.683971304
267.742903318
267.801717451
267.86041394
267.918993019
267.977454924
268.035799888
268.094028147
268.152139933
268.210135479
268.268015017
268.325778781
268.383427001
268.440959908
268.498377733
268.555680707
268.612869059
268.669943018
268.726902814
268.783748674
268.840480826
268.897099498
268.953604917
269.00999731
269.066276902
269.122443919
269.178498586
269.234441129
269.29027177
269.345990735
269.401598247
269.457094528
269.512479801
269.567754288
269.62291821
269.677971789
269.732915246
269.787748801
269.842472673
269.897087082
269.951592247
270.005988387
270.060275719
270.114454461
270.168524831
270.222487045
270.276341319
270.33008787
270.383726913
270.437258663
270.490683334
270.544001141
270.597212298
270.650317017
270.703315513
270.756207996
270.80899468
270.861675775
270.914251494
270.966722047
271.019087644
271.071348495
271.12350481
271.175556798
271.227504667
271.279348626
271.331088882
271.382725644
271.434259118
271.48568951
271.537017028
271.588241876
271.63936426
271.690384385
271.741302455
271.792118675
271.842833249
271.893446379
271.943958269
271.994369121
272.044679137
272.094888519
272.144997469
272.195006186
272.244914873
272.294723728
272.344432951
272.394042742
272.443553299
272.492964822
272.542277508
272.591491555
272.64060716
272.68962452
272.738543831
272.787365291
272.836089093
272.884715435
272.93324451
272.981676514
273.03001164
273.078250083
273.126392035
273.17443769
273.22238724
273.270240877
273.317998794
273.365661182
273.413228232
273.460700135
273.50807708
273.555359258
273.602546859
273.649640071
273.696639084
273.743544086
273.790355265
273.837072808
273.883696903
273.930227737
273.976665496
274.023010367
274.069262535
274.115422186
274.161489505
274.207464676
274.253347884
274.299139313
274.344839146
274.390447567
274.435964758
274.481390903
274.526726182
274.571970778
274.617124872
274.662188646
274.707162279
274.752045953
274.796839846
274.84154414
274.886159012
274.930684642
274.975121209
275.01946889
275.063727863
275.107898306
275.151980396
275.195974309
275.239880222
275.283698311
275.327428752
275.37107172
275.414627389
275.458095936
275.501477532
275.544772354
275.587980574
275.631102365
275.674137901
275.717087354
275.759950896
275.802728698
275.845420934
275.888027772
275.930549386
275.972985944
276.015337617
276.057604575
276.099786988
276.141885024
276.183898852
276.22582864
276.267674558
276.309436772
276.35111545
276.392710758
276.434222865
276.475651936
276.516998137
276.558261634
276.599442593
276.640541178
276.681557555
276.722491888
276.76334434
276.804115076
276.844804259
276.885412053
276.92593862
276.966384122
277.006748722
277.047032581
277.087235862
277.127358725
277.167401331
277.20736384
277.247246413
277.28704921
277.326772391
277.366416114
277.405980538
277.445465823
277.484872126
277.524199605
277.563448419
277.602618724
277.641710677
277.680724435
277.719660156
277.758517993
277.797298105
277.836000645
277.87462577
277.913173633
277.95164439
277.990038195
278.028355201
278.066595563
278.104759433
278.142846965
278.180858311
278.218793624
278.256653056
278.294436758
278.332144883
278.36977758
278.407335002
278.444817298
278.48222462
278.519557116
278.556814937
278.593998232
278.63110715
278.66814184
278.70510245
278.741989128
278.778802023
278.815541282
278.852207052
278.88879948
278.925318713
278.961764898
278.99813818
279.034438705
279.07066662
279.106822068
279.142905195
279.178916146
279.214855065
279.250722096
279.286517383
279.32224107
279.357893299
279.393474214
279.428983957
279.46442267
279.499790497
279.535087578
279.570314055
279.605470069
279.640555761
279.675571272
279.710516742
279.745392312
279.78019812
279.814934308
279.849601013
279.884198375
279.918726533
279.953185625
279.98757579
280.021897164
280.056149886
280.090334093
280.124449922
280.158497509
280.192476993
280.226388507
280.26023219
280.294008175
280.327716599
280.361357597
280.394931303
280.428437853
280.46187738
280.495250019
280.528555903
280.561795166
280.594967942
280.628074362
280.661114561
280.69408867
280.726996821
280.759839147
280.792615779
280.825326849
280.857972488
280.890552826
280.923067994
280.955518123
280.987903343
281.020223783
281.052479574
281.084670843
281.116797722
281.148860337
281.180858818
281.212793294
281.244663892
281.276470739
281.308213964
281.339893694
281.371510055
281.403063175
281.43455318
281.465980196
281.497344349
281.528645765
281.55988457
281.591060888
281.622174845
281.653226565
281.684216174
281.715143794
281.746009551
281.776813567
281.807555967
281.838236873
281.868856409
281.899414698
281.929911861
281.960348022
281.990723302
282.021037822
282.051291706
282.081485073
282.111618044
282.141690742
282.171703286
282.201655796
282.231548393
282.261381196
282.291154326
282.3208679
282.35052204
282.380116863
282.409652488
282.439129033
282.468546618
282.497905358
282.527205374
282.556446781
282.585629697
282.614754239
282.643820523
282.672828668
282.701778787
282.730670999
282.759505418
282.78828216
282.817001341
282.845663075
282.874267478
282.902814664
282.931304747
282.959737843
282.988114064
283.016433525
283.04469634
283.07290262
283.101052481
283.129146033
283.157183391
283.185164667
283.213089972
283.240959418
283.268773118
283.296531183
283.324233724
283.351880852
283.379472678
283.407009312
283.434490866
283.461917449
283.489289171
283.516606143
283.543868472
283.571076269
283.598229644
283.625328703
283.652373557
283.679364314
283.706301082
283.733183969
283.760013083
283.78678853
283.81351042
283.840178858
283.866793952
283.893355808
283.919864534
283.946320234
283.972723015
283.999072984
284.025370245
284.051614905
284.077807068
284.103946839
284.130034323
284.156069626
284.18205285
284.207984101
284.233863481
284.259691096
284.285467049
284.311191442
284.33686438
284.362485964
284.388056298
284.413575484
284.439043625
284.464460823
284.489827179
284.515142795
284.540407773
284.565622213
284.590786218
284.615899888
284.640963324
284.665976626
284.690939894
284.715853228
284.740716729
284.765530496
284.790294629
284.815009227
284.839674388
284.864290212
284.888856798
284.913374243
284.937842647
284.962262108
284.986632722
285.010954589
285.035227805
285.059452468
285.083628674
285.107756522
285.131836107
285.155867526
285.179850876
285.203786252
285.227673751
285.251513469
285.2753055
285.29904994
285.322746885
285.34639643
285.369998669
285.393553696
285.417061607
285.440522496
285.463936457
285.487303583
285.510623968
285.533897706
285.55712489
285.580305613
285.603439968
285.626528048
285.649569946
285.672565753
285.695515562
285.718419465
285.741277554
285.764089921
285.786856656
285.809577852
285.832253599
285.854883988
285.877469109
285.900009055
285.922503914
285.944953777
285.967358734
285.989718876
286.01203429
286.034305068
286.056531297
286.078713068
286.10085047
286.12294359
286.144992518
286.166997342
286.18895815
286.210875031
286.232748071
286.25457736
286.276362983
286.29810503
286.319803586
286.341458739
286.363070576
286.384639183
286.406164647
286.427647054
286.44908649
286.470483041
286.491836793
286.513147832
286.534416243
286.55564211
286.576825521
286.597966558
286.619065308
286.640121854
286.661136281
286.682108674
286.703039116
286.723927691
286.744774483
286.765579576
286.786343053
286.807064997
286.827745491
286.848384619
286.868982463
286.889539105
286.910054628
286.930529114
286.950962646
286.971355305
286.991707173
287.012018332
287.032288862
287.052518846
287.072708364
287.092857498
287.112966328
287.133034934
287.153063398
287.173051799
287.193000218
287.212908734
287.232777428
287.252606379
287.272395666
287.29214537
287.311855568
287.33152634
287.351157766
287.370749923
287.390302891
287.409816747
287.429291569
287.448727437
287.468124428
287.487482619
287.506802088
287.526082914
287.545325172
287.56452894
287.583694295
287.602821315
287.621910074
287.640960651
287.659973122
287.678947562
287.697884049
287.716782657
287.735643462
287.754466541
287.773251968
287.791999819
287.810710169
287.829383093
287.848018666
287.866616963
287.885178058
287.903702026
287.92218894
287.940638876
287.959051907
287.977428106
287.995767548
288.014070306
288.032336453
288.050566063
288.068759208
288.086915963
288.105036398
288.123120588
288.141168604
288.15918052
288.177156406
288.195096335
288.21300038
288.230868612
288.248701102
288.266497922
288.284259144
288.301984838
288.319675076
288.337329929
288.354949466
288.37253376
288.390082881
288.407596898
288.425075882
288.442519904
288.459929032
288.477303338
288.49464289
288.511947758
288.529218012
288.54645372
288.563654952
288.580821776
288.597954263
288.615052479
288.632116495
288.649146377
288.666142195
288.683104017
288.70003191
288.716925943
288.733786183
288.750612698
288.767405555
288.784164822
288.800890565
288.817582852
288.834241751
288.850867326
288.867459646
288.884018777
288.900544785
288.917037736
288.933497696
288.949924732
288.96631891
288.982680294
288.999008952
289.015304947
289.031568346
289.047799213
289.063997614
289.080163614
289.096297278
289.112398669
289.128467854
289.144504895
289.160509858
289.176482806
289.192423805
289.208332916
289.224210205
289.240055735
289.25586957
289.271651772
289.287402406
289.303121534
289.318809219
289.334465525
289.350090514
289.365684248
289.381246791
289.396778204
289.41227855
289.427747891
289.443186288
289.458593805
289.473970503
289.489316443
289.504631686
289.519916295
289.53517033
289.550393854
289.565586925
289.580749607
289.595881959
289.610984042
289.626055916
289.641097643
289.656109282
289.671090893
289.686042537
289.700964274
289.715856163
289.730718264
289.745550636
289.76035334
289.775126435
289.789869978
289.804584031
289.819268652
289.833923899
289.848549832
289.863146508
289.877713988
289.892252328
289.906761588
289.921241824
289.935693097
289.950115463
289.96450898
289.978873706
289.993209699
290.007517015
290.021795713
290.03604585
290.050267482
290.064460667
290.078625462
290.092761924
290.106870108
290.120950072
290.135001872
290.149025565
290.163021207
290.176988853
290.19092856
290.204840384
290.21872438
290.232580605
290.246409113
290.26020996
290.273983201
290.287728893
290.301447089
290.315137845
290.328801215
290.342437255
290.35604602
290.369627562
290.383181938
290.396709202
290.410209407
290.423682608
290.437128859
290.450548213
290.463940725
290.477306449
290.490645437
290.503957743
290.517243421
290.530502525
290.543735106
290.556941218
290.570120915
290.583274248
290.596401271
290.609502036
290.622576596
290.635625004
290.648647311
290.661643569
290.674613832
290.68755815
290.700476576
290.713369162
290.726235959
290.739077019
290.751892393
290.764682132
290.777446289
290.790184914
290.802898058
290.815585772
290.828248107
290.840885114
290.853496844
290.866083346
290.878644672
290.891180872
290.903691996
290.916178094
290.928639217
290.941075413
290.953486734
290.965873229
290.978234947
290.990571939
291.002884253
291.015171939
291.027435046
291.039673624
291.051887721
291.064077386
291.076242669
291.088383618
291.100500281
291.112592708
291.124660946
291.136705045
291.148725052
291.160721016
291.172692984
291.184641006
291.196565127
291.208465398
291.220341864
291.232194574
291.244023576
291.255828916
291.267610642
291.279368801
291.291103441
291.302814608
291.31450235
291.326166713
291.337807744
291.34942549
291.361019997
291.372591311
291.38413948
291.395664549
291.407166565
291.418645574
291.430101621
291.441534754
291.452945016
291.464332455
291.475697116
291.487039045
291.498358286
291.509654886
291.520928889
291.532180342
291.543409288
291.554615773
291.565799842
291.57696154
291.588100911
291.599218001
291.610312853
291.621385513
291.632436024
291.643464431
291.654470778
291.665455109
291.676417469
291.6873579
291.698276448
291.709173156
291.720048067
291.730901226
291.741732675
291.752542458
291.763330618
291.7740972
291.784842245
291.795565797
291.806267899
291.816948593
291.827607924
291.838245932
291.848862662
291.859458156
291.870032455
291.880585603
291.891117641
291.901628613
291.91211856
291.922587524
291.933035547
291.943462671
291.953868938
291.964254389
291.974619067
291.984963012
291.995286267
292.005588872
292.015870869
292.0261323
292.036373204
292.046593624
292.0567936
292.066973174
292.077132385
292.087271276
292.097389885
292.107488255
292.117566425
292.127624436
292.137662328
292.147680141
292.157677916
292.167655693
292.177613511
292.187551411
292.197469433
292.207367615
292.217245999
292.227104623
292.236943527
292.24676275
292.256562332
292.266342312
292.27610273
292.285843624
292.295565034
292.305266998
292.314949555
292.324612745
292.334256605
292.343881175
292.353486494
292.363072598
292.372639529
292.382187322
292.391716017
292.401225653
292.410716266
292.420187895
292.429640579
292.439074355
292.44848926
292.457885333
292.467262611
292.476621132
292.485960933
292.495282052
292.504584527
292.513868394
292.52313369
292.532380453
292.54160872
292.550818528
292.560009914
292.569182915
292.578337567
292.587473907
292.596591972
292.605691798
292.614773422
292.62383688
292.632882209
292.641909445
292.650918623
292.659909781
292.668882954
292.677838178
292.686775489
292.695694923
292.704596516
292.713480303
292.72234632
292.731194602
292.740025186
292.748838106
292.757633397
292.766411096
292.775171236
292.783913854
292.792638984
292.801346662
292.810036922
292.818709798
292.827365327
292.836003542
292.844624478
292.853228171
292.861814653
292.87038396
292.878936126
292.887471185
292.895989171
292.90449012
292.912974064
292.921441038
292.929891075
292.93832421
292.946740477
292.955139908
292.963522539
292.971888401
292.98023753
292.988569958
292.996885719
293.005184846
293.013467373
293.021733332
293.029982757
293.038215681
293.046432136
293.054632157
293.062815775
293.070983024
293.079133935
293.087268543
293.095386879
293.103488977
293.111574868
293.119644585
293.12769816
293.135735625
293.143757014
293.151762358
293.159751688
293.167725038
293.175682439
293.183623923
293.191549521
293.199459267
293.20735319
293.215231324
293.223093699
293.230940347
293.238771299
293.246586588
293.254386243
293.262170298
293.269938782
293.277691727
293.285429163
293.293151123
293.300857637
293.308548735
293.31622445
293.32388481
293.331529848
293.339159593
293.346774077
293.35437333
293.361957382
293.369526264
293.377080007
293.384618639
293.392142192
293.399650696
293.407144181
293.414622677
293.422086214
293.429534821
293.436968529
293.444387368
293.451791367
293.459180556
293.466554965
293.473914622
293.481259559
293.488589803
293.495905385
293.503206334
293.510492678
293.517764448
293.525021673
293.532264381
293.539492601
293.546706363
293.553905696
293.561090627
293.568261187
293.575417404
293.582559307
293.589686923
293.596800283
293.603899414
293.610984344
293.618055103
293.625111718
293.632154218
293.639182631
293.646196985
293.653197308
293.660183629
293.667155976
293.674114375
293.681058856
293.687989446
293.694906173
293.701809065
293.708698149
293.715573453
293.722435004
293.72928283
293.736116959
293.742937417
293.749744233
293.756537433
293.763317045
293.770083096
293.776835613
293.783574622
293.790300152
293.797012229
293.80371088
293.810396132
293.817068012
293.823726546
293.83037176
293.837003683
293.84362234
293.850227758
293.856819963
293.863398982
293.869964841
293.876517566
293.883057184
293.889583721
293.896097204
293.902597657
293.909085108
293.915559582
293.922021105
293.928469703
293.934905403
293.941328229
293.947738208
293.954135365
293.960519726
293.966891316
293.973250162
293.979596288
293.985929719
293.992250483
293.998558603
294.004854105
294.011137014
294.017407356
294.023665155
294.029910437
294.036143227
294.042363549
294.048571429
294.054766892
294.060949961
294.067120663
294.073279022
294.079425062
294.085558809
294.091680286
294.097789519
294.103886532
294.109971349
294.116043994
294.122104493
294.128152868
294.134189146
294.140213349
294.146225502
294.152225629
294.158213754
294.164189901
294.170154095
294.176106358
294.182046715
294.18797519
294.193891806
294.199796587
294.205689557
294.211570739
294.217440158
294.223297836
294.229143797
294.234978064
294.240800661
294.246611611
294.252410938
294.258198665
294.263974814
294.26973941
294.275492475
294.281234032
294.286964104
294.292682715
294.298389887
294.304085643
294.309770006
294.315442998
294.321104643
294.326754963
294.332393981
294.338021719
294.3436382
294.349243447
294.354837481
294.360420326
294.365992004
294.371552537
294.377101947
294.382640257
294.388167489
294.393683664
294.399188806
294.404682936
294.410166076
294.415638248
294.421099475
294.426549777
294.431989178
294.437417698
294.442835359
294.448242184
294.453638193
294.459023409
294.464397853
294.469761547
294.475114512
294.480456769
294.485788341
294.491109247
294.496419511
294.501719152
294.507008193
294.512286654
294.517554557
294.522811922
294.528058771
294.533295125
294.538521005
294.543736432
294.548941426
294.554136009
294.559320202
294.564494024
294.569657498
294.574810643
294.57995348
294.58508603
294.590208314
294.595320351
294.600422164
294.605513771
294.610595193
294.615666451
294.620727566
294.625778556
294.630819444
294.635850248
294.640870989
294.645881687
294.650882362
294.655873035
294.660853725
294.665824452
294.670785236
294.675736098
294.680677056
294.685608131
294.690529342
294.69544071
294.700342254
294.705233993
294.710115947
294.714988136
294.719850579
294.724703296
294.729546306
294.734379629
294.739203284
294.74401729
294.748821667
294.753616434
294.75840161
294.763177214
294.767943265
294.772699784
294.777446787
294.782184296
294.786912328
294.791630903
294.796340039
294.801039756
294.805730072
294.810411006
294.815082577
294.819744803
294.824397704
294.829041298
294.833675603
294.838300638
294.842916422
294.847522973
294.852120309
294.85670845
294.861287413
294.865857217
294.87041788
294.87496942
294.879511856
294.884045206
294.888569488
294.89308472
294.897590921
294.902088108
294.906576299
294.911055512
294.915525766
294.919987078
294.924439466
294.928882948
294.933317542
294.937743266
294.942160137
294.946568173
294.950967391
294.95535781
294.959739447
294.964112319
294.968476445
294.972831841
294.977178525
294.981516514
294.985845826
294.990166479
294.994478488
294.998781873
295.00307665
295.007362835
295.011640448
295.015909504
295.02017002
295.024422015
295.028665504
295.032900505
295.037127035
295.04134511
295.045554749
295.049755966
295.053948781
295.058133208
295.062309266
295.06647697
295.070636337
295.074787385
295.078930129
295.083064587
295.087190775
295.091308709
295.095418406
295.099519883
295.103613155
295.10769824
295.111775154
295.115843912
295.119904532
295.12395703
295.128001421
295.132037723
295.13606595
295.14008612
295.144098249
295.148102353
295.152098447
295.156086547
295.160066671
295.164038833
295.168003049
295.171959337
295.17590771
295.179848186
295.183780779
295.187705506
295.191622383
295.195531425
295.199432647
295.203326067
295.207211698
295.211089557
295.214959659
295.21882202
295.222676655
295.226523579
295.230362809
295.234194359
295.238018245
295.241834482
295.245643086
295.249444071
295.253237454
295.257023248
295.26080147
295.264572134
295.268335256
295.272090851
295.275838934
295.279579519
295.283312622
295.287038258
295.290756441
295.294467187
295.298170511
295.301866427
295.30555495
295.309236095
295.312909876
295.316576309
295.320235408
295.323887188
295.327531664
295.331168849
295.334798759
295.338421408
295.342036811
295.345644982
295.349245936
295.352839687
295.356426249
295.360005637
295.363577865
295.367142948
295.3707009
295.374251735
295.377795467
295.381332111
295.384861681
295.38838419
295.391899653
295.395408085
295.398909498
295.402403908
295.405891328
295.409371772
295.412845255
295.416311789
295.419771389
295.42322407
295.426669844
295.430108725
295.433540728
295.436965865
295.440384152
295.443795601
295.447200226
295.450598041
295.453989059
295.457373294
295.46075076
295.46412147
295.467485438
295.470842677
295.4741932
295.477537022
295.480874155
295.484204612
295.487528408
295.490845555
295.494156067
295.497459957
295.500757239
295.504047925
295.507332028
295.510609563
295.513880541
295.517144977
295.520402883
295.523654272
295.526899158
295.530137553
295.53336947
295.536594922
295.539813923
295.543026484
295.54623262
295.549432342
295.552625665
295.555812599
295.558993159
295.562167357
295.565335205
295.568496717
295.571651906
295.574800782
295.577943361
295.581079653
295.584209671
295.587333429
295.590450939
295.593562212
295.596667262
295.599766101
295.602858742
295.605945197
295.609025477
295.612099597
295.615167567
295.6182294
295.621285109
295.624334706
295.627378202
295.630415611
295.633446944
295.636472213
295.639491431
295.64250461
295.645511762
295.648512899
295.651508032
295.654497174
295.657480337
295.660457534
295.663428774
295.666394072
295.669353438
295.672306884
295.675254423
295.678196066
295.681131825
295.684061711
295.686985737
295.689903914
295.692816254
295.695722769
295.698623469
295.701518367
295.704407475
295.707290804
295.710168365
295.71304017
295.715906231
295.718766559
295.721621166
295.724470062
295.72731326
295.730150771
295.732982606
295.735808776
295.738629293
295.741444169
295.744253414
295.74705704
295.749855057
295.752647478
295.755434313
295.758215574
295.760991272
295.763761417
295.766526021
295.769285095
295.772038651
295.774786698
295.777529249
295.780266314
295.782997903
295.785724029
295.788444702
295.791159933
295.793869733
295.796574112
295.799273082
295.801966653
295.804654836
295.807337642
295.810015081
295.812687165
295.815353904
295.818015309
295.820671391
295.823322159
295.825967625
295.8286078
295.831242693
295.833872316
295.836496679
295.839115792
295.841729667
295.844338313
295.846941741
295.849539961
295.852132985
295.854720821
295.857303481
295.859880975
295.862453313
295.865020506
295.867582564
295.870139497
295.872691316
295.87523803
295.87777965
295.880316186
295.882847648
295.885374046
295.887895392
295.890411693
295.892922962
295.895429207
295.897930439
295.900426667
295.902917903
295.905404156
295.907885435
295.910361751
295.912833114
295.915299533
295.917761019
295.920217581
295.922669229
295.925115973
295.927557824
295.929994789
295.93242688
295.934854107
295.937276478
295.939694004
295.942106694
295.944514558
295.946917605
295.949315846
295.95170929
295.954097946
295.956481824
295.958860934
295.961235284
295.963604886
295.965969747
295.968329879
295.970685289
295.973035988
295.975381984
295.977723289
295.980059909
295.982391856
295.984719139
295.987041766
295.989359747
295.991673092
295.993981809
295.996285909
295.998585399
296.00088029
296.00317059
296.005456309
296.007737456
296.010014041
296.012286071
296.014553557
296.016816507
296.01907493
296.021328836
296.023578234
296.025823132
296.02806354
296.030299466
296.03253092
296.03475791
296.036980446
296.039198536
296.041412189
296.043621414
296.045826221
296.048026617
296.050222611
296.052414213
296.054601431
296.056784274
296.058962751
296.061136871
296.063306641
296.065472071
296.06763317
296.069789946
296.071942408
296.074090564
296.076234424
296.078373995
296.080509286
296.082640306
296.084767064
296.086889567
296.089007825
296.091121846
296.093231638
296.09533721
296.09743857
296.099535727
296.101628689
296.103717465
296.105802062
296.10788249
296.109958756
296.112030869
296.114098837
296.116162669
296.118222372
296.120277956
296.122329428
296.124376796
296.126420069
296.128459255
296.130494361
296.132525398
296.134552371
296.13657529
296.138594162
296.140608997
296.142619801
296.144626583
296.14662935
296.148628112
296.150622875
296.152613649
296.15460044
296.156583258
296.158562109
296.160537001
296.162507944
296.164474944
296.166438009
296.168397148
296.170352368
296.172303677
296.174251083
296.176194593
296.178134216
296.180069959
296.18200183
296.183929837
296.185853987
296.187774289
296.189690749
296.191603376
296.193512177
296.19541716
296.197318332
296.199215702
296.201109276
296.202999063
296.204885069
296.206767303
296.208645772
296.210520484
296.212391445
296.214258664
296.216122148
296.217981905
296.219837942
296.221690266
296.223538885
296.225383806
296.227225036
296.229062584
296.230896456
296.23272666
296.234553203
296.236376093
296.238195336
296.24001094
296.241822912
296.24363126
296.245435991
296.247237112
296.24903463
296.250828552
296.252618887
296.25440564
296.256188819
296.257968431
296.259744483
296.261516983
296.263285937
296.265051353
296.266813238
296.268571598
296.270326441
296.272077774
296.273825604
296.275569938
296.277310782
296.279048145
296.280782032
296.282512451
296.284239408
296.285962911
296.287682967
296.289399582
296.291112763
296.292822518
296.294528852
296.296231774
296.297931289
296.299627404
296.301320127
296.303009464
296.304695422
296.306378007
296.308057227
296.309733088
296.311405597
296.31307476
296.314740584
296.316403077
296.318062244
296.319718092
296.321370627
296.323019858
296.324665789
296.326308428
296.327947782
296.329583856
296.331216658
296.332846193
296.334472469
296.336095492
296.337715269
296.339331805
296.340945108
296.342555184
296.344162039
296.345765681
296.347366114
296.348963346
296.350557383
296.352148232
296.353735899
296.355320389
296.356901711
296.358479869
296.360054871
296.361626722
296.363195429
296.364760998
296.366323435
296.367882747
296.369438941
296.370992021
296.372541995
296.374088868
296.375632647
296.377173338
296.378710948
296.380245481
296.381776946
296.383305347
296.38483069
296.386352983
296.38787223
296.389388439
296.390901615
296.392411764
296.393918892
296.395423005
296.39692411
296.398422213
296.399917318
296.401409433
296.402898564
296.404384716
296.405867895
296.407348107
296.408825358
296.410299655
296.411771002
296.413239407
296.414704874
296.41616741
296.41762702
296.419083711
296.420537488
296.421988357
296.423436324
296.424881394
296.426323574
296.427762869
296.429199285
296.430632828
296.432063504
296.433491318
296.434916275
296.436338383
296.437757646
296.439174069
296.44058766
296.441998423
296.443406364
296.444811489
296.446213803
296.447613312
296.449010022
296.450403938
296.451795066
296.453183411
296.454568979
296.455951776
296.457331806
296.458709076
296.460083591
296.461455357
296.462824379
296.464190662
296.465554213
296.466915036
296.468273137
296.469628521
296.470981194
296.472331162
296.473678429
296.475023001
296.476364884
296.477704083
296.479040603
296.480374449
296.481705627
296.483034143
296.484360001
296.485683208
296.487003767
296.488321685
296.489636966
296.490949617
296.492259642
296.493567047
296.494871837
296.496174016
296.497473591
296.498770566
296.500064947
296.501356739
296.502645947
296.503932576
296.505216632
296.506498119
296.507777043
296.509053408
296.510327221
296.511598485
296.512867207
296.514133391
296.515397042
296.516658165
296.517916766
296.519172849
296.52042642
296.521677483
296.522926044
296.524172107
296.525415678
296.526656761
296.527895362
296.529131486
296.530365136
296.531596319
296.53282504
296.534051302
296.535275112
296.536496474
296.537715392
296.538931873
296.54014592
296.541357539
296.542566734
296.543773511
296.544977873
296.546179827
296.547379376
296.548576526
296.549771281
296.550963646
296.552153627
296.553341227
296.554526451
296.555709305
296.556889792
296.558067919
296.559243689
296.560417107
296.561588177
296.562756906
296.563923296
296.565087353
296.566249082
296.567408488
296.568565574
296.569720345
296.570872807
296.572022963
296.573170819
296.574316379
296.575459647
296.576600629
296.577739328
296.578875749
296.580009897
296.581141777
296.582271393
296.583398749
296.58452385
296.5856467
296.586767305
296.587885668
296.589001794
296.590115687
296.591227353
296.592336794
296.593444017
296.594549025
296.595651822
296.596752413
296.597850803
296.598946996
296.600040997
296.601132808
296.602222436
296.603309885
296.604395158
296.60547826
296.606559196
296.60763797
296.608714586
296.609789048
296.610861361
296.611931529
296.612999557
296.614065448
296.615129207
296.616190839
296.617250346
296.618307735
296.619363008
296.620416171
296.621467226
296.62251618
296.623563035
296.624607796
296.625650468
296.626691054
296.627729558
296.628765985
296.629800339
296.630832624
296.631862844
296.632891003
296.633917106
296.634941156
296.635963158
296.636983116
296.638001033
296.639016915
296.640030764
296.641042585
296.642052382
296.64306016
296.644065921
296.645069671
296.646071413
296.647071151
296.64806889
296.649064633
296.650058384
296.651050147
296.652039926
296.653027726
296.654013549
296.654997401
296.655979285
296.656959205
296.657937164
296.658913168
296.659887219
296.660859322
296.66182948
296.662797698
296.663763979
296.664728327
296.665690746
296.66665124
296.667609813
296.668566469
296.66952121
296.670474043
296.671424969
296.672373993
296.673321119
296.67426635
296.67520969
296.676151144
296.677090714
296.678028405
296.678964221
296.679898164
296.680830239
296.68176045
296.682688801
296.683615294
296.684539934
296.685462724
296.686383669
296.687302771
296.688220035
296.689135465
296.690049063
296.690960834
296.69187078
296.692778907
296.693685217
296.694589715
296.695492403
296.696393285
296.697292366
296.698189648
296.699085135
296.699978831
296.70087074
296.701760864
296.702649208
296.703535775
296.704420568
296.705303592
296.706184849
296.707064344
296.707942079
296.708818059
296.709692286
296.710564765
296.711435499
296.71230449
296.713171744
296.714037263
296.71490105
296.71576311
296.716623446
296.71748206
296.718338957
296.71919414
296.720047613
296.720899378
296.721749439
296.7225978
296.723444465
296.724289435
296.725132716
296.725974309
296.726814219
296.727652449
296.728489003
296.729323883
296.730157093
296.730988636
296.731818517
296.732646737
296.7334733
296.73429821
296.73512147
296.735943084
296.736763054
296.737581383
296.738398076
296.739213135
296.740026564
296.740838366
296.741648544
296.742457101
296.743264041
296.744069367
296.744873082
296.745675189
296.746475692
296.747274594
296.748071898
296.748867606
296.749661724
296.750454252
296.751245196
296.752034557
296.75282234
296.753608546
296.75439318
296.755176245
296.755957743
296.756737678
296.757516053
296.758292871
296.759068135
296.759841848
296.760614014
296.761384635
296.762153714
296.762921256
296.763687262
296.764451735
296.76521468
296.765976098
296.766735994
296.767494369
296.768251228
296.769006572
296.769760406
296.770512732
296.771263553
296.772012872
296.772760692
296.773507016
296.774251848
296.77499519
296.775737044
296.776477415
296.777216305
296.777953717
296.778689654
296.779424119
296.780157114
296.780888644
296.78161871
296.782347316
296.783074464
296.783800158
296.7845244
296.785247194
296.785968542
296.786688447
296.787406912
296.78812394
296.788839533
296.789553696
296.790266429
296.790977737
296.791687622
296.792396088
296.793103136
296.79380877
296.794512992
296.795215806
296.795917214
296.796617218
296.797315823
296.79801303
296.798708843
296.799403264
296.800096296
296.800787941
296.801478203
296.802167085
296.802854588
296.803540716
296.804225472
296.804908858
296.805590877
296.806271532
296.806950825
296.80762876
296.808305338
296.808980563
296.809654438
296.810326964
296.810998146
296.811667985
296.812336484
296.813003645
296.813669473
296.814333968
296.814997134
296.815658974
296.81631949
296.816978684
296.81763656
296.81829312
296.818948367
296.819602303
296.820254932
296.820906254
296.821556274
296.822204994
296.822852416
296.823498543
296.824143377
296.824786922
296.825429179
296.826070152
296.826709842
296.827348253
296.827985387
296.828621247
296.829255835
296.829889153
296.830521205
296.831151992
296.831781517
296.832409784
296.833036793
296.833662548
296.834287052
296.834910307
296.835532314
296.836153078
296.8367726
296.837390883
296.838007929
296.83862374
296.83923832
296.839851671
296.840463794
296.841074694
296.841684371
296.842292829
296.84290007
296.843506096
296.844110909
296.844714513
296.84531691
296.845918102
296.846518091
296.84711688
296.847714471
296.848310867
296.84890607
296.849500083
296.850092907
296.850684545
296.851275
296.851864274
296.852452369
296.853039288
296.853625033
296.854209606
296.85479301
296.855375246
296.855956319
296.856536229
296.857114978
296.857692571
296.858269008
296.858844292
296.859418425
296.859991409
296.860563248
296.861133943
296.861703496
296.86227191
296.862839187
296.863405329
296.863970339
296.864534219
296.86509697
296.865658597
296.866219099
296.866778481
296.867336743
296.867893889
296.868449921
296.86900484
296.869558649
296.870111351
296.870662946
296.871213439
296.87176283
296.872311123
296.872858319
296.87340442
296.873949429
296.874493347
296.875036178
296.875577923
296.876118584
296.876658164
296.877196664
296.877734088
296.878270436
296.878805711
296.879339916
296.879873052
296.880405122
296.880936128
296.881466071
296.881994954
296.88252278
296.883049549
296.883575265
296.88409993
296.884623544
296.885146112
296.885667634
296.886188113
296.886707551
296.88722595
296.887743312
296.888259639
296.888774933
296.889289197
296.889802431
296.89031464
296.890825823
296.891335985
296.891845125
296.892353248
296.892860354
296.893366445
296.893871524
296.894375593
296.894878654
296.895380708
296.895881758
296.896381806
296.896880854
296.897378903
296.897875957
296.898372016
296.898867082
296.899361159
296.899854247
296.900346349
296.900837466
296.901327601
296.901816756
296.902304932
296.902792132
296.903278357
296.90376361
296.904247892
296.904731205
296.905213552
296.905694933
296.906175352
296.90665481
296.907133309
296.907610851
296.908087437
296.90856307
296.909037752
296.909511484
296.909984269
296.910456108
296.910927003
296.911396956
296.911865969
296.912334044
296.912801183
296.913267387
296.913732659
296.914197
296.914660413
296.915122898
296.915584458
296.916045095
296.916504811
296.916963607
296.917421485
296.917878448
296.918334496
296.918789632
296.919243858
296.919697175
296.920149586
296.920601091
296.921051693
296.921501395
296.921950196
296.9223981
296.922845108
296.923291221
296.923736443
296.924180773
296.924624215
296.92506677
296.92550844
296.925949226
296.926389131
296.926828156
296.927266302
296.927703572
296.928139968
296.92857549
296.929010141
296.929443923
296.929876837
296.930308886
296.93074007
296.931170391
296.931599852
296.932028454
296.932456198
296.932883087
296.933309122
296.933734305
296.934158637
296.934582121
296.935004757
296.935426548
296.935847495
296.936267601
296.936686866
296.937105292
296.937522881
296.937939635
296.938355556
296.938770644
296.939184902
296.939598332
296.940010934
296.940422712
296.940833665
296.941243797
296.941653108
296.9420616
296.942469276
296.942876136
296.943282182
296.943687416
296.944091839
296.944495453
296.94489826
296.945300261
296.945701458
296.946101853
296.946501447
296.946900241
296.947298238
296.947695438
296.948091845
296.948487458
296.94888228
296.949276312
296.949669556
296.950062013
296.950453685
296.950844574
296.951234681
296.951624008
296.952012555
296.952400326
296.952787321
296.953173542
296.95355899
296.953943668
296.954327576
296.954710716
296.955093089
296.955474698
296.955855543
296.956235627
296.95661495
296.956993515
296.957371322
296.957748374
296.958124671
296.958500216
296.95887501
296.959249053
296.959622349
296.959994898
296.960366702
296.960737762
296.96110808
296.961477657
296.961846494
296.962214595
296.962581958
296.962948587
296.963314483
296.963679646
296.96404408
296.964407784
296.964770761
296.965133011
296.965494537
296.96585534
296.966215422
296.966574783
296.966933425
296.967291349
296.967648558
296.968005053
296.968360834
296.968715903
296.969070263
296.969423913
296.969776856
296.970129093
296.970480626
296.970831455
296.971181583
296.97153101
296.971879738
296.972227769
296.972575104
296.972921744
296.97326769
296.973612944
296.973957508
296.974301383
296.97464457
296.97498707
296.975328885
296.975670017
296.976010466
296.976350234
296.976689323
296.977027733
296.977365466
296.977702524
296.978038907
296.978374618
296.978709657
296.979044026
296.979377727
296.979710759
296.980043126
296.980374827
296.980705866
296.981036242
296.981365957
296.981695013
296.98202341
296.982351151
296.982678236
296.983004666
296.983330444
296.98365557
296.983980046
296.984303873
296.984627052
296.984949585
296.985271472
296.985592716
296.985913316
296.986233276
296.986552596
296.986871277
296.98718932
296.987506728
296.9878235
296.988139639
296.988455145
296.988770021
296.989084266
296.989397883
296.989710873
296.990023236
296.990334975
296.99064609
296.990956583
296.991266454
296.991575706
296.99188434
296.992192356
296.992499756
296.99280654
296.993112712
296.993418271
296.993723218
296.994027556
296.994331285
296.994634406
296.994936921
296.995238831
296.995540138
296.995840841
296.996140943
296.996440444
296.996739347
296.997037651
296.997335359
296.997632472
296.99792899
296.998224915
296.998520248
296.99881499
296.999109143
296.999402707
296.999695684
296.999988076
297.000279882
297.000571104
297.000861744
297.001151803
297.001441281
297.001730181
297.002018502
297.002306247
297.002593417
297.002880011
297.003166033
297.003451482
297.003736361
297.004020669
297.004304409
297.004587582
297.004870188
297.005152228
297.005433705
297.005714618
297.00599497
297.006274761
297.006553992
297.006832664
297.00711078
297.007388338
297.007665342
297.007941792
297.008217688
297.008493033
297.008767827
297.009042071
297.009315767
297.009588915
297.009861517
297.010133574
297.010405086
297.010676055
297.010946483
297.011216369
297.011485716
297.011754523
297.012022793
297.012290527
297.012557725
297.012824388
297.013090518
297.013356116
297.013621182
297.013885719
297.014149726
297.014413205
297.014676157
297.014938583
297.015200484
297.015461861
297.015722715
297.015983048
297.01624286
297.016502152
297.016760925
297.017019181
297.01727692
297.017534144
297.017790853
297.018047049
297.018302732
297.018557904
297.018812566
297.019066718
297.019320361
297.019573498
297.019826127
297.020078252
297.020329872
297.020580989
297.020831604
297.021081717
297.02133133
297.021580444
297.02182906
297.022077178
297.0223248
297.022571926
297.022818559
297.023064698
297.023310344
297.023555499
297.023800164
297.02404434
297.024288027
297.024531226
297.024773939
297.025016167
297.02525791
297.025499169
297.025739946
297.025980242
297.026220056
297.026459391
297.026698248
297.026936626
297.027174528
297.027411953
297.027648904
297.027885381
297.028121385
297.028356917
297.028591977
297.028826568
297.029060689
297.029294342
297.029527528
297.029760247
297.0299925
297.030224289
297.030455615
297.030686477
297.030916878
297.031146818
297.031376298
297.031605319
297.031833882
297.032061988
297.032289637
297.032516832
297.032743571
297.032969857
297.033195691
297.033421073
297.033646004
297.033870485
297.034094517
297.0343181
297.034541237
297.034763927
297.034986172
297.035207972
297.035429329
297.035650243
297.035870715
297.036090746
297.036310337
297.036529488
297.036748201
297.036966477
297.037184316
297.03740172
297.037618688
297.037835223
297.038051324
297.038266993
297.038482231
297.038697038
297.038911416
297.039125364
297.039338885
297.039551979
297.039764646
297.039976888
297.040188706
297.0404001
297.04061107
297.040821619
297.041031747
297.041241455
297.041450743
297.041659612
297.041868064
297.042076098
297.042283717
297.04249092
297.042697708
297.042904084
297.043110046
297.043315596
297.043520735
297.043725464
297.043929783
297.044133694
297.044337197
297.044540292
297.044742982
297.044945265
297.045147145
297.04534862
297.045549693
297.045750363
297.045950632
297.0461505
297.046349969
297.046549038
297.04674771
297.046945984
297.047143861
297.047341343
297.047538429
297.047735121
297.04793142
297.048127326
297.048322841
297.048517964
297.048712697
297.04890704
297.049100995
297.049294562
297.049487741
297.049680534
297.049872942
297.050064964
297.050256603
297.050447858
297.050638731
297.050829221
297.051019331
297.051209061
297.051398411
297.051587382
297.051775975
297.051964191
297.052152031
297.052339495
297.052526583
297.052713298
297.052899639
297.053085607
297.053271204
297.053456429
297.053641283
297.053825768
297.054009884
297.054193632
297.054377012
297.054560025
297.054742672
297.054924954
297.055106871
297.055288424
297.055469614
297.055650442
297.055830908
297.056011013
297.056190758
297.056370143
297.05654917
297.056727838
297.056906149
297.057084103
297.057261701
297.057438944
297.057615833
297.057792367
297.057968549
297.058144378
297.058319855
297.058494982
297.058669758
297.058844185
297.059018262
297.059191992
297.059365373
297.059538409
297.059711097
297.059883441
297.06005544
297.060227095
297.060398406
297.060569375
297.060740002
297.060910287
297.061080232
297.061249837
297.061419102
297.061588029
297.061756619
297.061924871
297.062092786
297.062260365
297.06242761
297.062594519
297.062761095
297.062927338
297.063093248
297.063258827
297.063424074
297.06358899
297.063753577
297.063917834
297.064081763
297.064245364
297.064408638
297.064571585
297.064734206
297.064896502
297.065058474
297.065220121
297.065381445
297.065542446
297.065703125
297.065863483
297.06602352
297.066183237
297.066342635
297.066501713
297.066660474
297.066818917
297.066977042
297.067134852
297.067292346
297.067449525
297.06760639
297.06776294
297.067919178
297.068075103
297.068230716
297.068386018
297.068541009
297.068695691
297.068850063
297.069004126
297.069157881
297.069311328
297.069464468
297.069617302
297.069769831
297.069922054
297.070073973
297.070225588
297.070376899
297.070527908
297.070678615
297.070829021
297.070979125
297.07112893
297.071278434
297.07142764
297.071576547
297.071725156
297.071873469
297.072021484
297.072169203
297.072316627
297.072463756
297.072610591
297.072757132
297.07290338
297.073049335
297.073194998
297.07334037
297.073485451
297.073630242
297.073774744
297.073918956
297.07406288
297.074206516
297.074349865
297.074492927
297.074635702
297.074778193
297.074920398
297.075062318
297.075203955
297.075345309
297.07548638
297.075627168
297.075767675
297.075907901
297.076047846
297.076187512
297.076326898
297.076466005
297.076604834
297.076743386
297.07688166
297.077019658
297.077157379
297.077294825
297.077431997
297.077568893
297.077705516
297.077841866
297.077977943
297.078113748
297.078249281
297.078384543
297.078519534
297.078654256
297.078788708
297.078922891
297.079056805
297.079190452
297.079323831
297.079456944
297.07958979
297.079722371
297.079854686
297.079986737
297.080118524
297.080250047
297.080381307
297.080512304
297.080643039
297.080773513
297.080903726
297.081033679
297.081163371
297.081292804
297.081421978
297.081550894
297.081679552
297.081807952
297.081936096
297.082063983
297.082191615
297.082318991
297.082446112
297.08257298
297.082699593
297.082825953
297.082952061
297.083077916
297.083203519
297.083328871
297.083453973
297.083578824
297.083703425
297.083827778
297.083951881
297.084075736
297.084199344
297.084322704
297.084445817
297.084568685
297.084691306
297.084813682
297.084935814
297.085057701
297.085179344
297.085300744
297.085421901
297.085542816
297.085663489
297.08578392
297.085904111
297.086024061
297.086143771
297.086263242
297.086382474
297.086501467
297.086620223
297.086738741
297.086857021
297.086975065
297.087092873
297.087210446
297.087327783
297.087444885
297.087561754
297.087678388
297.087794789
297.087910958
297.088026894
297.088142598
297.08825807
297.088373312
297.088488323
297.088603104
297.088717656
297.088831978
297.088946072
297.089059937
297.089173575
297.089286985
297.089400169
297.089513126
297.089625857
297.089738363
297.089850643
297.089962699
297.090074531
297.090186139
297.090297524
297.090408687
297.090519626
297.090630344
297.090740841
297.090851116
297.090961171
297.091071006
297.091180621
297.091290016
297.091399193
297.091508152
297.091616892
297.091725415
297.091833721
297.091941811
297.092049684
297.092157341
297.092264783
297.09237201
297.092479023
297.092585821
297.092692406
297.092798778
297.092904937
297.093010884
297.093116618
297.093222142
297.093327454
297.093432555
297.093537446
297.093642128
297.0937466
297.093850863
297.093954917
297.094058764
297.094162402
297.094265834
297.094369058
297.094472076
297.094574888
297.094677494
297.094779895
297.094882091
297.094984083
297.095085871
297.095187455
297.095288836
297.095390014
297.09549099
297.095591764
297.095692336
297.095792707
297.095892877
297.095992847
297.096092617
297.096192187
297.096291559
297.096390731
297.096489705
297.096588481
297.09668706
297.096785441
297.096883626
297.096981614
297.097079406
297.097177002
297.097274404
297.09737161
297.097468622
297.09756544
297.097662064
297.097758495
297.097854734
297.097950779
297.098046633
297.098142294
297.098237765
297.098333044
297.098428133
297.098523032
297.098617741
297.09871226
297.098806591
297.098900732
297.098994686
297.099088451
297.099182029
297.09927542
297.099368623
297.099461641
297.099554472
297.099647118
297.099739578
297.099831854
297.099923945
297.100015851
297.100107574
297.100199113
297.10029047
297.100381643
297.100472634
297.100563443
297.100654071
297.100744517
297.100834782
297.100924867
297.101014771
297.101104496
297.101194041
297.101283407
297.101372595
297.101461604
297.101550435
297.101639088
297.101727564
297.101815863
297.101903985
297.101991931
297.102079701
297.102167295
297.102254715
297.102341959
297.102429029
297.102515925
297.102602647
297.102689195
297.102775571
297.102861773
297.102947803
297.103033662
297.103119348
297.103204863
297.103290207
297.10337538
297.103460383
297.103545215
297.103629879
297.103714372
297.103798697
297.103882853
297.103966841
297.104050661
297.104134313
297.104217797
297.104301115
297.104384266
297.104467251
297.10455007
297.104632723
297.104715211
297.104797533
297.104879691
297.104961685
297.105043515
297.105125181
297.105206684
297.105288023
297.1053692
297.105450215
297.105531068
297.105611758
297.105692288
297.105772656
297.105852864
297.105932911
297.106012798
297.106092525
297.106172093
297.106251502
297.106330751
297.106409843
297.106488776
297.106567551
297.106646168
297.106724629
297.106802932
297.106881079
297.106959069
297.107036904
297.107114582
297.107192106
297.107269474
297.107346688
297.107423747
297.107500652
297.107577403
297.107654
297.107730445
297.107806736
297.107882875
297.107958862
297.108034696
297.108110379
297.10818591
297.108261291
297.10833652
297.1084116
297.108486529
297.108561308
297.108635937
297.108710417
297.108784749
297.108858931
297.108932965
297.109006851
297.10908059
297.109154181
297.109227624
297.109300921
297.109374071
297.109447075
297.109519932
297.109592644
297.109665211
297.109737632
297.109809909
297.109882041
297.109954029
297.110025872
297.110097572
297.110169129
297.110240542
297.110311813
297.110382941
297.110453926
297.11052477
297.110595472
297.110666033
297.110736452
297.110806731
297.110876869
297.110946867
297.111016724
297.111086442
297.111156021
297.11122546
297.111294761
297.111363923
297.111432946
297.111501831
297.111570579
297.111639189
297.111707662
297.111775998
297.111844197
297.11191226
297.111980187
297.112047978
297.112115633
297.112183153
297.112250537
297.112317787
297.112384903
297.112451884
297.112518731
297.112585445
297.112652025
297.112718472
297.112784786
297.112850967
297.112917016
297.112982933
297.113048718
297.113114372
297.113179894
297.113245285
297.113310545
297.113375675
297.113440674
297.113505544
297.113570283
297.113634894
297.113699374
297.113763726
297.11382795
297.113892044
297.113956011
297.114019849
297.11408356
297.114147144
297.1142106
297.114273929
297.114337132
297.114400208
297.114463158
297.114525983
297.114588681
297.114651254
297.114713702
297.114776025
297.114838223
297.114900297
297.114962247
297.115024073
297.115085775
297.115147354
297.115208809
297.115270142
297.115331352
297.11539244
297.115453405
297.115514248
297.11557497
297.11563557
297.115696049
297.115756407
297.115816645
297.115876761
297.115936758
297.115996635
297.116056391
297.116116029
297.116175547
297.116234945
297.116294226
297.116353387
297.11641243
297.116471355
297.116530162
297.116588852
297.116647424
297.116705879
297.116764217
297.116822439
297.116880544
297.116938532
297.116996405
297.117054162
297.117111804
297.11716933
297.117226741
297.117284037
297.117341219
297.117398286
297.117455239
297.117512078
297.117568803
297.117625415
297.117681914
297.1177383
297.117794573
297.117850733
297.117906781
297.117962717
297.118018541
297.118074254
297.118129855
297.118185345
297.118240723
297.118295991
297.118351149
297.118406196
297.118461133
297.11851596
297.118570677
297.118625285
297.118679784
297.118734174
297.118788455
297.118842627
297.118896691
297.118950647
297.119004495
297.119058235
297.119111868
297.119165393
297.119218812
297.119272123
297.119325328
297.119378427
297.119431419
297.119484305
297.119537085
297.11958976
297.11964233
297.119694794
297.119747154
297.119799408
297.119851559
297.119903604
297.119955546
297.120007384
297.120059118
297.120110749
297.120162276
297.120213701
297.120265022
297.120316241
297.120367357
297.120418371
297.120469283
297.120520094
297.120570802
297.120621409
297.120671915
297.12072232
297.120772624
297.120822828
297.120872931
297.120922934
297.120972837
297.12102264
297.121072343
297.121121947
297.121171452
297.121220857
297.121270164
297.121319372
297.121368482
297.121417494
297.121466407
297.121515223
297.121563941
297.121612562
297.121661085
297.121709511
297.121757841
297.121806074
297.12185421
297.12190225
297.121950194
297.121998042
297.122045794
297.122093451
297.122141012
297.122188479
297.12223585
297.122283127
297.122330309
297.122377396
297.12242439
297.122471289
297.122518095
297.122564807
297.122611426
297.122657951
297.122704383
297.122750723
297.122796969
297.122843124
297.122889185
297.122935155
297.122981033
297.123026819
297.123072513
297.123118116
297.123163628
297.123209049
297.123254379
297.123299618
297.123344767
297.123389826
297.123434794
297.123479672
297.123524461
297.12356916
297.12361377
297.12365829
297.123702721
297.123747064
297.123791317
297.123835483
297.12387956
297.123923548
297.123967449
297.124011262
297.124054987
297.124098625
297.124142176
297.124185639
297.124229016
297.124272305
297.124315508
297.124358625
297.124401656
297.1244446
297.124487459
297.124530231
297.124572918
297.12461552
297.124658037
297.124700468
297.124742815
297.124785077
297.124827255
297.124869348
297.124911357
297.124953281
297.124995122
297.12503688
297.125078553
297.125120144
297.125161651
297.125203075
297.125244417
297.125285675
297.125326851
297.125367945
297.125408957
297.125449886
297.125490734
297.1255315
297.125572184
297.125612787
297.125653309
297.12569375
297.125734109
297.125774389
297.125814587
297.125854705
297.125894743
297.125934701
297.125974579
297.126014377
297.126054095
297.126093735
297.126133294
297.126172775
297.126212177
297.126251499
297.126290744
297.126329909
297.126368997
297.126408006
297.126446937
297.12648579
297.126524566
297.126563264
297.126601884
297.126640428
297.126678894
297.126717283
297.126755596
297.126793831
297.126831991
297.126870074
297.126908081
297.126946012
297.126983867
297.127021646
297.12705935
297.127096978
297.127134531
297.127172009
297.127209412
297.12724674
297.127283993
297.127321172
297.127358277
297.127395307
297.127432263
297.127469145
297.127505954
297.127542689
297.12757935
297.127615939
297.127652453
297.127688895
297.127725264
297.127761561
297.127797784
297.127833935
297.127870014
297.127906021
297.127941956
297.127977819
297.12801361
297.128049329
297.128084977
297.128120554
297.128156059
297.128191494
297.128226858
297.128262151
297.128297373
297.128332525
297.128367606
297.128402618
297.128437559
297.12847243
297.128507232
297.128541964
297.128576627
297.12861122
297.128645744
297.128680199
297.128714585
297.128748903
297.128783151
297.128817332
297.128851443
297.128885487
297.128919462
297.12895337
297.12898721
297.129020982
297.129054686
297.129088323
297.129121893
297.129155396
297.129188831
297.1292222
297.129255502
297.129288737
297.129321906
297.129355009
297.129388045
297.129421015
297.129453919
297.129486758
297.129519531
297.129552238
297.12958488
297.129617456
297.129649967
297.129682414
297.129714795
297.129747112
297.129779364
297.129811551
297.129843674
297.129875733
297.129907728
297.129939659
297.129971525
297.130003329
297.130035068
297.130066744
297.130098357
297.130129906
297.130161392
297.130192816
297.130224176
297.130255474
297.130286709
297.130317882
297.130348992
297.13038004
297.130411026
297.13044195
297.130472812
297.130503612
297.130534351
297.130565029
297.130595644
297.130626199
297.130656693
297.130687125
297.130717497
297.130747808
297.130778058
297.130808248
297.130838377
297.130868447
297.130898456
297.130928405
297.130958294
297.130988123
297.131017893
297.131047603
297.131077253
297.131106845
297.131136377
297.13116585
297.131195264
297.131224619
297.131253916
297.131283154
297.131312333
297.131341454
297.131370517
297.131399522
297.131428469
297.131457358
297.131486189
297.131514962
297.131543678
297.131572336
297.131600937
297.131629481
297.131657968
297.131686397
297.13171477
297.131743086
297.131771346
297.131799549
297.131827695
297.131855786
297.13188382
297.131911798
297.13193972
297.131967586
297.131995396
297.132023151
297.13205085
297.132078494
297.132106083
297.132133616
297.132161094
297.132188518
297.132215886
297.1322432
297.132270459
297.132297664
297.132324814
297.13235191
297.132378952
297.132405939
297.132432873
297.132459752
297.132486578
297.132513351
297.132540069
297.132566735
297.132593347
297.132619905
297.132646411
297.132672864
297.132699263
297.13272561
297.132751904
297.132778146
297.132804335
297.132830472
297.132856556
297.132882588
297.132908568
297.132934497
297.132960373
297.132986198
297.13301197
297.133037692
297.133063362
297.13308898
297.133114548
297.133140064
297.133165529
297.133190943
297.133216306
297.133241619
297.133266881
297.133292093
297.133317254
297.133342364
297.133367425
297.133392435
297.133417396
297.133442306
297.133467166
297.133491977
297.133516739
297.13354145
297.133566112
297.133590725
297.133615289
297.133639804
297.133664269
297.133688686
297.133713054
297.133737373
297.133761643
297.133785865
297.133810038
297.133834163
297.13385824
297.133882268
297.133906249
297.133930181
297.133954066
297.133977903
297.134001692
297.134025434
297.134049128
297.134072775
297.134096374
297.134119927
297.134143432
297.13416689
297.134190301
297.134213665
297.134236983
297.134260254
297.134283478
297.134306656
297.134329788
297.134352873
297.134375913
297.134398906
297.134421853
297.134444754
297.134467609
297.134490419
297.134513183
297.134535902
297.134558575
297.134581203
297.134603785
297.134626322
297.134648814
297.134671262
297.134693664
297.134716022
297.134738334
297.134760602
297.134782826
297.134805005
297.13482714
297.134849231
297.134871277
297.134893279
297.134915237
297.134937152
297.134959022
297.134980849
297.135002632
297.135024371
297.135046067
297.13506772
297.135089329
297.135110895
297.135132418
297.135153898
297.135175335
297.135196729
297.13521808
297.135239389
297.135260655
297.135281878
297.135303059
297.135324198
297.135345294
297.135366348
297.13538736
297.13540833
297.135429258
297.135450144
297.135470988
297.135491791
297.135512552
297.135533271
297.135553949
297.135574586
297.135595182
297.135615736
297.135636249
297.135656721
297.135677152
297.135697542
297.135717892
297.135738201
297.135758469
297.135778696
297.135798883
297.13581903
297.135839137
297.135859203
297.135879229
297.135899215
297.135919161
297.135939067
