-32.3246368436
-31.6761049976
-31.0278705618
-30.3799333997
-29.7322933749
-29.0849503512
-28.4379041924
-27.7911547624
-27.144701925
-26.4985455443
-25.8526854844
-25.2071216093
-24.5618537831
-23.9168818702
-23.2722057348
-22.6278252414
-21.9837402542
-21.3399506378
-20.6964562568
-20.0532569757
-19.4103526593
-18.7677431722
-18.1254283792
-17.4834081452
-16.8416823352
-16.2002508141
-15.5591134469
-14.9182700988
-14.2777206348
-13.6374649203
-12.9975028206
-12.3578342009
-11.7184589267
-11.0793768635
-10.4405878768
-9.80209183223
-9.16388859539
-8.52597803205
-7.88836000797
-7.251034389
-6.61400104105
-5.97725983009
-5.34081062215
-4.70465328331
-4.06878767973
-3.43321367762
-2.79793114325
-2.16293994297
-1.52823994316
-0.89383101029
-0.259713010877
0.374114188498
1.00765072119
1.64089672051
2.27385231967
2.90651765187
3.5388928502
4.17097804773
4.80277337744
5.43427897227
6.06549496509
6.69642148869
7.32705867584
7.95740665921
8.58746557144
9.21723554509
9.84671671266
10.4759092066
11.1048131593
11.733428703
12.3617559701
12.9897950927
13.617546203
14.2450094331
14.8721849149
15.4990727805
16.1256731616
16.7519861903
17.3780119982
18.003750717
18.6292024785
19.2543674141
19.8792456556
20.5038373342
21.1281425815
21.7521615287
22.3758943073
22.9993410484
23.6225018831
24.2453769427
24.8679663581
25.4902702604
26.1122887805
26.7340220492
27.3554701974
27.9766333558
28.5975116552
29.2181052261
29.8384141991
30.4584387048
31.0781788736
31.6976348358
32.3168067219
32.9356946621
33.5542987866
34.1726192255
34.790656109
35.4084095672
36.0258797298
36.643066727
37.2599706886
37.8765917442
38.4929300238
39.1089856569
39.7247587732
40.3402495022
40.9554579735
41.5703843165
42.1850286605
42.7993911349
43.4134718689
44.0272709918
44.6407886327
45.2540249206
45.8669799847
46.4796539538
47.0920469569
47.7041591228
48.3159905804
48.9275414583
49.5388118851
50.1498019897
50.7605119004
51.3709417457
51.9810916542
52.5909617542
53.200552174
53.8098630418
54.4188944859
55.0276466344
55.6361196153
56.2443135568
56.8522285868
57.4598648331
58.0672224236
58.6743014862
59.2811021485
59.8876245382
60.493868783
61.0998350103
61.7055233477
62.3109339226
62.9160668624
63.5209222945
64.125500346
64.7298011442
65.3338248162
65.9375714891
66.54104129
67.1442343458
67.7471507834
68.3497907297
68.9521543114
69.5542416554
70.1560528883
70.7575881367
71.3588475272
71.9598311862
72.5605392403
73.1609718158
73.7611290391
74.3610110364
74.9606179339
75.5599498578
76.1590069343
76.7577892893
77.3562970488
77.9545303387
78.552489285
79.1501740135
79.7475846498
80.3447213197
80.9415841488
81.5381732627
82.134488787
82.730530847
83.3262995682
83.921795076
84.5170174957
85.1119669524
85.7066435713
86.3010474777
86.8951787965
87.4890376527
88.0826241713
88.6759384772
89.2689806953
89.8617509502
90.4542493667
91.0464760696
91.6384311833
92.2301148324
92.8215271415
93.4126682349
94.003538237
94.5941372722
95.1844654647
95.7745229388
96.3643098185
96.9538262279
97.5430722912
98.1320481322
98.720753875
99.3091896433
99.8973555609
100.485251752
101.072878339
101.660235447
102.247323199
102.834141719
103.42069113
104.006971555
104.592983118
105.178725942
105.76420015
106.349405866
106.934343212
107.519012312
108.103413289
108.687546265
109.271411365
109.855008709
110.438338422
111.021400626
111.604195443
112.186722996
112.768983409
113.350976803
113.9327033
114.514163024
115.095356096
115.676282639
116.256942775
116.837336626
117.417464315
117.997325962
118.576921692
119.156251624
119.735315882
120.314114587
120.89264786
121.470915825
122.048918601
122.626656311
123.204129077
123.781337019
124.35828026
124.934958921
125.511373122
126.087522986
126.663408634
127.239030186
127.814387764
128.389481489
128.964311482
129.538877864
130.113180755
130.687220277
131.26099655
131.834509696
132.407759834
132.980747085
133.553471571
134.12593341
134.698132725
135.270069635
135.84174426
136.413156722
136.984307139
137.555195633
138.125822323
138.696187329
139.266290772
139.836132771
140.405713446
140.975032918
141.544091306
142.112888729
142.681425307
143.249701161
143.817716409
144.38547117
144.952965566
145.520199714
146.087173735
146.653887747
147.220341869
147.786536222
148.352470924
148.918146093
149.48356185
150.048718313
150.613615601
151.178253833
151.742633128
152.306753604
152.87061538
153.434218575
153.997563307
154.560649696
155.123477858
155.686047913
156.248359979
156.810414175
157.372210619
157.933749428
158.495030721
159.056054617
159.616821233
160.177330686
160.737583096
161.29757858
161.857317256
162.416799241
162.976024654
163.534993611
164.093706231
164.652162631
165.210362929
165.768307241
166.325995687
166.883428382
167.440605444
167.99752699
168.554193138
169.110604004
169.666759706
170.222660361
170.778306085
171.333696996
171.88883321
172.443714845
172.998342016
173.552714841
174.106833437
174.660697919
175.214308404
175.76766501
176.320767852
176.873617046
177.42621271
177.978554959
178.530643909
179.082479677
179.634062379
180.18539213
180.736469047
181.287293246
181.837864843
182.388183953
182.938250693
183.488065177
184.037627522
184.586937844
185.135996257
185.684802878
186.233357822
186.781661204
187.32971314
187.877513744
188.425063133
188.972361421
189.519408724
190.066205157
190.612750834
191.159045871
191.705090383
192.250884485
192.79642829
193.341721915
193.886765474
194.431559082
194.976102852
195.520396901
196.064441341
196.608236289
197.151781858
197.695078162
198.238125316
198.780923434
199.323472631
199.86577302
200.407824716
200.949627832
201.491182483
202.032488782
202.573546844
203.114356783
203.654918711
204.195232743
204.735298993
205.275117573
205.814688599
206.354012183
206.893088438
207.431917479
207.970499418
208.508834369
209.046922445
209.584763759
210.122358425
210.659706555
211.196808263
211.733663662
212.270272864
212.806635983
213.342753131
213.878624421
214.414249966
214.949629879
215.484764272
216.019653258
216.554296949
217.088695458
217.622848897
218.156757379
218.690421016
219.223839921
219.757014204
220.28994398
220.82262936
221.355070455
221.887267378
222.419220242
222.950929157
223.482394236
224.01361559
224.544593332
225.075327572
225.605818424
226.136065998
226.666070405
227.195831758
227.725350168
228.254625746
228.783658604
229.312448853
229.840996604
230.369301968
230.897365057
231.425185981
231.952764852
232.480101781
233.007196879
233.534050256
234.060662024
234.587032293
235.113161173
235.639048777
236.164695214
236.690100594
237.21526503
237.74018863
238.264871505
238.789313767
239.313515524
239.837476888
240.361197968
240.884678876
241.40791972
241.930920612
242.45368166
242.976202976
243.498484669
244.020526849
244.542329625
245.063893108
245.585217408
246.106302633
246.627148894
247.147756301
247.668124962
248.188254987
248.708146486
249.227799568
249.747214343
250.266390919
250.785329406
251.304029913
251.82249255
252.340717424
252.858704647
253.376454325
253.893966569
254.411241487
254.928279188
255.445079781
255.961643374
256.477970076
256.994059997
257.509913243
258.025529925
258.54091015
259.056054027
259.570961665
260.085633171
260.600068654
261.114268222
261.628231983
262.141960046
262.655452518
263.168709508
263.681731124
264.194517473
264.707068664
265.219384803
265.731466
266.243312362
266.754923996
267.26630101
267.777443512
268.288351609
268.799025409
269.30946502
269.819670547
270.3296421
270.839379785
271.34888371
271.858153981
272.367190706
272.875993992
273.384563946
273.892900675
274.401004286
274.908874886
275.416512582
275.92391748
276.431089688
276.938029311
277.444736457
277.951211233
278.457453744
278.963464098
279.4692424
279.974788758
280.480103277
280.985186064
281.490037226
281.994656868
282.499045096
283.003202017
283.507127737
284.010822362
284.514285997
285.01751875
285.520520724
286.023292028
286.525832765
287.028143043
287.530222966
288.03207264
288.533692171
289.035081665
289.536241226
290.037170961
290.537870975
291.038341373
291.53858226
292.038593741
292.538375923
293.03792891
293.537252806
294.036347718
294.53521375
295.033851007
295.532259594
296.030439616
296.528391178
297.026114385
297.52360934
298.020876149
298.517914917
299.014725749
299.511308747
300.007664018
300.503791665
300.999691794
301.495364507
301.99080991
302.486028107
302.981019202
303.475783299
303.970320502
304.464630916
304.958714644
305.45257179
305.946202458
306.439606752
306.932784776
307.425736634
307.918462429
308.410962265
308.903236246
309.395284474
309.887107055
310.37870409
310.870075685
311.361221941
311.852142963
312.342838853
312.833309715
313.323555652
313.813576768
314.303373165
314.792944946
315.282292214
315.771415073
316.260313625
316.748987973
317.237438221
317.725664469
318.213666823
318.701445383
319.189000253
319.676331536
320.163439333
320.650323748
321.136984882
321.623422839
322.10963772
322.595629628
323.081398665
323.566944933
324.052268535
324.537369572
325.022248147
325.506904362
325.991338318
326.475550118
326.959539863
327.443307655
327.926853596
328.410177789
328.893280333
329.376161332
329.858820886
330.341259098
330.823476069
331.305471899
331.787246692
332.268800547
332.750133567
333.231245852
333.712137504
334.192808624
334.673259313
335.153489673
335.633499803
336.113289806
336.592859782
337.072209833
337.551340058
338.030250559
338.508941436
338.987412791
339.465664724
339.943697335
340.421510725
340.899104995
341.376480246
341.853636576
342.330574088
342.807292881
343.283793056
343.760074713
344.236137951
344.711982872
345.187609576
345.663018161
346.13820873
346.61318138
347.087936213
347.562473329
348.036792826
348.510894806
348.984779367
349.458446609
349.931896633
350.405129537
350.878145422
351.350944386
351.823526529
352.295891951
352.768040751
353.239973029
353.711688883
354.183188413
354.654471718
355.125538898
355.596390051
356.067025276
356.537444673
357.00764834
357.477636377
357.947408882
358.416965954
358.886307692
359.355434195
359.824345561
360.293041889
360.761523278
361.229789826
361.697841632
362.165678794
362.633301411
363.10070958
363.567903402
364.034882972
364.501648391
364.968199756
365.434537165
365.900660717
366.366570509
366.832266639
367.297749207
367.763018308
368.228074042
368.692916506
369.157545798
369.621962016
370.086165258
370.55015562
371.013933201
371.477498099
371.94085041
372.403990233
372.866917665
373.329632803
373.792135744
374.254426586
374.716505427
375.178372362
375.640027491
376.101470909
376.562702713
377.023723002
377.484531871
377.945129418
378.40551574
378.865690934
379.325655095
379.785408322
380.244950711
380.704282358
381.16340336
381.622313815
382.081013817
382.539503465
382.997782853
383.45585208
383.913711241
384.371360432
384.82879975
385.28602929
385.743049151
386.199859426
386.656460213
387.112851607
387.569033705
388.025006603
388.480770396
388.936325181
389.391671052
389.846808107
390.30173644
390.756456148
391.210967327
391.665270071
392.119364476
392.573250639
393.026928653
393.480398616
393.933660622
394.386714767
394.839561145
395.292199853
395.744630986
396.196854638
396.648870905
397.100679882
397.552281664
398.003676346
398.454864023
398.90584479
399.356618742
399.807185973
400.257546579
400.707700655
401.157648294
401.607389591
402.056924642
402.506253541
402.955376382
403.40429326
403.85300427
404.301509505
404.74980906
405.197903029
405.645791507
406.093474589
406.540952367
406.988224936
407.435292391
407.882154825
408.328812333
408.775265008
409.221512945
409.667556236
410.113394977
410.559029261
411.004459182
411.449684832
411.894706307
412.3395237
412.784137104
413.228546613
413.67275232
414.116754318
414.560552703
415.004147565
415.447539
415.8907271
416.333711958
416.776493668
417.219072323
417.661448015
418.103620839
418.545590887
418.987358252
419.428923027
419.870285304
420.311445178
420.75240274
421.193158084
421.633711301
422.074062486
422.514211729
422.954159125
423.393904766
423.833448743
424.272791151
424.71193208
425.150871624
425.589609874
426.028146924
426.466482865
426.90461779
427.34255179
427.780284959
428.217817387
428.655149168
429.092280393
429.529211154
429.965941542
430.402471651
430.838801571
431.274931396
431.710861215
432.146591121
432.582121206
433.017451562
433.452582279
433.88751345
434.322245166
434.756777518
435.191110599
435.625244498
436.059179308
436.49291512
436.926452026
437.359790115
437.792929481
438.225870213
438.658612402
439.091156141
439.52350152
439.955648629
440.38759756
440.819348404
441.250901251
441.682256192
442.113413319
442.544372721
442.97513449
443.405698715
443.836065489
444.2662349
444.696207041
445.125982
445.555559869
445.984940738
446.414124697
446.843111837
447.271902248
447.70049602
448.128893243
448.557094008
448.985098404
449.412906521
449.840518451
450.267934281
450.695154104
451.122178007
451.549006082
451.975638418
452.402075104
452.828316231
453.254361888
453.680212165
454.105867152
454.531326937
454.956591611
455.381661263
455.806535982
456.231215858
456.65570098
457.079991438
457.504087321
457.927988717
458.351695716
458.775208408
459.198526881
459.621651225
460.044581528
460.46731788
460.889860369
461.312209084
461.734364115
462.15632555
462.578093477
462.999667986
463.421049165
463.842237103
464.263231889
464.68403361
465.104642357
465.525058216
465.945281277
466.365311628
466.785149358
467.204794554
467.624247305
468.043507699
468.462575825
468.88145177
469.300135624
469.718627473
470.136927406
470.555035511
470.972951875
471.390676588
471.808209736
472.225551408
472.642701692
473.059660674
473.476428443
473.893005087
474.309390693
474.725585349
475.141589142
475.55740216
475.973024491
476.388456221
476.803697439
477.218748231
477.633608686
478.048278889
478.462758929
478.877048893
479.291148867
479.70505894
480.118779197
480.532309727
480.945650616
481.35880195
481.771763818
482.184536306
482.597119501
483.009513489
483.421718357
483.833734193
484.245561082
484.657199111
485.068648368
485.479908938
485.890980909
486.301864365
486.712559395
487.123066085
487.53338452
487.943514787
488.353456973
488.763211164
489.172777445
489.582155904
489.991346625
490.400349697
490.809165203
491.217793231
491.626233866
492.034487194
492.442553302
492.850432275
493.258124198
493.665629159
494.072947241
494.480078532
494.887023116
495.29378108
495.700352509
496.106737488
496.512936104
496.91894844
497.324774584
497.73041462
498.135868633
498.54113671
498.946218935
499.351115393
499.755826169
500.16035135
500.564691019
500.968845263
501.372814165
501.776597811
502.180196286
502.583609676
502.986838063
503.389881535
503.792740175
504.195414068
504.597903298
505.000207952
505.402328112
505.804263865
506.206015293
506.607582483
507.008965518
507.410164483
507.811179462
508.21201054
508.612657801
509.013121329
509.413401208
509.813497523
510.213410358
510.613139798
511.012685925
511.412048824
511.81122858
512.210225276
512.609038997
513.007669825
513.406117845
513.804383142
514.202465797
514.600365896
514.998083523
515.39561876
515.792971691
516.1901424
516.587130971
516.983937487
517.380562032
517.777004688
518.173265541
518.569344671
518.965242165
519.360958103
519.75649257
520.151845649
520.547017424
520.942007976
521.33681739
521.731445749
522.125893134
522.520159631
522.91424532
523.308150286
523.701874612
524.095418379
524.488781671
524.881964571
525.274967161
525.667789524
526.060431743
526.4528939
526.845176078
527.237278359
527.629200826
528.020943562
528.412506648
528.803890168
529.195094203
529.586118835
529.976964148
530.367630224
530.758117144
531.14842499
531.538553845
531.928503792
532.318274911
532.707867285
533.097280996
533.486516126
533.875572756
534.26445097
534.653150847
535.041672471
535.430015923
535.818181284
536.206168637
536.593978063
536.981609643
537.36906346
537.756339594
538.143438127
538.53035914
538.917102716
539.303668935
539.690057879
540.076269629
540.462304266
540.848161871
541.233842526
541.619346312
542.00467331
542.389823601
542.774797265
543.159594385
543.544215041
543.928659313
544.312927284
544.697019033
545.080934641
545.46467419
545.84823776
546.231625431
546.614837285
546.997873401
547.380733862
547.763418746
548.145928135
548.528262109
548.910420748
549.292404134
549.674212346
550.055845464
550.437303569
550.818586742
551.199695062
551.58062861
551.961387465
552.341971709
552.72238142
553.102616679
553.482677566
553.862564162
554.242276545
554.621814796
555.001178994
555.38036922
555.759385553
556.138228074
556.51689686
556.895391994
557.273713553
557.651861618
558.029836268
558.407637582
558.785265641
559.162720524
559.540002309
559.917111077
560.294046907
560.670809878
561.047400069
561.42381756
561.800062429
562.176134757
562.552034621
562.927762102
563.303317278
563.678700228
564.053911032
564.428949767
564.803816514
565.17851135
565.553034356
565.927385608
566.301565188
566.675573172
567.04940964
567.42307467
567.796568342
568.169890733
568.543041922
568.916021988
569.288831009
569.661469064
570.033936231
570.406232588
570.778358214
571.150313186
571.522097584
571.893711486
572.265154969
572.636428112
573.007530993
573.37846369
573.749226281
574.119818844
574.490241457
574.860494198
575.230577145
575.600490375
575.970233967
576.339807999
576.709212548
577.078447691
577.447513507
577.816410073
578.185137467
578.553695767
578.922085049
579.290305392
579.658356873
580.026239569
580.393953558
580.761498917
581.128875723
581.496084054
581.863123987
582.2299956
582.596698968
582.963234171
583.329601284
583.695800385
584.061831551
584.427694858
584.793390384
585.158918207
585.524278401
585.889471046
586.254496217
586.61935399
586.984044444
587.348567655
587.712923699
588.077112653
588.441134594
588.804989597
589.168677741
589.532199101
589.895553754
590.258741776
590.621763244
590.984618234
591.347306822
591.709829085
592.072185099
592.43437494
592.796398685
593.158256409
593.519948189
593.881474101
594.242834221
594.604028625
594.965057388
595.325920588
595.686618299
596.047150599
596.407517561
596.767719263
597.12775578
597.487627189
597.847333563
598.206874981
598.566251516
598.925463244
599.284510242
599.643392585
600.002110348
600.360663606
600.719052436
601.077276912
601.43533711
601.793233106
602.150964973
602.508532789
602.865936628
603.223176565
603.580252675
603.937165034
604.293913717
604.650498798
605.006920354
605.363178457
605.719273185
606.075204611
606.43097281
606.786577858
607.142019829
607.497298798
607.85241484
608.207368029
608.56215844
608.916786148
609.271251227
609.625553752
609.979693798
610.333671439
610.687486749
611.041139803
611.394630675
611.74795944
612.101126172
612.454130946
612.806973835
613.159654914
613.512174257
613.864531938
614.216728032
614.568762612
614.920635752
615.272347527
615.623898011
615.975287277
616.3265154
616.677582453
617.028488511
617.379233646
617.729817933
618.080241446
618.430504258
618.780606444
619.130548076
619.480329228
619.829949974
620.179410388
620.528710543
620.877850512
621.22683037
621.575650188
621.924310042
622.272810004
622.621150147
622.969330545
623.31735127
623.665212398
624.012913999
624.360456149
624.707838918
625.055062382
625.402126613
625.749031683
626.095777667
626.442364636
626.788792664
627.135061824
627.481172188
627.827123829
628.172916821
628.518551235
628.864027145
629.209344623
629.554503743
629.899504575
630.244347194
630.589031672
630.933558081
631.277926493
631.622136982
631.966189619
632.310084477
632.653821629
632.997401146
633.340823101
633.684087567
634.027194615
634.370144317
634.712936746
635.055571974
635.398050073
635.740371116
636.082535173
636.424542317
636.76639262
637.108086154
637.449622991
637.791003203
638.132226861
638.473294038
638.814204805
639.154959233
639.495557395
639.835999362
640.176285206
640.516414998
640.856388811
641.196206714
641.535868781
641.875375082
642.214725689
642.553920673
642.892960106
643.231844059
643.570572603
643.90914581
644.247563751
644.585826496
644.923934118
645.261886687
645.599684274
645.937326951
646.274814789
646.612147858
646.949326229
647.286349974
647.623219163
647.959933867
648.296494158
648.632900105
648.96915178
649.305249254
649.641192597
649.976981879
650.312617172
650.648098546
650.983426072
651.318599819
651.65361986
651.988486264
652.323199101
652.657758443
652.992164359
653.32641692
653.660516196
653.994462258
654.328255176
654.661895019
654.995381859
655.328715764
655.661896807
655.994925056
656.327800581
656.660523454
656.993093743
657.325511518
657.657776851
657.98988981
658.321850465
658.653658886
658.985315144
659.316819307
659.648171446
659.97937163
660.310419929
660.641316413
660.972061151
661.302654213
661.633095668
661.963385586
662.293524037
662.623511089
662.953346813
663.283031277
663.612564552
663.941946706
664.271177809
664.600257929
664.929187137
665.257965501
665.586593091
665.915069976
666.243396224
666.571571906
666.899597089
667.227471844
667.555196238
667.882770341
668.210194223
668.537467951
668.864591594
669.191565222
669.518388903
669.845062707
670.171586701
670.497960954
670.824185536
671.150260514
671.476185957
671.801961935
672.127588515
672.453065766
672.778393756
673.103572555
673.428602229
673.753482849
674.078214481
674.402797195
674.727231058
675.05151614
675.375652507
675.699640229
676.023479374
676.347170009
676.670712203
676.994106024
677.31735154
677.640448818
677.963397928
678.286198936
678.608851911
678.931356921
679.253714033
679.575923316
679.897984836
680.219898663
680.541664863
680.863283505
681.184754655
681.506078382
681.827254754
682.148283837
682.469165699
682.789900408
683.110488032
683.430928637
683.751222292
684.071369063
684.391369018
684.711222225
685.03092875
685.350488661
685.669902025
685.989168909
686.308289381
686.627263507
686.946091356
687.264772992
687.583308485
687.901697901
688.219941306
688.538038769
688.855990355
689.173796132
689.491456166
689.808970524
690.126339274
690.443562482
690.760640214
691.077572538
691.39435952
691.711001226
692.027497724
692.34384908
692.660055361
692.976116632
693.292032961
693.607804414
693.923431057
694.238912957
694.554250181
694.869442794
695.184490863
695.499394454
695.814153633
696.128768467
696.443239022
696.757565364
697.071747559
697.385785674
697.699679773
698.013429925
698.327036193
698.640498645
698.953817346
699.266992363
699.58002376
699.892911605
700.205655962
700.518256898
700.830714479
701.143028769
701.455199836
701.767227743
702.079112559
702.390854347
702.702453173
703.013909103
703.325222203
703.636392538
703.947420173
704.258305174
704.569047607
704.879647536
705.190105027
705.500420146
705.810592957
706.120623526
706.430511919
706.740258199
707.049862433
707.359324686
707.668645023
707.977823508
708.286860208
708.595755186
708.904508508
709.213120239
709.521590444
709.829919188
710.138106535
710.446152551
710.7540573
711.061820847
711.369443256
711.676924593
711.984264923
712.291464309
712.598522817
712.905440511
713.212217455
713.518853715
713.825349355
714.131704438
714.437919031
714.743993196
715.049926999
715.355720504
715.661373776
715.966886877
716.272259874
716.577492829
716.882585808
717.187538875
717.492352093
717.797025526
718.10155924
718.405953297
718.710207763
719.014322701
719.318298174
719.622134248
719.925830985
720.22938845
720.532806707
720.836085819
721.139225851
721.442226866
721.745088927
722.047812099
722.350396446
722.65284203
722.955148916
723.257317167
723.559346846
723.861238018
724.162990746
724.464605093
724.766081123
725.067418899
725.368618484
725.669679943
725.970603337
726.271388732
726.572036189
726.872545772
727.172917545
727.47315157
727.773247911
728.073206631
728.373027793
728.67271146
728.972257695
729.271666562
729.570938122
729.87007244
730.169069577
730.467929598
730.766652564
731.065238539
731.363687586
731.661999767
731.960175145
732.258213783
732.556115743
732.853881089
733.151509883
733.449002187
733.746358064
734.043577576
734.340660787
734.637607758
734.934418553
735.231093233
735.527631862
735.8240345
736.120301212
736.416432058
736.712427102
737.008286406
737.304010031
737.599598041
737.895050497
738.190367462
738.485548997
738.780595165
739.075506028
739.370281648
739.664922087
739.959427407
740.253797669
740.548032936
740.84213327
741.136098733
741.429929386
741.723625291
742.017186511
742.310613106
742.603905139
742.897062671
743.190085764
743.482974479
743.775728879
744.068349025
744.360834978
744.6531868
744.945404552
745.237488296
745.529438094
745.821254007
746.112936095
746.404484422
746.695899047
746.987180032
747.278327439
747.569341329
747.860221762
748.150968801
748.441582507
748.732062939
749.022410161
749.312624232
749.602705214
749.892653168
750.182468155
750.472150235
750.76169947
751.051115921
751.340399648
751.629550713
751.918569176
752.207455099
752.496208541
752.784829564
753.073318228
753.361674594
753.649898723
753.937990675
754.225950511
754.513778292
754.801474078
755.089037929
755.376469907
755.663770071
755.950938482
756.237975201
756.524880288
756.811653803
757.098295807
757.384806359
757.671185521
757.957433352
758.243549913
758.529535263
758.815389464
759.101112575
759.386704656
759.672165768
759.95749597
760.242695322
760.527763885
760.812701719
761.097508883
761.382185437
761.666731442
761.951146956
762.235432041
762.519586755
762.803611159
763.087505312
763.371269274
763.654903105
763.938406865
764.221780612
764.505024407
764.78813831
765.071122379
765.353976675
765.636701256
765.919296183
766.201761515
766.484097311
766.766303631
767.048380534
767.330328079
767.612146326
767.893835334
768.175395163
768.456825871
768.738127517
769.019300162
769.300343863
769.581258681
769.862044675
770.142701902
770.423230423
770.703630297
770.983901582
771.264044338
771.544058623
771.823944496
772.103702016
772.383331243
772.662832234
772.942205049
773.221449747
773.500566386
773.779555024
774.058415722
774.337148537
774.615753527
774.894230753
775.172580271
775.450802141
775.728896422
776.006863171
776.284702448
776.56241431
776.839998817
777.117456026
777.394785996
777.671988786
777.949064453
778.226013056
778.502834653
778.779529303
779.056097063
779.332537992
779.608852148
779.88503959
780.161100374
780.43703456
780.712842205
780.988523368
781.264078106
781.539506478
781.814808541
782.089984353
782.365033973
782.639957457
782.914754864
783.189426252
783.463971679
783.738391202
784.012684879
784.286852767
784.560894925
784.834811411
785.10860228
785.382267592
785.655807404
785.929221774
786.202510758
786.475674415
786.748712802
787.021625976
787.294413995
787.567076916
787.839614797
788.112027694
788.384315666
788.65647877
788.928517062
789.2004306
789.472219441
789.743883643
790.015423262
790.286838357
790.558128982
790.829295197
791.100337058
791.371254622
791.642047945
791.912717086
792.183262101
792.453683046
792.723979979
792.994152957
793.264202036
793.534127273
793.803928725
794.07360645
794.343160502
794.61259094
794.88189782
795.151081199
795.420141133
795.689077678
795.957890892
796.226580832
796.495147552
796.763591111
797.031911564
797.300108969
797.56818338
797.836134856
798.103963451
798.371669223
798.639252228
798.906712523
799.174050162
799.441265204
799.708357703
799.975327716
800.2421753
800.50890051
800.775503403
801.041984034
801.30834246
801.574578737
801.84069292
802.106685066
802.372555231
802.638303471
802.903929841
803.169434398
803.434817197
803.700078294
803.965217745
804.230235606
804.495131932
804.759906779
805.024560204
805.289092261
805.553503007
805.817792496
806.081960785
806.346007929
806.609933984
806.873739005
807.137423048
807.400986168
807.66442842
807.927749861
808.190950545
808.454030528
808.716989865
808.979828612
809.242546823
809.505144555
809.767621862
810.029978799
810.292215423
810.554331787
810.816327947
811.078203959
811.339959877
811.601595757
811.863111652
812.12450762
812.385783714
812.646939989
812.907976501
813.168893304
813.429690453
813.690368003
813.950926009
814.211364526
814.471683609
814.731883312
814.99196369
815.251924798
815.51176669
815.771489421
816.031093047
816.29057762
816.549943197
816.809189831
817.068317578
817.327326491
817.586216625
817.844988035
818.103640775
818.362174899
818.620590463
818.878887519
819.137066123
819.39512633
819.653068192
819.910891765
820.168597102
820.426184259
820.683653289
820.941004246
821.198237184
821.455352158
821.712349222
821.96922843
822.225989835
822.482633493
822.739159456
822.995567779
823.251858515
823.50803172
823.764087446
824.020025747
824.275846678
824.531550292
824.787136643
825.042605784
825.29795777
825.553192654
825.80831049
826.063311332
826.318195233
826.572962246
826.827612427
827.082145827
827.3365625
827.590862501
827.845045883
828.099112698
828.353063001
828.606896846
828.860614284
829.11421537
829.367700158
829.6210687
829.874321049
830.12745726
830.380477385
830.633381478
830.886169591
831.138841778
831.391398093
831.643838587
831.896163315
832.14837233
832.400465684
832.65244343
832.904305623
833.156052313
833.407683556
833.659199402
833.910599906
834.161885121
834.413055099
834.664109892
834.915049555
835.165874139
835.416583697
835.667178283
835.917657948
836.168022747
836.41827273
836.668407951
836.918428463
837.168334318
837.418125569
837.667802268
837.917364468
838.166812221
838.41614558
838.665364597
838.914469325
839.163459816
839.412336123
839.661098297
839.909746392
840.158280459
840.406700551
840.65500672
840.903199018
841.151277498
841.399242212
841.647093211
841.894830549
842.142454277
842.389964447
842.637361111
842.884644322
843.131814132
843.378870591
843.625813754
843.87264367
844.119360393
844.365963974
844.612454466
844.858831919
845.105096386
845.351247919
845.597286569
845.843212388
846.089025428
846.334725741
846.580313379
846.825788392
847.071150833
847.316400753
847.561538204
847.806563238
848.051475905
848.296276258
848.540964349
848.785540227
849.030003946
849.274355556
849.518595109
849.762722657
850.00673825
850.250641939
850.494433777
850.738113815
850.981682104
851.225138694
851.468483638
851.711716986
851.95483879
852.197849101
852.44074797
852.683535448
852.926211586
853.168776435
853.411230046
853.653572471
853.89580376
854.137923964
854.379933134
854.621831321
854.863618577
855.105294951
855.346860495
855.588315259
855.829659294
856.070892652
856.312015383
856.553027537
856.793929165
857.034720319
857.275401048
857.515971403
857.756431435
857.996781195
858.237020733
858.477150099
858.717169344
858.95707852
859.196877675
859.43656686
859.676146127
859.915615525
860.154975105
860.394224917
860.633365012
860.872395439
861.11131625
861.350127493
861.588829221
861.827421482
862.065904327
862.304277807
862.54254197
862.780696869
863.018742552
863.256679069
863.494506471
863.732224808
863.96983413
864.207334487
864.444725928
864.682008505
864.919182265
865.156247261
865.39320354
865.630051154
865.866790153
866.103420585
866.3399425
866.576355949
866.812660982
867.048857647
867.284945995
867.520926075
867.756797938
867.992561631
868.228217206
868.463764712
868.699204198
868.934535714
869.169759309
869.404875033
869.639882936
869.874783066
870.109575473
870.344260207
870.578837317
870.813306852
871.047668862
871.281923396
871.516070504
871.750110233
871.984042635
872.217867757
872.45158565
872.685196362
872.918699943
873.152096441
873.385385906
873.618568387
873.851643932
874.084612592
874.317474415
874.550229449
874.782877745
875.01541935
875.247854314
875.480182686
875.712404514
875.944519848
876.176528736
876.408431227
876.640227371
876.871917214
877.103500808
877.334978199
877.566349437
877.797614571
878.028773648
878.259826719
878.490773831
878.721615033
878.952350374
879.182979901
879.413503665
879.643921712
879.874234093
880.104440854
880.334542045
880.564537714
880.794427909
881.024212679
881.253892071
881.483466136
881.71293492
881.942298471
882.17155684
882.400710072
882.629758217
882.858701323
883.087539439
883.316272611
883.544900888
883.773424319
884.001842952
884.230156834
884.458366014
884.686470539
884.914470458
885.142365818
885.370156668
885.597843055
885.825425028
886.052902634
886.280275921
886.507544937
886.73470973
886.961770347
887.188726836
887.415579246
887.642327624
887.868972017
888.095512473
888.32194904
888.548281765
888.774510697
889.000635882
889.226657369
889.452575204
889.678389436
889.904100112
890.129707279
890.355210985
890.580611278
890.805908204
891.031101811
891.256192147
891.481179258
891.706063193
891.930843998
892.155521722
892.38009641
892.60456811
892.828936871
893.053202738
893.277365758
893.501425981
893.725383451
893.949238216
894.172990325
894.396639822
894.620186757
894.843631175
895.066973124
895.29021265
895.513349801
895.736384624
895.959317165
896.182147471
896.40487559
896.627501568
896.850025452
897.072447289
897.294767125
897.516985008
897.739100984
897.9611151
898.183027402
898.404837938
898.626546753
898.848153896
899.069659411
899.291063346
899.512365748
899.733566663
899.954666137
900.175664217
900.39656095
900.617356382
900.838050559
901.058643529
901.279135336
901.499526028
901.719815652
901.940004252
902.160091877
902.380078571
902.599964382
902.819749356
903.039433538
903.259016976
903.478499714
903.697881801
903.917163281
904.1363442
904.355424605
904.574404543
904.793284058
905.012063198
905.230742008
905.449320533
905.667798821
905.886176917
906.104454867
906.322632717
906.540710513
906.758688301
906.976566126
907.194344035
907.412022072
907.629600285
907.847078719
908.06445742
908.281736433
908.498915804
908.715995578
908.932975802
909.149856521
909.366637781
909.583319628
909.799902106
910.016385261
910.23276914
910.449053787
910.665239249
910.881325569
911.097312795
911.313200972
911.528990144
911.744680357
911.960271658
912.17576409
912.391157699
912.606452532
912.821648632
913.036746045
913.251744818
913.466644993
913.681446618
913.896149737
914.110754395
914.325260638
914.539668511
914.753978058
914.968189325
915.182302357
915.396317199
915.610233895
915.824052492
916.037773034
916.251395566
916.464920132
916.678346779
916.89167555
917.104906491
917.318039646
917.53107506
917.744012779
917.956852847
918.169595308
918.382240208
918.594787591
918.807237502
919.019589986
919.231845087
919.444002849
919.656063319
919.86802654
920.079892556
920.291661413
920.503333155
920.714907827
920.926385472
921.137766136
921.349049863
921.560236698
921.771326684
921.982319867
922.19321629
922.404015998
922.614719036
922.825325447
923.035835277
923.246248569
923.456565367
923.666785717
923.876909661
924.086937245
924.296868512
924.506703507
924.716442274
924.926084856
925.135631299
925.345081646
925.554435941
925.763694228
925.972856552
926.181922956
926.390893484
926.599768181
926.808547089
927.017230254
927.225817719
927.434309528
927.642705724
927.851006352
928.059211456
928.267321079
928.475335265
928.683254057
928.891077501
929.098805638
929.306438514
929.513976171
929.721418654
929.928766005
930.13601827
930.34317549
930.55023771
930.757204974
930.964077325
931.170854806
931.377537461
931.584125333
931.790618467
931.997016904
932.20332069
932.409529867
932.615644478
932.821664567
933.027590178
933.233421353
933.439158136
933.64480057
933.850348699
934.055802565
934.261162213
934.466427684
934.671599023
934.876676273
935.081659476
935.286548676
935.491343916
935.696045238
935.900652687
936.105166305
936.309586136
936.513912221
936.718144604
936.922283329
937.126328438
937.330279973
937.534137979
937.737902497
937.941573571
938.145151244
938.348635558
938.552026556
938.755324281
938.958528775
939.161640083
939.364658245
939.567583306
939.770415307
939.973154291
940.175800302
940.378353381
940.580813571
940.783180915
940.985455455
941.187637235
941.389726296
941.59172268
941.793626432
941.995437592
942.197156204
942.39878231
942.600315952
942.801757173
943.003106015
943.204362521
943.405526732
943.606598691
943.807578441
944.008466024
944.209261481
944.409964856
944.610576191
944.811095527
945.011522907
945.211858373
945.412101967
945.612253731
945.812313708
946.01228194
946.212158468
946.411943335
946.611636582
946.811238253
947.010748387
947.210167029
947.409494219
947.60873
947.807874414
948.006927501
948.205889305
948.404759868
948.60353923
948.802227434
949.000824521
949.199330534
949.397745515
949.596069504
949.794302543
949.992444676
950.190495942
950.388456384
950.586326043
950.784104961
950.98179318
951.179390741
951.376897686
951.574314056
951.771639893
951.968875238
952.166020133
952.36307462
952.56003874
952.756912533
952.953696043
953.150389309
953.346992374
953.543505279
953.739928065
953.936260774
954.132503446
954.328656124
954.524718847
954.720691659
954.916574599
955.11236771
955.308071032
955.503684606
955.699208474
955.894642676
956.089987255
956.28524225
956.480407703
956.675483656
956.870470149
957.065367223
957.260174919
957.454893278
957.649522341
957.84406215
958.038512745
958.232874166
958.427146455
958.621329654
958.815423801
959.009428939
959.203345109
959.39717235
959.590910704
959.784560212
959.978120914
960.171592851
960.364976063
960.558270593
960.751476479
960.944593763
961.137622485
961.330562687
961.523414408
961.716177689
961.908852571
962.101439094
962.293937299
962.486347227
962.678668917
962.87090241
963.063047747
963.255104968
963.447074114
963.638955224
963.83074834
964.022453501
964.214070749
964.405600122
964.597041663
964.78839541
964.979661404
965.170839686
965.361930295
965.552933272
965.743848657
965.93467649
966.125416812
966.316069662
966.50663508
966.697113107
966.887503783
967.077807148
967.268023241
967.458152103
967.648193775
967.838148294
968.028015703
968.217796041
968.407489347
968.597095662
968.786615025
968.976047476
969.165393056
969.354651804
969.54382376
969.732908963
969.921907454
970.110819272
970.299644457
970.488383049
970.677035087
970.865600612
971.054079662
971.242472277
971.430778498
971.618998363
971.807131912
971.995179186
972.183140223
972.371015062
972.558803745
972.746506309
972.934122795
973.121653242
973.309097689
973.496456177
973.683728743
973.870915428
974.058016272
974.245031313
974.43196059
974.618804144
974.805562013
974.992234237
975.178820855
975.365321907
975.55173743
975.738067466
975.924312052
976.110471229
976.296545035
976.482533509
976.668436691
976.85425462
977.039987335
977.225634874
977.411197277
977.596674584
977.782066832
977.967374061
978.15259631
978.337733619
978.522786025
978.707753568
978.892636287
979.07743422
979.262147407
979.446775887
979.631319697
979.815778878
980.000153468
980.184443505
980.368649029
980.552770078
980.736806691
980.920758907
981.104626764
981.288410302
981.472109557
981.655724571
981.83925538
982.022702024
982.206064542
982.389342971
982.57253735
982.755647719
982.938674115
983.121616576
983.304475143
983.487249852
983.669940743
983.852547853
984.035071222
984.217510887
984.399866887
984.582139261
984.764328047
984.946433282
985.128455006
985.310393257
985.492248073
985.674019492
985.855707552
986.037312292
986.21883375
986.400271964
986.581626973
986.762898814
986.944087525
987.125193145
987.306215712
987.487155264
987.668011839
987.848785475
988.02947621
988.210084082
988.390609129
988.571051389
988.7514109
988.931687701
989.111881828
989.291993319
989.472022214
989.651968549
989.831832363
990.011613693
990.191312577
990.370929053
990.550463158
990.729914931
990.90928441
991.088571631
991.267776633
991.446899454
991.62594013
991.804898701
991.983775203
992.162569674
992.341282151
992.519912673
992.698461277
992.876928
993.05531288
993.233615955
993.411837261
993.589976838
993.768034721
993.946010948
994.123905558
994.301718587
994.479450073
994.657100053
994.834668564
995.012155644
995.189561331
995.366885661
995.544128672
995.721290401
995.898370886
996.075370163
996.25228827
996.429125245
996.605881123
996.782555944
996.959149743
997.135662558
997.312094426
997.488445384
997.664715469
997.840904719
998.01701317
998.19304086
998.368987825
998.544854102
998.720639729
998.896344743
999.07196918
999.247513078
999.422976473
999.598359402
999.773661902
999.948884011
1000.12402576
1000.2990872
1000.47406835
1000.64896926
1000.82378996
1000.99853049
1001.17319089
1001.34777119
1001.52227143
1001.69669164
1001.87103187
1002.04529214
1002.21947251
1002.39357299
1002.56759363
1002.74153447
1002.91539555
1003.08917689
1003.26287853
1003.43650052
1003.61004289
1003.78350568
1003.95688891
1004.13019263
1004.30341688
1004.47656169
1004.6496271
1004.82261314
1004.99551985
1005.16834727
1005.34109543
1005.51376437
1005.68635412
1005.85886473
1006.03129623
1006.20364865
1006.37592203
1006.54811641
1006.72023182
1006.89226831
1007.06422589
1007.23610462
1007.40790453
1007.57962566
1007.75126803
1007.92283169
1008.09431667
1008.26572301
1008.43705075
1008.60829991
1008.77947055
1008.95056269
1009.12157636
1009.29251161
1009.46336847
1009.63414698
1009.80484717
1009.97546908
1010.14601274
1010.3164782
1010.48686548
1010.65717462
1010.82740566
1010.99755864
1011.16763358
1011.33763053
1011.50754952
1011.67739059
1011.84715377
1012.0168391
1012.18644661
1012.35597634
1012.52542833
1012.69480261
1012.86409921
1013.03331818
1013.20245955
1013.37152334
1013.54050961
1013.70941838
1013.8782497
1014.04700359
1014.21568009
1014.38427923
1014.55280106
1014.72124561
1014.88961291
1015.05790299
1015.22611591
1015.39425168
1015.56231034
1015.73029194
1015.8981965
1016.06602406
1016.23377466
1016.40144833
1016.5690451
1016.73656502
1016.90400811
1017.07137442
1017.23866397
1017.40587681
1017.57301297
1017.74007247
1017.90705537
1018.07396169
1018.24079147
1018.40754474
1018.57422154
1018.7408219
1018.90734586
1019.07379346
1019.24016473
1019.4064597
1019.5726784
1019.73882088
1019.90488718
1020.07087731
1020.23679132
1020.40262925
1020.56839112
1020.73407698
1020.89968686
1021.06522079
1021.2306788
1021.39606094
1021.56136724
1021.72659773
1021.89175245
1022.05683142
1022.2218347
1022.3867623
1022.55161428
1022.71639065
1022.88109145
1023.04571673
1023.21026651
1023.37474083
1023.53913973
1023.70346323
1023.86771138
1024.0318842
1024.19598174
1024.36000402
1024.52395108
1024.68782296
1024.85161969
1025.0153413
1025.17898783
1025.34255932
1025.50605579
1025.66947729
1025.83282384
1025.99609548
1026.15929225
1026.32241418
1026.4854613
1026.64843365
1026.81133126
1026.97415417
1027.13690241
1027.29957602
1027.46217503
1027.62469946
1027.78714937
1027.94952478
1028.11182573
1028.27405224
1028.43620436
1028.59828212
1028.76028555
1028.92221469
1029.08406957
1029.24585023
1029.40755669
1029.569189
1029.73074718
1029.89223128
1030.05364132
1030.21497734
1030.37623937
1030.53742745
1030.69854161
1030.85958188
1031.02054831
1031.18144091
1031.34225973
1031.5030048
1031.66367616
1031.82427383
1031.98479786
1032.14524827
1032.3056251
1032.46592838
1032.62615815
1032.78631444
1032.94639728
1033.10640671
1033.26634277
1033.42620547
1033.58599487
1033.74571099
1033.90535386
1034.06492352
1034.22442001
1034.38384335
1034.54319358
1034.70247074
1034.86167485
1035.02080596
1035.17986409
1035.33884927
1035.49776155
1035.65660095
1035.81536751
1035.97406126
1036.13268224
1036.29123047
1036.44970599
1036.60810884
1036.76643905
1036.92469665
1037.08288167
1037.24099415
1037.39903413
1037.55700162
1037.71489668
1037.87271932
1038.03046959
1038.18814752
1038.34575314
1038.50328648
1038.66074758
1038.81813647
1038.97545318
1039.13269774
1039.2898702
1039.44697058
1039.60399891
1039.76095524
1039.91783958
1040.07465198
1040.23139246
1040.38806107
1040.54465783
1040.70118278
1040.85763594
1041.01401736
1041.17032706
1041.32656508
1041.48273145
1041.63882621
1041.79484938
1041.950801
1042.10668111
1042.26248972
1042.41822689
1042.57389264
1042.729487
1042.88501
1043.04046169
1043.19584208
1043.35115122
1043.50638914
1043.66155587
1043.81665143
1043.97167588
1044.12662923
1044.28151152
1044.43632278
1044.59106305
1044.74573236
1044.90033073
1045.05485821
1045.20931483
1045.36370061
1045.51801559
1045.67225981
1045.82643329
1045.98053606
1046.13456817
1046.28852964
1046.44242051
1046.5962408
1046.74999055
1046.9036698
1047.05727856
1047.21081689
1047.3642848
1047.51768234
1047.67100953
1047.8242664
1047.97745299
1048.13056933
1048.28361546
1048.4365914
1048.58949718
1048.74233285
1048.89509843
1049.04779394
1049.20041944
1049.35297494
1049.50546048
1049.6578761
1049.81022181
1049.96249767
1050.11470369
1050.26683991
1050.41890636
1050.57090308
1050.72283009
1050.87468743
1051.02647513
1051.17819322
1051.32984174
1051.48142071
1051.63293017
1051.78437015
1051.93574067
1052.08704179
1052.23827351
1052.38943589
1052.54052894
1052.6915527
1052.84250721
1052.99339248
1053.14420857
1053.29495549
1053.44563328
1053.59624197
1053.74678159
1053.89725218
1054.04765376
1054.19798637
1054.34825004
1054.4984448
1054.64857068
1054.79862772
1054.94861594
1055.09853538
1055.24838606
1055.39816803
1055.54788131
1055.69752593
1055.84710192
1055.99660933
1056.14604817
1056.29541847
1056.44472028
1056.59395362
1056.74311852
1056.89221502
1057.04124315
1057.19020293
1057.33909439
1057.48791758
1057.63667252
1057.78535925
1057.93397778
1058.08252817
1058.23101042
1058.37942459
1058.52777069
1058.67604877
1058.82425884
1058.97240095
1059.12047512
1059.26848139
1059.41641978
1059.56429033
1059.71209307
1059.85982802
1060.00749523
1060.15509472
1060.30262652
1060.45009066
1060.59748718
1060.7448161
1060.89207746
1061.03927129
1061.18639761
1061.33345647
1061.48044788
1061.62737189
1061.77422852
1061.9210178
1062.06773977
1062.21439445
1062.36098187
1062.50750208
1062.65395509
1062.80034094
1062.94665965
1063.09291127
1063.23909582
1063.38521333
1063.53126383
1063.67724735
1063.82316393
1063.96901359
1064.11479636
1064.26051228
1064.40616138
1064.55174369
1064.69725923
1064.84270804
1064.98809015
1065.13340558
1065.27865438
1065.42383657
1065.56895218
1065.71400124
1065.85898378
1066.00389984
1066.14874943
1066.29353261
1066.43824938
1066.58289979
1066.72748386
1066.87200163
1067.01645313
1067.16083838
1067.30515742
1067.44941027
1067.59359697
1067.73771755
1067.88177204
1068.02576046
1068.16968286
1068.31353925
1068.45732967
1068.60105415
1068.74471272
1068.88830541
1069.03183225
1069.17529327
1069.3186885
1069.46201797
1069.60528171
1069.74847975
1069.89161212
1070.03467885
1070.17767997
1070.32061552
1070.46348552
1070.60628999
1070.74902898
1070.89170251
1071.03431061
1071.17685332
1071.31933065
1071.46174265
1071.60408933
1071.74637074
1071.8885869
1072.03073784
1072.17282359
1072.31484418
1072.45679965
1072.59869001
1072.74051531
1072.88227556
1073.02397081
1073.16560107
1073.30716638
1073.44866678
1073.59010228
1073.73147293
1073.87277874
1074.01401975
1074.15519599
1074.29630748
1074.43735427
1074.57833637
1074.71925382
1074.86010664
1075.00089488
1075.14161854
1075.28227768
1075.4228723
1075.56340246
1075.70386817
1075.84426946
1075.98460636
1076.12487891
1076.26508713
1076.40523105
1076.54531071
1076.68532612
1076.82527732
1076.96516435
1077.10498722
1077.24474598
1077.38444064
1077.52407123
1077.6636378
1077.80314036
1077.94257895
1078.08195359
1078.22126431
1078.36051115
1078.49969414
1078.63881329
1078.77786865
1078.91686023
1079.05578808
1079.19465221
1079.33345267
1079.47218947
1079.61086264
1079.74947223
1079.88801825
1080.02650073
1080.16491971
1080.30327521
1080.44156726
1080.57979589
1080.71796113
1080.85606301
1080.99410155
1081.1320768
1081.26998877
1081.40783749
1081.545623
1081.68334533
1081.82100449
1081.95860053
1082.09613346
1082.23360332
1082.37101015
1082.50835395
1082.64563478
1082.78285265
1082.92000759
1083.05709963
1083.19412881
1083.33109514
1083.46799866
1083.6048394
1083.74161739
1083.87833265
1084.01498522
1084.15157512
1084.28810237
1084.42456702
1084.56096909
1084.69730861
1084.8335856
1084.9698001
1085.10595212
1085.24204172
1085.3780689
1085.5140337
1085.64993615
1085.78577628
1085.92155411
1086.05726967
1086.192923
1086.32851412
1086.46404306
1086.59950984
1086.7349145
1086.87025707
1087.00553757
1087.14075603
1087.27591248
1087.41100695
1087.54603947
1087.68101006
1087.81591876
1087.95076559
1088.08555057
1088.22027375
1088.35493515
1088.48953479
1088.62407271
1088.75854892
1088.89296347
1089.02731638
1089.16160767
1089.29583738
1089.43000554
1089.56411216
1089.69815729
1089.83214094
1089.96606315
1090.09992394
1090.23372335
1090.3674614
1090.50113812
1090.63475353
1090.76830767
1090.90180056
1091.03523224
1091.16860272
1091.30191204
1091.43516023
1091.56834731
1091.70147332
1091.83453827
1091.9675422
1092.10048514
1092.23336711
1092.36618814
1092.49894826
1092.6316475
1092.76428589
1092.89686344
1093.0293802
1093.16183619
1093.29423144
1093.42656597
1093.55883981
1093.691053
1093.82320555
1093.9552975
1094.08732887
1094.21929969
1094.35121
1094.48305981
1094.61484915
1094.74657806
1094.87824656
1095.00985468
1095.14140244
1095.27288988
1095.40431702
1095.53568388
1095.66699051
1095.79823691
1095.92942313
1096.06054919
1096.19161512
1096.32262094
1096.45356668
1096.58445237
1096.71527804
1096.84604371
1096.97674942
1097.10739518
1097.23798104
1097.368507
1097.49897311
1097.62937939
1097.75972587
1097.89001257
1098.02023952
1098.15040675
1098.28051429
1098.41056216
1098.54055039
1098.67047902
1098.80034806
1098.93015754
1099.05990749
1099.18959794
1099.31922892
1099.44880044
1099.57831255
1099.70776527
1099.83715862
1099.96649263
1100.09576733
1100.22498274
1100.3541389
1100.48323583
1100.61227356
1100.74125211
1100.87017151
1100.99903179
1101.12783298
1101.2565751
1101.38525818
1101.51388225
1101.64244733
1101.77095346
1101.89940065
1102.02778894
1102.15611835
1102.28438891
1102.41260064
1102.54075358
1102.66884775
1102.79688318
1102.92485989
1103.05277791
1103.18063727
1103.308438
1103.43618012
1103.56386365
1103.69148864
1103.81905509
1103.94656304
1104.07401252
1104.20140356
1104.32873617
1104.45601039
1104.58322624
1104.71038375
1104.83748295
1104.96452387
1105.09150652
1105.21843094
1105.34529716
1105.47210519
1105.59885507
1105.72554683
1105.85218049
1105.97875607
1106.10527361
1106.23173312
1106.35813465
1106.48447821
1106.61076382
1106.73699153
1106.86316135
1106.9892733
1107.11532743
1107.24132375
1107.36726228
1107.49314306
1107.61896612
1107.74473147
1107.87043915
1107.99608918
1108.12168159
1108.2472164
1108.37269365
1108.49811335
1108.62347553
1108.74878023
1108.87402746
1108.99921726
1109.12434964
1109.24942464
1109.37444228
1109.49940259
1109.6243056
1109.74915132
1109.8739398
1109.99867104
1110.12334509
1110.24796196
1110.37252168
1110.49702428
1110.62146979
1110.74585822
1110.87018962
1110.99446399
1111.11868138
1111.2428418
1111.36694528
1111.49099185
1111.61498153
1111.73891435
1111.86279034
1111.98660952
1112.11037191
1112.23407755
1112.35772646
1112.48131867
1112.6048542
1112.72833307
1112.85175532
1112.97512097
1113.09843005
1113.22168258
1113.34487858
1113.46801809
1113.59110113
1113.71412772
1113.8370979
1113.96001168
1114.08286909
1114.20567017
1114.32841492
1114.45110339
1114.5737356
1114.69631157
1114.81883132
1114.94129489
1115.0637023
1115.18605357
1115.30834874
1115.43058782
1115.55277084
1115.67489783
1115.79696882
1115.91898382
1116.04094287
1116.16284599
1116.28469321
1116.40648455
1116.52822004
1116.6498997
1116.77152356
1116.89309164
1117.01460398
1117.13606059
1117.2574615
1117.37880674
1117.50009633
1117.62133029
1117.74250867
1117.86363147
1117.98469872
1118.10571046
1118.22666669
1118.34756747
1118.46841279
1118.5892027
1118.70993721
1118.83061636
1118.95124017
1119.07180866
1119.19232185
1119.31277978
1119.43318247
1119.55352995
1119.67382223
1119.79405935
1119.91424133
1120.0343682
1120.15443997
1120.27445669
1120.39441836
1120.51432502
1120.6341767
1120.75397341
1120.87371518
1120.99340204
1121.11303402
1121.23261113
1121.3521334
1121.47160087
1121.59101354
1121.71037146
1121.82967464
1121.94892311
1122.06811689
1122.18725601
1122.30634049
1122.42537037
1122.54434565
1122.66326638
1122.78213257
1122.90094425
1123.01970145
1123.13840418
1123.25705248
1123.37564636
1123.49418586
1123.612671
1123.73110181
1123.8494783
1123.96780051
1124.08606845
1124.20428216
1124.32244166
1124.44054697
1124.55859812
1124.67659513
1124.79453803
1124.91242684
1125.03026159
1125.1480423
1125.265769
1125.38344171
1125.50106045
1125.61862526
1125.73613615
1125.85359316
1125.9709963
1126.0883456
1126.20564108
1126.32288278
1126.44007071
1126.55720489
1126.67428536
1126.79131214
1126.90828525
1127.02520472
1127.14207057
1127.25888283
1127.37564152
1127.49234666
1127.60899829
1127.72559642
1127.84214107
1127.95863229
1128.07507008
1128.19145447
1128.30778549
1128.42406316
1128.54028751
1128.65645856
1128.77257633
1128.88864086
1129.00465216
1129.12061025
1129.23651517
1129.35236694
1129.46816558
1129.58391111
1129.69960356
1129.81524296
1129.93082933
1130.04636269
1130.16184307
1130.27727049
1130.39264498
1130.50796655
1130.62323524
1130.73845108
1130.85361407
1130.96872425
1131.08378164
1131.19878627
1131.31373816
1131.42863733
1131.54348382
1131.65827763
1131.7730188
1131.88770735
1132.00234331
1132.11692669
1132.23145753
1132.34593585
1132.46036167
1132.57473501
1132.6890559
1132.80332437
1132.91754043
1133.03170412
1133.14581545
1133.25987445
1133.37388115
1133.48783556
1133.60173771
1133.71558763
1133.82938534
1133.94313087
1134.05682423
1134.17046545
1134.28405456
1134.39759157
1134.51107652
1134.62450943
1134.73789031
1134.85121921
1134.96449613
1135.0777211
1135.19089415
1135.3040153
1135.41708457
1135.53010199
1135.64306758
1135.75598137
1135.86884337
1135.98165362
1136.09441214
1136.20711894
1136.31977406
1136.43237752
1136.54492933
1136.65742954
1136.76987815
1136.88227519
1136.99462069
1137.10691467
1137.21915715
1137.33134816
1137.44348772
1137.55557585
1137.66761258
1137.77959793
1137.89153193
1138.00341459
1138.11524595
1138.22702602
1138.33875483
1138.4504324
1138.56205876
1138.67363392
1138.78515792
1138.89663078
1139.00805252
1139.11942315
1139.23074272
1139.34201124
1139.45322873
1139.56439521
1139.67551072
1139.78657527
1139.89758888
1140.00855159
1140.11946341
1140.23032437
1140.34113449
1140.45189379
1140.56260229
1140.67326003
1140.78386703
1140.89442329
1141.00492886
1141.11538375
1141.22578799
1141.3361416
1141.4464446
1141.55669702
1141.66689888
1141.7770502
1141.887151
1141.99720131
1142.10720116
1142.21715056
1142.32704954
1142.43689812
1142.54669633
1142.65644418
1142.76614171
1142.87578892
1142.98538586
1143.09493253
1143.20442897
1143.31387519
1143.42327123
1143.53261709
1143.64191281
1143.75115841
1143.86035391
1143.96949933
1144.0785947
1144.18764004
1144.29663538
1144.40558072
1144.51447611
1144.62332156
1144.7321171
1144.84086274
1144.94955851
1145.05820443
1145.16680054
1145.27534684
1145.38384336
1145.49229012
1145.60068716
1145.70903448
1145.81733212
1145.92558009
1146.03377842
1146.14192714
1146.25002625
1146.3580758
1146.46607579
1146.57402626
1146.68192722
1146.7897787
1146.89758072
1147.0053333
1147.11303647
1147.22069024
1147.32829465
1147.43584971
1147.54335545
1147.65081188
1147.75821904
1147.86557694
1147.97288561
1148.08014507
1148.18735534
1148.29451645
1148.40162841
1148.50869125
1148.61570499
1148.72266966
1148.82958527
1148.93645186
1149.04326943
1149.15003803
1149.25675765
1149.36342834
1149.47005011
1149.57662298
1149.68314699
1149.78962214
1149.89604846
1150.00242597
1150.1087547
1150.21503467
1150.32126591
1150.42744842
1150.53358224
1150.63966739
1150.74570389
1150.85169176
1150.95763103
1151.06352171
1151.16936384
1151.27515742
1151.38090249
1151.48659907
1151.59224717
1151.69784683
1151.80339806
1151.90890088
1152.01435533
1152.11976141
1152.22511915
1152.33042858
1152.43568971
1152.54090257
1152.64606719
1152.75118357
1152.85625175
1152.96127175
1153.06624358
1153.17116728
1153.27604286
1153.38087034
1153.48564975
1153.59038111
1153.69506445
1153.79969977
1153.90428711
1154.00882649
1154.11331793
1154.21776145
1154.32215707
1154.42650482
1154.53080471
1154.63505677
1154.73926103
1154.8434175
1154.9475262
1155.05158716
1155.1556004
1155.25956593
1155.36348379
1155.467354
1155.57117657
1155.67495153
1155.7786789
1155.8823587
1155.98599096
1156.08957569
1156.19311291
1156.29660266
1156.40004495
1156.50343979
1156.60678723
1156.71008727
1156.81333993
1156.91654525
1157.01970324
1157.12281392
1157.22587731
1157.32889344
1157.43186233
1157.534784
1157.63765847
1157.74048576
1157.8432659
1157.9459989
1158.04868479
1158.15132359
1158.25391532
1158.35646
1158.45895766
1158.56140831
1158.66381198
1158.76616869
1158.86847846
1158.97074131
1159.07295726
1159.17512634
1159.27724857
1159.37932396
1159.48135254
1159.58333434
1159.68526936
1159.78715764
1159.88899919
1159.99079404
1160.09254221
1160.19424372
1160.29589859
1160.39750684
1160.49906849
1160.60058357
1160.7020521
1160.80347409
1160.90484957
1161.00617856
1161.10746108
1161.20869716
1161.30988681
1161.41103006
1161.51212692
1161.61317742
1161.71418158
1161.81513942
1161.91605096
1162.01691623
1162.11773523
1162.21850801
1162.31923457
1162.41991494
1162.52054914
1162.62113719
1162.72167911
1162.82217492
1162.92262464
1163.0230283
1163.12338592
1163.22369751
1163.32396311
1163.42418272
1163.52435637
1163.62448408
1163.72456588
1163.82460177
1163.9245918
1164.02453597
1164.1244343
1164.22428682
1164.32409356
1164.42385452
1164.52356973
1164.62323921
1164.72286299
1164.82244108
1164.9219735
1165.02146028
1165.12090144
1165.22029699
1165.31964696
1165.41895137
1165.51821024
1165.6174236
1165.71659145
1165.81571382
1165.91479074
1166.01382223
1166.1128083
1166.21174897
1166.31064427
1166.40949422
1166.50829884
1166.60705815
1166.70577216
1166.80444091
1166.90306441
1167.00164268
1167.10017575
1167.19866363
1167.29710634
1167.39550391
1167.49385635
1167.59216369
1167.69042595
1167.78864314
1167.8868153
1167.98494243
1168.08302457
1168.18106172
1168.27905391
1168.37700117
1168.47490351
1168.57276095
1168.67057352
1168.76834123
1168.8660641
1168.96374216
1169.06137543
1169.15896392
1169.25650766
1169.35400667
1169.45146096
1169.54887056
1169.6462355
1169.74355578
1169.84083143
1169.93806247
1170.03524892
1170.13239081
1170.22948814
1170.32654095
1170.42354925
1170.52051306
1170.61743241
1170.71430731
1170.81113778
1170.90792385
1171.00466554
1171.10136286
1171.19801583
1171.29462448
1171.39118883
1171.48770889
1171.58418469
1171.68061625
1171.77700359
1171.87334672
1171.96964567
1172.06590046
1172.16211111
1172.25827763
1172.35440006
1172.4504784
1172.54651269
1172.64250293
1172.73844915
1172.83435138
1172.93020962
1173.02602391
1173.12179425
1173.21752068
1173.3132032
1173.40884185
1173.50443664
1173.59998759
1173.69549472
1173.79095805
1173.88637761
1173.9817534
1174.07708546
1174.1723738
1174.26761844
1174.3628194
1174.4579767
1174.55309037
1174.64816042
1174.74318687
1174.83816974
1174.93310905
1175.02800483
1175.12285708
1175.21766584
1175.31243112
1175.40715295
1175.50183133
1175.59646629
1175.69105786
1175.78560605
1175.88011088
1175.97457237
1176.06899054
1176.16336541
1176.257697
1176.35198533
1176.44623043
1176.5404323
1176.63459097
1176.72870646
1176.8227788
1176.91680799
1177.01079406
1177.10473703
1177.19863692
1177.29249375
1177.38630753
1177.48007829
1177.57380606
1177.66749083
1177.76113265
1177.85473152
1177.94828747
1178.04180052
1178.13527068
1178.22869797
1178.32208242
1178.41542405
1178.50872287
1178.60197891
1178.69519218
1178.7883627
1178.88149049
1178.97457558
1179.06761798
1179.16061771
1179.2535748
1179.34648925
1179.43936109
1179.53219035
1179.62497703
1179.71772116
1179.81042276
1179.90308185
1179.99569845
1180.08827257
1180.18080424
1180.27329348
1180.3657403
1180.45814472
1180.55050678
1180.64282647
1180.73510383
1180.82733887
1180.91953161
1181.01168207
1181.10379027
1181.19585624
1181.28787998
1181.37986152
1181.47180088
1181.56369808
1181.65555314
1181.74736607
1181.83913689
1181.93086563
1182.02255231
1182.11419694
1182.20579954
1182.29736013
1182.38887874
1182.48035537
1182.57179006
1182.66318281
1182.75453365
1182.8458426
1182.93710968
1183.0283349
1183.11951829
1183.21065986
1183.30175964
1183.39281763
1183.48383387
1183.57480837
1183.66574115
1183.75663223
1183.84748163
1183.93828936
1184.02905546
1184.11977992
1184.21046278
1184.30110406
1184.39170377
1184.48226193
1184.57277856
1184.66325368
1184.75368731
1184.84407947
1184.93443017
1185.02473945
1185.1150073
1185.20523376
1185.29541885
1185.38556257
1185.47566496
1185.56572603
1185.65574579
1185.74572427
1185.8356615
1185.92555747
1186.01541222
1186.10522577
1186.19499812
1186.28472931
1186.37441935
1186.46406826
1186.55367605
1186.64324275
1186.73276838
1186.82225295
1186.91169649
1187.001099
1187.09046052
1187.17978106
1187.26906064
1187.35829927
1187.44749698
1187.53665378
1187.6257697
1187.71484475
1187.80387895
1187.89287233
1187.98182489
1188.07073665
1188.15960765
1188.24843788
1188.33722739
1188.42597617
1188.51468425
1188.60335166
1188.6919784
1188.7805645
1188.86910997
1188.95761484
1189.04607912
1189.13450283
1189.22288599
1189.31122862
1189.39953074
1189.48779236
1189.5760135
1189.66419419
1189.75233444
1189.84043427
1189.9284937
1190.01651274
1190.10449142
1190.19242976
1190.28032777
1190.36818546
1190.45600287
1190.54378
1190.63151689
1190.71921353
1190.80686996
1190.89448619
1190.98206224
1191.06959813
1191.15709388
1191.2445495
1191.33196501
1191.41934044
1191.5066758
1191.5939711
1191.68122638
1191.76844164
1191.8556169
1191.94275219
1192.02984751
1192.1169029
1192.20391836
1192.29089392
1192.37782959
1192.4647254
1192.55158135
1192.63839748
1192.72517379
1192.8119103
1192.89860704
1192.98526402
1193.07188126
1193.15845878
1193.2449966
1193.33149473
1193.41795319
1193.50437201
1193.59075119
1193.67709076
1193.76339074
1193.84965114
1193.93587198
1194.02205328
1194.10819506
1194.19429734
1194.28036013
1194.36638345
1194.45236733
1194.53831177
1194.6242168
1194.71008243
1194.79590869
1194.88169559
1194.96744315
1195.05315138
1195.13882031
1195.22444995
1195.31004033
1195.39559145
1195.48110334
1195.56657601
1195.65200949
1195.73740379
1195.82275893
1195.90807492
1195.99335179
1196.07858956
1196.16378823
1196.24894783
1196.33406838
1196.4191499
1196.50419239
1196.58919589
1196.6741604
1196.75908595
1196.84397256
1196.92882024
1197.013629
1197.09839888
1197.18312988
1197.26782202
1197.35247532
1197.43708981
1197.52166549
1197.60620238
1197.69070051
1197.77515988
1197.85958053
1197.94396245
1198.02830569
1198.11261024
1198.19687613
1198.28110338
1198.36529201
1198.44944202
1198.53355345
1198.6176263
1198.7016606
1198.78565636
1198.8696136
1198.95353234
1199.03741259
1199.12125438
1199.20505772
1199.28882262
1199.37254912
1199.45623722
1199.53988693
1199.62349829
1199.70707131
1199.790606
1199.87410238
1199.95756047
1200.04098028
1200.12436185
1200.20770517
1200.29101027
1200.37427717
1200.45750589
1200.54069644
1200.62384883
1200.7069631
1200.79003925
1200.8730773
1200.95607727
1201.03903918
1201.12196304
1201.20484887
1201.2876967
1201.37050653
1201.45327838
1201.53601228
1201.61870823
1201.70136627
1201.78398639
1201.86656863
1201.94911299
1202.03161951
1202.11408818
1202.19651904
1202.27891209
1202.36126736
1202.44358486
1202.52586461
1202.60810663
1202.69031094
1202.77247754
1202.85460647
1202.93669773
1203.01875134
1203.10076733
1203.18274571
1203.26468649
1203.34658969
1203.42845533
1203.51028343
1203.59207401
1203.67382707
1203.75554265
1203.83722075
1203.9188614
1204.0004646
1204.08203038
1204.16355876
1204.24504975
1204.32650337
1204.40791963
1204.48929856
1204.57064017
1204.65194448
1204.7332115
1204.81444125
1204.89563375
1204.97678902
1205.05790707
1205.13898792
1205.22003159
1205.30103809
1205.38200744
1205.46293966
1205.54383477
1205.62469278
1205.70551371
1205.78629757
1205.86704439
1205.94775418
1206.02842695
1206.10906273
1206.18966153
1206.27022337
1206.35074827
1206.43123623
1206.51168729
1206.59210145
1206.67247874
1206.75281916
1206.83312274
1206.9133895
1206.99361944
1207.07381259
1207.15396897
1207.23408859
1207.31417147
1207.39421762
1207.47422706
1207.55419981
1207.63413588
1207.7140353
1207.79389808
1207.87372423
1207.95351378
1208.03326673
1208.11298311
1208.19266294
1208.27230622
1208.35191298
1208.43148323
1208.511017
1208.59051429
1208.66997512
1208.74939951
1208.82878748
1208.90813905
1208.98745422
1209.06673302
1209.14597546
1209.22518157
1209.30435135
1209.38348482
1209.46258201
1209.54164292
1209.62066757
1209.69965599
1209.77860818
1209.85752417
1209.93640396
1210.01524758
1210.09405505
1210.17282637
1210.25156157
1210.33026067
1210.40892367
1210.4875506
1210.56614147
1210.6446963
1210.72321511
1210.8016979
1210.88014471
1210.95855554
1211.03693041
1211.11526935
1211.19357235
1211.27183945
1211.35007065
1211.42826598
1211.50642545
1211.58454908
1211.66263688
1211.74068886
1211.81870506
1211.89668548
1211.97463013
1212.05253905
1212.13041223
1212.2082497
1212.28605148
1212.36381758
1212.44154801
1212.5192428
1212.59690196
1212.6745255
1212.75211345
1212.82966581
1212.90718261
1212.98466387
1213.06210959
1213.13951979
1213.2168945
1213.29423372
1213.37153748
1213.44880578
1213.52603865
1213.6032361
1213.68039815
1213.75752482
1213.83461611
1213.91167205
1213.98869266
1214.06567794
1214.14262792
1214.21954261
1214.29642203
1214.37326619
1214.45007511
1214.52684881
1214.6035873
1214.6802906
1214.75695872
1214.83359169
1214.91018951
1214.9867522
1215.06327979
1215.13977227
1215.21622968
1215.29265203
1215.36903933
1215.4453916
1215.52170886
1215.59799112
1215.67423839
1215.7504507
1215.82662806
1215.90277049
1215.97887799
1216.0549506
1216.13098832
1216.20699116
1216.28295916
1216.35889232
1216.43479065
1216.51065418
1216.58648291
1216.66227688
1216.73803608
1216.81376055
1216.88945028
1216.96510531
1217.04072564
1217.11631129
1217.19186228
1217.26737862
1217.34286033
1217.41830743
1217.49371993
1217.56909784
1217.64444119
1217.71974998
1217.79502424
1217.87026398
1217.94546921
1218.02063996
1218.09577623
1218.17087805
1218.24594543
1218.32097838
1218.39597692
1218.47094107
1218.54587084
1218.62076624
1218.69562731
1218.77045404
1218.84524645
1218.92000457
1218.9947284
1219.06941797
1219.14407329
1219.21869436
1219.29328122
1219.36783388
1219.44235234
1219.51683663
1219.59128676
1219.66570275
1219.74008462
1219.81443237
1219.88874603
1219.96302561
1220.03727113
1220.11148259
1220.18566003
1220.25980345
1220.33391286
1220.40798829
1220.48202975
1220.55603726
1220.63001082
1220.70395047
1220.7778562
1220.85172804
1220.92556601
1220.99937011
1221.07314037
1221.1468768
1221.22057941
1221.29424823
1221.36788326
1221.44148452
1221.51505203
1221.5885858
1221.66208585
1221.73555219
1221.80898485
1221.88238382
1221.95574914
1222.02908081
1222.10237886
1222.17564329
1222.24887412
1222.32207137
1222.39523505
1222.46836518
1222.54146177
1222.61452484
1222.6875544
1222.76055048
1222.83351308
1222.90644222
1222.97933791
1223.05220018
1223.12502903
1223.19782448
1223.27058655
1223.34331525
1223.4160106
1223.48867261
1223.5613013
1223.63389669
1223.70645878
1223.77898759
1223.85148315
1223.92394545
1223.99637453
1224.06877039
1224.14113306
1224.21346254
1224.28575884
1224.358022
1224.43025201
1224.5024489
1224.57461269
1224.64674337
1224.71884098
1224.79090553
1224.86293703
1224.9349355
1225.00690094
1225.07883339
1225.15073285
1225.22259933
1225.29443286
1225.36623345
1225.43800111
1225.50973586
1225.58143771
1225.65310668
1225.72474278
1225.79634603
1225.86791644
1225.93945404
1226.01095882
1226.08243082
1226.15387004
1226.22527649
1226.2966502
1226.36799118
1226.43929945
1226.51057501
1226.58181789
1226.65302809
1226.72420564
1226.79535055
1226.86646283
1226.9375425
1227.00858957
1227.07960406
1227.15058599
1227.22153536
1227.2924522
1227.36333651
1227.43418832
1227.50500764
1227.57579448
1227.64654885
1227.71727078
1227.78796028
1227.85861736
1227.92924204
1227.99983433
1228.07039425
1228.1409218
1228.21141702
1228.28187991
1228.35231048
1228.42270876
1228.49307475
1228.56340847
1228.63370994
1228.70397917
1228.77421617
1228.84442096
1228.91459356
1228.98473398
1229.05484223
1229.12491833
1229.1949623
1229.26497414
1229.33495388
1229.40490152
1229.47481709
1229.54470059
1229.61455205
1229.68437147
1229.75415888
1229.82391428
1229.89363769
1229.96332913
1230.03298861
1230.10261614
1230.17221175
1230.24177543
1230.31130722
1230.38080712
1230.45027514
1230.51971131
1230.58911564
1230.65848814
1230.72782883
1230.79713771
1230.86641481
1230.93566015
1231.00487372
1231.07405556
1231.14320567
1231.21232407
1231.28141077
1231.35046579
1231.41948914
1231.48848084
1231.5574409
1231.62636934
1231.69526616
1231.76413139
1231.83296504
1231.90176712
1231.97053765
1232.03927664
1232.10798411
1232.17666008
1232.24530454
1232.31391753
1232.38249905
1232.45104913
1232.51956776
1232.58805497
1232.65651078
1232.72493519
1232.79332823
1232.8616899
1232.93002022
1232.9983192
1233.06658686
1233.13482322
1233.20302828
1233.27120207
1233.33934459
1233.40745586
1233.4755359
1233.54358471
1233.61160232
1233.67958874
1233.74754398
1233.81546806
1233.88336098
1233.95122278
1234.01905345
1234.08685301
1234.15462148
1234.22235888
1234.29006521
1234.35774049
1234.42538474
1234.49299796
1234.56058018
1234.62813141
1234.69565165
1234.76314094
1234.83059927
1234.89802667
1234.96542314
1235.03278871
1235.10012339
1235.16742719
1235.23470012
1235.3019422
1235.36915344
1235.43633387
1235.50348348
1235.5706023
1235.63769034
1235.70474762
1235.77177414
1235.83876992
1235.90573498
1235.97266934
1236.03957299
1236.10644597
1236.17328827
1236.24009993
1236.30688094
1236.37363133
1236.44035111
1236.5070403
1236.57369889
1236.64032692
1236.7069244
1236.77349133
1236.84002774
1236.90653364
1236.97300903
1237.03945394
1237.10586838
1237.17225237
1237.2386059
1237.30492902
1237.37122171
1237.43748401
1237.50371591
1237.56991745
1237.63608862
1237.70222945
1237.76833995
1237.83442013
1237.90047
1237.96648959
1238.0324789
1238.09843795
1238.16436675
1238.23026532
1238.29613366
1238.3619718
1238.42777975
1238.49355752
1238.55930512
1238.62502257
1238.69070988
1238.75636708
1238.82199416
1238.88759114
1238.95315804
1239.01869488
1239.08420166
1239.1496784
1239.21512511
1239.28054181
1239.34592851
1239.41128522
1239.47661197
1239.54190875
1239.60717559
1239.6724125
1239.73761949
1239.80279658
1239.86794378
1239.9330611
1239.99814856
1240.06320617
1240.12823395
1240.19323191
1240.25820006
1240.32313841
1240.38804699
1240.4529258
1240.51777485
1240.58259417
1240.64738376
1240.71214364
1240.77687383
1240.84157432
1240.90624515
1240.97088632
1241.03549784
1241.10007974
1241.16463202
1241.22915469
1241.29364778
1241.35811129
1241.42254523
1241.48694963
1241.5513245
1241.61566984
1241.67998567
1241.74427201
1241.80852887
1241.87275626
1241.9369542
1242.00112269
1242.06526176
1242.12937142
1242.19345167
1242.25750254
1242.32152404
1242.38551617
1242.44947896
1242.51341242
1242.57731656
1242.64119139
1242.70503693
1242.76885319
1242.83264019
1242.89639793
1242.96012644
1243.02382572
1243.08749579
1243.15113666
1243.21474834
1243.27833085
1243.34188421
1243.40540842
1243.4689035
1243.53236946
1243.59580631
1243.65921407
1243.72259276
1243.78594238
1243.84926295
1243.91255448
1243.97581699
1244.03905048
1244.10225498
1244.16543049
1244.22857703
1244.29169461
1244.35478324
1244.41784295
1244.48087374
1244.54387562
1244.6068486
1244.66979271
1244.73270796
1244.79559435
1244.8584519
1244.92128063
1244.98408055
1245.04685166
1245.10959399
1245.17230754
1245.23499234
1245.29764839
1245.36027571
1245.4228743
1245.48544419
1245.54798539
1245.6104979
1245.67298175
1245.73543694
1245.79786349
1245.86026141
1245.92263072
1245.98497143
1246.04728354
1246.10956708
1246.17182206
1246.23404849
1246.29624638
1246.35841575
1246.42055661
1246.48266897
1246.54475285
1246.60680826
1246.66883521
1246.73083371
1246.79280378
1246.85474544
1246.91665868
1246.97854354
1247.04040001
1247.10222812
1247.16402787
1247.22579929
1247.28754237
1247.34925714
1247.41094361
1247.47260179
1247.5342317
1247.59583334
1247.65740673
1247.71895189
1247.78046882
1247.84195754
1247.90341806
1247.9648504
1248.02625456
1248.08763057
1248.14897843
1248.21029815
1248.27158976
1248.33285325
1248.39408866
1248.45529598
1248.51647523
1248.57762642
1248.63874957
1248.69984469
1248.7609118
1248.8219509
1248.882962
1248.94394513
1249.00490029
1249.0658275
1249.12672677
1249.18759811
1249.24844153
1249.30925706
1249.37004469
1249.43080445
1249.49153634
1249.55224038
1249.61291659
1249.67356496
1249.73418553
1249.79477829
1249.85534327
1249.91588048
1249.97638992
1250.03687161
1250.09732557
1250.1577518
1250.21815032
1250.27852115
1250.33886429
1250.39917975
1250.45946756
1250.51972772
1250.57996024
1250.64016514
1250.70034244
1250.76049213
1250.82061424
1250.88070878
1250.94077577
1251.0008152
1251.0608271
1251.12081148
1251.18076836
1251.24069773
1251.30059963
1251.36047405
1251.42032102
1251.48014054
1251.53993263
1251.5996973
1251.65943456
1251.71914442
1251.77882691
1251.83848202
1251.89810978
1251.95771019
1252.01728327
1252.07682903
1252.13634748
1252.19583864
1252.25530252
1252.31473912
1252.37414847
1252.43353058
1252.49288545
1252.55221311
1252.61151355
1252.67078681
1252.73003288
1252.78925178
1252.84844352
1252.90760812
1252.96674559
1253.02585593
1253.08493917
1253.14399531
1253.20302438
1253.26202637
1253.3210013
1253.37994919
1253.43887005
1253.49776388
1253.55663071
1253.61547054
1253.67428339
1253.73306926
1253.79182818
1253.85056015
1253.90926519
1253.96794331
1254.02659452
1254.08521883
1254.14381625
1254.20238681
1254.2609305
1254.31944735
1254.37793736
1254.43640055
1254.49483692
1254.5532465
1254.6116293
1254.66998532
1254.72831457
1254.78661708
1254.84489286
1254.9031419
1254.96136424
1255.01955987
1255.07772882
1255.13587109
1255.1939867
1255.25207565
1255.31013797
1255.36817366
1255.42618274
1255.48416521
1255.5421211
1255.6000504
1255.65795314
1255.71582933
1255.77367897
1255.83150209
1255.88929869
1255.94706878
1256.00481238
1256.0625295
1256.12022015
1256.17788435
1256.2355221
1256.29313342
1256.35071832
1256.40827681
1256.4658089
1256.52331461
1256.58079395
1256.63824694
1256.69567357
1256.75307387
1256.81044784
1256.86779551
1256.92511687
1256.98241195
1257.03968075
1257.09692329
1257.15413958
1257.21132963
1257.26849345
1257.32563106
1257.38274247
1257.43982768
1257.49688672
1257.55391959
1257.61092631
1257.66790688
1257.72486132
1257.78178964
1257.83869186
1257.89556798
1257.95241802
1258.00924199
1258.0660399
1258.12281176
1258.17955759
1258.23627739
1258.29297118
1258.34963898
1258.40628079
1258.46289662
1258.51948648
1258.5760504
1258.63258838
1258.68910043
1258.74558656
1258.80204679
1258.85848112
1258.91488958
1258.97127217
1259.0276289
1259.08395979
1259.14026484
1259.19654408
1259.2527975
1259.30902513
1259.36522697
1259.42140304
1259.47755335
1259.5336779
1259.58977672
1259.64584981
1259.70189719
1259.75791886
1259.81391485
1259.86988515
1259.92582979
1259.98174877
1260.03764211
1260.09350981
1260.1493519
1260.20516838
1260.26095926
1260.31672455
1260.37246427
1260.42817843
1260.48386704
1260.53953011
1260.59516766
1260.65077969
1260.70636621
1260.76192725
1260.81746281
1260.87297289
1260.92845752
1260.98391671
1261.03935046
1261.0947588
1261.15014172
1261.20549924
1261.26083138
1261.31613815
1261.37141955
1261.4266756
1261.4819063
1261.53711169
1261.59229175
1261.64744651
1261.70257597
1261.75768016
1261.81275907
1261.86781273
1261.92284113
1261.97784431
1262.03282226
1262.08777499
1262.14270253
1262.19760487
1262.25248204
1262.30733405
1262.36216089
1262.4169626
1262.47173917
1262.52649063
1262.58121697
1262.63591822
1262.69059438
1262.74524547
1262.7998715
1262.85447247
1262.90904841
1262.96359932
1263.01812521
1263.07262609
1263.12710199
1263.1815529
1263.23597884
1263.29037982
1263.34475585
1263.39910695
1263.45343312
1263.50773438
1263.56201074
1263.6162622
1263.67048879
1263.72469051
1263.77886737
1263.83301939
1263.88714657
1263.94124893
1263.99532649
1264.04937924
1264.1034072
1264.15741039
1264.21138881
1264.26534248
1264.3192714
1264.3731756
1264.42705507
1264.48090984
1264.53473991
1264.58854529
1264.642326
1264.69608204
1264.74981343
1264.80352019
1264.85720231
1264.91085981
1264.96449271
1265.01810101
1265.07168473
1265.12524388
1265.17877846
1265.23228849
1265.28577399
1265.33923495
1265.3926714
1265.44608334
1265.49947079
1265.55283376
1265.60617226
1265.65948629
1265.71277588
1265.76604102
1265.81928174
1265.87249805
1265.92568995
1265.97885745
1266.03200058
1266.08511933
1266.13821373
1266.19128377
1266.24432948
1266.29735086
1266.35034793
1266.40332069
1266.45626916
1266.50919335
1266.56209327
1266.61496893
1266.66782034
1266.72064751
1266.77345046
1266.82622919
1266.87898372
1266.93171406
1266.98442021
1267.0371022
1267.08976002
1267.1423937
1267.19500324
1267.24758865
1267.30014995
1267.35268714
1267.40520024
1267.45768926
1267.51015421
1267.5625951
1267.61501194
1267.66740474
1267.71977351
1267.77211827
1267.82443902
1267.87673578
1267.92900856
1267.98125737
1268.03348221
1268.08568311
1268.13786006
1268.19001309
1268.2421422
1268.29424741
1268.34632872
1268.39838615
1268.4504197
1268.50242939
1268.55441523
1268.60637723
1268.6583154
1268.71022976
1268.7621203
1268.81398705
1268.86583001
1268.9176492
1268.96944463
1269.0212163
1269.07296423
1269.12468843
1269.17638891
1269.22806568
1269.27971875
1269.33134813
1269.38295384
1269.43453588
1269.48609427
1269.53762901
1269.58914012
1269.6406276
1269.69209148
1269.74353175
1269.79494843
1269.84634154
1269.89771108
1269.94905705
1270.00037949
1270.05167838
1270.10295375
1270.15420561
1270.20543396
1270.25663882
1270.3078202
1270.35897811
1270.41011255
1270.46122355
1270.51231111
1270.56337524
1270.61441595
1270.66543325
1270.71642716
1270.76739769
1270.81834484
1270.86926862
1270.92016905
1270.97104614
1271.0218999
1271.07273034
1271.12353746
1271.17432129
1271.22508183
1271.27581909
1271.32653308
1271.37722382
1271.42789131
1271.47853556
1271.52915659
1271.5797544
1271.63032901
1271.68088043
1271.73140867
1271.78191373
1271.83239563
1271.88285439
1271.93329
1271.98370248
1272.03409185
1272.0844581
1272.13480126
1272.18512133
1272.23541833
1272.28569226
1272.33594313
1272.38617096
1272.43637576
1272.48655753
1272.53671629
1272.58685205
1272.63696482
1272.6870546
1272.73712142
1272.78716527
1272.83718617
1272.88718414
1272.93715918
1272.98711129
1273.03704051
1273.08694682
1273.13683025
1273.1866908
1273.23652849
1273.28634332
1273.3361353
1273.38590446
1273.43565078
1273.4853743
1273.53507501
1273.58475293
1273.63440807
1273.68404044
1273.73365005
1273.7832369
1273.83280102
1273.88234241
1273.93186107
1273.98135703
1274.03083029
1274.08028086
1274.12970876
1274.17911399
1274.22849656
1274.27785648
1274.32719377
1274.37650843
1274.42580048
1274.47506993
1274.52431677
1274.57354104
1274.62274273
1274.67192186
1274.72107843
1274.77021246
1274.81932396
1274.86841294
1274.9174794
1274.96652337
1275.01554484
1275.06454383
1275.11352036
1275.16247442
1275.21140603
1275.2603152
1275.30920195
1275.35806627
1275.40690819
1275.4557277
1275.50452483
1275.55329958
1275.60205197
1275.65078199
1275.69948967
1275.74817501
1275.79683803
1275.84547873
1275.89409712
1275.94269322
1275.99126703
1276.03981857
1276.08834784
1276.13685485
1276.18533962
1276.23380216
1276.28224247
1276.33066057
1276.37905646
1276.42743016
1276.47578168
1276.52411102
1276.5724182
1276.62070323
1276.66896611
1276.71720686
1276.76542549
1276.813622
1276.86179642
1276.90994874
1276.95807897
1277.00618714
1277.05427324
1277.1023373
1277.15037931
1277.19839929
1277.24639724
1277.29437319
1277.34232714
1277.39025909
1277.43816906
1277.48605706
1277.5339231
1277.58176719
1277.62958934
1277.67738956
1277.72516786
1277.77292425
1277.82065873
1277.86837133
1277.91606204
1277.96373089
1278.01137787
1278.05900301
1278.1066063
1278.15418776
1278.20174741
1278.24928524
1278.29680127
1278.34429551
1278.39176797
1278.43921866
1278.48664759
1278.53405477
1278.58144021
1278.62880392
1278.67614591
1278.72346619
1278.77076477
1278.81804165
1278.86529686
1278.9125304
1278.95974227
1279.00693249
1279.05410108
1279.10124803
1279.14837336
1279.19547708
1279.2425592
1279.28961972
1279.33665867
1279.38367604
1279.43067185
1279.47764611
1279.52459883
1279.57153002
1279.61843968
1279.66532783
1279.71219448
1279.75903964
1279.80586331
1279.85266552
1279.89944625
1279.94620554
1279.99294338
1280.03965979
1280.08635477
1280.13302834
1280.17968051
1280.22631128
1280.27292067
1280.31950869
1280.36607533
1280.41262063
1280.45914458
1280.50564719
1280.55212848
1280.59858845
1280.64502711
1280.69144448
1280.73784057
1280.78421537
1280.83056891
1280.87690119
1280.92321223
1280.96950202
1281.01577059
1281.06201794
1281.10824408
1281.15444903
1281.20063278
1281.24679535
1281.29293676
1281.339057
1281.3851561
1281.43123405
1281.47729087
1281.52332658
1281.56934117
1281.61533465
1281.66130705
1281.70725836
1281.7531886
1281.79909778
1281.84498591
1281.89085299
1281.93669903
1281.98252405
1282.02832806
1282.07411106
1282.11987307
1282.16561409
1282.21133413
1282.25703321
1282.30271133
1282.3483685
1282.39400474
1282.43962004
1282.48521443
1282.53078791
1282.57634049
1282.62187217
1282.66738298
1282.71287292
1282.758342
1282.80379022
1282.8492176
1282.89462415
1282.94000988
1282.98537479
1283.0307189
1283.07604222
1283.12134475
1283.16662651
1283.2118875
1283.25712773
1283.30234722
1283.34754596
1283.39272399
1283.43788129
1283.48301788
1283.52813378
1283.57322899
1283.61830351
1283.66335737
1283.70839056
1283.7534031
1283.798395
1283.84336627
1283.88831691
1283.93324694
1283.97815637
1284.0230452
1284.06791344
1284.11276111
1284.15758821
1284.20239476
1284.24718076
1284.29194621
1284.33669114
1284.38141555
1284.42611945
1284.47080285
1284.51546576
1284.56010818
1284.60473014
1284.64933163
1284.69391266
1284.73847326
1284.78301341
1284.82753314
1284.87203246
1284.91651137
1284.96096988
1285.005408
1285.04982574
1285.09422311
1285.13860013
1285.18295679
1285.22729311
1285.2716091
1285.31590477
1285.36018012
1285.40443517
1285.44866992
1285.49288439
1285.53707858
1285.5812525
1285.62540617
1285.66953959
1285.71365277
1285.75774572
1285.80181845
1285.84587096
1285.88990328
1285.9339154
1285.97790734
1286.02187911
1286.06583071
1286.10976215
1286.15367345
1286.19756461
1286.24143564
1286.28528655
1286.32911736
1286.37292806
1286.41671867
1286.4604892
1286.50423966
1286.54797006
1286.5916804
1286.63537069
1286.67904095
1286.72269118
1286.7663214
1286.8099316
1286.85352181
1286.89709203
1286.94064226
1286.98417253
1287.02768283
1287.07117318
1287.11464358
1287.15809405
1287.2015246
1287.24493522
1287.28832594
1287.33169676
1287.37504769
1287.41837874
1287.46168992
1287.50498124
1287.5482527
1287.59150432
1287.63473611
1287.67794807
1287.72114021
1287.76431255
1287.80746509
1287.85059784
1287.8937108
1287.936804
1287.97987744
1288.02293112
1288.06596506
1288.10897926
1288.15197374
1288.1949485
1288.23790355
1288.2808389
1288.32375457
1288.36665055
1288.40952686
1288.45238351
1288.4952205
1288.53803786
1288.58083557
1288.62361366
1288.66637213
1288.70911099
1288.75183026
1288.79452993
1288.83721002
1288.87987054
1288.92251149
1288.96513289
1289.00773474
1289.05031706
1289.09287985
1289.13542312
1289.17794688
1289.22045114
1289.26293591
1289.30540119
1289.347847
1289.39027335
1289.43268024
1289.47506768
1289.51743568
1289.55978425
1289.60211341
1289.64442315
1289.68671348
1289.72898443
1289.77123599
1289.81346817
1289.85568099
1289.89787444
1289.94004855
1289.98220332
1290.02433876
1290.06645487
1290.10855167
1290.15062916
1290.19268736
1290.23472627
1290.2767459
1290.31874626
1290.36072736
1290.40268921
1290.44463181
1290.48655518
1290.52845933
1290.57034426
1290.61220998
1290.6540565
1290.69588383
1290.73769198
1290.77948096
1290.82125077
1290.86300142
1290.90473294
1290.94644531
1290.98813855
1291.02981268
1291.07146769
1291.1131036
1291.15472042
1291.19631815
1291.2378968
1291.27945639
1291.32099692
1291.3625184
1291.40402083
1291.44550424
1291.48696862
1291.52841398
1291.56984034
1291.61124771
1291.65263608
1291.69400547
1291.73535589
1291.77668735
1291.81799985
1291.85929341
1291.90056803
1291.94182372
1291.9830605
1292.02427836
1292.06547732
1292.10665739
1292.14781857
1292.18896088
1292.23008432
1292.2711889
1292.31227463
1292.35334152
1292.39438957
1292.43541881
1292.47642922
1292.51742083
1292.55839364
1292.59934766
1292.6402829
1292.68119937
1292.72209707
1292.76297602
1292.80383622
1292.84467769
1292.88550042
1292.92630443
1292.96708974
1293.00785633
1293.04860423
1293.08933345
1293.13004399
1293.17073586
1293.21140906
1293.25206362
1293.29269953
1293.3333168
1293.37391545
1293.41449549
1293.45505691
1293.49559973
1293.53612396
1293.5766296
1293.61711667
1293.65758517
1293.69803511
1293.73846651
1293.77887936
1293.81927368
1293.85964947
1293.90000675
1293.94034552
1293.98066579
1294.02096757
1294.06125087
1294.1015157
1294.14176206
1294.18198996
1294.22219942
1294.26239044
1294.30256302
1294.34271719
1294.38285293
1294.42297028
1294.46306922
1294.50314978
1294.54321195
1294.58325576
1294.6232812
1294.66328828
1294.70327702
1294.74324742
1294.78319949
1294.82313324
1294.86304867
1294.9029458
1294.94282464
1294.98268518
1295.02252745
1295.06235144
1295.10215717
1295.14194465
1295.18171388
1295.22146487
1295.26119764
1295.30091218
1295.34060851
1295.38028664
1295.41994657
1295.45958831
1295.49921187
1295.53881726
1295.57840449
1295.61797357
1295.6575245
1295.69705729
1295.73657195
1295.77606849
1295.81554692
1295.85500724
1295.89444947
1295.93387361
1295.97327967
1296.01266766
1296.05203759
1296.09138946
1296.13072328
1296.17003907
1296.20933683
1296.24861656
1296.28787829
1296.327122
1296.36634772
1296.40555546
1296.44474521
1296.48391699
1296.5230708
1296.56220666
1296.60132458
1296.64042455
1296.6795066
1296.71857072
1296.75761692
1296.79664522
1296.83565563
1296.87464814
1296.91362277
1296.95257953
1296.99151842
1297.03043945
1297.06934264
1297.10822799
1297.1470955
1297.18594519
1297.22477706
1297.26359113
1297.30238739
1297.34116587
1297.37992656
1297.41866947
1297.45739462
1297.49610201
1297.53479165
1297.57346354
1297.61211771
1297.65075414
1297.68937286
1297.72797386
1297.76655717
1297.80512278
1297.8436707
1297.88220095
1297.92071353
1297.95920844
1297.99768571
1298.03614532
1298.0745873
1298.11301165
1298.15141838
1298.1898075
1298.22817901
1298.26653293
1298.30486926
1298.343188
1298.38148918
1298.41977278
1298.45803884
1298.49628734
1298.5345183
1298.57273174
1298.61092764
1298.64910603
1298.68726692
1298.7254103
1298.76353619
1298.80164459
1298.83973552
1298.87780899
1298.91586499
1298.95390354
1298.99192464
1299.02992831
1299.06791455
1299.10588338
1299.14383478
1299.18176879
1299.2196854
1299.25758462
1299.29546646
1299.33333093
1299.37117803
1299.40900778
1299.44682018
1299.48461524
1299.52239297
1299.56015337
1299.59789645
1299.63562223
1299.67333071
1299.71102189
1299.74869579
1299.78635241
1299.82399176
1299.86161386
1299.89921869
1299.93680629
1299.97437664
1300.01192977
1300.04946568
1300.08698437
1300.12448586
1300.16197014
1300.19943724
1300.23688716
1300.2743199
1300.31173548
1300.3491339
1300.38651516
1300.42387929
1300.46122628
1300.49855614
1300.53586888
1300.57316452
1300.61044304
1300.64770448
1300.68494882
1300.72217609
1300.75938628
1300.79657941
1300.83375549
1300.87091451
1300.90805649
1300.94518145
1300.98228937
1301.01938028
1301.05645418
1301.09351108
1301.13055098
1301.1675739
1301.20457984
1301.2415688
1301.27854081
1301.31549586
1301.35243396
1301.38935513
1301.42625936
1301.46314667
1301.50001706
1301.53687054
1301.57370713
1301.61052682
1301.64732962
1301.68411555
1301.72088461
1301.75763681
1301.79437215
1301.83109064
1301.8677923
1301.90447713
1301.94114513
1301.97779632
1302.0144307
1302.05104827
1302.08764906
1302.12423306
1302.16080029
1302.19735074
1302.23388444
1302.27040138
1302.30690157
1302.34338503
1302.37985175
1302.41630175
1302.45273504
1302.48915161
1302.52555149
1302.56193467
1302.59830117
1302.634651
1302.67098415
1302.70730064
1302.74360047
1302.77988366
1302.81615021
1302.85240013
1302.88863343
1302.92485011
1302.96105018
1302.99723364
1303.03340052
1303.06955081
1303.10568452
1303.14180166
1303.17790224
1303.21398626
1303.25005374
1303.28610467
1303.32213908
1303.35815695
1303.39415831
1303.43014316
1303.46611151
1303.50206337
1303.53799873
1303.57391762
1303.60982003
1303.64570598
1303.68157547
1303.71742852
1303.75326512
1303.78908529
1303.82488903
1303.86067635
1303.89644726
1303.93220176
1303.96793987
1304.00366159
1304.03936693
1304.07505589
1304.11072849
1304.14638473
1304.18202462
1304.21764816
1304.25325537
1304.28884624
1304.3244208
1304.35997904
1304.39552097
1304.43104661
1304.46655595
1304.50204901
1304.53752579
1304.57298631
1304.60843056
1304.64385856
1304.67927031
1304.71466582
1304.7500451
1304.78540815
1304.82075499
1304.85608562
1304.89140004
1304.92669827
1304.96198031
1304.99724618
1305.03249587
1305.06772939
1305.10294676
1305.13814798
1305.17333305
1305.20850199
1305.2436548
1305.27879149
1305.31391207
1305.34901654
1305.38410491
1305.41917719
1305.45423339
1305.48927351
1305.52429756
1305.55930555
1305.59429749
1305.62927337
1305.66423322
1305.69917704
1305.73410483
1305.76901661
1305.80391237
1305.83879213
1305.8736559
1305.90850368
1305.94333547
1305.9781513
1306.01295115
1306.04773505
1306.082503
1306.117255
1306.15199107
1306.1867112
1306.22141542
1306.25610372
1306.29077611
1306.3254326
1306.3600732
1306.39469791
1306.42930674
1306.4638997
1306.4984768
1306.53303804
1306.56758343
1306.60211298
1306.6366267
1306.67112459
1306.70560665
1306.74007291
1306.77452336
1306.808958
1306.84337686
1306.87777994
1306.91216723
1306.94653876
1306.98089452
1307.01523453
1307.0495588
1307.08386732
1307.1181601
1307.15243716
1307.18669851
1307.22094414
1307.25517406
1307.28938829
1307.32358683
1307.35776968
1307.39193686
1307.42608837
1307.46022422
1307.49434441
1307.52844896
1307.56253786
1307.59661114
1307.63066879
1307.66471082
1307.69873723
1307.73274805
1307.76674326
1307.80072289
1307.83468694
1307.86863541
1307.90256831
1307.93648565
1307.97038743
1308.00427367
1308.03814437
1308.07199953
1308.10583917
1308.13966329
1308.1734719
1308.20726501
1308.24104262
1308.27480474
1308.30855137
1308.34228253
1308.37599822
1308.40969845
1308.44338323
1308.47705255
1308.51070644
1308.54434489
1308.57796792
1308.61157553
1308.64516772
1308.67874451
1308.71230591
1308.74585191
1308.77938253
1308.81289777
1308.84639764
1308.87988215
1308.9133513
1308.94680511
1308.98024357
1309.0136667
1309.0470745
1309.08046698
1309.11384415
1309.14720601
1309.18055257
1309.21388384
1309.24719982
1309.28050053
1309.31378596
1309.34705613
1309.38031104
1309.4135507
1309.44677512
1309.4799843
1309.51317825
1309.54635698
1309.5795205
1309.61266881
1309.64580191
1309.67891982
1309.71202254
1309.74511009
1309.77818245
1309.81123966
1309.8442817
1309.87730859
1309.91032033
1309.94331694
1309.97629841
1310.00926476
1310.04221599
1310.0751521
1310.10807312
1310.14097904
1310.17386986
1310.20674561
1310.23960627
1310.27245187
1310.30528241
1310.33809789
1310.37089832
1310.4036837
1310.43645406
1310.46920938
1310.50194969
1310.53467498
1310.56738526
1310.60008054
1310.63276083
1310.66542613
1310.69807645
1310.7307118
1310.76333218
1310.7959376
1310.82852807
1310.86110359
1310.89366418
1310.92620983
1310.95874056
1310.99125637
1311.02375727
1311.05624326
1311.08871436
1311.12117057
