7.6839596423
7.84552611101
8.00669344318
8.16746262486
8.32783463965
8.4878104687
8.64739109076
8.80657748216
8.96537061682
9.12377146623
9.28178099952
9.43940018339
9.59662998216
9.75347135779
9.90992526984
10.0659926755
10.2216745296
10.3769717847
10.5318853907
10.6864162956
10.8405654448
10.9943337812
11.1477222458
11.300731777
11.4533633108
11.6056177811
11.7574961193
11.9089992548
12.0601281144
12.2108836227
12.361266702
12.5112782724
12.6609192517
12.8101905555
12.9590930968
13.1076277869
13.2557955343
13.4035972456
13.5510338251
13.6981061747
13.8448151944
13.9911617816
14.1371468317
14.2827712379
14.4280358911
14.5729416801
14.7174894914
14.8616802093
15.005514716
15.1489938915
15.2921186137
15.4348897581
15.5773081983
15.7193748055
15.8610904491
16.0024559959
16.1434723109
16.2841402567
16.4244606942
16.5644344816
16.7040624755
16.8433455299
16.9822844972
17.1208802273
17.2591335682
17.3970453657
17.5346164636
17.6718477035
17.808739925
17.9452939657
18.081510661
18.2173908442
18.3529353468
18.4881449979
18.6230206249
18.7575630528
18.8917731048
19.025651602
19.1591993636
19.2924172065
19.4253059458
19.5578663945
19.6900993636
19.8220056622
19.9535860972
20.0848414737
20.2157725948
20.3463802613
20.4766652725
20.6066284254
20.7362705151
20.8655923348
20.9945946758
21.1232783271
21.2516440762
21.3796927084
21.5074250071
21.6348417537
21.7619437279
21.8887317072
22.0152064674
22.1413687821
22.2672194234
22.3927591611
22.5179887633
22.6429089962
22.7675206241
22.8918244093
23.0158211123
23.1395114917
23.2628963044
23.3859763052
23.508752247
23.6312248811
23.7533949567
23.8752632213
23.9968304205
24.118097298
24.2390645958
24.3597330539
24.4801034106
24.6001764024
24.7199527638
24.8394332277
24.9586185251
25.077509385
25.196106535
25.3144107006
25.4324226055
25.5501429719
25.6675725199
25.784711968
25.9015620327
26.0181234292
26.1343968703
26.2503830676
26.3660827307
26.4814965673
26.5966252837
26.7114695841
26.8260301712
26.940307746
27.0543030074
27.1680166531
27.2814493787
27.3946018781
27.5074748437
27.620068966
27.7323849339
27.8444234345
27.9561851534
28.0676707741
28.178880979
28.2898164482
28.4004778607
28.5108658933
28.6209812214
28.7308245188
28.8403964574
28.9496977077
29.0587289383
29.1674908163
29.2759840072
29.3842091746
29.4921669807
29.5998580861
29.7072831496
29.8144428283
29.921337778
30.0279686526
30.1343361045
30.2404407844
30.3462833416
30.4518644235
30.5571846761
30.6622447438
30.7670452693
30.8715868939
30.975870257
31.0798959968
31.1836647496
31.2871771503
31.3904338323
31.4934354272
31.5961825653
31.698675875
31.8009159836
31.9029035165
32.0046390977
32.1061233495
32.207356893
32.3083403474
32.4090743306
32.5095594588
32.6097963469
32.7097856081
32.8095278541
32.9090236952
33.0082737401
33.107278596
33.2060388687
33.3045551623
33.4028280796
33.5008582218
33.5986461887
33.6961925786
33.7934979882
33.8905630129
33.9873882465
34.0839742814
34.1803217085
34.2764311174
34.3723030959
34.4679382307
34.5633371068
34.658500308
34.7534284163
34.8481220127
34.9425816764
35.0368079853
35.130801516
35.2245628435
35.3180925414
35.411391182
35.5044593361
35.597297573
35.6899064607
35.7822865659
35.8744384538
35.966362688
36.0580598311
36.149530444
36.2407750863
36.3317943164
36.422588691
36.5131587657
36.6035050945
36.6936282302
36.7835287242
36.8732071265
36.9626639858
37.0518998493
37.1409152631
37.2297107717
37.3182869183
37.406644245
37.4947832922
37.5827045992
37.6704087039
37.757896143
37.8451674516
37.9322231637
38.0190638119
38.1056899275
38.1921020404
38.2783006794
38.3642863719
38.4500596438
38.5356210201
38.620971024
38.7061101779
38.7910390025
38.8757580176
38.9602677413
39.0445686908
39.1286613819
39.2125463289
39.2962240451
39.3796950425
39.4629598318
39.5460189223
39.6288728222
39.7115220384
39.7939670767
39.8762084413
39.9582466354
40.0400821611
40.1217155188
40.2031472082
40.2843777273
40.3654075731
40.4462372415
40.5268672269
40.6072980226
40.6875301207
40.7675640121
40.8474001865
40.9270391322
41.0064813364
41.0857272854
41.1647774638
41.2436323553
41.3222924423
41.4007582062
41.4790301269
41.5571086833
41.6349943532
41.7126876129
41.790188938
41.8674988024
41.9446176793
42.0215460404
42.0982843563
42.1748330966
42.2511927297
42.3273637226
42.4033465414
42.4791416509
42.554749515
42.6301705961
42.7054053557
42.7804542541
42.8553177504
42.9299963026
43.0044903677
43.0788004015
43.1529268584
43.2268701921
43.3006308549
43.3742092982
43.447605972
43.5208213255
43.5938558065
43.6667098619
43.7393839374
43.8118784776
43.8841939261
43.9563307253
44.0282893166
44.1000701401
44.171673635
44.2431002395
44.3143503905
44.3854245239
44.4563230746
44.5270464763
44.5975951617
44.6679695625
44.7381701091
44.8081972311
44.878051357
44.947732914
45.0172423286
45.0865800259
45.1557464302
45.2247419646
45.2935670513
45.3622221114
45.4307075648
45.4990238306
45.5671713268
45.6351504702
45.7029616768
45.7706053615
45.8380819381
45.9053918193
45.9725354172
46.0395131423
46.1063254046
46.1729726127
46.2394551744
46.3057734965
46.3719279846
46.4379190437
46.5037470772
46.5694124881
46.6349156781
46.7002570479
46.7654369972
46.8304559249
46.8953142288
46.9600123056
47.0245505512
47.0889293604
47.1531491271
47.2172102442
47.2811131037
47.3448580965
47.4084456125
47.4718760409
47.5351497697
47.5982671859
47.6612286759
47.7240346247
47.7866854167
47.8491814351
47.9115230622
47.9737106796
48.0357446676
48.0976254058
48.1593532728
48.2209286462
48.2823519028
48.3436234184
48.4047435677
48.4657127248
48.5265312627
48.5871995534
48.6477179681
48.7080868772
48.7683066499
48.8283776546
48.8883002589
48.9480748294
49.0077017318
49.0671813308
49.1265139905
49.1857000738
49.2447399428
49.3036339586
49.3623824818
49.4209858715
49.4794444865
49.5377586843
49.5959288218
49.6539552547
49.7118383382
49.7695784263
49.8271758723
49.8846310287
49.9419442468
49.9991158774
50.0561462703
50.1130357743
50.1697847375
50.2263935071
50.2828624295
50.3391918501
50.3953821135
50.4514335635
50.5073465431
50.5631213944
50.6187584585
50.6742580758
50.729620586
50.7848463277
50.8399356388
50.8948888563
50.9497063165
51.0043883547
51.0589353054
51.1133475025
51.1676252787
51.2217689662
51.2757788963
51.3296553993
51.3833988048
51.4370094418
51.4904876381
51.543833721
51.5970480168
51.6501308511
51.7030825487
51.7559034336
51.8085938288
51.8611540568
51.9135844391
51.9658852965
52.018056949
52.0700997158
52.1220139152
52.1737998649
52.2254578818
52.2769882818
52.3283913802
52.3796674915
52.4308169295
52.4818400071
52.5327370363
52.5835083287
52.6341541949
52.6846749446
52.735070887
52.7853423305
52.8354895825
52.8855129499
52.9354127387
52.9851892542
53.034842801
53.0843736829
53.1337822028
53.1830686631
53.2322333652
53.2812766101
53.3301986977
53.3789999273
53.4276805976
53.4762410063
53.5246814506
53.5730022268
53.6212036305
53.6692859566
53.7172494994
53.7650945522
53.8128214078
53.8604303582
53.9079216946
53.9552957076
54.002552687
54.0496929221
54.096716701
54.1436243117
54.190416041
54.2370921752
54.2836529999
54.3300987999
54.3764298595
54.422646462
54.4687488903
54.5147374264
54.5606123515
54.6063739465
54.6520224913
54.6975582652
54.7429815467
54.7882926138
54.8334917436
54.8785792127
54.923555297
54.9684202717
55.0131744111
55.0578179892
55.102351279
55.146774553
55.191088083
55.2352921401
55.2793869948
55.3233729168
55.3672501752
55.4110190385
55.4546797745
55.4982326502
55.5416779322
55.5850158863
55.6282467775
55.6713708704
55.7143884288
55.7572997159
55.8001049943
55.8428045258
55.8853985716
55.9278873923
55.970271248
56.0125503979
56.0547251007
56.0967956143
56.1387621963
56.1806251033
56.2223845914
56.2640409163
56.3055943326
56.3470450947
56.3883934561
56.4296396698
56.4707839882
56.511826663
56.5527679452
56.5936080854
56.6343473335
56.6749859386
56.7155241494
56.7559622139
56.7963003796
56.8365388932
56.8766780009
56.9167179482
56.9566589802
56.9965013412
57.0362452749
57.0758910246
57.1154388327
57.1548889413
57.1942415916
57.2334970245
57.2726554801
57.311717198
57.3506824172
57.389551376
57.4283243123
57.4670014633
57.5055830656
57.5440693553
57.5824605678
57.620756938
57.6589587002
57.6970660881
57.7350793349
57.7729986731
57.8108243347
57.8485565512
57.8861955534
57.9237415715
57.9611948354
57.998555574
58.0358240161
58.0730003896
58.1100849219
58.14707784
58.1839793701
58.2207897381
58.2575091691
58.2941378879
58.3306761184
58.3671240843
58.4034820085
58.4397501134
58.4759286211
58.5120177527
58.5480177291
58.5839287706
58.6197510969
58.655484927
58.6911304797
58.7266879731
58.7621576246
58.7975396512
58.8328342696
58.8680416955
58.9031621443
58.9381958311
58.97314297
59.0080037749
59.0427784591
59.0774672353
59.1120703158
59.1465879123
59.1810202359
59.2153674973
59.2496299067
59.2838076736
59.3179010072
59.351910116
59.3858352082
59.4196764912
59.4534341722
59.4871084576
59.5206995536
59.5542076655
59.5876329983
59.6209757567
59.6542361446
59.6874143654
59.7205106223
59.7535251175
59.7864580532
59.8193096308
59.8520800514
59.8847695153
59.9173782226
59.9499063728
59.9823541649
60.0147217975
60.0470094685
60.0792173755
60.1113457156
60.1433946852
60.1753644806
60.2072552972
60.2390673302
60.2708007742
60.3024558234
60.3340326714
60.3655315114
60.3969525362
60.428295938
60.4595619084
60.4907506389
60.5218623203
60.5528971428
60.5838552963
60.6147369703
60.6455423537
60.676271635
60.7069250021
60.7375026427
60.7680047437
60.7984314918
60.8287830732
60.8590596735
60.8892614779
60.9193886714
60.9494414381
60.9794199619
61.0093244263
61.0391550142
61.0689119081
61.0985952901
61.1282053417
61.1577422442
61.1872061782
61.216597324
61.2459158615
61.2751619699
61.3043358282
61.333437615
61.3624675082
61.3914256855
61.420312324
61.4491276004
61.4778716911
61.506544772
61.5351470183
61.5636786052
61.5921397072
61.6205304984
61.6488511525
61.6771018428
61.7052827421
61.7333940228
61.761435857
61.7894084161
61.8173118713
61.8451463934
61.8729121526
61.9006093188
61.9282380615
61.9557985496
61.9832909519
62.0107154364
62.0380721711
62.0653613232
62.0925830597
62.1197375472
62.1468249518
62.1738454392
62.2007991748
62.2276863233
62.2545070495
62.2812615172
62.3079498902
62.3345723319
62.361129005
62.387620072
62.4140456951
62.4404060359
62.4667012556
62.4929315152
62.5190969751
62.5451977955
62.5712341359
62.5972061557
62.6231140138
62.6489578686
62.6747378784
62.7004542008
62.7261069932
62.7516964125
62.7772226152
62.8026857576
62.8280859954
62.853423484
62.8786983785
62.9039108335
62.9290610031
62.9541490414
62.9791751018
63.0041393373
63.0290419008
63.0538829446
63.0786626206
63.1033810805
63.1280384755
63.1526349565
63.1771706739
63.2016457778
63.2260604181
63.250414744
63.2747089046
63.2989430484
63.3231173238
63.3472318787
63.3712868606
63.3952824167
63.4192186937
63.4430958381
63.4669139961
63.4906733132
63.514373935
63.5380160063
63.5615996718
63.5851250759
63.6085923624
63.632001675
63.6553531567
63.6786469506
63.7018831991
63.7250620444
63.7481836283
63.7712480922
63.7942555773
63.8172062243
63.8401001736
63.8629375653
63.8857185392
63.9084432345
63.9311117904
63.9537243455
63.9762810382
63.9987820064
64.0212273878
64.0436173199
64.0659519394
64.0882313831
64.1104557873
64.132625288
64.1547400207
64.1768001209
64.1988057234
64.2207569629
64.2426539736
64.2644968897
64.2862858446
64.3080209717
64.329702404
64.3513302741
64.3729047144
64.3944258568
64.415893833
64.4373087744
64.4586708119
64.4799800763
64.5012366979
64.5224408068
64.5435925328
64.5646920051
64.585739353
64.6067347051
64.6276781899
64.6485699356
64.66941007
64.6901987206
64.7109360145
64.7316220787
64.7522570397
64.7728410237
64.7933741567
64.8138565643
64.8342883718
64.8546697043
64.8750006863
64.8952814424
64.9155120965
64.9356927725
64.9558235938
64.9759046835
64.9959361646
65.0159181596
65.0358507908
65.05573418
65.075568449
65.0953537191
65.1150901112
65.1347777463
65.1544167447
65.1740072266
65.1935493119
65.21304312
65.2324887703
65.2518863818
65.2712360731
65.2905379625
65.3097921683
65.3289988081
65.3481579995
65.3672698598
65.3863345057
65.4053520541
65.4243226212
65.443246323
65.4621232755
65.480953594
65.4997373937
65.5184747897
65.5371658964
65.5558108284
65.5744096996
65.5929626238
65.6114697146
65.6299310851
65.6483468483
65.666717117
65.6850420034
65.7033216197
65.7215560777
65.7397454891
65.757889965
65.7759896164
65.7940445542
65.8120548888
65.8300207303
65.8479421888
65.8658193737
65.8836523945
65.9014413604
65.9191863801
65.9368875622
65.954545015
65.9721588465
65.9897291645
66.0072560765
66.0247396897
66.0421801112
66.0595774475
66.0769318051
66.0942432902
66.1115120088
66.1287380664
66.1459215685
66.1630626201
66.1801613262
66.1972177914
66.21423212
66.2312044161
66.2481347836
66.265023326
66.2818701467
66.2986753487
66.3154390348
66.3321613077
66.3488422695
66.3654820224
66.3820806683
66.3986383085
66.4151550444
66.4316309772
66.4480662075
66.4644608359
66.4808149628
66.4971286882
66.5134021118
66.5296353334
66.5458284521
66.561981567
66.578094777
66.5941681807
66.6102018764
66.6261959621
66.6421505358
66.658065695
66.6739415372
66.6897781594
66.7055756586
66.7213341313
66.7370536741
66.752734383
66.7683763541
66.7839796829
66.799544465
66.8150707957
66.8305587698
66.8460084822
66.8614200273
66.8767934995
66.8921289928
66.907426601
66.9226864178
66.9379085365
66.9530930502
66.9682400518
66.983349634
66.9984218892
67.0134569097
67.0284547874
67.0434156141
67.0583394813
67.0732264804
67.0880767024
67.1028902381
67.1176671782
67.1324076131
67.147111633
67.1617793278
67.1764107873
67.191006101
67.2055653582
67.220088648
67.2345760592
67.2490276804
67.2634436001
67.2778239065
67.2921686875
67.3064780309
67.3207520243
67.334990755
67.3491943101
67.3633627765
67.3774962408
67.3915947896
67.4056585092
67.4196874854
67.4336818043
67.4476415513
67.461566812
67.4754576714
67.4893142146
67.5031365264
67.5169246914
67.5306787938
67.5443989178
67.5580851474
67.5717375664
67.5853562581
67.5989413061
67.6124927932
67.6260108026
67.6394954168
67.6529467185
67.6663647898
67.6797497128
67.6931015696
67.7064204416
67.7197064106
67.7329595576
67.7461799638
67.7593677101
67.7725228772
67.7856455456
67.7987357955
67.811793707
67.82481936
67.8378128342
67.8507742091
67.8637035641
67.8766009781
67.8894665302
67.9023002989
67.9151023629
67.9278728005
67.9406116898
67.9533191087
67.965995135
67.9786398462
67.9912533197
68.0038356326
68.016386862
68.0289070847
68.0413963772
68.0538548159
68.066282477
68.0786794367
68.0910457707
68.1033815547
68.1156868642
68.1279617745
68.1402063605
68.1524206974
68.1646048598
68.1767589222
68.188882959
68.2009770443
68.2130412523
68.2250756566
68.2370803309
68.2490553487
68.2610007832
68.2729167074
68.2848031944
68.2966603168
68.3084881472
68.3202867579
68.3320562211
68.3437966088
68.3555079929
68.367190445
68.3788440365
68.3904688389
68.4020649231
68.4136323601
68.4251712208
68.4366815756
68.4481634951
68.4596170495
68.4710423088
68.4824393429
68.4938082217
68.5051490145
68.5164617909
68.52774662
68.5390035709
68.5502327124
68.5614341132
68.5726078419
68.5837539669
68.5948725562
68.6059636781
68.6170274002
68.6280637903
68.6390729159
68.6500548445
68.661009643
68.6719373787
68.6828381182
68.6937119285
68.7045588758
68.7153790267
68.7261724473
68.7369392037
68.7476793616
68.758392987
68.7690801452
68.7797409016
68.7903753215
68.80098347
68.811565412
68.8221212121
68.832650935
68.8431546451
68.8536324067
68.8640842838
68.8745103404
68.8849106403
68.8952852472
68.9056342244
68.9159576354
68.9262555432
68.9365280109
68.9467751013
68.9569968772
68.967193401
68.9773647351
68.9875109418
68.9976320831
69.007728221
69.0177994172
69.0278457334
69.037867231
69.0478639713
69.0578360154
69.0677834245
69.0777062594
69.0876045807
69.097478449
69.1073279247
69.1171530681
69.1269539394
69.1367305984
69.1464831049
69.1562115188
69.1659158993
69.175596306
69.1852527981
69.1948854346
69.2044942745
69.2140793766
69.2236407994
69.2331786015
69.2426928413
69.252183577
69.2616508666
69.271094768
69.2805153391
69.2899126374
69.2992867205
69.3086376457
69.3179654702
69.3272702511
69.3365520453
69.3458109096
69.3550469006
69.3642600749
69.3734504888
69.3826181986
69.3917632603
69.4008857298
69.4099856631
69.4190631158
69.4281181433
69.4371508012
69.4461611446
69.4551492288
69.4641151086
69.4730588389
69.4819804745
69.49088007
69.4997576797
69.5086133581
69.5174471592
69.5262591372
69.5350493459
69.5438178391
69.5525646705
69.5612898935
69.5699935617
69.5786757281
69.587336446
69.5959757682
69.6045937478
69.6131904374
69.6217658895
69.6303201567
69.6388532913
69.6473653455
69.6558563714
69.6643264209
69.6727755458
69.6812037979
69.6896112287
69.6979978897
69.706363832
69.7147091071
69.7230337658
69.7313378591
69.7396214379
69.7478845527
69.7561272543
69.7643495929
69.7725516189
69.7807333825
69.7888949337
69.7970363225
69.8051575987
69.8132588119
69.8213400118
69.8294012477
69.837442569
69.8454640249
69.8534656645
69.8614475367
69.8694096903
69.8773521741
69.8852750366
69.8931783264
69.9010620917
69.9089263809
69.916771242
69.924596723
69.9324028718
69.9401897361
69.9479573637
69.955705802
69.9634350984
69.9711453002
69.9788364546
69.9865086087
69.9941618093
70.0017961034
70.0094115375
70.0170081584
70.0245860124
70.032145146
70.0396856054
70.0472074366
70.0547106859
70.062195399
70.0696616217
70.0771093997
70.0845387786
70.0919498039
70.0993425208
70.1067169746
70.1140732105
70.1214112734
70.1287312082
70.1360330597
70.1433168727
70.1505826915
70.1578305608
70.1650605248
70.1722726277
70.1794669138
70.186643427
70.1938022112
70.2009433102
70.2080667678
70.2151726274
70.2222609326
70.2293317267
70.236385053
70.2434209547
70.2504394747
70.2574406561
70.2644245416
70.271391174
70.278340596
70.28527285
70.2921879784
70.2990860235
70.3059670277
70.3128310328
70.3196780811
70.3265082142
70.3333214741
70.3401179024
70.3468975406
70.3536604304
70.360406613
70.3671361297
70.3738490217
70.38054533
70.3872250957
70.3938883595
70.4005351624
70.4071655448
70.4137795475
70.4203772108
70.4269585751
70.4335236807
70.4400725678
70.4466052764
70.4531218464
70.4596223179
70.4661067304
70.4725751238
70.4790275375
70.485464011
70.4918845838
70.4982892951
70.5046781841
70.5110512899
70.5174086515
70.5237503077
70.5300762974
70.5363866592
70.5426814318
70.5489606537
70.5552243634
70.561472599
70.5677053989
70.5739228012
70.5801248439
70.586311565
70.5924830023
70.5986391935
70.6047801765
70.6109059886
70.6170166674
70.6231122503
70.6291927745
70.6352582774
70.6413087959
70.6473443671
70.6533650279
70.6593708152
70.6653617657
70.6713379161
70.6772993028
70.6832459625
70.6891779314
70.6950952459
70.7009979421
70.7068860563
70.7127596243
70.7186186822
70.7244632658
70.7302934108
70.7361091529
70.7419105277
70.7476975707
70.7534703173
70.7592288028
70.7649730624
70.7707031313
70.7764190446
70.7821208371
70.7878085439
70.7934821997
70.7991418391
70.8047874969
70.8104192076
70.8160370056
70.8216409253
70.827231001
70.8328072668
70.838369757
70.8439185055
70.8494535462
70.8549749131
70.86048264
70.8659767604
70.8714573081
70.8769243165
70.8823778192
70.8878178494
70.8932444405
70.8986576256
70.9040574379
70.9094439105
70.9148170762
70.9201769679
70.9255236185
70.9308570606
70.9361773269
70.9414844499
70.9467784621
70.9520593959
70.9573272836
70.9625821574
70.9678240495
70.9730529919
70.9782690166
70.9834721556
70.9886624407
70.9938399036
70.999004576
71.0041564895
71.0092956757
71.0144221659
71.0195359915
71.0246371839
71.0297257742
71.0348017936
71.039865273
71.0449162436
71.0499547362
71.0549807815
71.0599944105
71.0649956537
71.0699845417
71.0749611052
71.0799253744
71.0848773798
71.0898171517
71.0947447203
71.0996601157
71.1045633681
71.1094545074
71.1143335636
71.1192005664
71.1240555457
71.1288985312
71.1337295525
71.1385486392
71.1433558207
71.1481511265
71.1529345858
71.1577062281
71.1624660823
71.1672141778
71.1719505435
71.1766752084
71.1813882013
71.1860895513
71.1907792869
71.195457437
71.20012403
71.2047790946
71.2094226593
71.2140547525
71.2186754024
71.2232846374
71.2278824857
71.2324689753
71.2370441345
71.241607991
71.246160573
71.2507019082
71.2552320243
71.2597509493
71.2642587105
71.2687553358
71.2732408525
71.277715288
71.2821786699
71.2866310254
71.2910723817
71.295502766
71.2999222053
71.3043307269
71.3087283575
71.3131151242
71.3174910537
71.3218561729
71.3262105083
71.3305540868
71.3348869348
71.3392090789
71.3435205455
71.3478213609
71.3521115516
71.3563911437
71.3606601634
71.3649186368
71.3691665901
71.3734040491
71.3776310399
71.3818475882
71.3860537199
71.3902494606
71.3944348362
71.3986098721
71.402774594
71.4069290272
71.4110731973
71.4152071296
71.4193308493
71.4234443817
71.4275477519
71.4316409852
71.4357241064
71.4397971406
71.4438601127
71.4479130476
71.4519559701
71.4559889049
71.4600118766
71.4640249099
71.4680280293
71.4720212594
71.4760046245
71.4799781491
71.4839418574
71.4878957736
71.4918399221
71.4957743269
71.499699012
71.5036140015
71.5075193194
71.5114149895
71.5153010357
71.5191774818
71.5230443514
71.5269016682
71.5307494558
71.5345877378
71.5384165376
71.5422358788
71.5460457845
71.5498462782
71.5536373831
71.5574191223
71.5611915191
71.5649545966
71.5687083776
71.5724528852
71.5761881424
71.5799141719
71.5836309965
71.5873386391
71.5910371222
71.5947264685
71.5984067006
71.602077841
71.6057399122
71.6093929365
71.6130369363
71.6166719339
71.6202979516
71.6239150115
71.6275231357
71.6311223464
71.6347126655
71.638294115
71.6418667169
71.6454304929
71.6489854649
71.6525316547
71.6560690839
71.6595977742
71.6631177471
71.6666290242
71.6701316271
71.673625577
71.6771108954
71.6805876036
71.6840557229
71.6875152746
71.6909662796
71.6944087593
71.6978427346
71.7012682265
71.7046852561
71.7080938441
71.7114940116
71.7148857792
71.7182691677
71.7216441978
71.7250108902
71.7283692655
71.7317193442
71.7350611468
71.7383946937
71.7417200054
71.7450371022
71.7483460044
71.7516467322
71.7549393058
71.7582237454
71.7615000711
71.7647683029
71.7680284608
71.7712805647
71.7745246346
71.7777606903
71.7809887516
71.7842088382
71.7874209699
71.7906251662
71.7938214469
71.7970098314
71.8001903393
71.80336299
71.8065278029
71.8096847974
71.8128339928
71.8159754084
71.8191090634
71.822234977
71.8253531682
71.8284636562
71.83156646
71.8346615986
71.8377490909
71.8408289559
71.8439012122
71.8469658788
71.8500229745
71.8530725178
71.8561145274
71.8591490221
71.8621760202
71.8651955405
71.8682076012
71.8712122209
71.8742094179
71.8771992107
71.8801816173
71.8831566562
71.8861243455
71.8890847034
71.892037748
71.8949834973
71.8979219693
71.9008531822
71.9037771537
71.9066939017
71.9096034442
71.912505799
71.9154009836
71.918289016
71.9211699137
71.9240436945
71.9269103757
71.9297699751
71.9326225101
71.9354679981
71.9383064566
71.9411379029
71.9439623543
71.9467798282
71.9495903418
71.9523939122
71.9551905566
71.9579802921
71.9607631359
71.9635391048
71.966308216
71.9690704863
71.9718259326
71.9745745718
71.9773164207
71.9800514962
71.9827798148
71.9855013934
71.9882162485
71.9909243969
71.9936258549
71.9963206393
71.9990087663
72.0016902526
72.0043651145
72.0070333684
72.0096950306
72.0123501174
72.014998645
72.0176406296
72.0202760874
72.0229050346
72.0255274871
72.0281434611
72.0307529726
72.0333560375
72.0359526717
72.0385428911
72.0411267117
72.0437041491
72.0462752191
72.0488399376
72.0513983201
72.0539503824
72.05649614
72.0590356085
72.0615688035
72.0640957404
72.0666164347
72.0691309019
72.0716391573
72.0741412163
72.0766370941
72.079126806
72.0816103674
72.0840877933
72.0865590989
72.0890242994
72.0914834098
72.0939364452
72.0963834205
72.0988243508
72.101259251
72.103688136
72.1061110206
72.1085279197
72.110938848
72.1133438204
72.1157428514
72.1181359559
72.1205231483
72.1229044435
72.1252798558
72.1276493999
72.1300130902
72.1323709412
72.1347229673
72.1370691829
72.1394096025
72.1417442402
72.1440731103
72.1463962272
72.148713605
72.151025258
72.1533312002
72.1556314457
72.1579260087
72.1602149032
72.1624981431
72.1647757425
72.1670477153
72.1693140753
72.1715748365
72.1738300126
72.1760796176
72.1783236651
72.1805621688
72.1827951425
72.1850225999
72.1872445544
72.1894610199
72.1916720097
72.1938775375
72.1960776167
72.1982722608
72.2004614831
72.2026452973
72.2048237164
72.206996754
72.2091644233
72.2113267375
72.2134837099
72.2156353537
72.217781682
72.219922708
72.2220584447
72.2241889053
72.2263141028
72.2284340502
72.2305487604
72.2326582464
72.2347625211
72.2368615973
72.238955488
72.2410442058
72.2431277637
72.2452061743
72.2472794504
72.2493476046
72.2514106496
72.253468598
72.2555214624
72.2575692554
72.2596119895
72.2616496772
72.263682331
72.2657099633
72.2677325864
72.2697502128
72.2717628549
72.2737705249
72.2757732351
72.2777709978
72.2797638252
72.2817517294
72.2837347227
72.2857128172
72.287686025
72.2896543581
72.2916178287
72.2935764486
72.2955302299
72.2974791846
72.2994233245
72.3013626616
72.3032972078
72.3052269748
72.3071519744
72.3090722185
72.3109877189
72.3128984871
72.3148045349
72.316705874
72.318602516
72.3204944725
72.3223817551
72.3242643753
72.3261423447
72.3280156747
72.3298843767
72.3317484623
72.3336079429
72.3354628297
72.3373131342
72.3391588677
72.3410000415
72.3428366667
72.3446687548
72.3464963168
72.348319364
72.3501379075
72.3519519584
72.3537615279
72.355566627
72.3573672668
72.3591634582
72.3609552122
72.3627425399
72.3645254522
72.3663039599
72.3680780739
72.3698478052
72.3716131645
72.3733741626
72.3751308103
72.3768831183
72.3786310975
72.3803747583
72.3821141117
72.383849168
72.3855799381
72.3873064325
72.3890286617
72.3907466362
72.3924603667
72.3941698635
72.3958751372
72.3975761981
72.3992730567
72.4009657233
72.4026542084
72.4043385221
72.406018675
72.4076946771
72.4093665388
72.4110342704
72.4126978819
72.4143573836
72.4160127857
72.4176640982
72.4193113313
72.4209544951
72.4225935995
72.4242286547
72.4258596706
72.4274866573
72.4291096245
72.4307285824
72.4323435408
72.4339545096
72.4355614985
72.4371645176
72.4387635765
72.4403586851
72.4419498532
72.4435370903
72.4451204063
72.4466998109
72.4482753137
72.4498469243
72.4514146524
72.4529785076
72.4545384994
72.4560946374
72.457646931
72.4591953898
72.4607400233
72.4622808409
72.4638178521
72.4653510662
72.4668804926
72.4684061407
72.4699280198
72.4714461392
72.4729605083
72.4744711362
72.4759780322
72.4774812056
72.4789806655
72.4804764211
72.4819684816
72.4834568561
72.4849415536
72.4864225834
72.4878999543
72.4893736756
72.4908437561
72.492310205
72.4937730311
72.4952322434
72.4966878508
72.4981398623
72.4995882868
72.501033133
72.5024744098
72.5039121261
72.5053462906
72.5067769121
72.5082039994
72.5096275612
72.5110476062
72.5124641431
72.5138771806
72.5152867273
72.5166927918
72.5180953827
72.5194945087
72.5208901782
72.5222823999
72.5236711822
72.5250565336
72.5264384626
72.5278169777
72.5291920873
72.5305637997
72.5319321235
72.5332970669
72.5346586384
72.5360168462
72.5373716987
72.5387232041
72.5400713708
72.5414162069
72.5427577207
72.5440959204
72.5454308142
72.5467624102
72.5480907167
72.5494157417
72.5507374933
72.5520559796
72.5533712088
72.5546831887
72.5559919276
72.5572974333
72.5585997138
72.5598987772
72.5611946313
72.5624872842
72.5637767437
72.5650630176
72.5663461139
72.5676260405
72.5689028051
72.5701764155
72.5714468796
72.5727142051
72.5739783998
72.5752394714
72.5764974277
72.5777522763
72.5790040248
72.580252681
72.5814982526
72.582740747
72.583980172
72.585216535
72.5864498438
72.5876801057
72.5889073284
72.5901315193
72.591352686
72.5925708359
72.5937859764
72.5949981151
72.5962072592
72.5974134163
72.5986165937
72.5998167987
72.6010140387
72.602208321
72.6033996529
72.6045880418
72.6057734948
72.6069560193
72.6081356224
72.6093123115
72.6104860936
72.611656976
72.6128249658
72.6139900702
72.6151522963
72.6163116512
72.6174681421
72.6186217759
72.6197725598
72.6209205007
72.6220656058
72.6232078819
72.6243473362
72.6254839755
72.6266178069
72.6277488372
72.6288770735
72.6300025225
72.6311251911
72.6322450864
72.633362215
72.6344765838
72.6355881997
72.6366970694
72.6378031998
72.6389065975
72.6400072694
72.6411052222
72.6422004626
72.6432929972
72.6443828329
72.6454699762
72.6465544338
72.6476362124
72.6487153185
72.6497917588
72.6508655398
72.6519366681
72.6530051503
72.6540709929
72.6551342024
72.6561947854
72.6572527482
72.6583080975
72.6593608396
72.660410981
72.6614585281
72.6625034873
72.6635458651
72.6645856677
72.6656229016
72.6666575731
72.6676896885
72.6687192542
72.6697462764
72.6707707614
72.6717927155
72.672812145
72.6738290561
72.674843455
72.6758553478
72.6768647409
72.6778716404
72.6788760524
72.6798779831
72.6808774386
72.681874425
72.6828689484
72.683861015
72.6848506307
72.6858378017
72.686822534
72.6878048335
72.6887847064
72.6897621586
72.6907371961
72.6917098248
72.6926800507
72.6936478797
72.6946133179
72.6955763709
72.6965370449
72.6974953455
72.6984512788
72.6994048505
72.7003560665
72.7013049326
72.7022514546
72.7031956383
72.7041374895
72.7050770139
72.7060142172
72.7069491054
72.7078816839
72.7088119586
72.7097399351
72.7106656191
72.7115890163
72.7125101323
72.7134289728
72.7143455434
72.7152598496
72.7161718972
72.7170816916
72.7179892384
72.7188945432
72.7197976115
72.7206984489
72.7215970608
72.7224934528
72.7233876303
72.7242795989
72.7251693639
72.7260569308
72.726942305
72.727825492
72.7287064972
72.7295853259
72.7304619835
72.7313364755
72.732208807
72.7330789836
72.7339470104
72.7348128929
72.7356766363
72.7365382458
72.7373977268
72.7382550846
72.7391103243
72.7399634512
72.7408144706
72.7416633875
72.7425102073
72.7433549351
72.7441975761
72.7450381354
72.7458766181
72.7467130295
72.7475473746
72.7483796585
72.7492098863
72.750038063
72.7508641939
72.7516882839
72.752510338
72.7533303613
72.7541483588
72.7549643355
72.7557782964
72.7565902465
72.7574001907
72.758208134
72.7590140814
72.7598180377
72.760620008
72.761419997
72.7622180097
72.763014051
72.7638081258
72.7646002389
72.7653903951
72.7661785993
72.7669648563
72.7677491709
72.7685315479
72.7693119921
72.7700905083
72.7708671013
72.7716417757
72.7724145364
72.773185388
72.7739543354
72.774721383
72.7754865358
72.7762497983
72.7770111753
72.7777706713
72.778528291
72.7792840391
72.7800379202
72.7807899389
72.7815400998
72.7822884075
72.7830348666
72.7837794816
72.784522257
72.7852631976
72.7860023077
72.7867395918
72.7874750546
72.7882087005
72.7889405339
72.7896705595
72.7903987815
72.7911252046
72.7918498331
72.7925726714
72.7932937241
72.7940129954
72.7947304898
72.7954462118
72.7961601655
72.7968723556
72.7975827862
72.7982914618
72.7989983866
72.7997035651
72.8004070014
72.8011087
72.8018086651
72.802506901
72.8032034119
72.8038982022
72.804591276
72.8052826377
72.8059722914
72.8066602414
72.8073464919
72.808031047
72.808713911
72.8093950881
72.8100745823
72.810752398
72.8114285391
72.8121030099
72.8127758144
72.8134469569
72.8141164413
72.8147842719
72.8154504526
72.8161149876
72.8167778809
72.8174391366
72.8180987587
72.8187567512
72.8194131183
72.8200678638
72.8207209919
72.8213725064
72.8220224115
72.822670711
72.8233174089
72.8239625092
72.8246060159
72.8252479328
72.8258882639
72.8265270131
72.8271641844
72.8277997816
72.8284338086
72.8290662692
72.8296971675
72.8303265071
72.8309542921
72.8315805261
72.8322052131
