-5.78642047147
-5.13587549692
-4.4879522226
-3.84264008303
-3.19992855534
-2.55980715903
-1.92226545586
-1.28729304966
-0.654879586137
-0.0250147527381
0.60231172153
1.22711006627
1.84939046986
2.46916307962
3.08643800197
3.70122530261
4.31353500667
4.92337709887
5.53076152372
6.13569818562
6.73819694907
7.33826763882
7.93592004002
8.53116389839
9.12400892037
9.71446477329
10.3025410855
10.8882474466
11.4715934075
12.0525884805
12.6312421399
13.2075638215
13.7815629232
14.353248805
14.9226307892
15.4897181605
16.0545201663
16.6170460165
17.1773048841
17.735305905
18.2910581784
18.8445707668
19.395852696
19.9449129557
20.4917604992
21.0364042437
21.5788530706
22.1191158255
22.6572013181
23.1931183229
23.7268755789
24.2584817899
24.7879456246
25.3152757168
25.8404806655
26.363569035
26.8845493553
27.4034301216
27.9202197953
28.4349268035
28.9475595392
29.4581263619
29.9666355972
30.4730955371
30.9775144404
31.4799005325
31.9802620055
32.4786070187
32.9749436984
33.4692801384
33.9616243994
34.45198451
34.9403684664
35.4267842325
35.9112397401
36.393742889
36.8743015472
37.3529235512
37.8296167055
38.3043887835
38.7772475271
39.2482006471
39.7172558231
40.184420704
40.6497029074
41.1131100208
41.5746496007
42.0343291732
42.4921562342
42.9481382494
43.4022826543
43.8545968544
44.3050882256
44.7537641138
45.2006318354
45.6456986773
46.0889718972
46.5304587232
46.9701663547
47.4081019617
47.8442726856
48.2786856387
48.711347905
49.1422665397
49.5714485697
49.9989009935
50.4246307814
50.8486448757
51.2709501905
51.6915536124
52.1104619999
52.527682184
52.9432209683
53.3570851286
53.7692814139
54.1798165457
54.5886972184
54.9959300994
55.4015218294
55.8054790223
56.2078082653
56.6085161189
57.0076091174
57.4050937687
57.8009765545
58.1952639301
58.5879623253
58.9790781435
59.3686177626
59.7565875346
60.142993786
60.527842818
60.9111409059
61.2928943002
61.6731092261
62.0517918834
62.4289484473
62.8045850679
63.1787078707
63.5513229563
63.9224364008
64.2920542559
64.6601825487
65.0268272823
65.3919944354
65.7556899625
66.1179197945
66.4786898381
66.8380059762
67.195874068
67.5522999493
67.907289432
68.260848305
68.6129823336
68.9636972598
69.3129988028
69.6608926584
70.0073844997
70.3524799767
70.6961847168
71.0385043248
71.3794443826
71.7190104499
72.0572080638
72.3940427393
72.7295199691
73.0636452235
73.3964239511
73.7278615784
74.05796351
74.3867351289
74.7141817961
75.0403088512
75.3651216123
75.688625376
76.0108254175
76.3317269909
76.651335329
76.9696556435
77.2866931253
77.602452944
77.9169402487
78.2301601677
78.5421178085
78.8528182581
79.162266583
79.4704678292
79.7774270225
80.0831491684
80.3876392522
80.6909022391
80.9929430743
81.2937666831
81.5933779709
81.8917818233
82.1889831065
82.4849866666
82.7797973306
83.0734199058
83.3658591802
83.6571199225
83.9472068823
84.2361247899
84.5238783565
84.8104722745
85.0959112173
85.3801998394
85.6633427765
85.945344646
86.2262100461
86.505943557
86.7845497401
87.0620331386
87.3383982773
87.6136496628
87.8877917836
88.1608291099
88.4327660941
88.7036071706
88.9733567559
89.2420192488
89.5095990301
89.7761004633
90.0415278941
90.3058856507
90.569178044
90.8314093672
91.0925838967
91.3527058912
91.6117795925
91.8698092251
92.1267989968
92.3827530981
92.6376757029
92.8915709679
93.1444430335
93.3962960232
93.6471340437
93.8969611855
94.1457815224
94.3935991118
94.6404179948
94.8862421962
95.1310757245
95.3749225723
95.6177867157
95.8596721152
96.100582715
96.3405224437
96.5794952137
96.8175049221
97.0545554498
97.2906506625
97.52579441
97.7599905268
97.9932428318
98.2255551286
98.4569312054
98.6873748353
98.9168897758
99.1454797698
99.3731485447
99.599899813
99.8257372723
100.050664605
100.27468548
100.497803549
100.720022451
100.941345809
101.161777233
101.381320316
101.59997864
101.81775577
102.034655256
102.250680636
102.465835432
102.680123154
102.893547294
103.106111334
103.317818739
103.528672963
103.738677442
103.947835602
104.156150854
104.363626594
104.570266205
104.776073057
104.981050507
105.185201896
105.388530554
105.591039796
105.792732924
105.993613228
106.193683983
106.392948452
106.591409884
106.789071515
106.985936568
107.182008255
107.37728977
107.571784301
107.765495017
107.958425078
108.150577629
108.341955804
108.532562725
108.722401498
108.91147522
109.099786973
109.287339829
109.474136846
109.66018107
109.845475534
110.03002326
110.213827259
110.396890525
110.579216046
110.760806794
110.94166573
111.121795803
111.301199951
111.479881099
111.657842161
111.835086039
112.011615623
112.187433792
112.362543413
112.53694734
112.710648419
112.883649481
113.055953348
113.227562829
113.398480723
113.568709817
113.738252887
113.907112697
114.075292001
114.242793541
114.409620049
114.575774245
114.741258839
114.906076529
115.070230003
115.233721937
115.396554997
115.55873184
115.720255108
115.881127437
116.04135145
116.200929758
116.359864965
116.518159663
116.675816431
116.832837842
116.989226456
117.144984823
117.300115482
117.454620964
117.608503788
117.761766463
117.914411489
118.066441354
118.217858538
118.36866551
118.518864729
118.668458644
118.817449694
118.96584031
119.113632911
119.260829906
119.407433697
119.553446674
119.698871217
119.843709699
119.987964481
120.131637915
120.274732344
120.417250102
120.559193512
120.70056489
120.84136654
120.981600758
121.121269832
121.260376039
121.398921646
121.536908914
121.674340093
121.811217423
121.947543136
122.083319456
122.218548597
122.353232764
122.487374152
122.62097495
122.754037336
122.886563479
123.018555541
123.150015675
123.280946023
123.411348722
123.541225896
123.670579665
123.799412137
123.927725414
124.055521587
124.182802741
124.309570952
124.435828285
124.561576801
124.686818549
124.811555573
124.935789905
125.059523573
125.182758592
125.305496974
125.42774072
125.549491823
125.670752267
125.791524032
125.911809085
126.03160939
126.150926898
126.269763555
126.388121301
126.506002064
126.623407766
126.740340323
126.856801642
126.97279362
127.08831815
127.203377115
127.317972392
127.432105849
127.545779348
127.658994742
127.771753877
127.884058593
127.995910719
128.107312081
128.218264494
128.328769769
128.438829707
128.548446102
128.657620743
128.766355409
128.874651874
128.982511904
129.089937257
129.196929685
129.303490933
129.409622738
129.515326832
129.620604937
129.725458771
129.829890044
129.933900458
130.037491709
130.140665487
130.243423474
130.345767345
130.44769877
130.549219411
130.650330923
130.751034956
130.85133315
130.951227142
131.05071856
131.149809028
131.24850016
131.346793566
131.44469085
131.542193606
131.639303426
131.736021893
131.832350584
131.92829107
132.023844914
132.119013677
132.213798908
132.308202155
132.402224956
132.495868844
132.589135347
132.682025986
132.774542274
132.866685721
132.95845783
133.049860097
133.140894011
133.231561059
133.321862718
133.411800461
133.501375754
133.590590057
133.679444827
133.767941512
133.856081554
133.943866392
134.031297456
134.118376172
134.20510396
134.291482235
134.377512405
134.463195873
134.548534036
134.633528286
134.718180008
134.802490584
134.886461387
134.970093787
135.053389149
135.136348829
135.218974182
135.301266553
135.383227287
135.464857717
135.546159177
135.627132991
135.707780481
135.78810296
135.868101739
135.947778123
136.027133411
136.106168896
136.184885867
136.263285609
136.3413694
136.419138512
136.496594214
136.573737769
136.650570436
136.727093466
136.803308108
136.879215604
136.954817193
137.030114107
137.105107573
137.179798816
137.254189053
137.328279496
137.402071355
137.475565831
137.548764125
137.621667429
137.694276933
137.766593819
137.838619268
137.910354454
137.981800547
138.052958712
138.123830109
138.194415893
138.264717217
138.334735226
138.404471061
138.473925861
138.543100758
138.611996879
138.680615349
138.748957286
138.817023804
138.884816014
138.95233502
139.019581925
139.086557825
139.153263811
139.219700971
139.28587039
139.351773145
139.417410312
139.48278296
139.547892156
139.612738962
139.677324435
139.741649628
139.80571559
139.869523366
139.933073996
139.996368517
140.059407961
140.122193355
140.184725723
140.247006086
140.309035458
140.370814852
140.432345275
140.493627729
140.554663215
140.615452727
140.675997257
140.736297793
140.796355317
140.856170808
140.915745243
140.975079593
141.034174825
141.093031902
141.151651786
141.21003543
141.268183789
141.326097809
141.383778435
141.441226608
141.498443265
141.555429338
141.612185756
141.668713446
141.72501333
141.781086324
141.836933344
141.892555299
141.947953099
142.003127644
142.058079836
142.11281057
142.167320739
142.221611232
142.275682934
142.329536726
142.383173487
142.436594092
142.489799411
142.542790313
142.595567661
142.648132316
142.700485135
142.752626972
142.804558677
142.856281097
142.907795075
142.959101452
143.010201063
143.061094743
143.111783321
143.162267624
143.212548475
143.262626693
143.312503096
143.362178497
143.411653706
143.460929529
143.51000677
143.55888623
143.607568705
143.65605499
143.704345874
143.752442146
143.80034459
143.848053987
143.895571114
143.942896747
143.990031658
144.036976614
144.083732382
144.130299724
144.1766794
144.222872165
144.268878773
144.314699974
144.360336515
144.40578914
144.451058592
144.496145607
144.541050921
144.585775267
144.630319373
144.674683966
144.71886977
144.762877504
144.806707887
144.850361634
144.893839455
144.937142061
144.980270156
145.023224446
145.066005629
145.108614404
145.151051465
145.193317505
145.235413212
145.277339273
145.319096372
145.36068519
145.402106404
145.443360691
145.484448723
145.525371169
145.566128698
145.606721974
145.647151659
145.687418411
145.727522889
145.767465745
145.807247632
145.846869197
145.886331087
145.925633945
145.964778412
146.003765127
146.042594726
146.08126784
146.119785102
146.15814714
146.196354577
146.234408039
146.272308145
146.310055513
146.34765076
146.385094497
146.422387335
146.459529884
146.496522747
146.533366529
146.570061831
146.60660925
146.643009383
146.679262823
146.715370162
146.751331987
146.787148887
146.822821444
146.85835024
146.893735855
146.928978866
146.964079847
146.999039371
147.033858008
147.068536326
147.10307489
147.137474263
147.171735007
147.20585768
147.239842838
147.273691035
147.307402824
147.340978755
147.374419374
147.407725227
147.440896858
147.473934807
147.506839612
147.539611811
147.572251938
147.604760525
147.637138102
147.669385197
147.701502337
147.733490044
147.76534884
147.797079245
147.828681777
147.86015695
147.891505278
147.922727272
147.953823441
147.984794292
148.015640331
148.04636206
148.07695998
148.10743459
148.137786388
148.168015868
148.198123522
148.228109843
148.257975318
148.287720436
148.31734568
148.346851535
148.376238481
148.405506997
148.434657561
148.463690648
148.492606731
148.521406283
148.550089772
148.578657666
148.607110432
148.635448533
148.663672431
148.691782587
148.719779458
148.747663502
148.775435173
148.803094924
148.830643206
148.858080469
148.885407159
148.912623722
148.939730603
148.966728242
148.993617081
149.020397558
149.047070109
149.07363517
149.100093173
149.12644455
149.152689732
149.178829144
149.204863215
149.230792369
149.256617028
149.282337613
149.307954544
149.333468239
149.358879113
149.384187582
149.409394057
149.43449895
149.45950267
149.484405625
149.509208221
149.533910862
149.558513951
149.58301789
149.607423078
149.631729913
149.655938791
149.680050107
149.704064255
149.727981625
149.751802608
149.775527592
149.799156965
149.822691111
149.846130414
149.869475257
149.89272602
149.915883082
149.938946821
149.961917613
149.984795833
150.007581853
150.030276045
150.05287878
150.075390426
150.097811349
150.120141916
150.142382491
150.164533436
150.186595113
150.20856788
150.230452098
150.252248122
150.273956308
150.29557701
150.31711058
150.33855737
150.359917729
150.381192005
150.402380547
150.423483698
150.444501804
150.465435206
150.486284247
150.507049265
150.527730601
150.548328591
150.568843571
150.589275875
150.609625837
150.629893789
150.65008006
150.670184981
150.690208879
150.71015208
150.73001491
150.749797693
150.769500751
150.789124406
150.808668977
150.828134783
150.847522143
150.86683137
150.886062782
150.905216691
150.92429341
150.943293249
150.962216519
150.981063528
150.999834583
151.018529991
151.037150056
151.055695082
151.074165372
151.092561227
151.110882945
151.129130828
151.147305171
151.165406272
151.183434424
151.201389924
151.219273063
151.237084132
151.254823423
151.272491224
151.290087824
151.30761351
151.325068566
151.342453279
151.359767932
151.377012806
151.394188183
151.411294344
151.428331566
151.445300129
151.462200308
151.479032379
151.495796617
151.512493295
151.529122685
151.545685059
151.562180686
151.578609835
151.594972775
151.611269773
151.627501093
151.643667001
151.65976776
151.675803634
151.691774882
151.707681766
151.723524546
151.739303479
151.755018822
151.770670833
151.786259766
151.801785876
151.817249415
151.832650636
151.84798979
151.863267127
151.878482897
151.893637347
151.908730724
151.923763275
151.938735244
151.953646877
151.968498415
151.983290102
151.998022178
152.012694884
152.027308459
152.041863141
152.056359167
152.070796774
152.085176198
152.099497673
152.113761432
152.127967707
152.142116732
152.156208736
152.170243949
152.1842226
152.198144917
152.212011127
152.225821456
152.239576129
152.253275371
152.266919405
152.280508453
152.294042737
152.307522478
152.320947896
152.334319209
152.347636636
152.360900393
152.374110698
152.387267764
152.400371808
152.413423042
152.42642168
152.439367933
152.452262013
152.465104129
152.477894492
152.490633309
152.503320789
152.515957139
152.528542563
152.541077269
152.553561459
