10.4611078184
10.680089313
10.8987515896
11.1170951136
11.3351203497
11.5528277617
11.770217813
11.9872909663
12.2040476834
12.4204884258
12.6366136539
12.8524238277
13.0679194065
13.2831008489
13.4979686128
13.7125231555
13.9267649336
14.1406944029
14.3543120189
14.5676182359
14.7806135081
14.9932982887
15.2056730302
15.4177381848
15.6294942035
15.8409415372
16.0520806357
16.2629119484
16.473435924
16.6836530104
16.8935636551
17.1031683048
17.3124674055
17.5214614027
17.730150741
17.9385358646
18.1466172171
18.3543952411
18.5618703788
18.7690430719
18.9759137612
19.1824828869
19.3887508886
19.5947182053
19.8003852753
20.0057525363
20.2108204253
20.4155893788
20.6200598324
20.8242322214
21.0281069803
21.2316845429
21.4349653424
21.6379498115
21.8406383821
22.0430314855
22.2451295525
22.4469330132
22.6484422971
22.8496578329
23.0505800488
23.2512093725
23.4515462309
23.6515910504
23.8513442566
24.0508062747
24.2499775291
24.4488584437
24.6474494418
24.8457509459
25.0437633781
25.2414871597
25.4389227116
25.6360704538
25.8329308061
26.0295041872
26.2257910155
26.4217917088
26.6175066841
26.8129363579
27.0080811462
27.2029414643
27.3975177267
27.5918103477
27.7858197406
27.9795463184
28.1729904933
28.366152677
28.5590332805
28.7516327144
28.9439513884
29.1359897119
29.3277480936
29.5192269415
29.7104266632
29.9013476654
30.0919903546
30.2823551364
30.4724424159
30.6622525977
30.8517860857
31.0410432832
31.230024593
31.4187304174
31.6071611578
31.7953172152
31.9831989902
32.1708068824
32.3581412912
32.5452026153
32.7319912527
32.9185076009
33.1047520568
33.2907250169
33.4764268768
33.6618580318
33.8470188765
34.0319098049
34.2165312105
34.4008834861
34.5849670242
34.7687822165
34.952329454
35.1356091275
35.318621627
35.501367342
35.6838466613
35.8660599732
36.0480076657
36.2296901258
36.4111077402
36.592260895
36.7731499757
36.9537753672
37.1341374539
37.3142366198
37.4940732479
37.6736477211
37.8529604215
38.0320117307
38.2108020297
38.389331699
38.5676011186
38.7456106678
38.9233607255
39.1008516699
39.2780838787
39.4550577291
39.6317735978
39.8082318608
39.9844328935
40.1603770711
40.3360647679
40.5114963578
40.6866722142
40.8615927097
41.0362582168
41.2106691071
41.3848257517
41.5587285213
41.7323777859
41.9057739152
42.0789172781
42.251808243
42.424447178
42.5968344504
42.768970427
42.9408554743
43.1124899579
43.2838742431
43.4550086947
43.6258936769
43.7965295533
43.966916687
44.1370554406
44.3069461763
44.4765892555
44.6459850394
44.8151338882
44.9840361622
45.1526922206
45.3211024224
45.4892671261
45.6571866893
45.8248614697
45.9922918238
46.1594781081
46.3264206784
46.4931198899
46.6595760974
46.8257896551
46.9917609167
47.1574902354
47.322977964
47.4882244546
47.6532300588
47.8179951279
47.9825200124
48.1468050625
48.3108506277
48.4746570573
48.6382246998
48.8015539033
48.9646450153
49.127498383
49.2901143529
49.452493271
49.614635483
49.7765413339
49.9382111683
50.0996453301
50.260844163
50.42180801
50.5825372136
50.7430321159
50.9032930585
51.0633203823
51.223114428
51.3826755357
51.5420040447
51.7011002944
51.8599646231
52.018597369
52.1769988697
52.3351694623
52.4931094834
52.650819269
52.8082991549
52.9655494761
53.1225705674
53.2793627627
53.4359263959
53.5922618001
53.7483693081
53.9042492519
54.0599019634
54.2153277737
54.3705270138
54.5255000138
54.6802471035
54.8347686122
54.9890648689
55.1431362018
55.2969829388
55.4506054074
55.6040039345
55.7571788464
55.9101304692
56.0628591284
56.215365149
56.3676488556
56.5197105722
56.6715506224
56.8231693294
56.9745670158
57.1257440038
57.2767006151
57.4274371711
57.5779539923
57.7282513993
57.8783297118
58.0281892493
58.1778303305
58.3272532741
58.4764583979
58.6254460195
58.774216456
58.922770024
59.0711070395
59.2192278183
59.3671326756
59.5148219262
59.6622958843
59.8095548637
59.956599178
60.1034291399
60.2500450621
60.3964472563
60.5426360344
60.6886117073
60.8343745856
60.9799249797
61.1252631992
61.2703895534
61.4153043513
61.5600079011
61.7045005108
61.8487824879
61.9928541395
62.1367157722
62.2803676921
62.4238102049
62.5670436159
62.7100682298
62.8528843512
62.9954922839
63.1378923313
63.2800847966
63.4220699823
63.5638481905
63.7054197231
63.8467848813
63.9879439659
64.1288972773
64.2696451155
64.4101877801
64.55052557
64.690658784
64.8305877203
64.9703126766
65.1098339504
65.2491518385
65.3882666374
65.5271786431
65.6658881514
65.8043954573
65.9427008556
66.0808046407
66.2187071065
66.3564085464
66.4939092534
66.6312095203
66.7683096391
66.9052099017
67.0419105993
67.1784120229
67.3147144631
67.4508182097
67.5867235526
67.7224307809
67.8579401834
67.9932520485
68.1283666641
68.2632843178
68.3980052968
68.5325298876
68.6668583766
68.8009910497
68.9349281923
69.0686700894
69.2022170257
69.3355692854
69.4687271521
69.6016909094
69.7344608402
69.867037227
69.999420352
70.1316104969
70.2636079429
70.3954129711
70.5270258619
70.6584468954
70.7896763512
70.9207145087
71.0515616467
71.1822180436
71.3126839776
71.4429597262
71.5730455667
71.7029417759
71.8326486303
71.9621664059
72.0914953783
72.2206358228
72.3495880141
72.4783522268
72.6069287347
72.7353178116
72.8635197307
72.9915347648
73.1193631863
73.2470052672
73.3744612793
73.5017314937
73.6288161813
73.7557156125
73.8824300574
74.0089597856
74.1353050665
74.2614661689
74.3874433612
74.5132369116
74.6388470878
74.7642741571
74.8895183863
75.0145800422
75.1394593907
75.2641566976
75.3886722283
75.5130062479
75.6371590208
75.7611308114
75.8849218833
76.0085325001
76.1319629249
76.2552134202
76.3782842484
76.5011756715
76.6238879508
76.7464213476
76.8687761226
76.9909525363
77.1129508485
77.234771319
77.356414207
77.4778797713
77.5991682705
77.7202799627
77.8412151055
77.9619739565
78.0825567724
78.2029638101
78.3231953256
78.443251575
78.5631328135
78.6828392965
78.8023712786
78.9217290142
79.0409127574
79.1599227616
79.2787592803
79.3974225663
79.5159128722
79.63423045
79.7523755516
79.8703484285
79.9881493316
80.1057785117
80.2232362192
80.3405227038
80.4576382153
80.574583003
80.6913573155
80.8079614016
80.9243955093
81.0406598863
81.1567547802
81.272680438
81.3884371064
81.5040250317
81.6194444599
81.7346956367
81.8497788073
81.9646942166
82.0794421091
82.1940227292
82.3084363205
82.4226831266
82.5367633907
82.6506773554
82.7644252632
82.8780073563
82.9914238762
83.1046750644
83.2177611618
83.3306824092
83.4434390468
83.5560313146
83.6684594523
83.7807236989
83.8928242936
84.0047614748
84.1165354807
84.2281465493
84.339594918
84.450880824
84.5620045041
84.6729661949
84.7837661324
84.8944045525
85.0048816906
85.1151977818
85.2253530609
85.3353477623
85.44518212
85.5548563679
85.6643707393
85.7737254673
85.8829207845
85.9919569235
86.1008341161
86.2095525942
86.318112589
86.4265143317
86.5347580528
86.6428439828
86.7507723517
86.8585433891
86.9661573245
87.0736143867
87.1809148046
87.2880588063
87.3950466201
87.5018784735
87.6085545938
87.7150752082
87.8214405433
87.9276508254
88.0337062806
88.1396071346
88.2453536127
88.35094594
88.4563843411
88.5616690406
88.6668002624
88.7717782303
88.8766031676
88.9812752975
89.0857948427
89.1901620256
89.2943770684
89.3984401927
89.5023516202
89.6061115718
89.7097202685
89.8131779307
89.9164847785
90.0196410319
90.1226469104
90.2255026331
90.3282084189
90.4307644865
90.5331710541
90.6354283395
90.7375365605
90.8394959342
90.9413066778
91.0429690078
91.1444831407
91.2458492923
91.3470676786
91.4481385148
91.549062016
91.6498383971
91.7504678724
91.8509506562
91.9512869623
92.0514770042
92.1515209951
92.2514191479
92.3511716752
92.4507787894
92.5502407023
92.6495576256
92.7487297708
92.8477573488
92.9466405704
93.045379646
93.1439747857
93.2424261995
93.3407340967
93.4388986866
93.5369201781
93.6347987798
93.7325347
93.8301281467
93.9275793276
94.02488845
94.1220557211
94.2190813476
94.3159655361
94.4127084926
94.5093104231
94.6057715331
94.702092028
94.7982721127
94.8943119919
94.9902118699
95.0859719509
95.1815924387
95.2770735367
95.3724154481
95.4676183759
95.5626825226
95.6576080905
95.7523952817
95.8470442978
95.9415553404
96.0359286104
96.1301643089
96.2242626362
96.3182237926
96.4120479782
96.5057353926
96.5992862351
96.6927007049
96.7859790006
96.879121321
96.9721278641
97.0649988279
97.15773441
97.2503348078
97.3428002183
97.4351308384
97.5273268644
97.6193884927
97.7113159191
97.8031093393
97.8947689486
97.986294942
98.0776875144
98.1689468602
98.2600731737
98.3510666487
98.441927479
98.5326558578
98.6232519783
98.7137160332
98.8040482152
98.8942487163
98.9843177286
99.0742554438
99.1640620531
99.2537377479
99.3432827188
99.4326971565
99.5219812513
99.6111351931
99.7001591717
99.7890533765
99.8778179967
99.9664532212
100.054959239
100.143336237
100.231584405
100.319703931
100.407695001
100.495557803
100.583292523
100.67089935
100.758378468
100.845730065
100.932954326
101.020051436
101.107021582
101.193864948
101.280581719
101.367172079
101.453636214
101.539974306
101.626186539
101.712273098
101.798234165
101.884069923
101.969780555
102.055366243
102.140827169
102.226163516
102.311375464
102.396463196
102.481426892
102.566266733
102.6509829
102.735575572
102.820044931
102.904391155
102.988614424
103.072714918
103.156692815
103.240548294
103.324281534
103.407892712
103.491382007
103.574749597
103.657995658
103.741120368
103.824123904
103.907006443
103.98976816
104.072409233
104.154929836
104.237330146
104.319610337
104.401770585
104.483811066
104.565731952
104.647533419
104.729215641
104.810778792
104.892223044
104.973548573
105.054755549
105.135844148
105.21681454
105.297666898
105.378401395
105.459018202
105.53951749
105.619899432
105.700164197
105.780311958
105.860342884
105.940257146
106.020054913
106.099736356
106.179301645
106.258750948
106.338084434
106.417302273
106.496404633
106.575391682
106.654263589
106.733020521
106.811662646
106.890190132
106.968603144
107.046901851
107.125086419
107.203157014
107.281113803
107.358956951
107.436686623
107.514302986
107.591806205
107.669196444
107.746473869
107.823638643
107.900690931
107.977630897
108.054458704
108.131174516
108.207778497
108.284270809
108.360651615
108.436921078
108.51307936
108.589126623
108.665063029
108.740888739
108.816603916
108.892208719
108.96770331
109.04308785
109.118362498
109.193527416
109.268582763
109.343528699
109.418365383
109.493092975
109.567711633
109.642221517
109.716622785
109.790915595
109.865100106
109.939176475
110.01314486
110.087005418
110.160758307
110.234403683
110.307941703
110.381372525
110.454696303
110.527913194
110.601023354
110.674026939
110.746924103
110.819715002
110.892399791
110.964978625
111.037451657
111.109819043
111.182080936
111.25423749
111.326288859
111.398235195
111.470076652
111.541813384
111.613445541
111.684973278
111.756396746
111.827716097
111.898931483
111.970043056
112.041050966
112.111955366
112.182756405
112.253454235
112.324049005
112.394540867
112.464929971
112.535216465
112.6054005
112.675482225
112.745461788
112.81533934
112.885115029
112.954789003
113.02436141
113.093832399
113.163202118
113.232470713
113.301638333
113.370705124
113.439671234
113.50853681
113.577301997
113.645966942
113.714531792
113.782996693
113.851361789
113.919627227
113.987793152
114.055859708
114.123827041
114.191695296
114.259464616
114.327135146
114.39470703
114.462180412
114.529555436
114.596832244
114.66401098
114.731091787
114.798074807
114.864960184
114.93174806
114.998438576
115.065031875
115.131528098
115.197927386
115.264229882
115.330435726
115.39654506
115.462558023
115.528474756
115.5942954
115.660020095
115.72564898
115.791182196
115.856619881
115.921962174
115.987209216
116.052361145
116.117418099
116.182380217
116.247247637
116.312020498
116.376698936
116.44128309
116.505773098
116.570169095
116.63447122
116.698679609
116.7627944
116.826815727
116.890743728
116.954578539
117.018320295
117.081969132
117.145525186
117.208988592
117.272359485
117.335637999
117.39882427
117.461918431
117.524920618
117.587830964
117.650649603
117.713376669
117.776012296
117.838556615
117.901009762
117.963371868
118.025643066
118.087823489
118.14991327
118.211912539
118.27382143
118.335640074
118.397368602
118.459007146
118.520555837
118.582014806
118.643384184
118.704664102
118.765854689
118.826956077
118.887968394
118.948891772
119.009726339
119.070472225
119.131129559
119.191698471
119.252179089
119.312571542
119.372875959
119.433092467
119.493221196
119.553262272
119.613215825
119.67308198
119.732860867
119.792552611
119.85215734
119.911675181
119.971106261
120.030450706
120.089708642
120.148880195
120.207965491
120.266964657
120.325877817
120.384705097
120.443446622
120.502102518
120.560672908
120.619157918
120.677557672
120.735872295
120.79410191
120.852246641
120.910306612
120.968281947
121.02617277
121.083979202
121.141701368
121.19933939
121.25689339
121.314363492
121.371749818
121.429052489
121.486271628
121.543407356
121.600459795
121.657429067
121.714315292
121.771118592
121.827839087
121.884476899
121.941032148
121.997504954
122.053895437
122.110203717
122.166429915
122.22257415
122.278636541
122.334617207
122.390516269
122.446333844
122.502070051
122.55772501
122.613298838
122.668791654
122.724203576
122.779534722
122.83478521
122.889955157
122.94504468
123.000053897
123.054982925
123.109831881
123.164600881
123.219290042
123.273899481
123.328429314
123.382879656
123.437250624
123.491542333
123.545754898
123.599888437
123.653943062
123.70791889
123.761816035
123.815634612
123.869374736
123.923036521
123.976620081
124.03012553
124.083552981
124.13690255
124.190174349
124.243368491
124.29648509
124.349524259
124.402486111
124.455370758
124.508178313
124.560908889
124.613562597
124.66613955
124.718639859
124.771063636
124.823410993
124.875682042
124.927876892
124.979995657
125.032038445
125.084005369
125.135896539
125.187712065
125.239452057
125.291116626
125.342705881
125.394219933
125.44565889
125.497022863
125.548311961
125.599526293
125.650665967
125.701731093
125.752721779
125.803638135
125.854480267
125.905248285
125.955942297
126.006562409
126.057108731
126.10758137
126.157980432
126.208306026
126.258558258
126.308737235
126.358843065
126.408875853
126.458835707
126.508722732
126.558537035
126.608278722
126.657947898
126.707544669
126.757069141
126.80652142
126.85590161
126.905209816
126.954446144
127.003610698
127.052703584
127.101724904
127.150674764
127.199553268
127.24836052
127.297096624
127.345761683
127.394355801
127.442879081
127.491331628
127.539713543
127.58802493
127.636265891
127.68443653
127.732536948
127.780567249
127.828527533
127.876417905
127.924238464
127.971989314
128.019670555
128.06728229
128.114824619
128.162297644
128.209701465
128.257036184
128.304301901
128.351498717
128.398626733
128.445686048
128.492676763
128.539598978
128.586452792
128.633238306
128.679955618
128.726604829
128.773186038
128.819699343
128.866144844
128.912522639
128.958832828
129.005075509
129.05125078
129.097358739
129.143399485
129.189373115
129.235279728
129.281119421
129.326892292
129.372598438
129.418237956
129.463810943
129.509317497
129.554757715
129.600131692
129.645439526
129.690681313
129.735857149
129.780967131
129.826011354
129.870989914
129.915902907
129.960750429
130.005532574
130.050249439
130.094901119
130.139487708
130.184009301
130.228465994
130.27285788
130.317185054
130.361447611
130.405645645
130.449779249
130.493848518
130.537853546
130.581794426
130.625671251
130.669484115
130.713233112
130.756918334
130.800539874
130.844097826
130.887592281
130.931023333
130.974391074
131.017695595
131.06093699
131.104115351
131.147230768
131.190283335
131.233273142
131.276200281
131.319064843
131.36186692
131.404606603
131.447283983
131.48989915
131.532452195
131.574943209
131.617372282
131.659739505
131.702044967
131.744288759
131.786470971
131.828591691
131.870651011
131.912649019
131.954585805
131.996461459
132.038276068
132.080029722
132.121722511
132.163354522
132.204925845
132.246436568
132.287886779
132.329276566
132.370606017
132.411875221
132.453084266
132.494233238
132.535322226
132.576351316
132.617320597
132.658230156
132.699080079
132.739870453
132.780601366
132.821272904
132.861885153
132.9024382
132.942932131
132.983367033
133.023742991
133.064060092
133.10431842
133.144518063
133.184659105
133.224741631
133.264765728
133.30473148
133.344638973
133.384488291
133.424279518
133.464012741
133.503688043
133.543305508
133.582865222
133.622367268
133.66181173
133.701198693
133.740528239
133.779800454
133.819015419
133.85817322
133.897273938
133.936317658
133.975304463
134.014234434
134.053107656
134.091924211
134.130684182
134.169387651
134.2080347
134.246625411
134.285159868
134.323638151
134.362060343
134.400426525
134.43873678
134.476991188
134.515189831
134.553332791
134.591420148
134.629451984
134.667428379
134.705349414
134.74321517
134.781025728
134.818781168
134.856481571
134.894127016
134.931717584
134.969253354
135.006734408
135.044160823
135.081532681
135.11885006
135.15611304
135.193321701
135.23047612
135.267576379
135.304622555
135.341614727
135.378552974
135.415437375
135.452268009
135.489044952
135.525768285
135.562438084
135.599054428
135.635617396
135.672127064
135.70858351
135.744986813
135.781337049
135.817634295
135.85387863
135.89007013
135.926208872
135.962294934
135.998328391
136.034309321
136.0702378
136.106113904
136.141937711
136.177709296
136.213428735
136.249096105
136.284711481
136.320274939
136.355786554
136.391246403
136.426654561
136.462011103
136.497316104
136.53256964
136.567771785
136.602922615
136.638022204
136.673070627
136.708067958
136.743014273
136.777909645
136.812754148
136.847547858
136.882290847
136.91698319
136.95162496
136.986216232
137.020757079
137.055247574
137.089687791
137.124077803
137.158417683
137.192707505
137.226947342
137.261137265
137.295277349
137.329367665
137.363408286
137.397399285
137.431340734
137.465232705
137.499075271
137.532868503
137.566612473
137.600307253
137.633952915
137.66754953
137.701097171
137.734595907
137.768045811
137.801446954
137.834799407
137.868103241
137.901358526
137.934565333
137.967723734
138.000833799
138.033895597
138.066909201
138.099874679
138.132792101
138.165661539
138.198483062
138.231256739
138.263982641
138.296660838
138.329291398
138.361874391
138.394409886
138.426897953
138.459338661
138.491732079
138.524078276
138.556377321
138.588629282
138.620834228
138.652992227
138.685103349
138.717167661
138.749185231
138.781156128
138.81308042
138.844958175
138.87678946
138.908574344
138.940312893
138.972005176
139.00365126
139.035251212
139.066805099
139.098312989
139.129774949
139.161191046
139.192561346
139.223885916
139.255164823
139.286398134
139.317585915
139.348728232
139.379825152
139.41087674
139.441883064
139.472844188
139.503760179
139.534631102
139.565457024
139.59623801
139.626974124
139.657665434
139.688312004
139.718913899
139.749471184
139.779983925
139.810452186
139.840876033
139.871255529
139.90159074
139.93188173
139.962128564
139.992331306
140.02249002
140.052604771
140.082675622
140.112702637
140.142685881
140.172625418
140.20252131
140.232373622
140.262182417
140.291947758
140.321669709
140.351348334
140.380983695
140.410575855
140.440124877
140.469630825
140.499093761
140.528513747
140.557890847
140.587225122
140.616516636
140.645765451
140.674971628
140.70413523
140.73325632
140.762334958
140.791371207
140.820365129
140.849316786
140.878226238
140.907093548
140.935918777
140.964701987
140.993443238
141.022142591
141.050800109
141.079415851
141.107989879
141.136522254
141.165013035
141.193462285
141.221870063
141.25023643
141.278561446
141.306845172
141.335087667
141.363288992
141.391449207
141.419568372
141.447646546
141.475683789
141.503680162
141.531635723
141.559550532
141.587424649
141.615258132
141.643051042
141.670803437
141.698515376
141.726186918
141.753818122
141.781409047
141.808959752
141.836470295
141.863940735
141.89137113
141.918761539
141.946112019
141.97342263
142.000693429
142.027924474
142.055115824
142.082267536
142.109379667
142.136452276
142.16348542
142.190479157
142.217433544
142.244348639
142.271224499
142.29806118
142.324858741
142.351617237
142.378336727
142.405017267
142.431658913
142.458261723
142.484825753
142.511351059
142.537837699
142.564285728
142.590695202
142.617066179
142.643398713
142.669692862
142.69594868
142.722166224
142.74834555
142.774486713
142.80058977
142.826654774
142.852681783
142.878670851
142.904622034
142.930535387
142.956410965
142.982248823
143.008049016
143.0338116
143.059536628
143.085224155
143.110874237
143.136486928
143.162062283
143.187600355
143.213101199
143.238564869
143.263991421
143.289380906
143.314733381
143.340048898
143.365327512
143.390569277
143.415774245
143.440942471
143.466074008
143.491168911
143.516227231
143.541249023
143.566234339
143.591183234
143.616095759
143.640971969
143.665811915
143.690615651
143.71538323
143.740114705
143.764810127
143.789469549
143.814093025
143.838680606
143.863232345
143.887748294
143.912228505
143.93667303
143.961081921
143.985455231
144.00979301
144.034095312
144.058362187
144.082593687
144.106789864
144.130950769
144.155076454
144.17916697
144.203222369
144.227242701
144.251228017
144.275178369
144.299093808
144.322974384
144.346820149
144.370631153
144.394407446
144.41814908
144.441856105
144.465528571
144.489166528
144.512770028
144.53633912
144.559873854
144.583374281
144.606840451
144.630272413
144.653670217
144.677033913
144.700363551
144.723659181
144.746920851
144.770148612
144.793342513
144.816502604
144.839628933
144.86272155
144.885780503
144.908805843
144.931797618
144.954755877
144.977680669
145.000572042
145.023430046
145.046254729
145.069046139
145.091804326
145.114529336
145.13722122
145.159880025
145.182505799
145.205098591
145.227658448
145.250185419
145.272679551
145.295140893
145.317569492
145.339965396
145.362328653
145.38465931
145.406957415
145.429223014
145.451456157
145.473656889
145.495825258
145.517961312
145.540065097
145.56213666
145.584176049
145.60618331
145.62815849
145.650101636
145.672012795
145.693892013
145.715739337
145.737554813
145.759338488
145.781090408
145.802810619
145.824499168
145.846156101
145.867781463
145.889375302
145.910937662
145.932468589
145.953968131
145.975436331
145.996873237
146.018278893
146.039653345
146.060996639
146.08230882
146.103589933
146.124840024
146.146059138
146.16724732
146.188404615
146.209531069
146.230626725
146.25169163
146.272725827
146.293729362
146.314702279
146.335644623
146.356556439
146.377437771
146.398288663
146.41910916
146.439899306
146.460659146
146.481388723
146.502088081
146.522757266
146.54339632
146.564005288
146.584584213
146.60513314
146.625652112
146.646141172
146.666600365
146.687029733
146.707429321
146.727799171
146.748139328
146.768449834
146.788730732
146.808982066
146.829203879
146.849396214
146.869559114
146.889692622
146.90979678
146.929871631
146.949917219
146.969933585
146.989920772
147.009878824
147.029807782
147.049707689
147.069578586
147.089420518
147.109233524
147.129017649
147.148772933
147.16849942
147.18819715
147.207866166
147.22750651
147.247118224
147.266701348
147.286255926
147.305781998
147.325279606
147.344748792
147.364189597
147.383602062
147.402986228
147.422342138
147.441669832
147.460969351
147.480240736
147.499484029
147.51869927
147.5378865
147.557045761
147.576177092
147.595280534
147.614356129
147.633403916
147.652423937
147.671416232
147.69038084
147.709317804
147.728227162
147.747108955
147.765963223
147.784790007
147.803589346
147.822361281
147.841105851
147.859823096
147.878513057
147.897175772
147.915811282
147.934419627
147.953000845
147.971554977
147.990082061
148.008582138
148.027055247
148.045501427
148.063920716
148.082313156
148.100678784
148.11901764
148.137329762
148.15561519
148.173873963
148.192106119
148.210311697
148.228490737
148.246643276
148.264769354
148.282869008
148.300942278
148.318989201
148.337009817
148.355004164
148.37297228
148.390914202
148.40882997
148.426719622
148.444583195
148.462420728
148.480232258
148.498017823
148.515777462
148.533511212
148.551219111
148.568901196
148.586557506
148.604188077
148.621792947
148.639372154
148.656925735
148.674453728
148.691956169
148.709433096
148.726884547
148.744310558
148.761711166
148.779086409
148.796436323
148.813760945
148.831060313
148.848334463
148.865583431
148.882807255
148.900005971
148.917179616
148.934328226
148.951451838
148.968550489
148.985624213
149.002673049
149.019697032
149.036696199
149.053670585
149.070620227
149.08754516
149.104445422
149.121321048
149.138172073
149.154998533
149.171800466
149.188577905
149.205330887
149.222059448
149.238763623
149.255443447
149.272098957
149.288730187
149.305337173
149.321919951
149.338478555
149.355013021
149.371523384
149.38800968
149.404471942
149.420910207
149.437324509
149.453714884
149.470081365
149.486423989
149.502742789
149.519037801
149.535309058
149.551556597
149.567780451
149.583980654
149.600157242
149.616310249
149.632439709
149.648545656
149.664628125
149.68068715
149.696722765
149.712735005
149.728723902
149.744689492
149.760631809
149.776550885
149.792446756
149.808319455
149.824169015
149.839995471
149.855798856
149.871579204
149.887336548
149.903070922
149.91878236
149.934470894
149.950136559
149.965779387
149.981399412
149.996996667
150.012571185
150.028122999
150.043652144
150.05915865
150.074642552
150.090103883
150.105542675
150.120958962
150.136352775
150.151724149
150.167073114
150.182399706
150.197703954
150.212985894
150.228245556
150.243482973
150.258698179
150.273891204
150.289062083
150.304210846
150.319337525
150.334442155
150.349524765
150.364585389
150.379624059
150.394640806
150.409635663
150.424608661
150.439559832
150.454489209
150.469396822
150.484282704
150.499146886
150.5139894
150.528810277
150.54360955
150.558387249
150.573143406
150.587878052
150.602591219
150.617282939
150.631953241
150.646602158
150.661229721
150.67583596
150.690420907
150.704984594
150.71952705
150.734048307
150.748548396
150.763027348
150.777485193
150.791921962
150.806337686
150.820732396
150.835106122
150.849458895
150.863790746
150.878101704
150.8923918
150.906661066
150.92090953
150.935137224
150.949344178
150.963530422
150.977695985
150.991840899
151.005965194
151.020068899
151.034152044
151.04821466
151.062256776
151.076278423
151.090279629
151.104260426
151.118220842
151.132160907
151.146080652
151.159980105
151.173859296
151.187718255
151.201557012
151.215375595
151.229174034
151.242952359
151.256710598
151.270448781
151.284166938
151.297865098
151.311543288
151.32520154
151.338839882
151.352458342
151.36605695
151.379635735
151.393194726
151.406733951
151.42025344
151.43375322
151.447233322
151.460693773
151.474134602
151.487555838
151.500957509
151.514339644
151.527702271
151.54104542
151.554369117
151.567673392
151.580958273
151.594223787
151.607469965
151.620696832
151.633904419
151.647092752
151.66026186
151.673411771
151.686542512
151.699654113
151.7127466
151.725820002
151.738874346
151.75190966
151.764925973
151.77792331
151.790901702
151.803861174
151.816801754
151.829723471
151.84262635
151.855510421
151.868375711
151.881222246
151.894050054
151.906859163
151.919649599
151.93242139
151.945174563
151.957909145
151.970625164
151.983322646
151.996001618
152.008662108
152.021304142
152.033927748
152.046532951
152.059119779
152.071688259
152.084238417
152.096770281
152.109283876
152.12177923
152.134256369
152.146715319
152.159156107
152.17157876
152.183983304
152.196369766
152.208738171
152.221088546
152.233420918
152.245735312
152.258031755
152.270310273
152.282570893
152.294813639
152.307038539
152.319245618
152.331434902
152.343606417
152.35576019
152.367896245
152.380014609
152.392115308
152.404198367
152.416263813
152.42831167
152.440341964
152.452354721
152.464349967
152.476327727
152.488288026
152.500230891
152.512156346
152.524064416
152.535955128
152.547828506
152.559684576
152.571523363
152.583344892
152.595149188
152.606936277
152.618706183
152.630458932
152.642194548
152.653913057
152.665614483
152.677298852
152.688966188
152.700616515
152.71224986
152.723866247
152.735465699
152.747048243
152.758613903
152.770162702
152.781694667
152.793209821
152.804708189
152.816189795
152.827654664
152.83910282
152.850534288
152.861949092
152.873347256
152.884728804
152.896093761
152.907442151
152.918773998
152.930089326
152.941388159
152.952670522
152.963936437
152.97518593
152.986419024
152.997635743
153.008836112
153.020020152
153.03118789
153.042339348
153.05347455
153.064593519
153.075696281
153.086782857
153.097853272
153.108907549
153.119945711
153.130967784
153.141973788
153.152963749
153.16393769
153.174895633
153.185837602
153.196763621
153.207673712
153.2185679
153.229446207
153.240308655
153.25115527
153.261986072
153.272801087
153.283600335
153.294383842
153.305151628
153.315903718
153.326640135
153.3373609
153.348066037
153.358755569
153.369429519
153.380087909
153.390730761
153.401358099
153.411969945
153.422566322
153.433147252
153.443712758
153.454262862
153.464797587
153.475316955
153.485820988
153.496309709
153.50678314
153.517241304
153.527684223
153.538111918
153.548524413
153.558921729
153.569303888
153.579670913
153.590022826
153.600359648
153.610681402
153.620988109
153.631279792
153.641556472
153.651818171
153.662064912
153.672296715
153.682513603
153.692715598
153.702902721
153.713074993
153.723232437
153.733375075
153.743502926
153.753616015
153.76371436
153.773797985
153.783866911
153.793921159
153.803960751
153.813985707
153.823996049
153.833991799
153.843972978
153.853939607
153.863891707
153.8738293
153.883752406
153.893661047
153.903555244
153.913435017
153.923300389
153.933151379
153.942988009
153.9528103
153.962618272
153.972411947
153.982191345
153.991956488
154.001707395
154.011444089
154.021166588
154.030874915
154.04056909
154.050249133
154.059915065
154.069566906
154.079204678
154.0888284
154.098438094
154.108033779
154.117615476
154.127183205
154.136736988
154.146276843
154.155802791
154.165314854
154.17481305
154.1842974
154.193767925
154.203224644
154.212667577
154.222096746
154.231512169
154.240913866
154.250301859
154.259676166
154.269036808
154.278383805
154.287717176
154.297036941
154.306343121
154.315635734
154.324914802
154.334180343
154.343432377
154.352670924
154.361896004
154.371107636
154.38030584
154.389490636
154.398662042
154.407820079
154.416964765
154.426096121
154.435214166
154.44431892
154.453410401
154.462488629
154.471553623
154.480605403
154.489643987
154.498669396
154.507681648
154.516680763
154.525666759
154.534639656
154.543599473
154.552546228
154.561479942
154.570400633
154.579308319
154.588203021
154.597084756
154.605953544
154.614809404
154.623652354
154.632482414
154.641299602
154.650103936
154.658895436
154.66767412
154.676440007
154.685193116
154.693933465
154.702661073
154.711375959
154.72007814
154.728767636
154.737444465
154.746108645
154.754760195
154.763399133
154.772025478
154.780639249
154.789240462
154.797829137
154.806405292
154.814968946
154.823520115
154.83205882
154.840585077
154.849098905
154.857600322
154.866089346
154.874565996
154.883030289
154.891482243
154.899921876
154.908349206
154.916764252
154.925167031
154.93355756
154.941935859
154.950301944
154.958655833
154.966997545
154.975327097
154.983644506
154.991949791
155.000242969
155.008524057
155.016793074
155.025050037
155.033294963
155.04152787
155.049748776
155.057957698
155.066154653
155.07433966
155.082512735
155.090673895
155.098823159
155.106960543
155.115086065
155.123199742
155.131301592
155.139391631
155.147469877
155.155536347
155.163591058
155.171634028
155.179665273
155.18768481
155.195692657
155.203688831
155.211673348
155.219646226
155.227607482
155.235557132
155.243495194
155.251421684
155.25933662
155.267240017
155.275131893
155.283012265
155.29088115
155.298738564
155.306584523
155.314419046
155.322242147
155.330053845
155.337854155
155.345643094
155.353420679
155.361186927
155.368941853
155.376685474
155.384417808
155.392138869
155.399848676
155.407547243
155.415234588
155.422910727
155.430575676
155.438229451
155.44587207
155.453503547
155.4611239
155.468733144
155.476331296
155.483918371
155.491494387
155.499059359
155.506613303
155.514156236
155.521688172
155.52920913
155.536719123
155.544218169
155.551706284
155.559183482
155.566649781
155.574105196
155.581549743
155.588983437
155.596406296
155.603818333
155.611219566
155.61861001
155.62598968
155.633358593
155.640716764
155.648064208
155.655400942
155.662726981
155.67004234
155.677347036
155.684641083
155.691924497
155.699197294
155.706459489
155.713711098
155.720952136
155.728182618
155.73540256
155.742611978
155.749810886
155.756999299
155.764177234
155.771344705
155.778501729
155.785648318
155.792784491
155.79991026
155.807025642
155.814130651
155.821225304
155.828309614
155.835383597
155.842447268
155.849500642
155.856543734
155.863576559
155.870599132
155.877611468
155.884613581
155.891605488
155.898587202
155.905558739
155.912520113
155.919471339
155.926412432
155.933343406
155.940264277
155.94717506
155.954075768
155.960966417
155.967847021
155.974717594
155.981578153
155.98842871
155.995269281
156.002099881
156.008920523
156.015731222
156.022531993
156.029322851
156.036103809
156.042874882
156.049636085
156.056387431
156.063128936
156.069860614
156.076582479
156.083294544
156.089996826
156.096689337
156.103372092
156.110045106
156.116708392
156.123361965
156.130005838
156.136640027
156.143264544
156.149879405
156.156484623
156.163080213
156.169666187
156.176242561
156.182809349
156.189366564
156.19591422
156.202452331
156.208980911
156.215499975
156.222009535
156.228509606
156.235000202
156.241481336
156.247953022
156.254415274
156.260868106
156.267311532
156.273745564
156.280170218
156.286585506
156.292991442
156.29938804
156.305775313
156.312153276
156.318521941
156.324881322
156.331231433
156.337572287
156.343903897
156.350226278
156.356539443
156.362843404
156.369138176
156.375423772
156.381700205
156.387967489
156.394225637
156.400474662
156.406714577
156.412945396
156.419167133
156.425379799
156.43158341
156.437777977
156.443963513
156.450140033
156.45630755
156.462466075
156.468615623
156.474756207
156.480887839
156.487010533
156.493124302
156.499229158
156.505325116
156.511412186
156.517490384
156.523559721
156.52962021
156.535671865
156.541714698
156.547748722
156.553773951
156.559790396
156.56579807
156.571796987
156.577787159
156.583768599
156.58974132
156.595705334
156.601660654
156.607607293
156.613545263
156.619474577
156.625395247
156.631307287
156.637210709
156.643105525
156.648991747
156.65486939
156.660738464
156.666598982
156.672450958
156.678294403
156.684129329
156.68995575
156.695773678
156.701583124
156.707384102
156.713176623
156.718960701
156.724736346
156.730503573
156.736262392
156.742012816
156.747754858
156.75348853
156.759213843
156.76493081
156.770639443
156.776339755
156.782031757
156.787715461
156.793390881
156.799058027
156.804716911
156.810367547
156.816009945
156.821644119
156.827270079
156.832887838
156.838497407
156.8440988
156.849692027
156.8552771
156.860854032
156.866422834
156.871983519
156.877536097
156.883080581
156.888616983
156.894145314
156.899665586
156.905177811
156.910682001
156.916178167
156.921666321
156.927146475
156.93261864
156.938082828
156.943539051
156.94898732
156.954427647
156.959860043
156.96528452
156.97070109
156.976109764
156.981510553
156.98690347
156.992288525
156.99766573
157.003035096
157.008396636
157.013750359
157.019096278
157.024434405
157.029764749
157.035087324
157.040402139
157.045709207
157.051008539
157.056300145
157.061584038
157.066860228
157.072128727
157.077389546
157.082642696
157.087888188
157.093126033
157.098356244
157.103578829
157.108793802
157.114001173
157.119200952
157.124393152
157.129577783
157.134754856
157.139924382
157.145086373
157.150240838
157.15538779
157.160527239
157.165659195
157.170783671
157.175900677
157.181010223
157.186112321
157.191206981
157.196294215
157.201374033
157.206446446
157.211511464
157.216569099
157.221619361
157.226662262
157.231697811
157.23672602
157.241746898
157.246760458
157.251766709
157.256765663
157.261757329
157.266741719
157.271718842
157.276688711
157.281651334
157.286606724
157.291554889
157.296495842
157.301429592
157.30635615
157.311275526
157.316187731
157.321092775
157.325990669
157.330881424
157.335765048
157.340641554
157.345510951
157.35037325
157.355228461
157.360076594
157.364917659
157.369751668
157.37457863
157.379398556
157.384211455
157.389017339
157.393816217
157.398608099
157.403392996
157.408170917
157.412941874
157.417705876
157.422462934
157.427213056
157.431956255
157.436692539
157.441421918
157.446144404
157.450860005
157.455568732
157.460270595
157.464965605
157.469653769
157.4743351
157.479009607
157.483677299
157.488338188
157.492992281
157.497639591
157.502280126
157.506913896
157.511540911
157.516161181
157.520774716
157.525381526
157.52998162
157.534575009
157.539161701
157.543741708
157.548315038
157.552881701
157.557441707
157.561995066
157.566541787
157.571081881
157.575615356
157.580142222
157.584662489
157.589176168
157.593683266
157.598183794
157.602677761
157.607165178
157.611646053
157.616120396
157.620588217
157.625049524
157.629504329
157.633952639
157.638394465
157.642829816
157.647258701
157.65168113
157.656097112
157.660506657
157.664909774
157.669306473
157.673696762
157.678080651
157.68245815
157.686829268
157.691194013
157.695552396
157.699904425
157.704250111
157.708589461
157.712922486
157.717249194
157.721569596
157.725883699
157.730191513
157.734493048
157.738788312
157.743077315
157.747360065
157.751636573
157.755906846
157.760170894
157.764428727
157.768680353
157.772925781
157.77716502
157.781398079
157.785624968
157.789845695
157.79406027
157.7982687
157.802470996
157.806667166
157.810857219
157.815041164
157.81921901
157.823390766
157.82755644
157.831716042
157.835869581
157.840017064
157.844158502
157.848293902
157.852423275
157.856546627
157.860663969
157.864775309
157.868880655
157.872980017
157.877073404
157.881160823
157.885242283
157.889317794
157.893387364
157.897451002
157.901508716
157.905560515
157.909606407
157.913646402
157.917680507
157.921708731
157.925731084
157.929747573
157.933758207
157.937762994
157.941761944
157.945755064
157.949742363
157.95372385
157.957699532
157.96166942
157.96563352
157.969591841
157.973544393
157.977491182
157.981432218
157.98536751
157.989297064
157.99322089
157.997138997
158.001051391
158.004958083
158.00885908
158.012754389
158.016644021
158.020527983
158.024406282
158.028278928
158.032145929
158.036007293
158.039863028
158.043713142
158.047557644
158.051396542
158.055229843
158.059057556
158.06287969
158.066696252
158.07050725
158.074312693
158.078112589
158.081906945
158.085695771
158.089479073
158.09325686
158.09702914
158.100795921
158.104557211
158.108313018
158.11206335
158.115808215
158.119547621
158.123281575
158.127010087
158.130733164
158.134450813
158.138163043
158.141869861
158.145571276
158.149267295
158.152957927
158.156643178
158.160323057
158.163997572
158.167666731
158.17133054
158.174989009
158.178642145
158.182289956
158.185932448
158.189569632
158.193201513
158.196828099
158.200449399
158.204065421
158.20767617
158.211281657
158.214881887
158.21847687
158.222066612
158.225651121
158.229230404
158.23280447
158.236373326
158.239936979
158.243495438
158.247048709
158.250596801
158.25413972
158.257677475
158.261210072
158.26473752
158.268259826
158.271776997
158.275289041
158.278795966
158.282297778
158.285794486
158.289286096
158.292772616
158.296254054
158.299730417
158.303201713
158.306667948
158.31012913
158.313585267
158.317036365
158.320482433
158.323923477
158.327359505
158.330790524
158.334216542
158.337637566
158.341053602
158.344464659
158.347870744
158.351271863
158.354668024
158.358059235
158.361445502
158.364826833
158.368203234
158.371574714
158.374941279
158.378302937
158.381659694
158.385011557
158.388358535
158.391700634
158.39503786
158.398370222
158.401697726
158.40502038
158.40833819
158.411651163
158.414959307
158.418262629
158.421561135
158.424854833
158.42814373
158.431427832
158.434707146
158.437981681
158.441251442
158.444516436
158.447776671
158.451032154
158.454282891
158.457528889
158.460770155
158.464006696
158.467238519
158.470465632
158.473688039
158.47690575
158.48011877
158.483327106
158.486530765
158.489729754
158.49292408
158.496113749
158.499298769
158.502479145
158.505654886
158.508825997
158.511992485
158.515154358
158.518311621
158.521464282
158.524612347
158.527755823
158.530894717
158.534029035
158.537158784
158.54028397
158.543404601
158.546520683
158.549632222
158.552739226
158.5558417
158.558939652
158.562033088
158.565122014
158.568206438
158.571286365
158.574361802
158.577432757
158.580499234
158.583561242
158.586618786
158.589671872
158.592720509
158.595764701
158.598804455
158.601839778
158.604870677
158.607897157
158.610919226
158.613936889
158.616950153
158.619959024
158.62296351
158.625963616
158.628959348
158.631950713
158.634937718
158.637920368
158.640898671
158.643872631
158.646842257
158.649807554
158.652768528
158.655725185
158.658677533
158.661625577
158.664569324
158.667508779
158.670443949
158.673374841
158.67630146
158.679223812
158.682141905
158.685055744
158.687965336
158.690870685
158.6937718
158.696668686
158.699561349
158.702449794
158.70533403
158.708214061
158.711089893
158.713961534
158.716828988
158.719692262
158.722551362
158.725406295
158.728257066
158.731103681
158.733946146
158.736784468
158.739618653
158.742448705
158.745274633
158.748096441
158.750914135
158.753727722
158.756537208
158.759342598
158.762143898
158.764941115
158.767734254
158.770523322
158.773308324
158.776089266
158.778866154
158.781638994
158.784407792
158.787172554
158.789933286
158.792689993
158.795442682
158.798191358
158.800936027
158.803676695
158.806413368
158.809146052
158.811874752
158.814599474
158.817320224
158.820037008
158.822749832
158.825458701
158.828163622
158.830864599
158.833561639
158.836254748
158.83894393
158.841629193
158.844310541
158.84698798
158.849661517
158.852331156
158.854996903
158.857658764
158.860316745
158.862970852
158.865621089
158.868267464
158.87090998
158.873548644
158.876183462
158.878814439
158.881441581
158.884064893
158.88668438
158.88930005
158.891911906
158.894519955
158.897124202
158.899724653
158.902321313
158.904914188
158.907503283
158.910088604
158.912670156
158.915247944
158.917821976
158.920392254
158.922958786
158.925521577
158.928080632
158.930635956
158.933187556
158.935735436
158.938279601
158.940820058
158.943356812
158.945889867
158.948419231
158.950944907
158.953466901
158.955985219
158.958499865
158.961010846
158.963518167
158.966021833
158.968521849
158.97101822
158.973510953
158.976000052
158.978485522
158.980967369
158.983445599
158.985920215
158.988391225
158.990858632
158.993322442
158.995782661
158.998239294
159.000692345
159.00314182
159.005587725
159.008030064
159.010468843
159.012904067
159.015335741
159.01776387
159.02018846
159.022609515
159.025027041
159.027441042
159.029851525
159.032258494
159.034661954
159.037061911
159.039458369
159.041851334
159.04424081
159.046626803
159.049009318
159.05138836
159.053763934
159.056136045
159.058504698
159.060869898
159.06323165
159.065589959
159.067944831
159.07029627
159.072644281
159.074988869
159.077330039
159.079667797
159.082002147
159.084333094
159.086660643
159.088984799
159.091305567
159.093622952
159.095936958
159.098247592
159.100554857
159.102858759
159.105159303
159.107456492
159.109750334
159.112040831
159.114327989
159.116611813
159.118892308
159.121169479
159.12344333
159.125713867
159.127981093
159.130245015
159.132505636
159.134762962
159.137016998
159.139267747
159.141515216
159.143759408
159.146000329
159.148237983
159.150472376
159.152703511
159.154931393
159.157156029
159.159377421
159.161595575
159.163810495
159.166022187
159.168230654
159.170435902
159.172637936
159.174836759
159.177032378
159.179224795
159.181414017
159.183600047
159.185782891
159.187962552
159.190139037
159.192312348
159.194482492
159.196649471
159.198813292
159.200973959
159.203131476
159.205285848
159.207437079
159.209585175
159.211730139
159.213871976
159.216010691
159.218146289
159.220278773
159.222408148
159.22453442
159.226657592
159.228777669
159.230894655
159.233008556
159.235119375
159.237227117
159.239331786
159.241433387
159.243531925
159.245627403
159.247719827
159.249809201
159.251895529
159.253978816
159.256059065
159.258136283
159.260210472
159.262281637
159.264349784
159.266414915
159.268477036
159.270536152
159.272592265
159.274645381
159.276695504
159.278742639
159.28078679
159.28282796
159.284866155
159.28690138
159.288933637
159.290962931
159.292989268
159.295012651
159.297033084
159.299050571
159.301065118
159.303076728
159.305085406
159.307091156
159.309093982
159.311093888
159.313090879
159.315084958
159.317076131
159.319064402
159.321049773
159.323032251
159.325011839
159.326988541
159.328962362
159.330933305
159.332901375
159.334866576
159.336828913
159.338788388
159.340745008
159.342698775
159.344649694
159.34659777
159.348543005
159.350485405
159.352424973
159.354361714
159.356295631
159.35822673
159.360155013
159.362080486
159.364003151
159.365923014
159.367840079
159.369754348
159.371665827
159.37357452
159.37548043
159.377383563
159.37928392
159.381181508
159.383076329
159.384968388
159.386857689
159.388744236
159.390628033
159.392509084
159.394387393
159.396262963
159.3981358
159.400005906
159.401873286
159.403737944
159.405599884
159.40745911
159.409315626
159.411169435
159.413020541
159.41486895
159.416714664
159.418557687
159.420398023
159.422235677
159.424070652
159.425902952
159.427732582
159.429559544
159.431383842
159.433205482
159.435024466
159.436840798
159.438654483
159.440465523
159.442273924
159.444079689
159.445882821
159.447683324
159.449481203
159.451276462
159.453069103
159.454859131
159.456646549
159.458431362
159.460213573
159.461993187
159.463770205
159.465544634
159.467316476
159.469085735
159.470852415
159.472616519
159.474378052
159.476137017
159.477893418
159.479647259
159.481398543
159.483147274
159.484893455
159.486637092
159.488378186
159.490116743
159.491852765
159.493586256
159.495317221
159.497045662
159.498771584
159.500494989
159.502215883
159.503934268
159.505650147
159.507363526
159.509074407
159.510782793
159.51248869
159.5141921
159.515893026
159.517591473
159.519287444
159.520980943
159.522671973
159.524360538
159.526046642
159.527730288
159.529411479
159.53109022
159.532766513
159.534440363
159.536111773
159.537780746
159.539447287
159.541111398
159.542773083
159.544432346
159.54608919
159.547743619
159.549395636
159.551045245
159.552692449
159.554337252
159.555979658
159.557619669
159.559257289
159.560892523
159.562525372
159.564155841
159.565783934
159.567409653
159.569033002
159.570653985
159.572272605
159.573888865
159.575502769
159.577114321
159.578723523
159.58033038
159.581934894
159.583537069
159.585136909
159.586734416
159.588329595
159.589922448
159.59151298
159.593101193
159.59468709
159.596270676
159.597851953
159.599430926
159.601007596
159.602581968
159.604154045
159.605723831
159.607291328
159.60885654
159.610419471
159.611980123
159.6135385
159.615094605
159.616648442
159.618200014
159.619749324
159.621296376
159.622841172
159.624383717
159.625924013
159.627462063
159.628997871
159.630531441
159.632062775
159.633591877
159.63511875
159.636643397
159.638165821
159.639686026
159.641204015
159.642719792
159.644233358
159.645744719
159.647253876
159.648760833
159.650265593
159.65176816
159.653268537
159.654766726
159.656262731
159.657756556
159.659248203
159.660737675
159.662224977
159.66371011
159.665193078
159.666673884
159.668152532
159.669629025
159.671103365
159.672575555
159.6740456
159.675513502
159.676979264
159.678442889
159.679904381
159.681363742
159.682820976
159.684276085
159.685729074
159.687179944
159.688628699
159.690075343
159.691519878
159.692962306
159.694402632
159.695840859
159.697276989
159.698711025
159.700142971
159.70157283
159.703000604
159.704426297
159.705849912
159.707271451
159.708690918
159.710108316
159.711523648
159.712936917
159.714348125
159.715757276
159.717164373
159.718569419
159.719972417
159.721373369
159.722772279
159.72416915
159.725563985
159.726956786
159.728347558
159.729736301
159.73112302
159.732507718
159.733890397
159.735271061
159.736649712
159.738026353
159.739400988
159.740773619
159.742144248
159.74351288
159.744879517
159.746244161
159.747606816
159.748967485
159.75032617
159.751682875
159.753037601
159.754390353
159.755741133
159.757089944
159.758436789
159.759781671
159.761124592
159.762465555
159.763804563
159.76514162
159.766476727
159.767809889
159.769141107
159.770470384
159.771797724
159.773123128
159.774446601
159.775768144
159.777087761
159.778405454
159.779721226
159.78103508
159.782347019
159.783657046
159.784965163
159.786271373
159.787575679
159.788878083
159.790178589
159.791477199
159.792773916
159.794068743
159.795361682
159.796652737
159.79794191
159.799229203
159.800514619
159.801798162
159.803079834
159.804359638
159.805637576
159.80691365
159.808187865
159.809460223
159.810730725
159.811999376
159.813266177
159.814531131
159.815794242
159.817055511
159.818314941
159.819572536
159.820828297
159.822082228
159.823334331
159.824584609
159.825833064
159.827079699
159.828324517
159.829567521
159.830808712
159.832048094
159.833285669
159.83452144
159.83575541
159.836987581
159.838217956
159.839446537
159.840673328
159.84189833
159.843121546
159.844342979
159.845562631
159.846780506
159.847996605
159.849210932
159.850423488
159.851634277
159.852843301
159.854050562
159.855256064
159.856459808
159.857661797
159.858862034
159.860060522
159.861257262
159.862452258
159.863645512
159.864837027
159.866026804
159.867214847
159.868401159
159.869585741
159.870768596
159.871949727
159.873129136
159.874306826
159.875482799
159.876657058
159.877829605
159.879000443
159.880169574
159.881337
159.882502725
159.883666751
159.88482908
159.885989714
159.887148657
159.88830591
159.889461476
159.890615357
159.891767557
159.892918077
159.894066919
159.895214087
159.896359583
159.897503409
159.898645567
159.899786061
159.900924892
159.902062063
159.903197576
159.904331434
159.905463639
159.906594194
159.9077231
159.908850361
159.909975978
159.911099955
159.912222294
159.913342996
159.914462064
159.915579501
159.91669531
159.917809491
159.918922049
159.920032985
159.921142301
159.92225
159.923356085
159.924460557
159.925563419
159.926664673
159.927764322
159.928862368
159.929958813
159.93105366
159.932146911
159.933238568
159.934328634
159.935417111
159.936504002
159.937589307
159.938673031
159.939755175
159.940835741
159.941914733
159.942992151
159.944067999
159.945142278
159.946214992
159.947286141
159.94835573
159.949423759
159.950490231
159.951555148
159.952618514
159.953680329
159.954740596
159.955799317
159.956856496
159.957912133
159.958966231
159.960018793
159.96106982
159.962119316
159.963167281
159.964213719
159.965258631
159.96630202
159.967343888
159.968384237
159.96942307
159.970460388
159.971496195
159.972530491
159.973563279
159.974594562
159.975624342
159.976652621
159.9776794
159.978704683
159.979728471
159.980750767
159.981771573
159.98279089
159.983808722
159.984825069
159.985839936
159.986853323
159.987865232
159.988875667
159.989884628
159.990892119
159.991898141
159.992902697
159.993905788
159.994907417
159.995907586
159.996906297
159.997903552
159.998899353
159.999893702
160.000886603
160.001878055
160.002868063
160.003856627
160.00484375
160.005829435
160.006813682
160.007796495
160.008777874
160.009757824
160.010736345
160.011713439
160.012689109
160.013663357
160.014636184
160.015607594
160.016577587
160.017546167
160.018513334
160.019479092
160.020443441
160.021406385
160.022367925
160.023328064
160.024286803
160.025244144
160.02620009
160.027154642
160.028107803
160.029059574
160.030009958
160.030958957
160.031906572
160.032852806
160.03379766
160.034741137
160.035683239
160.036623967
160.037563324
160.038501312
160.039437932
160.040373187
160.041307078
160.042239609
160.043170779
160.044100593
160.045029051
160.045956155
160.046881909
160.047806312
160.048729368
160.049651079
160.050571445
160.051490471
160.052408156
160.053324504
160.054239516
160.055153194
160.05606554
160.056976556
160.057886244
160.058794607
160.059701645
160.06060736
160.061511756
160.062414833
160.063316593
160.064217039
160.065116173
160.066013996
160.06691051
160.067805717
160.068699619
160.069592218
160.070483516
160.071373514
160.072262216
160.073149621
160.074035733
160.074920554
160.075804084
160.076686327
160.077567283
160.078446956
160.079325345
160.080202455
160.081078286
160.08195284
160.082826119
160.083698126
160.084568861
160.085438327
160.086306525
160.087173458
160.088039127
160.088903534
160.089766681
160.090628569
160.091489202
160.092348579
160.093206704
160.094063579
160.094919204
160.095773581
160.096626714
160.097478602
160.098329249
160.099178656
160.100026824
160.100873756
160.101719454
160.102563919
160.103407152
160.104249157
160.105089934
160.105929485
160.106767813
160.107604918
160.108440804
160.10927547
160.11010892
160.110941155
160.111772177
160.112601988
160.113430589
160.114257981
160.115084168
160.115909151
160.116732931
160.11755551
160.118376889
160.119197072
160.120016059
160.120833852
160.121650453
160.122465863
160.123280085
160.12409312
160.12490497
160.125715636
160.126525121
160.127333425
160.128140551
160.128946501
160.129751276
160.130554877
160.131357307
160.132158568
160.13295866
160.133757586
160.134555348
160.135351946
160.136147384
160.136941661
160.137734781
160.138526745
160.139317554
160.140107211
160.140895716
160.141683072
160.14246928
160.143254342
160.14403826
160.144821035
160.145602669
160.146383163
160.14716252
160.14794074
160.148717827
160.14949378
160.150268602
160.151042295
160.15181486
160.152586298
160.153356612
160.154125804
160.154893874
160.155660824
160.156426656
160.157191372
160.157954973
160.158717461
160.159478837
160.160239104
160.160998262
160.161756314
160.162513261
160.163269104
160.164023845
160.164777486
160.165530029
160.166281474
160.167031824
160.167781081
160.168529245
160.169276318
160.170022303
160.1707672
160.171511011
160.172253738
160.172995382
160.173735945
160.174475428
160.175213833
160.175951163
160.176687417
160.177422598
160.178156707
160.178889746
160.179621717
160.18035262
160.181082458
160.181811232
160.182538944
160.183265595
160.183991187
160.184715721
160.185439198
160.186161622
160.186882992
160.18760331
160.188322578
160.189040798
160.189757971
160.190474099
160.191189182
160.191903224
160.192616224
160.193328185
160.194039108
160.194748994
160.195457846
160.196165665
160.196872452
160.197578208
160.198282936
160.198986636
160.19968931
160.200390961
160.201091588
160.201791194
160.20248978
160.203187348
160.203883899
160.204579435
160.205273956
160.205967465
160.206659964
160.207351453
160.208041933
160.208731408
160.209419877
160.210107342
160.210793806
160.211479268
160.212163732
160.212847198
160.213529667
160.214211142
160.214891623
160.215571112
160.216249611
160.21692712
160.217603642
160.218279178
160.218953729
160.219627296
160.220299882
160.220971488
160.221642114
160.222311763
160.222980435
160.223648133
160.224314857
160.22498061
160.225645392
160.226309205
160.22697205
160.227633929
160.228294844
160.228954794
160.229613783
160.230271811
160.23092888
160.231584991
160.232240146
160.232894345
160.233547591
160.234199885
160.234851228
160.235501621
160.236151066
160.236799564
160.237447118
160.238093727
160.238739393
160.239384119
160.240027904
160.240670751
160.241312661
160.241953635
160.242593675
160.243232782
160.243870957
160.244508202
160.245144518
160.245779906
160.246414368
160.247047905
160.247680519
160.248312211
160.248942981
160.249572832
160.250201765
160.250829782
160.251456882
160.252083069
160.252708343
160.253332705
160.253956157
160.2545787
160.255200336
160.255821065
160.25644089
160.257059811
160.25767783
160.258294948
160.258911167
160.259526487
160.26014091
160.260754438
160.261367071
160.261978811
160.262589659
160.263199617
160.263808686
160.264416866
160.265024161
160.26563057
160.266236095
160.266840737
160.267444498
160.268047379
160.268649381
160.269250505
160.269850753
160.270450126
160.271048625
160.271646252
160.272243008
160.272838894
160.273433911
160.274028061
160.274621344
160.275213763
160.275805318
160.276396011
160.276985843
160.277574815
160.278162928
160.278750185
160.279336585
160.27992213
160.280506821
160.281090661
160.281673649
160.282255787
160.282837077
160.28341752
160.283997116
160.284575867
160.285153775
160.28573084
160.286307064
160.286882448
160.287456994
160.288030701
160.288603573
160.289175609
160.289746812
160.290317181
160.29088672
160.291455428
160.292023307
160.292590358
160.293156583
160.293721982
160.294286557
160.294850309
160.295413239
160.295975349
160.296536639
160.297097111
160.297656766
160.298215605
160.29877363
160.299330841
160.29988724
160.300442828
160.300997605
160.301551574
160.302104736
160.302657091
160.303208641
160.303759387
160.30430933
160.304858472
160.305406813
160.305954354
160.306501098
160.307047044
160.307592195
160.30813655
160.308680113
160.309222883
160.309764862
160.31030605
160.31084645
160.311386062
160.311924888
160.312462927
160.313000183
160.313536656
160.314072346
160.314607256
160.315141385
160.315674736
160.31620731
160.316739107
160.317270129
160.317800377
160.318329852
160.318858556
160.319386488
160.319913651
160.320440045
160.320965672
160.321490533
160.322014629
160.322537961
160.32306053
160.323582337
160.324103383
160.32462367
160.325143198
160.325661969
160.326179984
160.326697244
160.32721375
160.327729503
160.328244504
160.328758754
160.329272254
160.329785006
160.330297011
160.330808269
160.331318782
160.331828551
160.332337576
160.33284586
160.333353402
160.333860205
160.334366269
160.334871595
160.335376185
160.335880039
160.336383159
160.336885545
160.337387199
160.337888121
160.338388313
160.338887777
160.339386512
160.33988452
160.340381802
160.340878359
160.341374192
160.341869303
160.342363692
160.34285736
160.343350308
160.343842538
160.34433405
160.344824846
160.345314927
160.345804293
160.346292945
160.346780886
160.347268115
160.347754633
160.348240443
160.348725544
160.349209938
160.349693626
160.350176609
160.350658888
160.351140464
160.351621338
160.352101511
160.352580984
160.353059758
160.353537834
160.354015213
160.354491896
160.354967884
160.355443179
160.35591778
160.35639169
160.356864909
160.357337438
160.357809279
160.358280431
160.358750897
160.359220676
160.359689772
160.360158183
160.360625911
160.361092958
160.361559323
160.362025009
160.362490016
160.362954345
160.363417998
160.363880974
160.364343276
160.364804903
160.365265858
160.365726141
160.366185752
160.366644694
160.367102967
160.367560571
160.368017509
160.368473781
160.368929387
160.369384329
160.369838608
160.370292225
160.370745181
160.371197476
160.371649112
160.37210009
160.37255041
160.373000073
160.373449082
160.373897435
160.374345136
160.374792183
160.375238579
160.375684324
160.376129419
160.376573866
160.377017664
160.377460816
160.377903322
160.378345182
160.378786399
160.379226972
160.379666903
160.380106193
160.380544842
160.380982852
160.381420223
160.381856957
160.382293054
160.382728516
160.383163343
160.383597535
160.384031095
160.384464023
160.38489632
160.385327987
160.385759024
160.386189433
160.386619215
160.38704837
160.387476899
160.387904804
160.388332085
160.388758743
160.389184779
160.389610194
160.39003499
160.390459165
160.390882723
160.391305663
160.391727986
160.392149694
160.392570787
160.392991266
160.393411133
160.393830387
160.39424903
160.394667063
160.395084486
160.395501301
160.395917508
160.396333109
160.396748104
160.397162493
160.397576279
160.397989462
160.398402042
160.398814021
160.399225399
160.399636178
160.400046357
160.400455939
160.400864924
160.401273312
160.401681106
160.402088304
160.40249491
160.402900922
160.403306343
160.403711172
160.404115412
160.404519062
160.404922124
160.405324598
160.405726485
160.406127787
160.406528504
160.406928636
160.407328185
160.407727152
160.408125537
160.408523342
160.408920566
160.409317212
160.409713279
160.410108769
160.410503683
160.41089802
160.411291783
160.411684972
160.412077588
160.412469631
160.412861103
160.413252004
160.413642336
160.414032098
160.414421292
160.414809919
160.41519798
160.415585474
160.415972404
160.41635877
160.416744573
160.417129813
160.417514491
160.417898609
160.418282167
160.418665166
160.419047606
160.419429489
160.419810815
160.420191586
160.420571801
160.420951462
160.42133057
160.421709125
160.422087128
160.42246458
160.422841482
160.423217834
160.423593638
160.423968894
160.424343603
160.424717766
160.425091383
160.425464456
160.425836985
160.42620897
160.426580414
160.426951316
160.427321677
160.427691499
160.428060781
160.428429525
160.428797732
160.429165402
160.429532535
160.429899134
160.430265198
160.430630729
160.430995727
160.431360192
160.431724127
160.432087531
160.432450405
160.43281275
160.433174567
160.433535856
160.433896619
160.434256856
160.434616568
160.434975755
160.435334419
160.43569256
160.436050179
160.436407277
160.436763854
160.437119911
160.437475449
160.437830469
160.438184972
160.438538957
160.438892427
160.439245381
160.439597821
160.439949747
160.44030116
160.440652061
160.44100245
160.441352329
160.441701697
160.442050556
160.442398907
160.44274675
160.443094086
160.443440915
160.443787239
160.444133058
160.444478373
160.444823184
160.445167493
160.4455113
160.445854606
160.446197411
160.446539717
160.446881523
160.447222832
160.447563642
160.447903956
160.448243774
160.448583097
160.448921925
160.449260259
160.449598099
160.449935448
160.450272304
160.45060867
160.450944545
160.45127993
160.451614827
160.451949235
160.452283156
160.45261659
160.452949538
160.453282001
160.453613979
160.453945473
160.454276484
160.454607013
160.454937059
160.455266625
160.45559571
160.455924315
160.456252441
160.456580089
160.45690726
160.457233953
160.45756017
160.457885912
160.458211179
160.458535971
160.458860291
160.459184137
160.459507511
160.459830414
160.460152847
160.460474809
160.460796302
160.461117326
160.461437882
160.461757971
160.462077593
160.46239675
160.462715441
160.463033668
160.46335143
160.46366873
160.463985567
160.464301942
160.464617856
160.464933309
160.465248303
160.465562837
160.465876913
160.466190531
160.466503692
160.466816396
160.467128644
160.467440438
160.467751777
160.468062661
160.468373093
160.468683072
160.4689926
160.469301676
160.469610302
160.469918477
160.470226204
160.470533482
160.470840312
160.471146694
160.47145263
160.47175812
160.472063165
160.472367765
160.472671921
160.472975634
160.473278904
160.473581731
160.473884118
160.474186063
160.474487569
160.474788635
160.475089262
160.475389451
160.475689202
160.475988516
160.476287394
160.476585836
160.476883843
160.477181416
160.477478555
160.477775261
160.478071534
160.478367376
160.478662786
160.478957765
160.479252315
160.479546435
160.479840126
160.48013339
160.480426226
160.480718634
160.481010617
160.481302174
160.481593306
160.481884014
160.482174297
160.482464158
160.482753596
160.483042612
160.483331207
160.483619381
160.483907136
160.48419447
160.484481386
160.484767884
160.485053963
160.485339626
160.485624873
160.485909703
160.486194119
160.48647812
160.486761706
160.48704488
160.48732764
160.487609989
160.487891926
160.488173452
160.488454567
160.488735273
160.489015569
160.489295457
160.489574937
160.489854009
160.490132675
160.490410934
160.490688788
160.490966237
160.491243281
160.491519922
160.491796159
160.492071993
160.492347426
160.492622457
160.492897087
160.493171316
160.493445146
160.493718577
160.493991609
160.494264243
160.49453648
160.494808319
160.495079763
160.495350811
160.495621464
160.495891722
160.496161586
160.496431057
160.496700135
160.496968821
160.497237115
160.497505018
160.49777253
160.498039653
160.498306386
160.49857273
160.498838686
160.499104254
160.499369436
160.49963423
160.499898639
160.500162662
160.5004263
160.500689554
160.500952425
160.501214912
160.501477016
160.501738738
160.502000079
160.502261039
160.502521618
160.502781818
160.503041638
160.50330108
160.503560143
160.503818829
160.504077137
160.504335069
160.504592625
160.504849806
160.505106612
160.505363043
160.505619101
160.505874785
160.506130096
160.506385036
160.506639603
160.5068938
160.507147626
160.507401082
160.507654169
160.507906886
160.508159236
160.508411217
160.508662831
160.508914078
160.509164959
160.509415475
160.509665625
160.50991541
160.510164832
160.510413889
160.510662584
160.510910916
160.511158886
160.511406495
160.511653743
160.51190063
160.512147157
160.512393326
160.512639135
160.512884586
160.513129679
160.513374414
160.513618793
160.513862816
160.514106483
160.514349795
160.514592752
160.514835355
160.515077605
160.515319501
160.515561044
160.515802236
160.516043076
160.516283565
160.516523703
160.516763491
160.51700293
160.517242019
160.51748076
160.517719153
160.517957199
160.518194897
160.518432249
160.518669255
160.518905916
160.519142231
160.519378202
160.51961383
160.519849113
160.520084054
160.520318652
160.520552908
160.520786823
160.521020396
160.521253629
160.521486523
160.521719076
160.521951291
160.522183167
160.522414705
160.522645906
160.522876769
160.523107297
160.523337488
160.523567343
160.523796863
160.524026049
160.524254901
160.524483419
160.524711604
160.524939456
160.525166977
160.525394165
160.525621022
160.525847549
160.526073746
160.526299612
160.52652515
160.526750358
160.526975239
160.527199791
160.527424016
160.527647915
160.527871487
160.528094733
160.528317654
160.528540249
160.52876252
160.528984468
160.529206091
160.529427392
160.52964837
160.529869026
160.53008936
160.530309373
160.530529065
160.530748437
160.530967489
160.531186222
160.531404636
160.531622732
160.531840509
160.53205797
160.532275113
160.53249194
160.53270845
160.532924645
160.533140525
160.53335609
160.533571341
160.533786279
160.534000902
160.534215213
160.534429212
160.534642899
160.534856274
160.535069338
160.535282091
160.535494535
160.535706668
160.535918493
160.536130008
160.536341215
160.536552115
160.536762707
160.536972992
160.53718297
160.537392643
160.537602009
160.537811071
160.538019828
160.53822828
160.538436429
160.538644274
160.538851816
160.539059055
160.539265993
160.539472629
160.539678963
160.539884997
160.540090731
160.540296164
160.540501298
160.540706134
160.54091067
160.541114908
160.541318849
160.541522492
160.541725839
160.541928889
160.542131643
160.542334101
160.542536265
160.542738133
160.542939708
160.543140988
160.543341975
160.543542669
160.543743071
160.54394318
160.544142998
160.544342524
160.54454176
160.544740705
160.54493936
160.545137726
160.545335802
160.54553359
160.545731089
160.545928301
160.546125225
160.546321861
160.546518212
160.546714276
160.546910054
160.547105547
160.547300754
160.547495678
160.547690317
160.547884672
160.548078744
160.548272533
160.54846604
160.548659265
160.548852208
160.549044869
160.54923725
160.54942935
160.549621171
160.549812711
160.550003973
160.550194955
160.55038566
160.550576086
160.550766235
160.550956106
160.551145701
160.551335019
160.551524061
160.551712828
160.55190132
160.552089537
160.552277479
160.552465148
160.552652543
160.552839664
160.553026513
160.55321309
160.553399394
160.553585427
160.553771189
160.55395668
160.554141901
160.554326852
160.554511533
160.554695944
160.554880087
160.555063962
160.555247569
160.555430907
160.555613979
160.555796784
160.555979322
160.556161594
160.556343601
160.556525342
160.556706818
160.55688803
160.557068977
160.557249661
160.557430081
160.557610239
160.557790133
160.557969766
160.558149136
160.558328245
160.558507094
160.558685681
160.558864008
160.559042075
160.559219882
160.559397431
160.55957472
160.559751751
160.559928524
160.560105039
160.560281297
160.560457298
160.560633043
160.560808531
160.560983763
160.56115874
160.561333462
160.561507929
160.561682142
160.561856101
160.562029807
160.562203259
160.562376458
160.562549405
160.5627221
160.562894542
160.563066734
160.563238675
160.563410365
160.563581804
160.563752994
160.563923934
160.564094625
160.564265067
160.564435261
160.564605207
160.564774904
160.564944355
160.565113558
160.565282515
160.565451226
160.56561969
160.565787909
160.565955883
160.566123612
160.566291096
160.566458337
160.566625333
160.566792086
160.566958596
160.567124864
160.567290888
160.567456671
160.567622212
160.567787512
160.567952571
160.568117389
160.568281967
160.568446306
160.568610404
160.568774263
160.568937884
160.569101266
160.56926441
160.569427316
160.569589984
160.569752415
160.56991461
160.570076568
160.57023829
160.570399777
160.570561027
160.570722043
160.570882824
160.571043371
160.571203684
160.571363763
160.571523609
160.571683221
160.571842601
160.572001749
160.572160664
160.572319348
160.572477801
160.572636023
160.572794014
160.572951774
160.573109305
160.573266606
160.573423678
160.573580521
160.573737135
160.573893521
160.574049679
160.574205609
160.574361312
160.574516788
160.574672038
160.574827061
160.574981858
160.575136429
160.575290775
160.575444896
160.575598793
160.575752465
160.575905913
160.576059137
160.576212138
160.576364916
160.576517472
160.576669804
160.576821915
160.576973804
160.577125472
160.577276919
160.577428144
160.57757915
160.577729935
160.577880501
160.578030846
160.578180973
160.578330881
160.578480571
160.578630042
160.578779295
160.578928331
160.579077149
160.579225751
160.579374136
160.579522304
160.579670257
160.579817994
160.579965516
160.580112822
160.580259914
160.580406791
160.580553455
160.580699904
160.58084614
160.580992163
160.581137973
160.58128357
160.581428955
160.581574129
160.58171909
160.58186384
160.58200838
160.582152708
160.582296827
160.582440735
160.582584433
160.582727922
160.582871201
160.583014272
160.583157135
160.583299789
160.583442235
160.583584473
160.583726504
160.583868328
160.584009945
160.584151356
160.584292561
160.58443356
160.584574353
160.584714941
160.584855324
160.584995502
160.585135477
160.585275247
160.585414813
160.585554176
160.585693336
160.585832293
160.585971047
160.586109599
160.586247949
160.586386097
160.586524044
160.58666179
160.586799335
160.58693668
160.587073824
160.587210769
160.587347514
160.587484059
160.587620406
160.587756553
160.587892503
160.588028254
160.588163807
160.588299162
160.588434321
160.588569282
160.588704046
160.588838614
160.588972986
160.589107162
160.589241143
160.589374928
160.589508518
160.589641913
160.589775114
160.589908121
160.590040934
160.590173553
160.590305979
160.590438211
160.590570252
160.590702099
160.590833755
160.590965218
160.59109649
160.59122757
160.59135846
160.591489158
160.591619666
160.591749984
160.591880112
160.59201005
160.592139799
160.592269359
160.592398729
160.592527911
160.592656905
160.592785711
160.592914329
160.59304276
160.593171003
160.593299059
160.593426929
160.593554612
160.59368211
160.593809421
160.593936547
160.594063487
160.594190242
160.594316813
160.594443199
160.594569401
160.594695419
160.594821253
160.594946904
160.595072371
160.595197656
160.595322758
160.595447678
160.595572415
160.595696971
160.595821345
160.595945538
160.59606955
160.596193381
160.596317032
160.596440502
160.596563792
160.596686903
160.596809834
160.596932586
160.597055159
160.597177553
160.597299769
160.597421807
160.597543666
160.597665349
160.597786853
160.597908181
160.598029332
160.598150306
160.598271104
160.598391726
160.598512172
160.598632442
160.598752537
160.598872457
160.598992202
160.599111773
160.599231169
160.599350391
160.59946944
160.599588315
160.599707016
160.599825545
160.599943901
160.600062084
160.600180095
160.600297934
160.600415601
160.600533097
160.600650421
160.600767574
160.600884557
160.601001369
160.601118011
160.601234482
160.601350784
160.601466917
160.60158288
160.601698674
160.601814299
160.601929756
160.602045044
160.602160164
160.602275117
160.602389902
160.60250452
160.60261897
160.602733254
160.602847371
160.602961322
160.603075106
160.603188725
160.603302178
160.603415466
160.603528589
160.603641546
160.603754339
160.603866968
160.603979432
160.604091733
160.60420387
160.604315843
160.604427653
160.6045393
160.604650785
160.604762107
160.604873266
160.604984264
160.605095099
160.605205773
160.605316286
160.605426638
160.605536829
160.605646859
160.605756729
160.605866439
160.605975988
160.606085378
160.606194609
160.60630368
160.606412593
160.606521346
160.606629941
160.606738378
160.606846657
160.606954778
160.607062741
160.607170547
160.607278195
160.607385687
160.607493022
160.607600201
160.607707223
160.60781409
160.6079208
160.608027355
160.608133755
160.608239999
160.608346089
160.608452024
160.608557805
160.608663431
160.608768904
160.608874222
160.608979388
160.609084399
160.609189258
160.609293964
160.609398517
160.609502918
160.609607167
160.609711264
160.609815209
160.609919002
160.610022644
160.610126135
160.610229476
160.610332665
160.610435704
160.610538593
160.610641332
160.610743922
160.610846361
160.610948651
160.611050793
160.611152785
160.611254629
160.611356324
160.611457871
160.61155927
160.611660521
160.611761624
160.61186258
160.611963389
160.612064051
160.612164566
160.612264935
160.612365157
160.612465234
160.612565164
160.612664949
160.612764588
160.612864082
160.612963431
160.613062635
160.613161695
160.61326061
160.613359381
160.613458008
160.613556491
160.613654831
160.613753027
160.61385108
160.613948991
160.614046758
160.614144383
160.614241866
160.614339206
160.614436405
160.614533462
160.614630377
160.614727152
160.614823785
160.614920277
160.615016629
160.61511284
160.615208911
160.615304841
160.615400632
160.615496284
160.615591796
160.615687168
160.615782402
160.615877497
160.615972453
160.616067271
160.616161951
160.616256492
160.616350896
160.616445162
160.616539291
160.616633282
160.616727137
160.616820854
160.616914436
160.61700788
160.617101189
160.617194361
160.617287398
160.617380299
160.617473064
160.617565694
160.61765819
160.61775055
160.617842776
160.617934867
160.618026824
160.618118647
160.618210337
160.618301892
160.618393314
160.618484603
160.618575759
160.618666782
160.618757672
160.61884843
160.618939055
160.619029548
160.61911991
160.619210139
160.619300237
160.619390204
160.61948004
160.619569744
160.619659318
160.619748762
160.619838074
160.619927257
160.62001631
160.620105233
160.620194026
160.62028269
160.620371225
160.62045963
160.620547907
160.620636055
160.620724074
160.620811965
160.620899729
160.620987364
160.621074871
160.621162251
160.621249503
160.621336629
160.621423627
160.621510498
160.621597243
160.621683861
160.621770353
160.621856719
160.621942959
160.622029074
160.622115063
160.622200926
160.622286664
160.622372278
160.622457766
160.62254313
160.62262837
160.622713485
160.622798476
160.622883343
160.622968087
160.623052707
160.623137203
160.623221577
160.623305827
160.623389955
160.62347396
160.623557843
160.623641603
160.623725241
160.623808757
160.623892152
160.623975425
160.624058576
160.624141607
160.624224516
160.624307304
160.624389972
160.624472519
160.624554946
160.624637253
160.62471944
160.624801507
160.624883454
160.624965282
160.625046991
160.62512858
160.625210051
160.625291403
160.625372636
160.62545375
160.625534747
160.625615626
160.625696386
160.625777029
160.625857554
160.625937962
160.626018253
160.626098426
160.626178483
160.626258423
160.626338247
160.626417954
160.626497545
160.62657702
160.626656379
160.626735622
160.62681475
160.626893763
160.62697266
160.627051443
160.62713011
160.627208663
160.627287101
160.627365425
160.627443635
160.627521731
160.627599713
160.627677581
160.627755336
160.627832978
160.627910506
160.627987921
160.628065223
160.628142413
160.62821949
160.628296455
160.628373308
160.628450048
160.628526677
160.628603194
160.628679599
160.628755894
160.628832076
160.628908148
160.628984109
160.629059959
160.629135699
160.629211328
160.629286847
160.629362256
160.629437555
160.629512744
160.629587824
160.629662794
160.629737655
160.629812407
160.629887049
160.629961583
160.630036009
160.630110325
160.630184534
160.630258634
160.630332626
160.630406511
160.630480288
160.630553957
160.630627518
160.630700973
160.63077432
160.630847561
160.630920695
160.630993722
160.631066643
160.631139457
160.631212165
160.631284768
160.631357264
