-12.955678592
-11.7000751687
-10.4546526657
-9.21932853205
-7.99402088628
-6.77864851079
-5.57313084658
-4.3773879878
-3.19134067655
-2.01491029755
-0.848018872981
0.309410942699
1.45745586789
2.59619199894
3.72569481515
4.84603918383
5.95729936524
7.05954901748
8.15286120144
9.23730838557
10.3129624507
11.379894695
12.4381758382
13.4878760268
14.5290648387
15.5618112872
16.5861838264
17.6022503552
18.610078222
19.609734229
20.6012846368
21.5847951688
22.5603310154
23.5279568385
24.4877367756
25.4397344442
26.3840129459
27.3206348708
28.2496623013
29.1711568166
30.0851794965
30.9917909254
31.8910511968
32.7830199167
33.6677562077
34.5453187132
35.4157656011
36.2791545676
37.1355428409
37.9849871856
38.8275439056
39.6632688484
40.4922174088
41.3144445323
42.130004719
42.9389520269
43.7413400759
44.5372220508
45.3266507057
46.1096783664
46.8863569346
47.6567378914
48.4208723002
49.1788108104
49.9306036608
50.6763006828
51.4159513037
52.14960455
52.8773090509
53.5991130411
54.3150643642
55.0252104759
55.729598447
56.428274967
57.1212863463
57.8086785202
58.4904970514
59.1667871331
59.8375935922
60.502960892
61.1629331353
61.8175540673
62.4668670785
63.1109152076
63.7497411444
64.3833872323
65.0118954717
65.6353075221
66.2536647056
66.8670080088
67.4753780862
68.0788152628
68.6773595364
69.2710505806
69.8599277472
70.444030069
71.0233962623
71.5980647295
72.1680735616
72.7334605406
73.2942631425
73.850518539
74.4022636008
74.9495348992
75.4923687095
76.0308010123
76.564867497
77.0946035631
77.6200443235
78.1412246061
78.6581789565
79.1709416403
79.6795466451
80.184027683
80.6844181927
81.1807513418
81.6730600289
82.161376886
82.6457342803
83.1261643168
83.6026988399
84.0753694361
84.5442074355
85.0092439142
85.4705096966
85.9280353569
86.3818512214
86.8319873706
87.2784736411
87.7213396275
88.1606146845
88.5963279287
89.0285082407
89.4571842669
89.8823844213
90.3041368878
90.7224696214
91.1374103508
91.5489865795
91.9572255884
92.3621544368
92.7637999648
93.1621887949
93.5573473336
93.9493017734
94.3380780944
94.723702066
95.1061992486
95.4855949956
95.8619144544
96.2351825689
96.6054240806
96.9726635303
97.3369252599
97.6982334139
98.0566119411
98.4120845959
98.7646749405
99.1144063455
99.4613019925
99.8053848749
100.1466778
100.485203389
100.820984081
101.154042133
101.484399621
101.812078442
102.137100316
102.459486786
102.779259221
103.096438818
103.411046599
103.723103418
104.032629959
104.339646739
104.644174107
104.94623225
105.245841187
105.543020779
105.837790723
106.130170559
106.420179664
106.707837264
106.993162424
107.276174056
107.556890921
107.835331624
108.111514621
108.38545822
108.657180578
108.926699705
109.194033466
109.459199582
109.722215627
109.983099037
110.241867102
110.498536975
110.75312567
111.00565006
111.256126884
111.504572745
111.751004111
111.995437315
112.23788856
112.478373916
112.716909324
112.953510593
113.188193408
113.420973323
113.651865769
113.880886048
114.108049343
114.333370709
114.556865082
114.778547276
114.998431984
115.216533782
115.432867126
115.647446355
115.860285692
116.071399245
116.280801008
116.488504859
116.694524568
116.898873788
117.101566066
117.302614836
117.502033424
117.699835049
117.896032821
118.090639746
118.283668723
118.475132545
118.665043904
118.853415389
119.040259484
119.225588574
119.409414945
119.59175078
119.772608165
119.951999088
120.129935439
120.306429014
120.481491511
120.655134532
120.827369589
120.998208096
121.167661379
121.335740669
121.502457107
121.667821743
121.831845538
121.994539365
122.155914007
122.31598016
122.474748435
122.632229356
122.78843336
122.943370801
123.097051949
123.24948699
123.40068603
123.550659088
123.699416107
123.846966946
123.993321386
124.138489127
124.282479791
124.425302924
124.566967991
124.707484382
124.846861412
124.985108319
125.122234266
125.258248343
125.393159565
125.526976875
125.659709141
125.791365163
125.921953667
126.051483308
126.179962673
126.307400277
126.433804568
126.559183923
126.683546654
126.806901004
126.929255148
127.050617198
127.170995197
127.290397125
127.408830895
127.526304358
127.642825301
127.758401447
127.873040457
127.986749928
128.0995374
128.211410346
128.322376184
128.432442267
128.541615892
128.649904295
128.757314653
128.863854086
128.969529656
129.074348368
129.178317168
129.28144295
129.383732547
129.485192741
129.585830256
129.685651763
129.784663878
129.882873165
129.980286133
