-9.2755991401
-7.47698628675
-5.71901496697
-4.00076684289
-2.32134432749
-0.679870115633
0.924513274184
2.49264394777
4.02534107307
5.52340530807
6.98761921904
8.41874768937
9.81753831909
11.1847218155
12.5210123746
13.8271080547
15.1036911405
16.3514284999
17.5709719321
18.7629585084
19.9280109046
21.0667377266
22.1797338283
23.2675806221
24.3308463829
25.3700865447
26.385843991
27.3786493383
28.3490212132
29.2974665233
30.2244807224
31.1305480686
32.0161418781
32.8817247716
33.7277489168
34.554656264
35.362878777
36.1528386594
36.9249485742
37.67961186
38.4172227418
39.1381665362
39.8428198536
40.5315507943
41.204719141
41.8626765466
42.5057667184
43.134325597
43.748681532
44.3491554538
44.936061041
45.5097048843
46.0703866466
46.6183992196
47.1540288769
47.6775554233
48.1892523414
48.6893869338
49.1782204634
49.6560082896
50.1230000014
50.5794395483
51.0255653676
51.4616105087
51.8878027549
52.3043647428
52.711514078
53.1094634494
53.4984207395
53.878589134
54.2501672271
54.6133491255
54.9683245501
55.3152789347
55.6543935231
55.9858454637
56.3098079018
56.6264500708
56.9359373797
57.2384315
57.5340904502
57.8230686779
58.1055171412
58.3815833868
58.6514116276
58.9151428179
59.1729147268
59.4248620106
59.6711162826
59.9118061826
60.1470574432
60.3769929561
60.6017328363
60.8213944845
61.0360926486
61.2459394837
61.4510446107
61.6515151734
61.8474558947
62.0389691309
62.2261549258
62.4091110625
62.5879331143
62.7627144954
62.9335465089
63.1005183948
63.2637173768
63.4232287075
63.5791357134
63.7315198378
63.880460684
64.0260360564
64.1683220014
64.3073928471
