-4.20858811872
-3.79130625642
-3.38225360219
-2.98126786798
-2.58818996619
-2.2028639466
-1.8251369345
-1.45485906998
-1.09188344854
-0.736066062787
-0.387265745273
-0.0453441125255
0.289834489874
0.618403041106
0.94049189787
1.2562288461
1.56573915168
1.8691456101
2.16656859524
2.45812610705
2.74393381844
3.02410512111
3.29875117057
3.56798093025
3.8319012147
4.09061673198
4.34423012522
4.59284201331
4.83655103084
5.07545386723
5.3096453051
5.53921825785
5.76426380654
5.98487123603
6.20112807038
6.4131201076
6.62093145369
6.82464455597
7.02434023584
7.22009772081
7.41199467595
7.6001072347
7.78451002908
7.96527621927
8.1424775227
8.31618424241
8.48646529505
8.65338823811
8.81701929683
8.9774233904
9.13466415773
9.28880398272
9.43990401901
9.58802421421
9.73322333371
9.875558984
10.0150876355
10.151864645
10.2859442775
10.4173797281
10.5462231424
10.6725256382
10.7963373247
10.9177073231
11.0366837861
11.1533139163
11.2676439858
11.3797193541
11.4895844861
11.5972829698
11.7028575337
11.8063500635
11.9078016189
12.0072524501
12.1047420132
12.2003089865
12.2939912851
12.3858260769
12.4758497963
12.5640981596
12.6506061786
12.7354081745
12.8185377917
12.9000280112
12.9799111636
13.0582189418
13.1349824137
13.2102320346
13.2839976591
13.356308553
13.4271934051
13.4966803382
13.5647969209
13.6315701776
13.6970266002
13.7611921578
13.8240923076
13.8857520047
13.946195712
14.0054474101
14.0635306064
14.1204683452
14.1762832158
14.2309973623
14.2846324922
14.3372098846
14.3887503992
14.4392744843
14.4888021848
14.5373531504
14.5849466433
14.6316015457
14.6773363677
14.7221692541
14.7661179919
14.8092000175
14.8514324232
14.8928319645
14.9334150661
14.9731978291
15.0121960369
15.0504251618
15.0879003708
15.1246365319
15.1606482198
15.1959497219
15.2305550437
15.2644779145
15.2977317931
15.3303298725
15.3622850857
15.3936101108
15.4243173756
15.454419063
15.4839271156
15.5128532404
15.5412089136
15.5690053851
15.5962536829
15.6229646175
15.6491487863
15.6748165775
15.6999781746
15.7246435604
15.7488225206
15.7725246479
15.7957593459
15.818535833
15.8408631453
15.8627501411
15.8842055038
15.9052377458
15.9258552112
15.94606608
15.9658783707
15.9852999435
16.0043385038
16.023001605
16.0412966515
16.0592309018
16.076811471
16.0940453341
16.1109393285
16.1275001568
16.1437343893
16.1596484668
16.175248703
16.1905412872
16.2055322867
