-1.25081818547e-24
-7.40280228056e-18
-8.5648019483e-14
1.93466559284e-25
1.14646204329e-05
0.132641939047
3.0
0.132653403668
0.132653403668
3.0
0.132653403668
0.132653403668
3.0
0.132653403668
0.132653403668
3.0
0.132653403668
0.132653403668
3.0
0.132653403668
0.132653403668
3.0
0.132653403668
0.132653403668
3.0
0.132653403668
0.132653403667
3.0
0.132664868288
0.265295342715
6.0
0.265306807335
0.265306807335
6.0
0.265306807335
0.265306807335
6.0
0.265318271956
0.397948746382
9.0
0.397960211003
0.397960211003
9.0
0.397960211003
0.397960211003
9.0
0.397960211003
0.397960211003
9.0
0.397960211003
0.397960211003
9.0
0.397960211003
0.397960211003
9.0
0.397960211003
0.397960211003
9.0
0.397960211003
0.397960211003
9.0
0.397960211003
0.397960211003
9.0
0.397960211003
0.397960211003
9.0
0.397960211003
0.397960211003
9.0
0.397960211003
0.397960211003
9.0
0.397960211003
0.397960211003
9.0
0.397960211003
0.397960211003
9.0
0.397960211003
0.397960211003
9.0
0.397960211003
0.397960211003
9.0
0.397971675623
0.53060215005
12.0
0.53061361467
0.53061361467
12.0
0.53061361467
0.53061361467
12.0
0.53061361467
0.53061361467
12.0
0.53061361467
0.53061361467
12.0
0.53061361467
0.53061361467
12.0
0.53061361467
0.53061361467
12.0
0.53061361467
0.53061361467
12.0
0.53061361467
0.53061361467
12.0
0.53061361467
0.53061361467
12.0
0.53061361467
0.53061361467
12.0
0.53061361467
0.53061361467
12.0
0.53061361467
0.53061361467
12.0
0.53061361467
0.53061361467
12.0
0.53061361467
0.53061361467
12.0
0.53061361467
0.53061361467
12.0
0.53061361467
0.53061361467
12.0
0.53061361467
0.53061361467
12.0
0.53061361467
0.53061361467
12.0
0.53061361467
0.53061361467
12.0
0.53061361467
0.53061361467
12.0
0.53061361467
0.53061361467
12.0
0.53061361467
0.53061361467
12.0
0.53061361467
0.53061361467
12.0
0.53061361467
0.53061361467
12.0
0.53061361467
0.53061361467
12.0
0.53061361467
0.53061361467
12.0
0.53061361467
0.53061361467
12.0
0.53061361467
0.53061361467
12.0
0.53061361467
0.53061361467
12.0
0.53061361467
0.53061361467
12.0
0.53061361467
0.53061361467
12.0
0.53061361467
0.53061361467
12.0
0.53061361467
0.53061361467
12.0
0.53061361467
0.53061361467
12.0
0.53061361467
0.53061361467
12.0
0.53061361467
0.53061361467
12.0
0.53061361467
0.53061361467
12.0
0.53061361467
0.53061361467
12.0
0.53061361467
0.53061361467
12.0
0.530625079291
0.663255553717
15.0
0.663267018338
0.663267018338
15.0
0.663267018338
0.663267018338
15.0
0.663267018338
0.663267018338
15.0
0.663267018338
0.663267018338
15.0
0.663267018338
0.663267018338
15.0
0.663267018338
0.663267018338
15.0
0.663278482958
0.795908957385
18.0
0.795920422005
0.795920422005
18.0
0.795920422005
0.795920422005
18.0
0.795920422005
0.795920422005
18.0
0.795920422005
0.795920422005
18.0
0.795920422005
0.795920422005
18.0
0.795920422005
0.795920422005
18.0
0.795920422005
0.795920422005
18.0
0.795920422005
0.795920422005
18.0
0.795920422005
0.795920422005
18.0
0.795920422005
0.795920422005
18.0
0.795920422005
0.795920422005
18.0
0.795920422005
0.795920422005
18.0
0.795920422005
0.795920422005
18.0
0.795920422005
0.795920422005
18.0
0.795920422005
0.795920422005
18.0
0.795920422005
0.795920422005
18.0
0.795920422005
0.795920422005
18.0
0.795920422005
0.795920422005
18.0
0.795920422005
0.795920422005
18.0
0.795920422005
0.795920422005
18.0
0.795920422005
0.795920422005
18.0
0.795920422005
0.795920422005
18.0
0.795920422005
0.795920422005
18.0
0.795920422005
0.795920422005
18.0
0.795920422005
0.795920422005
18.0
0.795920422005
0.795920422005
18.0
0.795920422005
0.795920422005
18.0
0.795920422005
0.795920422005
18.0
0.795920422005
0.795920422005
18.0
0.795920422005
0.795920422005
18.0
0.795920422005
0.795920422005
18.0
0.795920422005
0.795920422005
18.0
0.795920422005
0.795920422005
18.0
0.795920422005
0.795920422005
18.0
0.795920422005
0.795920422005
18.0
0.795920422005
0.795920422005
18.0
0.795920422005
0.795920422005
18.0
0.795920422005
0.795920422005
18.0
0.795920422005
0.795920422005
18.0
0.795920422005
0.795920422005
18.0
0.795920422005
0.795920422005
18.0
0.795920422005
0.795920422005
18.0
0.795920422005
0.795920422005
18.0
0.795920422005
0.795920422005
18.0
0.795920422005
0.795920422005
18.0
0.795920422005
0.795920422005
18.0
0.795920422005
0.795920422005
18.0
0.795920422005
0.795920422005
18.0
0.795920422005
0.795920422005
18.0
0.795920422005
0.795920422005
18.0
0.795920422005
0.795920422005
18.0
0.795920422005
0.795920422005
18.0
0.795920422005
0.795920422005
18.0
0.795920422005
0.795920422005
18.0
0.795920422005
0.795920422005
18.0
0.795920422005
0.795920422005
18.0
0.795920422005
0.795920422005
18.0
0.795920422005
0.795920422005
18.0
0.795920422005
0.795920422005
18.0
0.795920422005
0.795920422005
18.0
0.795920422005
0.795920422006
18.0
0.795920422005
0.795920422005
18.0
0.795920422005
0.795920422005
18.0
0.795920422005
0.795920422005
18.0
0.795920422005
0.795920422005
18.0
0.795920422005
0.795920422005
18.0
0.795920422005
0.795920422005
18.0
0.795920422005
0.795920422005
18.0
0.795920422005
0.795920422005
18.0
0.795920422005
0.795920422005
18.0
0.795920422005
0.795920422005
18.0
0.795920422005
0.795920422005
18.0
0.795920422005
0.795920422005
18.0
0.795920422005
0.795920422005
18.0
0.795920422005
0.795920422005
18.0
0.795920422005
0.795920422005
18.0
0.795920422005
0.795920422005
18.0
0.795920422005
0.795920422005
18.0
0.795920422005
0.795920422005
18.0
0.795920422005
0.795920422005
18.0
0.795920422005
0.795920422005
18.0
0.795920422005
0.795920422005
18.0
0.795920422005
0.795920422005
18.0
0.795920422005
0.795920422005
18.0
0.795920422005
0.795920422005
18.0
0.795920422005
0.795920422005
18.0
0.795931886626
0.928562361053
21.0
0.928573825673
0.928573825673
21.0
0.928573825672
0.928573825673
21.0
0.928573825673
0.928573825673
21.0
0.928573825672
0.928573825673
21.0
0.928573825673
0.928573825672
21.0
0.928573825673
0.928573825673
21.0
0.928573825673
0.928573825672
21.0
0.928573825673
0.928573825673
21.0
0.928573825673
0.928573825673
21.0
0.928573825673
0.928573825673
21.0
0.928585290293
1.06121576472
24.0
1.06122722934
1.06122722934
24.0
1.06122722934
1.06122722934
24.0
1.06122722934
1.06122722934
24.0
1.06122722934
1.06122722934
24.0
1.06122722934
1.06122722934
24.0
1.06122722934
1.06122722934
24.0
1.06123869396
1.19386916839
27.0
1.19388063301
1.19388063301
27.0
1.19388063301
1.19388063301
27.0
1.19388063301
1.19388063301
27.0
1.19388063301
1.19388063301
27.0
1.19388063301
1.19388063301
27.0
1.19388063301
1.19388063301
27.0
1.19388063301
1.19388063301
27.0
1.19388063301
1.19388063301
27.0
1.19388063301
1.19388063301
27.0
1.19388063301
1.19388063301
27.0
1.19388063301
1.19388063301
27.0
1.19388063301
1.19388063301
27.0
1.19388063301
1.19388063301
27.0
1.19388063301
1.19388063301
27.0
1.19388063301
1.19388063301
27.0
1.19388063301
1.19388063301
27.0
1.19388063301
1.19388063301
27.0
1.19388063301
1.19388063301
27.0
1.19389209763
1.32652257206
30.0
1.32653403668
1.32653403668
30.0
1.32653403668
1.32653403668
30.0
1.32653403668
1.32653403668
30.0
1.32653403668
1.32653403668
30.0
1.32653403667
1.32653403668
30.0
1.32653403668
1.32653403668
30.0
1.32653403667
1.32653403668
30.0
1.32653403668
1.32653403667
30.0
1.32653403668
1.32653403668
30.0
1.32653403668
1.32653403668
30.0
1.32653403668
1.32653403668
30.0
1.32653403668
1.32653403668
30.0
1.32653403668
1.32653403668
30.0
1.32653403667
1.32653403668
30.0
1.32653403668
1.32653403668
30.0
1.32653403667
1.32653403668
30.0
1.3265455013
1.45917597572
33.0
1.45918744034
1.45918744034
33.0
1.45918744034
1.45918744034
33.0
1.45918744034
1.45918744034
33.0
1.45918744034
1.45918744034
33.0
1.45918744034
1.45918744034
33.0
1.45918744034
1.45918744034
33.0
1.45918744034
1.45918744034
33.0
1.45918744034
1.45918744034
33.0
1.45918744034
1.45918744034
33.0
1.45918744034
1.45918744034
33.0
1.45918744034
1.45918744034
33.0
1.45918744034
1.45918744034
33.0
1.45919890496
1.59182937939
36.0
1.59185230863
1.72448278306
39.0
1.7245057123
1.85713618673
42.0
1.85714765135
1.85714765135
42.0
1.85714765134
1.85714765135
42.0
1.85714765135
1.85714765135
42.0
1.85714765134
1.85714765135
42.0
1.85714765135
1.85714765134
42.0
1.85714765135
1.85714765135
42.0
1.85714765135
1.85714765134
42.0
1.85715911597
1.98978959039
45.0
1.98980105501
1.98980105501
45.0
1.98980105501
1.98980105501
45.0
1.98980105501
1.98980105501
45.0
1.98980105501
1.98980105501
45.0
1.98980105501
1.98980105501
45.0
1.98980105501
1.98980105501
45.0
1.98980105501
1.98980105501
45.0
1.98980105501
1.98980105501
45.0
1.98980105501
1.98980105501
45.0
1.98980105501
1.98980105501
45.0
1.98980105501
1.98980105501
45.0
1.98980105501
1.98980105501
45.0
1.98980105501
1.98980105501
45.0
1.98980105501
1.98980105501
45.0
1.98980105501
1.98980105501
45.0
1.98980105501
1.98980105501
45.0
1.98980105501
1.98980105501
45.0
1.98980105501
1.98980105501
45.0
1.98980105501
1.98980105501
45.0
1.98980105501
1.98980105501
45.0
1.98980105501
1.98980105501
45.0
1.98980105501
1.98980105501
45.0
1.98980105501
1.98980105501
45.0
1.98980105501
1.98980105501
45.0
1.98980105501
1.98980105501
45.0
1.98980105501
1.98980105501
45.0
1.98980105501
1.98980105501
45.0
1.98980105501
1.98980105501
45.0
1.98980105501
1.98980105501
45.0
1.98980105501
1.98980105501
45.0
1.98980105501
1.98980105501
45.0
1.98980105501
1.98980105501
45.0
1.98980105501
1.98980105501
45.0
1.98980105501
1.98980105501
45.0
1.98980105501
1.98980105501
45.0
1.98980105501
1.98980105501
45.0
1.98980105501
1.98980105501
45.0
1.98980105501
1.98980105501
45.0
1.98980105501
1.98980105501
45.0
1.98980105501
1.98980105501
45.0
1.98980105501
1.98980105501
45.0
1.98980105501
1.98980105501
45.0
1.98980105501
1.98980105501
45.0
1.98980105501
1.98980105501
45.0
1.98980105501
1.98980105501
45.0
1.98980105501
1.98980105501
45.0
1.98980105501
1.98980105501
45.0
1.98980105501
1.98980105501
45.0
1.98980105501
1.98980105501
45.0
1.98980105501
1.98980105501
45.0
1.98980105501
1.98980105501
45.0
1.98980105501
1.98980105501
45.0
1.98981251963
2.12244299406
48.0
2.12245445868
2.12245445868
48.0
2.12245445868
2.12245445868
48.0
2.12245445868
2.12245445868
48.0
2.12245445868
2.12245445868
48.0
2.1224659233
2.25509639773
51.0
2.25510786235
2.25510786235
51.0
2.25510786235
2.25510786235
51.0
2.25510786235
2.25510786235
51.0
2.25510786235
2.25510786235
51.0
2.25510786235
2.25510786235
51.0
2.25510786235
2.25510786235
51.0
2.25511932697
2.38774980139
54.0
2.38776126602
2.38776126602
54.0
2.38776126601
2.38776126601
54.0
2.38776126601
2.38776126601
54.0
2.38776126602
2.38776126601
54.0
2.38776126602
2.38776126602
54.0
2.38776126601
2.38776126602
54.0
2.38776126601
2.38776126601
54.0
2.38776126601
2.38776126601
54.0
2.38776126602
2.38776126602
54.0
2.38776126601
2.38776126602
54.0
2.38776126601
2.38776126601
54.0
2.38776126601
2.38776126601
54.0
2.38776126602
2.38776126601
54.0
2.38776126602
2.38776126602
54.0
2.38776126601
2.38776126602
54.0
2.38776126601
2.38776126601
54.0
2.38776126601
2.38776126601
54.0
2.38776126602
2.38776126602
54.0
2.38776126601
2.38776126602
54.0
2.38776126601
2.38776126601
54.0
2.38776126601
2.38776126601
54.0
2.38776126602
2.38776126601
54.0
2.38776126602
2.38776126602
54.0
2.38776126601
2.38776126602
54.0
2.38776126601
2.38776126601
54.0
2.38776126602
2.38776126601
54.0
2.38776126602
2.38776126602
54.0
2.38776126601
2.38776126602
54.0
2.38776126601
2.38776126601
54.0
2.38776126601
2.38776126601
54.0
2.38776126602
2.38776126601
54.0
2.38776126602
2.38776126602
54.0
2.38776126601
2.38776126602
54.0
2.38776126601
2.38776126601
54.0
2.38776126602
2.38776126601
54.0
2.38777273064
2.52040320506
57.0
2.5204261343
2.65305660873
60.0
2.65306807335
2.65306807335
60.0
2.65306807335
2.65306807335
60.0
2.65306807335
2.65306807335
60.0
2.65306807335
2.65306807335
60.0
2.65306807335
2.65306807335
60.0
2.65306807335
2.65306807335
60.0
2.65306807335
2.65306807335
60.0
2.65306807335
2.65306807335
60.0
2.65306807335
2.65306807335
60.0
2.65306807335
2.65306807335
60.0
2.65306807335
2.65306807335
60.0
2.65306807335
2.65306807335
60.0
2.65306807335
2.65306807335
60.0
2.65306807335
2.65306807335
60.0
2.65306807335
2.65306807335
60.0
2.65306807335
2.65306807335
60.0
2.65306807335
2.65306807335
60.0
2.65306807335
2.65306807335
60.0
2.65306807335
2.65306807335
60.0
2.65306807335
2.65306807335
60.0
2.65306807335
2.65306807335
60.0
2.65306807335
2.65306807335
60.0
2.65306807335
2.65306807335
60.0
2.65306807335
2.65306807335
60.0
2.65306807335
2.65306807335
60.0
2.65306807335
2.65306807335
60.0
2.65306807335
2.65306807335
60.0
2.65306807335
2.65306807335
60.0
2.65306807335
2.65306807335
60.0
2.65306807335
2.65306807335
60.0
2.65306807335
2.65306807335
60.0
2.65306807335
2.65306807335
60.0
2.65306807335
2.65306807335
60.0
2.65306807335
2.65306807335
60.0
2.65306807335
2.65306807335
60.0
2.65306807335
2.65306807335
60.0
2.65306807335
2.65306807335
60.0
2.65306807335
2.65306807335
60.0
2.65306807335
2.65306807335
60.0
2.65306807335
2.65306807335
60.0
2.65306807335
2.65306807335
60.0
2.65306807335
2.65306807335
60.0
2.65306807335
2.65306807335
60.0
2.65306807335
2.65306807335
60.0
2.65306807335
2.65306807335
60.0
2.65307953797
2.7857100124
63.0
2.78572147702
2.78572147702
63.0
2.78572147702
2.78572147702
63.0
2.78572147702
2.78572147702
63.0
2.78572147702
2.78572147702
63.0
2.78572147702
2.78572147702
63.0
2.78572147702
2.78572147702
63.0
2.78572147702
2.78572147702
63.0
2.78572147702
2.78572147702
63.0
2.78572147702
2.78572147702
63.0
2.78572147702
2.78572147702
63.0
2.78572147702
2.78572147702
63.0
2.78572147702
2.78572147702
63.0
2.78572147702
2.78572147702
63.0
2.78572147702
2.78572147702
63.0
2.78572147702
2.78572147702
63.0
2.78572147702
2.78572147702
63.0
2.78572147702
2.78572147702
63.0
2.78572147702
2.78572147702
63.0
2.78572147702
2.78572147702
63.0
2.78572147702
2.78572147702
63.0
2.78572147702
2.78572147702
63.0
2.78572147702
2.78572147702
63.0
2.78572147702
2.78572147702
63.0
2.78572147702
2.78572147702
63.0
2.78572147702
2.78572147702
63.0
2.78572147702
2.78572147702
63.0
2.78572147702
2.78572147702
63.0
2.78572147702
2.78572147702
63.0
2.78572147702
2.78572147702
63.0
2.78572147702
2.78572147702
63.0
2.78572147702
2.78572147702
63.0
2.78572147702
2.78572147702
63.0
2.78572147702
2.78572147702
63.0
2.78572147702
2.78572147702
63.0
2.78572147702
2.78572147702
63.0
2.78572147702
2.78572147702
63.0
2.78572147702
2.78572147702
63.0
2.78572147702
2.78572147702
63.0
2.78572147702
2.78572147702
63.0
2.78572147702
2.78572147702
63.0
2.78572147702
2.78572147702
63.0
2.78572147702
2.78572147702
63.0
2.78572147702
2.78572147702
63.0
2.78572147702
2.78572147702
63.0
2.78572147702
2.78572147702
63.0
2.78572147702
2.78572147702
63.0
2.78572147702
2.78572147702
63.0
2.78572147702
2.78572147702
63.0
2.78572147702
2.78572147702
63.0
2.78572147702
2.78572147702
63.0
2.78572147702
2.78572147702
63.0
2.78572147702
2.78572147702
63.0
2.78572147702
2.78572147702
63.0
2.78572147702
2.78572147702
63.0
2.78572147702
2.78572147702
63.0
2.78573294164
2.91836341607
66.0
2.91837488068
2.91837488068
66.0
2.91837488068
2.91837488068
66.0
2.91837488069
2.91837488068
66.0
2.91837488069
2.91837488069
66.0
2.91837488068
2.91837488069
66.0
2.91837488068
2.91837488068
66.0
2.91837488068
2.91837488068
66.0
2.91837488069
2.91837488068
66.0
2.91837488069
2.91837488069
66.0
2.91837488068
2.91837488068
66.0
2.91837488068
2.91837488068
66.0
2.91837488069
2.91837488068
66.0
2.91837488069
2.91837488069
66.0
2.91837488068
2.91837488069
66.0
2.91837488068
2.91837488068
66.0
2.91837488068
2.91837488068
66.0
2.91837488069
2.91837488069
66.0
2.91837488068
2.91837488069
66.0
2.91837488068
2.91837488068
66.0
2.91837488068
2.91837488068
66.0
2.91837488069
2.91837488068
66.0
2.91837488069
2.91837488069
66.0
2.91837488068
2.91837488069
66.0
2.91837488068
2.91837488068
66.0
2.91838634531
3.05101681973
69.0
3.05102828436
3.05102828436
69.0
3.05102828435
3.05102828436
69.0
3.05102828435
3.05102828435
69.0
3.05102828435
3.05102828435
69.0
3.05102828436
3.05102828435
69.0
3.05102828436
3.05102828436
69.0
3.05102828435
3.05102828436
69.0
3.05102828435
3.05102828435
69.0
3.05102828436
3.05102828435
69.0
3.05102828436
3.05102828436
69.0
3.05102828435
3.05102828436
69.0
3.05102828435
3.05102828435
69.0
3.05102828435
3.05102828435
69.0
3.05102828436
3.05102828435
69.0
3.05102828436
3.05102828436
69.0
3.05102828435
3.05102828436
69.0
3.05103974897
3.1836702234
72.0
3.18368168802
3.18368168802
72.0
3.18368168802
3.18368168802
72.0
3.18368168802
3.18368168802
72.0
3.18368168802
3.18368168802
72.0
3.18368168802
3.18368168802
72.0
3.18368168802
3.18368168802
72.0
3.18368168802
3.18368168802
72.0
3.18368168802
3.18368168802
72.0
3.18368168802
3.18368168802
72.0
3.18368168802
3.18368168802
72.0
3.18368168802
3.18368168802
72.0
3.18368168802
3.18368168802
72.0
3.18368168802
3.18368168802
72.0
3.18368168802
3.18368168802
72.0
3.18368168802
3.18368168802
72.0
3.18368168802
3.18368168802
72.0
3.18368168802
3.18368168802
72.0
3.18368168802
3.18368168802
72.0
3.18368168802
3.18368168802
72.0
3.18368168802
3.18368168802
72.0
3.18368168802
3.18368168802
72.0
3.18368168802
3.18368168802
72.0
3.18368168802
3.18368168802
72.0
3.18368168802
3.18368168802
72.0
3.18368168802
3.18368168802
72.0
3.18368168802
3.18368168802
72.0
3.18368168802
3.18368168802
72.0
3.18368168802
3.18368168802
72.0
3.18368168802
3.18368168802
72.0
3.18368168802
3.18368168802
72.0
3.18368168802
3.18368168802
72.0
3.18368168802
3.18368168802
72.0
3.18368168802
3.18368168802
72.0
3.18368168802
3.18368168802
72.0
3.18369315264
3.31632362707
75.0
3.31633509169
3.31633509169
75.0
3.31633509169
3.31633509169
75.0
3.31633509169
3.31633509169
75.0
3.31633509169
3.31633509169
75.0
3.31633509169
3.31633509169
75.0
3.31633509169
3.31633509169
75.0
3.31633509169
3.31633509169
75.0
3.31634655631
3.44897703074
78.0
3.44898849535
3.44898849535
78.0
3.44898849535
3.44898849535
78.0
3.44898849536
3.44898849535
78.0
3.44898849536
3.44898849536
78.0
3.44898849535
3.44898849536
78.0
3.44898849535
3.44898849535
78.0
3.44898849536
3.44898849535
78.0
3.44898849536
3.44898849536
78.0
3.44898849535
3.44898849536
78.0
3.44898849535
3.44898849535
78.0
3.44898849535
3.44898849535
78.0
3.44898849536
3.44898849535
78.0
3.44898849536
3.44898849536
78.0
3.44898849535
3.44898849535
78.0
3.44898849535
3.44898849535
78.0
3.44898849536
3.44898849535
78.0
3.44898849536
3.44898849536
78.0
3.44898849535
3.44898849536
78.0
3.44898849535
3.44898849536
78.0
3.44898849535
3.44898849535
78.0
3.44898849535
3.44898849535
78.0
3.44898849535
3.44898849535
78.0
3.44898849536
3.44898849535
78.0
3.44898849535
3.44898849536
78.0
3.44898849535
3.44898849535
78.0
3.44898849535
3.44898849535
78.0
3.44898849535
3.44898849535
78.0
3.44898849536
3.44898849535
78.0
3.44898849535
3.44898849536
78.0
3.44898849535
3.44898849535
78.0
3.44899995998
3.5816304344
81.0
3.58164189902
3.58164189902
81.0
3.58164189903
3.58164189902
81.0
3.58164189902
3.58164189902
81.0
3.58164189902
3.58164189902
81.0
3.58164189903
3.58164189902
81.0
3.58164189902
3.58164189903
81.0
3.58164189902
3.58164189902
81.0
3.58164189902
3.58164189902
81.0
3.58164189902
3.58164189902
81.0
3.58164189903
3.58164189902
81.0
3.58164189902
3.58164189903
81.0
3.58164189902
3.58164189902
81.0
3.58164189902
3.58164189902
81.0
3.58164189902
3.58164189902
81.0
3.58164189903
3.58164189902
81.0
3.58164189902
3.58164189903
81.0
3.58164189902
3.58164189902
81.0
3.58164189902
3.58164189902
81.0
3.58164189902
3.58164189903
81.0
3.58164189902
3.58164189902
81.0
3.58164189902
3.58164189902
81.0
3.58164189902
3.58164189902
81.0
3.58164189903
3.58164189902
81.0
3.58164189902
3.58164189903
81.0
3.58164189902
3.58164189902
81.0
3.58164189902
3.58164189902
81.0
3.58164189902
3.58164189902
81.0
3.58164189903
3.58164189902
81.0
3.58164189902
3.58164189903
81.0
3.58164189902
3.58164189902
81.0
3.58164189902
3.58164189902
81.0
3.58164189902
3.58164189902
81.0
3.58164189903
3.58164189902
81.0
3.58164189902
3.58164189903
81.0
3.58164189902
3.58164189902
81.0
3.58164189903
3.58164189902
81.0
3.58164189902
3.58164189903
81.0
3.58164189902
3.58164189902
81.0
3.58164189902
3.58164189902
81.0
3.58164189902
3.58164189902
81.0
3.58164189903
3.58164189902
81.0
3.58164189902
3.58164189903
81.0
3.58164189902
3.58164189902
81.0
3.58164189902
3.58164189902
81.0
3.58164189902
3.58164189902
81.0
3.58164189903
3.58164189902
81.0
3.58164189902
3.58164189903
81.0
3.58164189902
3.58164189902
81.0
3.58164189902
3.58164189902
81.0
3.58164189902
3.58164189902
81.0
3.58164189903
3.58164189902
81.0
3.58164189902
3.58164189902
81.0
3.58164189902
3.58164189902
81.0
3.58164189903
3.58164189902
81.0
3.58164189902
3.58164189903
81.0
3.58164189902
3.58164189902
81.0
3.58164189902
3.58164189902
81.0
3.58164189902
3.58164189902
81.0
3.58164189903
3.58164189902
81.0
3.58164189902
3.58164189903
81.0
3.58164189902
3.58164189902
81.0
3.58164189902
3.58164189902
81.0
3.58164189902
3.58164189902
81.0
3.58164189903
3.58164189902
81.0
3.58164189902
3.58164189903
81.0
3.58164189902
3.58164189902
81.0
3.58164189902
3.58164189902
81.0
3.58164189902
3.58164189903
81.0
3.58164189902
3.58164189902
81.0
3.58164189902
3.58164189902
81.0
3.58164189902
3.58164189902
81.0
3.58164189903
3.58164189902
81.0
3.58164189902
3.58164189903
81.0
3.58164189902
3.58164189902
81.0
3.58164189902
3.58164189902
81.0
3.58164189902
3.58164189902
81.0
3.58164189903
3.58164189902
81.0
3.58164189902
3.58164189903
81.0
3.58164189902
3.58164189902
81.0
3.58164189902
3.58164189902
81.0
3.58164189902
3.58164189902
81.0
3.58164189903
3.58164189902
81.0
3.58164189902
3.58164189903
81.0
3.58164189902
3.58164189902
81.0
3.58164189903
3.58164189902
81.0
3.58164189902
3.58164189903
81.0
3.58164189902
3.58164189902
81.0
3.58164189902
3.58164189902
81.0
3.58164189902
3.58164189902
81.0
3.58164189903
3.58164189902
81.0
3.58164189902
3.58164189903
81.0
3.58164189902
3.58164189902
81.0
3.58164189902
3.58164189902
81.0
3.58164189902
3.58164189902
81.0
3.58164189903
3.58164189902
81.0
3.58164189902
3.58164189903
81.0
3.58164189902
3.58164189902
81.0
3.58164189902
3.58164189902
81.0
3.58164189902
3.58164189902
81.0
3.58164189903
3.58164189902
81.0
3.58164189902
3.58164189902
81.0
3.58164189902
3.58164189902
81.0
3.58164189903
3.58164189902
81.0
3.58164189902
3.58164189903
81.0
3.58164189902
3.58164189902
81.0
3.58165336364
3.71428383807
84.0
3.71430676731
3.84693724174
87.0
3.84694870637
3.84694870636
87.0
3.84694870636
3.84694870637
87.0
3.84694870636
3.84694870636
87.0
3.84694870636
3.84694870636
87.0
3.84694870636
3.84694870636
87.0
3.84694870637
3.84694870636
87.0
3.84694870636
3.84694870637
87.0
3.84694870636
3.84694870636
87.0
3.84694870636
3.84694870636
87.0
3.84694870636
3.84694870637
87.0
3.84696017098
3.9795906454
90.0
3.97960211002
3.97960211002
90.0
3.97960211002
3.97960211002
90.0
3.97960211003
3.97960211002
90.0
3.97960211002
3.97960211003
90.0
3.97960211002
3.97960211002
90.0
3.97960211002
3.97960211002
90.0
3.97960211002
3.97960211002
90.0
3.97960211003
3.97960211002
90.0
3.97960211002
3.97960211003
90.0
3.97960211002
3.97960211002
90.0
3.97960211002
3.97960211002
90.0
3.97960211002
3.97960211002
90.0
3.97960211003
3.97960211002
90.0
3.97960211002
3.97960211003
90.0
3.97960211002
3.97960211002
90.0
3.97960211003
3.97960211002
90.0
3.97960211002
3.97960211003
90.0
3.97960211002
3.97960211002
90.0
3.97960211002
3.97960211002
90.0
3.97960211002
3.97960211002
90.0
3.97960211003
3.97960211002
90.0
3.97960211002
3.97960211003
90.0
3.97960211002
3.97960211002
90.0
3.97960211002
3.97960211002
90.0
3.97960211002
3.97960211002
90.0
3.97960211003
3.97960211002
90.0
3.97960211002
3.97960211003
90.0
3.97960211002
3.97960211002
90.0
3.97960211002
3.97960211002
90.0
3.97960211002
3.97960211002
90.0
3.97960211003
3.97960211002
90.0
3.97960211002
3.97960211002
90.0
3.97960211002
3.97960211002
90.0
3.97960211003
3.97960211002
90.0
3.97960211002
3.97960211003
90.0
3.97960211002
3.97960211002
90.0
3.97960211002
3.97960211002
90.0
3.97960211002
3.97960211002
90.0
3.97960211003
3.97960211002
90.0
3.97960211002
3.97960211003
90.0
3.97960211002
3.97960211002
90.0
3.97960211002
3.97960211002
90.0
3.97960211002
3.97960211002
90.0
3.97960211003
3.97960211002
90.0
3.97960211002
3.97960211003
90.0
3.97960211002
3.97960211002
90.0
3.97960211002
3.97960211002
90.0
3.97960211002
3.97960211003
90.0
3.97960211002
3.97960211002
90.0
3.97960211002
3.97960211002
90.0
3.97960211002
3.97960211002
90.0
3.97960211003
3.97960211002
90.0
3.97960211002
3.97960211003
90.0
3.97960211002
3.97960211002
90.0
3.97960211002
3.97960211002
90.0
3.97960211002
3.97960211002
90.0
3.97960211003
3.97960211002
90.0
3.97960211002
3.97960211003
90.0
3.97960211002
3.97960211002
90.0
3.97960211002
3.97960211002
90.0
3.97960211002
3.97960211002
90.0
3.97960211003
3.97960211002
90.0
3.97960211002
3.97960211003
90.0
3.97960211002
3.97960211002
90.0
3.97960211003
3.97960211002
90.0
3.97960211002
3.97960211003
90.0
3.97960211002
3.97960211002
90.0
3.97960211002
3.97960211002
90.0
3.97960211002
3.97960211002
90.0
3.97960211003
3.97960211002
90.0
3.97960211002
3.97960211003
90.0
3.97960211002
3.97960211002
90.0
3.97960211002
3.97960211002
90.0
3.97960211002
3.97960211002
90.0
3.97960211003
3.97960211002
90.0
3.97960211002
3.97960211003
90.0
3.97960211002
3.97960211002
90.0
3.97960211002
3.97960211002
90.0
3.97960211002
3.97960211002
90.0
3.97960211003
3.97960211002
90.0
3.97960211002
3.97960211002
90.0
3.97960211002
3.97960211002
90.0
3.97960211003
3.97960211002
90.0
3.97960211002
3.97960211003
90.0
3.97960211002
3.97960211002
90.0
3.97960211002
3.97960211002
90.0
3.97960211002
3.97960211002
90.0
3.97960211003
3.97960211002
90.0
3.97960211002
3.97960211003
90.0
3.97960211002
3.97960211002
90.0
3.97960211002
3.97960211002
90.0
3.97960211002
3.97960211002
90.0
3.97960211003
3.97960211002
90.0
3.97960211002
3.97960211003
90.0
3.97960211002
3.97960211002
90.0
3.97960211002
3.97960211002
90.0
3.97960211002
3.97960211003
90.0
3.97960211002
3.97960211002
90.0
3.97960211002
3.97960211002
90.0
3.97960211002
3.97960211002
90.0
3.97960211003
3.97960211002
90.0
3.97960211002
3.97960211003
90.0
3.97961357465
4.11224404907
93.0
4.11225551369
4.11225551369
93.0
4.11225551369
4.11225551369
93.0
4.1122555137
4.11225551369
93.0
4.11225551369
4.1122555137
93.0
4.11225551369
4.11225551369
93.0
4.11225551369
4.11225551369
93.0
4.11225551369
4.11225551369
93.0
4.1122555137
4.11225551369
93.0
4.11225551369
4.1122555137
93.0
4.11225551369
4.11225551369
93.0
4.1122555137
4.11225551369
93.0
4.11225551369
4.1122555137
93.0
4.11225551369
4.11225551369
93.0
4.11225551369
4.11225551369
93.0
4.11225551369
4.11225551369
93.0
4.1122555137
4.11225551369
93.0
4.11225551369
4.1122555137
93.0
4.11225551369
4.11225551369
93.0
4.11225551369
4.11225551369
93.0
4.11225551369
4.11225551369
93.0
4.1122555137
4.11225551369
93.0
4.11225551369
4.1122555137
93.0
4.11225551369
4.11225551369
93.0
4.11225551369
4.11225551369
93.0
4.11225551369
4.11225551369
93.0
4.1122555137
4.11225551369
93.0
4.11225551369
4.11225551369
93.0
4.11225551369
4.11225551369
93.0
4.1122555137
4.11225551369
93.0
4.11225551369
4.1122555137
93.0
4.11225551369
4.11225551369
93.0
4.11225551369
4.11225551369
93.0
4.11225551369
4.11225551369
93.0
4.1122555137
4.11225551369
93.0
4.11225551369
4.1122555137
93.0
4.11225551369
4.11225551369
93.0
4.11225551369
4.11225551369
93.0
4.11225551369
4.11225551369
93.0
4.1122555137
4.11225551369
93.0
4.11225551369
4.1122555137
93.0
4.11225551369
4.11225551369
93.0
4.11225551369
4.11225551369
93.0
4.11225551369
4.1122555137
93.0
4.11225551369
4.11225551369
93.0
4.11225551369
4.11225551369
93.0
4.11225551369
4.11225551369
93.0
4.1122555137
4.11225551369
93.0
4.11225551369
4.1122555137
93.0
4.11225551369
4.11225551369
93.0
4.11225551369
4.11225551369
93.0
4.11225551369
4.11225551369
93.0
4.1122555137
4.11225551369
93.0
4.11225551369
4.1122555137
93.0
4.11225551369
4.11225551369
93.0
4.11225551369
4.11225551369
93.0
4.11225551369
4.11225551369
93.0
4.1122555137
4.11225551369
93.0
4.11225551369
4.1122555137
93.0
4.11225551369
4.11225551369
93.0
4.1122555137
4.11225551369
93.0
4.11225551369
4.1122555137
93.0
4.11225551369
4.11225551369
93.0
4.11226697831
4.24489745274
96.0
4.24490891736
4.24490891736
96.0
4.24490891737
4.24490891736
96.0
4.24490891736
4.24490891737
96.0
4.24490891736
4.24490891736
96.0
4.24490891736
4.24490891736
96.0
4.24490891736
4.24490891736
96.0
4.24490891737
4.24490891736
96.0
4.24490891736
4.24490891737
96.0
4.24490891736
4.24490891736
96.0
4.24490891736
4.24490891736
96.0
4.24490891736
4.24490891736
96.0
4.24490891737
4.24490891736
96.0
4.24490891736
4.24490891736
96.0
4.24490891736
4.24490891736
96.0
4.24490891737
4.24490891736
96.0
4.24490891736
4.24490891737
96.0
4.24490891736
4.24490891736
96.0
4.24490891736
4.24490891736
96.0
4.24490891736
4.24490891736
96.0
4.24490891737
4.24490891736
96.0
4.24490891736
4.24490891737
96.0
4.24490891736
4.24490891736
96.0
4.24490891736
4.24490891736
96.0
4.24490891736
4.24490891736
96.0
4.24490891737
4.24490891736
96.0
4.24490891736
4.24490891737
96.0
4.24490891736
4.24490891736
96.0
4.24490891736
4.24490891736
96.0
4.24490891736
4.24490891737
96.0
4.24490891736
4.24490891736
96.0
4.24490891736
4.24490891736
96.0
4.24490891736
4.24490891736
96.0
4.24490891737
4.24490891736
96.0
4.24490891736
4.24490891737
96.0
4.24490891736
4.24490891736
96.0
4.24490891736
4.24490891736
96.0
4.24490891736
4.24490891736
96.0
4.24490891737
4.24490891736
96.0
4.24490891736
4.24490891737
96.0
4.24490891736
4.24490891736
96.0
4.24490891736
4.24490891736
96.0
4.24490891736
4.24490891736
96.0
4.24490891737
4.24490891736
96.0
4.24490891736
4.24490891737
96.0
4.24490891736
4.24490891736
96.0
4.24490891737
4.24490891736
96.0
4.24490891736
4.24490891737
96.0
4.24490891736
4.24490891736
96.0
4.24490891736
4.24490891736
96.0
4.24490891736
4.24490891736
96.0
4.24490891737
4.24490891736
96.0
4.24490891736
4.24490891737
96.0
4.24490891736
4.24490891736
96.0
4.24490891736
4.24490891736
96.0
4.24490891736
4.24490891736
96.0
4.24490891737
4.24490891736
96.0
4.24490891736
4.24490891737
96.0
4.24490891736
4.24490891736
96.0
4.24490891736
4.24490891736
96.0
4.24490891736
4.24490891736
96.0
4.24490891737
4.24490891736
96.0
4.24490891736
4.24490891736
96.0
4.24490891736
4.24490891736
96.0
4.24490891737
4.24490891736
96.0
4.24490891736
4.24490891737
96.0
4.24490891736
4.24490891736
96.0
4.24490891736
4.24490891736
96.0
4.24490891736
4.24490891736
96.0
4.24490891737
4.24490891736
96.0
4.24490891736
4.24490891737
96.0
4.24490891736
4.24490891736
96.0
4.24490891736
4.24490891736
96.0
4.24490891736
4.24490891736
96.0
4.24490891737
4.24490891736
96.0
4.24490891736
4.24490891737
96.0
4.24490891736
4.24490891736
96.0
4.24490891736
4.24490891736
96.0
4.24490891736
4.24490891737
96.0
4.24490891736
4.24490891736
96.0
4.24490891736
4.24490891736
96.0
4.24490891736
4.24490891736
96.0
4.24490891737
4.24490891736
96.0
4.24490891736
4.24490891737
96.0
4.24490891736
4.24490891736
96.0
4.24490891736
4.24490891736
96.0
4.24490891736
4.24490891736
96.0
4.24490891737
4.24490891736
96.0
4.24490891736
4.24490891737
96.0
4.24490891736
4.24490891736
96.0
4.24490891736
4.24490891736
96.0
4.24490891736
4.24490891736
96.0
4.24490891737
4.24490891736
96.0
4.24490891736
4.24490891737
96.0
4.24490891736
4.24490891736
96.0
4.24490891737
4.24490891736
96.0
4.24490891736
4.24490891737
96.0
4.24490891736
4.24490891736
96.0
4.24490891736
4.24490891736
96.0
4.24490891736
4.24490891736
96.0
4.24490891737
4.24490891736
96.0
4.24490891736
4.24490891737
96.0
4.24490891736
4.24490891736
96.0
4.24490891736
4.24490891736
96.0
4.24490891736
4.24490891736
96.0
4.24490891737
4.24490891736
96.0
4.24490891736
4.24490891737
96.0
4.24490891736
4.24490891736
96.0
4.24490891736
4.24490891736
96.0
4.24490891736
4.24490891736
96.0
4.24490891737
4.24490891736
96.0
4.24490891736
4.24490891736
96.0
4.24490891736
4.24490891736
96.0
4.24490891737
4.24490891736
96.0
4.24490891736
4.24490891737
96.0
4.24490891736
4.24490891736
96.0
4.24490891736
4.24490891736
96.0
4.24490891736
4.24490891736
96.0
4.24490891737
4.24490891736
96.0
4.24490891736
4.24490891737
96.0
4.24490891736
4.24490891736
96.0
4.24490891736
4.24490891736
96.0
4.24490891736
4.24490891736
96.0
4.24490891737
4.24490891736
96.0
4.24490891736
4.24490891737
96.0
4.24490891736
4.24490891736
96.0
4.24490891736
4.24490891736
96.0
4.24490891736
4.24490891737
96.0
4.24490891736
4.24490891736
96.0
4.24490891736
4.24490891736
96.0
4.24490891736
4.24490891736
96.0
4.24490891737
4.24490891736
96.0
4.24490891736
4.24490891737
96.0
4.24490891736
4.24490891736
96.0
4.24490891736
4.24490891736
96.0
4.24490891736
4.24490891736
96.0
4.24490891737
4.24490891736
96.0
4.24490891736
4.24490891737
96.0
4.24490891736
4.24490891736
96.0
4.24490891736
4.24490891736
96.0
4.24490891736
4.24490891736
96.0
4.24490891737
4.24490891736
96.0
4.24490891736
4.24490891737
96.0
4.24490891736
4.24490891736
96.0
4.24490891737
4.24490891736
96.0
4.24490891736
4.24490891737
96.0
4.24490891736
4.24490891736
96.0
4.24490891736
4.24490891736
96.0
4.24490891736
4.24490891736
96.0
4.24490891737
4.24490891736
96.0
4.24490891736
4.24490891737
96.0
4.24490891736
4.24490891736
96.0
4.24490891736
4.24490891736
96.0
4.24490891736
4.24490891736
96.0
4.24490891737
4.24490891736
96.0
4.24490891736
4.24490891737
96.0
4.24490891736
4.24490891736
96.0
4.24490891736
4.24490891736
96.0
4.24490891736
4.24490891736
96.0
4.24490891737
4.24490891736
96.0
4.24490891736
4.24490891736
96.0
4.24490891736
4.24490891736
96.0
4.24490891737
4.24490891736
96.0
4.24490891736
4.24490891737
96.0
4.24490891736
4.24490891736
96.0
4.24490891736
4.24490891736
96.0
4.24490891736
4.24490891736
96.0
4.24490891737
4.24490891736
96.0
4.24490891736
4.24490891737
96.0
4.24490891736
4.24490891736
96.0
4.24490891736
4.24490891736
96.0
4.24490891736
4.24490891736
96.0
4.24490891737
4.24490891736
96.0
4.24490891736
4.24490891737
96.0
4.24490891736
4.24490891736
96.0
4.24490891736
4.24490891736
96.0
4.24490891736
4.24490891737
96.0
4.24490891736
4.24490891736
96.0
4.24490891736
4.24490891736
96.0
4.24490891736
4.24490891736
96.0
4.24490891737
4.24490891736
96.0
4.24490891736
4.24490891737
96.0
4.24490891736
4.24490891736
96.0
4.24490891736
4.24490891736
96.0
4.24490891736
4.24490891736
96.0
4.24490891737
4.24490891736
96.0
4.24490891736
4.24490891737
96.0
4.24490891736
4.24490891736
96.0
4.24490891736
4.24490891736
96.0
4.24490891736
4.24490891736
96.0
4.24490891737
4.24490891736
96.0
4.24490891736
4.24490891737
96.0
4.24490891736
4.24490891736
96.0
4.24490891737
4.24490891736
96.0
4.24490891736
4.24490891737
96.0
4.24490891736
4.24490891736
96.0
4.24490891736
4.24490891736
96.0
4.24490891736
4.24490891736
96.0
4.24490891737
4.24490891736
96.0
4.24490891736
4.24490891737
96.0
4.24490891736
4.24490891736
96.0
4.24490891736
4.24490891736
96.0
4.24490891736
4.24490891736
96.0
4.24490891737
4.24490891736
96.0
4.24490891736
4.24490891737
96.0
4.24490891736
4.24490891736
96.0
4.24490891736
4.24490891736
96.0
4.24490891736
4.24490891736
96.0
4.24490891737
4.24490891736
96.0
4.24490891736
4.24490891736
96.0
4.24490891736
4.24490891736
96.0
4.24490891737
4.24490891736
96.0
4.24490891736
4.24490891737
96.0
4.24490891736
4.24490891736
96.0
4.24490891736
4.24490891736
96.0
4.24490891736
4.24490891736
96.0
4.24490891737
4.24490891736
96.0
4.24490891736
4.24490891737
96.0
4.24490891736
4.24490891736
96.0
4.24490891736
4.24490891736
96.0
4.24490891736
4.24490891736
96.0
4.24490891737
4.24490891736
96.0
4.24490891736
4.24490891737
96.0
4.24490891736
4.24490891736
96.0
4.24490891736
4.24490891736
96.0
4.24490891736
4.24490891737
96.0
4.24490891736
4.24490891736
96.0
4.24490891736
4.24490891736
96.0
4.24490891736
4.24490891736
96.0
4.24490891737
4.24490891736
96.0
4.24490891736
4.24490891737
96.0
4.24490891736
4.24490891736
96.0
4.24490891736
4.24490891736
96.0
4.24490891736
4.24490891736
96.0
4.24490891737
4.24490891736
96.0
4.24490891736
4.24490891737
96.0
4.24490891736
4.24490891736
96.0
4.24490891736
4.24490891736
96.0
4.24490891736
4.24490891736
96.0
4.24490891737
4.24490891736
96.0
4.24490891736
4.24490891736
96.0
4.24490891736
4.24490891736
96.0
4.24490891737
4.24490891736
96.0
4.24490891736
4.24490891737
96.0
4.24490891736
4.24490891736
96.0
4.24490891736
4.24490891736
96.0
4.24490891736
4.24490891736
96.0
4.24490891737
4.24490891736
96.0
4.24490891736
4.24490891737
96.0
4.24490891736
4.24490891736
96.0
4.24490891736
4.24490891736
96.0
4.24490891736
4.24490891736
96.0
4.24490891736
4.24490891738
96.0
4.24490891736
4.24490891736
96.0
4.24490891736
4.24490891736
96.0
4.24490891736
4.24490891736
96.0
4.24490891738
4.24490891736
96.0
4.24490891736
4.24490891736
96.0
4.24490891736
4.24490891736
96.0
4.24490891736
4.24490891736
96.0
4.24490891736
4.24490891736
96.0
4.24490891736
4.24490891736
96.0
4.24490891736
4.24490891738
96.0
4.24490891736
4.24490891736
96.0
4.24490891736
4.24490891736
96.0
4.24490891736
4.24490891738
96.0
4.24490891736
4.24490891736
96.0
4.24490891736
4.24490891736
96.0
4.24492038198
4.37755085641
99.0
4.37756232105
4.37756232103
99.0
4.37756232103
4.37756232103
99.0
4.37756232103
4.37756232103
99.0
4.37756232103
4.37756232103
99.0
4.37756232103
4.37756232103
99.0
4.37756232103
4.37756232103
99.0
4.37756232103
4.37756232105
99.0
4.37756232103
4.37756232103
99.0
4.37756232103
4.37756232103
99.0
4.37756232103
4.37756232103
99.0
4.37756232105
4.37756232103
99.0
4.37757378565
4.51020426007
102.0
4.51021572469
4.51021572469
102.0
4.51021572472
4.51021572469
102.0
4.51021572469
4.51021572469
102.0
4.51021572469
4.51021572469
102.0
4.51021572469
4.51021572469
102.0
4.51021572469
4.51021572469
102.0
4.51021572469
4.51021572469
102.0
4.51021572469
4.51021572472
102.0
4.51021572469
4.51021572469
102.0
4.51021572469
4.51021572469
102.0
4.51021572469
4.51021572469
102.0
4.51021572472
4.51021572469
102.0
4.51021572469
4.51021572469
102.0
4.51021572469
4.51021572469
102.0
4.51021572469
4.51021572469
102.0
4.51021572469
4.51021572469
102.0
4.51021572469
4.51021572469
102.0
4.51021572469
4.51021572469
102.0
4.51021572469
4.51021572469
102.0
4.51021572469
4.51021572469
102.0
4.51021572469
4.51021572472
102.0
4.51021572469
4.51021572469
102.0
4.51021572469
4.51021572469
102.0
4.51021572469
4.51021572469
102.0
4.51021572472
4.51021572469
102.0
4.51021572469
4.51021572469
102.0
4.51021572469
4.51021572469
102.0
4.51021572469
4.51021572469
102.0
4.51021572469
4.51021572469
102.0
4.51021572469
4.51021572469
102.0
4.51021572469
4.51021572472
102.0
4.51021572469
4.51021572469
102.0
4.51021572469
4.51021572469
102.0
4.51021572469
4.51021572472
102.0
4.51021572469
4.51021572469
102.0
4.51021572469
4.51021572469
102.0
4.51021572469
4.51021572469
102.0
4.51021572472
4.51021572469
102.0
4.51021572469
4.51021572469
102.0
4.51021572469
4.51021572469
102.0
4.51021572469
4.51021572469
102.0
4.51021572469
4.51021572469
102.0
4.51021572469
4.51021572469
102.0
4.51021572469
4.51021572472
102.0
4.51021572469
4.51021572469
102.0
4.51021572469
4.51021572469
102.0
4.51021572469
4.51021572469
102.0
4.51021572472
4.51021572469
102.0
4.51021572469
4.51021572469
102.0
4.51021572469
4.51021572469
102.0
4.51021572472
4.51021572469
102.0
4.51021572469
4.51021572469
102.0
4.51021572469
4.51021572469
102.0
4.51021572469
4.51021572469
102.0
4.51021572469
4.51021572469
102.0
4.51021572469
4.51021572469
102.0
4.51021572469
4.51021572472
102.0
4.51021572469
4.51021572469
102.0
4.51021572469
4.51021572469
102.0
4.51021572469
4.51021572469
102.0
4.51021572472
4.51021572469
102.0
4.51021572469
4.51021572469
102.0
4.51021572469
4.51021572469
102.0
4.51021572469
4.51021572469
102.0
4.51021572469
4.51021572469
102.0
4.51021572469
4.51021572469
102.0
4.51021572469
4.51021572469
102.0
4.51021572469
4.51021572469
102.0
4.51021572469
4.51021572469
102.0
4.51021572469
4.51021572472
102.0
4.51021572469
4.51021572469
102.0
4.51021572469
4.51021572469
102.0
4.51021572469
4.51021572469
102.0
4.51021572472
4.51021572469
102.0
4.51021572469
4.51021572469
102.0
4.51021572469
4.51021572469
102.0
4.51021572469
4.51021572469
102.0
4.51021572469
4.51021572469
102.0
4.51021572469
4.51021572469
102.0
4.51021572469
4.51021572472
102.0
4.51021572469
4.51021572469
102.0
4.51021572469
4.51021572469
102.0
4.51021572469
4.51021572472
102.0
4.51021572469
4.51021572469
102.0
4.51021572469
4.51021572469
102.0
4.51021572469
4.51021572469
102.0
4.51021572472
4.51021572469
102.0
4.51021572469
4.51021572469
102.0
4.51021572469
4.51021572469
102.0
4.51021572469
4.51021572469
102.0
4.51021572469
4.51021572469
102.0
4.51021572469
4.51021572469
102.0
4.51021572469
4.51021572472
102.0
4.51021572469
4.51021572469
102.0
4.51021572469
4.51021572469
102.0
4.51021572469
4.51021572469
102.0
4.51021572472
4.51021572469
102.0
4.51021572469
4.51021572469
102.0
4.51021572469
4.51021572469
102.0
4.51021572472
4.51021572469
102.0
4.51021572469
4.51021572469
102.0
4.51021572469
4.51021572469
102.0
4.51021572469
4.51021572469
102.0
4.51021572469
4.51021572469
102.0
4.51021572469
4.51021572469
102.0
4.51021572469
4.51021572472
102.0
4.51021572469
4.51021572469
102.0
4.51021572469
4.51021572469
102.0
4.51021572469
4.51021572469
102.0
4.51021572472
4.51021572469
102.0
4.51021572469
4.51021572469
102.0
4.51021572469
4.51021572469
102.0
4.51021572469
4.51021572469
102.0
4.51021572469
4.51021572469
102.0
4.51021572469
4.51021572469
102.0
4.51021572469
4.51021572469
102.0
4.51021572469
4.51021572469
102.0
4.51021572469
4.51021572469
102.0
4.51021572469
4.51021572472
102.0
4.51021572469
4.51021572469
102.0
4.51021572469
4.51021572469
102.0
4.51021572469
4.51021572469
102.0
4.51021572472
4.51021572469
102.0
4.51021572469
4.51021572469
102.0
4.51021572469
4.51021572469
102.0
4.51021572469
4.51021572469
102.0
4.51021572469
4.51021572469
102.0
4.51021572469
4.51021572469
102.0
4.51021572469
4.51021572472
102.0
4.51021572469
4.51021572469
102.0
4.51021572469
4.51021572469
102.0
4.51021572469
4.51021572472
102.0
4.51021572469
4.51021572469
102.0
4.51021572469
4.51021572469
102.0
4.51021572469
4.51021572469
102.0
4.51021572472
4.51021572469
102.0
4.51021572469
4.51021572469
102.0
4.51021572469
4.51021572469
102.0
4.51021572469
4.51021572469
102.0
4.51021572469
4.51021572469
102.0
4.51021572469
4.51021572469
102.0
4.51021572469
4.51021572472
102.0
4.51021572469
4.51021572469
102.0
4.51021572469
4.51021572469
102.0
4.51021572469
4.51021572469
102.0
4.51021572472
4.51021572469
102.0
4.51021572469
4.51021572469
102.0
4.51021572469
4.51021572469
102.0
4.51021572472
4.51021572469
102.0
4.51021572469
4.51021572469
102.0
4.51021572469
4.51021572469
102.0
4.51021572469
4.51021572469
102.0
4.51021572469
4.51021572469
102.0
4.51021572469
4.51021572469
102.0
4.51021572469
4.51021572472
102.0
4.51021572469
4.51021572469
102.0
4.51021572469
4.51021572469
102.0
4.51022718932
4.64285766374
105.0
4.64286912838
4.64286912836
105.0
4.64286912836
4.64286912836
105.0
4.64286912836
4.64286912836
105.0
4.64286912836
4.64286912836
105.0
4.64286912836
4.64286912836
105.0
4.64286912836
4.64286912836
105.0
4.64286912836
4.64286912836
105.0
4.64286912836
4.64286912836
105.0
4.64286912836
4.64286912836
105.0
4.64286912836
4.64286912838
105.0
4.64286912836
4.64286912836
105.0
4.64286912836
4.64286912836
105.0
4.64286912836
4.64286912836
105.0
4.64286912838
4.64286912836
105.0
4.64286912836
4.64286912836
105.0
4.64286912836
4.64286912836
105.0
4.64286912836
4.64286912836
105.0
4.64286912836
4.64286912836
105.0
4.64286912836
4.64286912836
105.0
4.64286912836
4.64286912838
105.0
4.64286912836
4.64286912836
105.0
4.64286912836
4.64286912836
105.0
4.64286912836
4.64286912838
105.0
4.64286912836
4.64286912836
105.0
4.64286912836
4.64286912836
105.0
4.64286912836
4.64286912836
105.0
4.64286912838
4.64286912836
105.0
4.64286912836
4.64286912836
105.0
4.64286912836
4.64286912836
105.0
4.64286912836
4.64286912836
105.0
4.64286912836
4.64286912836
105.0
4.64286912836
4.64286912836
105.0
4.64286912836
4.64286912838
105.0
4.64286912836
4.64286912836
105.0
4.64286912836
4.64286912836
105.0
4.64286912836
4.64286912836
105.0
4.64286912838
4.64286912836
105.0
4.64286912836
4.64286912836
105.0
4.64286912836
4.64286912836
105.0
4.64286912838
4.64286912836
105.0
4.64286912836
4.64286912836
105.0
4.64286912836
4.64286912836
105.0
4.64286912836
4.64286912836
105.0
4.64286912836
4.64286912836
105.0
4.64286912836
4.64286912836
105.0
4.64286912836
4.64286912838
105.0
4.64286912836
4.64286912836
105.0
4.64286912836
4.64286912836
105.0
4.64286912836
4.64286912836
105.0
4.64286912838
4.64286912836
105.0
4.64286912836
4.64286912836
105.0
4.64286912836
4.64286912836
105.0
4.64286912836
4.64286912836
105.0
4.64286912836
4.64286912836
105.0
4.64286912836
4.64286912836
105.0
4.64286912836
4.64286912836
105.0
4.64286912836
4.64286912836
105.0
4.64286912836
4.64286912836
105.0
4.64286912836
4.64286912838
105.0
4.64286912836
4.64286912836
105.0
4.64286912836
4.64286912836
105.0
4.64286912836
4.64286912836
105.0
4.64286912838
4.64286912836
105.0
4.64286912836
4.64286912836
105.0
4.64286912836
4.64286912836
105.0
4.64286912836
4.64286912836
105.0
4.64286912836
4.64286912836
105.0
4.64286912836
4.64286912836
105.0
4.64286912836
4.64286912838
105.0
4.64286912836
4.64286912836
105.0
4.64286912836
4.64286912836
105.0
4.64286912836
4.64286912838
105.0
4.64286912836
4.64286912836
105.0
4.64286912836
4.64286912836
105.0
4.64286912836
4.64286912836
105.0
4.64286912838
4.64286912836
105.0
4.64286912836
4.64286912836
105.0
4.64286912836
4.64286912836
105.0
4.64286912836
4.64286912836
105.0
4.64286912836
4.64286912836
105.0
4.64286912836
4.64286912836
105.0
4.64286912836
4.64286912838
105.0
4.64286912836
4.64286912836
105.0
4.64286912836
4.64286912836
105.0
4.64286912836
4.64286912836
105.0
4.64286912838
4.64286912836
105.0
4.64286912836
4.64286912836
105.0
4.64286912836
4.64286912836
105.0
4.64286912838
4.64286912836
105.0
4.64286912836
4.64286912836
105.0
4.64286912836
4.64286912836
105.0
4.64286912836
4.64286912836
105.0
4.64286912836
4.64286912836
105.0
4.64286912836
4.64286912836
105.0
4.64286912836
4.64286912838
105.0
4.64286912836
4.64286912836
105.0
4.64286912836
4.64286912836
105.0
4.64286912836
4.64286912836
105.0
4.64286912838
4.64286912836
105.0
4.64286912836
4.64286912836
105.0
4.64286912836
4.64286912836
105.0
4.64286912836
4.64286912836
105.0
4.64286912836
4.64286912836
105.0
4.64286912836
4.64286912836
105.0
4.64286912836
4.64286912836
105.0
4.64286912836
4.64286912836
105.0
4.64286912836
4.64286912836
105.0
4.64286912836
4.64286912838
105.0
4.64286912836
4.64286912836
105.0
4.64286912836
4.64286912836
105.0
4.64286912836
4.64286912836
105.0
4.64286912838
4.64286912836
105.0
4.64286912836
4.64286912836
105.0
4.64286912836
4.64286912836
105.0
4.64286912836
4.64286912836
105.0
4.64286912836
4.64286912836
105.0
4.64286912836
4.64286912836
105.0
4.64286912836
4.64286912838
105.0
4.64286912836
4.64286912836
105.0
4.64286912836
4.64286912836
105.0
4.64286912836
4.64286912838
105.0
4.64286912836
4.64286912836
105.0
4.64286912836
4.64286912836
105.0
4.64286912836
4.64286912836
105.0
4.64286912838
4.64286912836
105.0
4.64286912836
4.64286912836
105.0
4.64286912836
4.64286912836
105.0
4.64286912836
4.64286912836
105.0
4.64286912836
4.64286912836
105.0
4.64286912836
4.64286912836
105.0
4.64286912836
4.64286912838
105.0
4.64286912836
4.64286912836
105.0
4.64286912836
4.64286912836
105.0
4.64286912836
4.64286912836
105.0
4.64286912838
4.64286912836
105.0
4.64286912836
4.64286912836
105.0
4.64286912836
4.64286912836
105.0
4.64286912838
4.64286912836
105.0
4.64286912836
4.64286912836
105.0
4.64286912836
4.64286912836
105.0
4.64286912836
4.64286912836
105.0
4.64286912836
4.64286912836
105.0
4.64286912836
4.64286912836
105.0
4.64286912836
4.64286912838
105.0
4.64286912836
4.64286912836
105.0
4.64286912836
4.64286912836
105.0
4.64286912836
4.64286912836
105.0
4.64286912838
4.64286912836
105.0
4.64286912836
4.64286912836
105.0
4.64286912836
4.64286912836
105.0
4.64286912836
4.64286912836
105.0
4.64286912836
4.64286912836
105.0
4.64286912836
4.64286912836
105.0
4.64286912836
4.64286912836
105.0
4.64286912836
4.64286912836
105.0
4.64286912836
4.64286912836
105.0
4.64286912836
4.64286912838
105.0
4.64286912836
4.64286912836
105.0
4.64286912836
4.64286912836
105.0
4.64286912836
4.64286912836
105.0
4.64286912838
4.64286912836
105.0
4.64286912836
4.64286912836
105.0
4.64286912836
4.64286912836
105.0
4.64286912836
4.64286912836
105.0
4.64286912836
4.64286912836
105.0
4.64286912836
4.64286912836
105.0
4.64286912836
4.64286912838
105.0
4.64286912836
4.64286912836
105.0
4.64286912836
4.64286912836
105.0
4.64286912836
4.64286912838
105.0
4.64286912836
4.64286912836
105.0
4.64286912836
4.64286912836
105.0
4.64286912836
4.64286912836
105.0
4.64286912838
4.64286912836
105.0
4.64286912836
4.64286912836
105.0
4.64286912836
4.64286912836
105.0
4.64286912836
4.64286912836
105.0
4.64286912836
4.64286912836
105.0
4.64286912836
4.64286912836
105.0
4.64286912836
4.64286912838
105.0
4.64286912836
4.64286912836
105.0
4.64286912836
4.64286912836
105.0
4.64286912836
4.64286912836
105.0
4.64286912838
4.64286912836
105.0
4.64286912836
4.64286912836
105.0
4.64286912836
4.64286912836
105.0
4.64286912838
4.64286912836
105.0
4.64286912836
4.64286912836
105.0
4.64286912836
4.64286912836
105.0
4.64286912836
4.64286912836
105.0
4.64286912836
4.64286912836
105.0
4.64286912836
4.64286912836
105.0
4.64286912836
4.64286912838
105.0
4.64286912836
4.64286912836
105.0
4.64286912836
4.64286912836
105.0
4.64286912836
4.64286912836
105.0
4.64286912838
4.64286912836
105.0
4.64286912836
4.64286912836
105.0
4.64286912836
4.64286912836
105.0
4.64286912836
4.64286912836
105.0
4.64286912836
4.64286912836
105.0
4.64286912836
4.64286912836
105.0
4.64286912836
4.64286912836
105.0
4.64286912836
4.64286912836
105.0
4.64286912836
4.64286912836
105.0
4.64286912836
4.64286912838
105.0
4.64286912836
4.64286912836
105.0
4.64286912836
4.64286912836
105.0
4.64286912836
4.64286912836
105.0
4.64286912838
4.64286912836
105.0
4.64286912836
4.64286912836
105.0
4.64286912836
4.64286912836
105.0
4.64286912836
4.64286912836
105.0
4.64286912836
4.64286912836
105.0
4.64286912836
4.64286912836
105.0
4.64286912836
4.64286912838
105.0
4.64286912836
4.64286912836
105.0
4.64286912836
4.64286912836
105.0
4.64286912836
4.64286912838
105.0
4.64286912836
4.64286912836
105.0
4.64286912836
4.64286912836
105.0
4.64286912836
4.64286912836
105.0
4.64286912838
4.64286912836
105.0
4.64286912836
4.64286912836
105.0
4.64286912836
4.64286912836
105.0
4.64286912836
4.64286912836
105.0
4.64286912836
4.64286912836
105.0
4.64286912836
4.64286912836
105.0
4.64286912836
4.64286912838
105.0
4.64286912836
4.64286912836
105.0
4.64286912836
4.64286912836
105.0
4.64286912836
4.64286912836
105.0
4.64286912838
4.64286912836
105.0
4.64286912836
4.64286912836
105.0
4.64286912836
4.64286912836
105.0
4.64286912838
4.64286912836
105.0
4.64286912836
4.64286912836
105.0
4.64286912836
4.64286912836
105.0
4.64286912836
4.64286912836
105.0
4.64286912836
4.64286912836
105.0
4.64286912836
4.64286912836
105.0
4.64286912836
4.64286912838
105.0
4.64286912836
4.64286912836
105.0
4.64286912836
4.64286912836
105.0
4.64286912836
4.64286912836
105.0
4.64286912838
4.64286912836
105.0
4.64286912836
4.64286912836
105.0
4.64286912836
4.64286912836
105.0
4.64286912836
4.64286912836
105.0
4.64286912836
4.64286912836
105.0
4.64286912836
4.64286912836
105.0
4.64286912836
4.64286912836
105.0
4.64286912836
4.64286912836
105.0
4.64286912836
4.64286912836
105.0
4.64286912836
4.64286912838
105.0
4.64286912836
4.64286912836
105.0
4.64286912836
4.64286912836
105.0
4.64286912836
4.64286912836
105.0
4.64286912838
4.64286912836
105.0
4.64286912836
4.64286912836
105.0
4.64286912836
4.64286912836
105.0
4.64286912836
4.64286912836
105.0
4.64286912836
4.64286912836
105.0
4.64286912836
4.64286912836
105.0
4.64286912836
4.64286912838
105.0
4.64286912836
4.64286912836
105.0
4.64286912836
4.64286912836
105.0
4.64286912836
4.64286912838
105.0
4.64286912836
4.64286912836
105.0
4.64286912836
4.64286912836
105.0
4.64286912836
4.64286912836
105.0
4.64286912838
4.64286912836
105.0
4.64286912836
4.64286912836
105.0
4.64286912836
4.64286912836
105.0
4.64286912836
4.64286912836
105.0
4.64286912836
4.64286912836
105.0
4.64286912836
4.64286912836
105.0
4.64286912836
4.64286912838
105.0
4.64286912836
4.64286912836
105.0
4.64286912836
4.64286912836
105.0
4.64286912836
4.64286912836
105.0
4.64286912838
4.64286912836
105.0
4.64286912836
4.64286912836
105.0
4.64286912836
4.64286912836
105.0
4.64286912838
4.64286912836
105.0
4.64286912836
4.64286912836
105.0
4.64286912836
4.64286912836
105.0
4.64286912836
4.64286912836
105.0
4.64286912836
4.64286912836
105.0
4.64286912836
4.64286912836
105.0
4.64286912836
4.64286912838
105.0
4.64286912836
4.64286912836
105.0
4.64286912836
4.64286912836
105.0
4.64286912836
4.64286912836
105.0
4.64286912838
4.64286912836
105.0
4.64286912836
4.64286912836
105.0
4.64286912836
4.64286912836
105.0
4.64286912836
4.64286912836
105.0
4.64286912836
4.64286912836
105.0
4.64286912836
4.64286912836
105.0
4.64286912836
4.64286912836
105.0
4.64286912836
4.64286912836
105.0
4.64286912836
4.64286912836
105.0
4.64286912836
4.64286912838
105.0
4.64286912836
4.64286912836
105.0
4.64286912836
4.64286912836
105.0
4.64286912836
4.64286912836
105.0
4.64286912838
4.64286912836
105.0
4.64286912836
4.64286912836
105.0
4.64286912836
4.64286912836
105.0
4.64286912836
4.64286912836
105.0
4.64286912836
4.64286912836
105.0
4.64286912836
4.64286912836
105.0
4.64286912836
4.64286912838
105.0
4.64286912836
4.64286912836
105.0
4.64286912836
4.64286912836
105.0
4.64286912836
4.64286912838
105.0
4.64286912836
4.64286912836
105.0
4.64286912836
4.64286912836
105.0
4.64286912836
4.64286912836
105.0
4.64286912838
4.64286912836
105.0
4.64286912836
4.64286912836
105.0
4.64286912836
4.64286912836
105.0
4.64286912836
4.64286912836
105.0
4.64286912836
4.64286912836
105.0
4.64286912836
4.64286912836
105.0
4.64286912836
4.64286912838
105.0
4.64286912836
4.64286912836
105.0
4.64286912836
4.64286912836
105.0
4.64286912836
4.64286912836
105.0
4.64286912838
4.64286912836
105.0
4.64286912836
4.64286912836
105.0
4.64286912836
4.64286912836
105.0
4.64286912838
4.64286912836
105.0
4.64286912836
4.64286912836
105.0
4.64286912836
4.64286912836
105.0
4.64286912836
4.64286912836
105.0
4.64286912836
4.64286912836
105.0
4.64286912836
4.64286912836
105.0
4.64286912836
4.64286912838
105.0
4.64286912836
4.64286912836
105.0
4.64286912836
4.64286912836
105.0
4.64286912836
4.64286912836
105.0
4.64286912838
4.64286912836
105.0
4.64286912836
4.64286912836
105.0
4.64286912836
4.64286912836
105.0
4.64286912836
4.64286912836
105.0
4.64286912836
4.64286912836
105.0
4.64286912836
4.64286912836
105.0
4.64286912836
4.64286912836
105.0
4.64286912836
4.64286912836
105.0
4.64286912836
4.64286912836
105.0
4.64286912836
4.64286912838
105.0
4.64286912836
4.64286912836
105.0
4.64286912836
4.64286912836
105.0
4.64286912836
4.64286912836
105.0
4.64286912838
4.64286912836
105.0
4.64286912836
4.64286912836
105.0
4.64286912836
4.64286912836
105.0
4.64286912836
4.64286912836
105.0
4.64286912836
4.64286912836
105.0
4.64286912836
4.64286912836
105.0
4.64286912836
4.64286912838
105.0
4.64286912836
4.64286912836
105.0
4.64286912836
4.64286912836
105.0
4.64286912836
4.64286912838
105.0
4.64286912836
4.64286912836
105.0
4.64286912836
4.64286912836
105.0
4.64286912836
4.64286912836
105.0
4.64286912838
4.64286912836
105.0
4.64286912836
4.64286912836
105.0
4.64286912836
4.64286912836
105.0
4.64286912836
4.64286912836
105.0
4.64286912836
4.64286912836
105.0
4.64286912836
4.64286912836
105.0
4.64286912836
4.64286912838
105.0
4.64286912836
4.64286912836
105.0
4.64286912836
4.64286912836
105.0
4.64286912836
4.64286912836
105.0
4.64286912838
4.64286912836
105.0
4.64286912836
4.64286912836
105.0
4.64286912836
4.64286912836
105.0
4.64286912838
4.64286912836
105.0
4.64286912836
4.64286912836
105.0
4.64286912836
4.64286912836
105.0
4.64286912836
4.64286912836
105.0
4.64286912836
4.64286912836
105.0
4.64286912836
4.64286912836
105.0
4.64286912836
4.64286912838
105.0
4.64286912836
4.64286912836
105.0
4.64286912836
4.64286912836
105.0
4.64286912836
4.64286912836
105.0
4.64286912838
4.64286912836
105.0
4.64286912836
4.64286912836
105.0
4.64286912836
4.64286912836
105.0
4.64286912836
4.64286912836
105.0
4.64286912836
4.64286912836
105.0
4.64286912836
4.64286912836
105.0
4.64286912836
4.64286912836
105.0
4.64286912836
4.64286912836
105.0
4.64286912836
4.64286912836
105.0
4.64286912836
4.64286912838
105.0
4.64286912836
4.64286912836
105.0
4.64286912836
4.64286912836
105.0
4.64286912836
4.64286912836
105.0
4.64286912838
4.64286912836
105.0
4.64286912836
4.64286912836
105.0
4.64286912836
4.64286912836
105.0
4.64286912836
4.64286912836
105.0
4.64286912836
4.64286912836
105.0
4.64286912836
4.64286912836
105.0
4.64286912836
4.64286912838
105.0
4.64286912836
4.64286912836
105.0
4.64286912836
4.64286912836
105.0
4.64286912836
4.64286912838
105.0
4.64286912836
4.64286912836
105.0
4.64286912836
4.64286912836
105.0
4.64286912836
4.64286912836
105.0
4.64286912838
4.64286912836
105.0
4.64286912836
4.64286912836
105.0
4.64286912836
4.64286912836
105.0
4.64286912836
4.64286912836
105.0
4.64286912836
4.64286912836
105.0
4.64286912836
4.64286912836
105.0
4.64286912836
4.64286912838
105.0
4.64286912836
4.64286912836
105.0
4.64286912836
4.64286912836
105.0
4.64286912836
4.64286912836
105.0
4.64286912838
4.64286912836
105.0
4.64286912836
4.64286912836
105.0
4.64286912836
4.64286912836
105.0
4.64286912838
4.64286912836
105.0
4.64286912836
4.64286912836
105.0
4.64286912836
4.64286912836
105.0
4.64286912836
4.64286912836
105.0
4.64286912836
4.64286912836
105.0
4.64286912836
4.64286912836
105.0
4.64286912836
4.64286912838
105.0
4.64286912836
4.64286912836
105.0
4.64286912836
4.64286912836
105.0
4.64286912836
4.64286912836
105.0
4.64286912838
4.64286912836
105.0
4.64286912836
4.64286912836
105.0
4.64286912836
4.64286912836
105.0
4.64286912836
4.64286912836
105.0
4.64286912836
4.64286912836
105.0
4.64286912836
4.64286912836
105.0
4.64286912836
4.64286912836
105.0
4.64286912836
4.64286912836
105.0
4.64286912836
4.64286912836
105.0
4.64286912836
4.64286912838
105.0
4.64286912836
4.64286912836
105.0
4.64286912836
4.64286912836
105.0
4.64286912836
4.64286912836
105.0
4.64286912838
4.64286912836
105.0
4.64286912836
4.64286912836
105.0
4.64286912836
4.64286912836
105.0
4.64286912836
4.64286912837
