4.43231587446
4.21644800978
3.66825442497
2.99999999996
2.51080609207
2.47206208134
3.00000000007
3.98166342363
5.10584108565
5.99999999994
6.41144300872
6.33393451097
5.99999999995
5.73311328748
5.74378912654
6.00000000017
6.26465038931
6.28399873336
5.99999999968
5.62983028536
5.54115975696
6.00000000043
6.96998995775
8.11356834487
8.99999999952
9.37167999562
9.27921242316
9.00000000044
8.81969259822
8.84885649653
8.99999999961
9.11187292465
9.09806792214
9.00000000031
8.92263469537
8.93056910834
8.99999999974
9.05684004922
9.05179713553
9.00000000018
8.95642009882
8.95976523916
8.99999999985
9.03477585691
9.03258089917
9.00000000009
8.97087574338
8.97216917435
8.99999999993
9.02608835158
9.02565363262
9.00000000002
8.97422218796
8.97356376524
8.99999999999
9.02942699333
9.03212228119
8.99999999998
8.95822582694
8.94967216368
9.00000000002
9.0852830716
9.1238407592
8.99999999997
