-0.064852942105
-0.0400465799231
-0.0165152367094
7.69187798863e-13
0.00675063384944
0.0051907231274
-2.70468407764e-12
-0.00370743302252
-0.00333947993885
5.77570987524e-12
0.00294788309394
0.00285848007148
-9.84087752887e-12
-0.00281237469531
-0.00283945131952
1.48231926974e-11
0.00297187287498
0.00307262023753
-2.07975554548e-11
-0.00333763638841
-0.00350124389528
2.78865249242e-11
0.00389162466728
0.00411958605284
-3.64069936133e-11
-0.00464563363024
-0.00494612708213
4.67008966245e-11
0.00562942373406
0.00601571460864
-5.92363155314e-11
-0.00688770745369
-0.00737805914316
7.4646518961e-11
0.00848074855771
0.00909912519501
-9.35256030202e-11
-0.0104871110514
-0.0112645227341
1.16881414006e-10
0.0130084094618
0.0139850265917
-1.45644404762e-10
-0.0161766883723
-0.0174051161073
1.81322503885e-10
0.020165971159
0.021716498655
-2.24932741437e-10
-0.0252111230462
-0.0271805970889
2.78933851863e-10
0.0316404615988
0.034168236125
-3.44196290425e-10
-0.0399358518856
-0.0432344561781
4.23453719869e-10
0.0508515910856
0.0552704115432
-5.16767544084e-10
-0.0656700193198
-0.0718406299809
6.24355811517e-10
0.0868125817767
0.0960247767595
-7.42425184373e-10
-0.119530354815
-0.134896062515
8.63279869095e-10
0.177716803201
0.208925503875
-9.69184486921e-10
-0.312636853026
-0.407958119233
1.03773245304e-09
0.929627625237
2.07744025234
2.99999999895
3.40077727975
3.30534243649
3.00000000099
2.79871335925
2.83015481167
2.9999999991
3.12643149961
3.11070233106
3.0000000008
2.913674218
2.92339878091
2.99999999929
3.06043632637
3.05357835021
3.00000000062
2.95839765821
2.96371478037
2.99999999944
3.02662425438
3.02216751557
3.00000000052
2.98622576057
2.99023844807
2.9999999995
3.00193606028
2.99806117629
3.00000000049
3.00976435939
3.01377709117
2.99999999948
2.97782949848
2.97337266901
3.00000000056
3.03628852704
3.04160579058
2.99999999938
2.94641786252
2.93955968747
3.0000000007
3.07660566758
3.0863304964
2.9999999992
2.88929234619
2.87356283197
3.0000000009
3.16985164024
3.20129353464
2.99999999901
2.69464967344
2.59921427072
3.00000000105
3.92256945374
5.0703827846
5.99999999896
6.40794613225
6.31262398429
6.00000000097
5.79108933816
5.82229914085
5.99999999914
6.13487765442
6.11951057162
6.00000000074
5.90399807939
5.91321198854
5.99999999937
6.07181223032
6.06563948412
6.00000000052
5.9447648934
5.94918637347
5.99999999957
6.04319055187
6.03988863569
6.00000000034
5.96588637661
5.96841827549
5.99999999972
6.02711264798
6.02513803651
6.00000000022
5.97836806516
5.97992499515
5.99999999982
6.01729984094
6.01606342752
6.00000000015
5.98614609216
5.98713268289
5.99999999988
6.01110110578
6.01031121173
6.00000000009
5.99110475585
5.99173880557
5.99999999992
6.00712328923
6.00661315829
6.00000000006
5.99430343692
5.99471488642
5.99999999995
6.00454476417
6.00421187394
6.00000000004
5.99638829002
5.99665877951
5.99999999997
6.00285218675
6.00263103218
6.00000000003
5.9977704534
5.99795292215
5.99999999998
6.00171382936
6.00156127803
6.00000000002
5.99871973596
5.99884969101
5.99999999998
6.0009080494
6.00079445913
6.00000000001
5.99942065933
5.99952332876
5.99999999999
6.00027838593
6.00018171836
6.00000000001
6.00000923291
6.00010452929
5.99999999999
5.9997027067
5.99960421677
6.00000000001
6.00059959357
6.00070599498
5.99999999998
5.99906938463
5.99894997404
6.00000000002
6.00130621939
6.00144436183
5.99999999998
5.99825559112
5.99809209324
6.00000000002
6.00226619898
6.00246289767
5.99999999997
5.99710336298
5.99686401358
6.00000000003
6.00366602864
6.00395954924
5.99999999995
5.99538855955
5.99502669887
6.00000000005
6.00577857411
6.00622632104
5.99999999993
5.99277585394
5.99222035978
6.00000000008
6.00901897303
6.00970962525
5.99999999989
5.9887479214
5.98788747281
6.00000000013
6.0140363457
6.01511082595
5.99999999984
5.98248336648
5.98113751157
6.0000000002
6.02188204344
6.02357522348
5.99999999975
5.97261443337
5.97047020836
6.0000000003
6.03437761379
6.03712067027
5.99999999962
5.95663276791
5.95306792613
6.00000000046
6.0551423964
6.05989137699
5.99999999943
5.92897257382
5.92239165235
6.00000000069
6.09349642666
6.10321953646
5.99999999918
5.87213295178
5.85612970435
6.00000000096
6.1881178124
6.22012421848
5.99999999891
5.67437604805
5.57805286039
6.00000000118
6.94586872197
8.09494689259
8.99999999877
9.38041479056
9.28336768347
9.00000000122
8.82434831658
8.85787078959
8.99999999882
9.09394734371
9.07547767886
9.00000000114
8.95526776123
8.96871414815
8.99999999888
9.00628043849
8.99412267789
9.00000000111
9.03087631187
9.04431624115
8.99999999886
8.92495789715
8.90650145688
9.00000000118
9.14164673881
9.17514858685
8.99999999878
8.71718478953
8.6201666958
9.00000000122
9.90440417376
11.0534435527
11.9999999988
12.4227236146
12.3264508558
12.0000000011
11.7789345724
11.8108764954
11.999999999
12.1450213286
12.1290997106
12.0000000008
11.895364453
11.9049848697
11.9999999993
12.0793572094
12.072904978
12.0000000005
11.9379430376
11.9425311385
11.9999999996
12.0496183251
12.0462543148
12.0000000003
11.9595433172
11.9620358616
11.9999999997
12.0336761994
12.0318443784
12.0000000002
11.9712677161
11.9725712252
11.9999999999
12.0252804299
12.0244209733
12.0000000001
11.9768967045
11.9773632199
12.0
12.0220744488
12.0219756413
12.0
11.9778583689
11.9775914086
12.0000000001
12.0233228346
12.0239781543
11.9999999999
11.9742857496
11.9731891085
12.0000000002
12.0295143366
12.0311490226
11.9999999998
11.9649235533
11.9625820845
12.0000000003
12.0430203908
12.0463705191
11.9999999996
11.9455200165
11.9405839179
12.0000000004
12.0717041624
12.0794509926
11.9999999995
11.9002661357
11.8866783268
12.0000000006
12.152194102
12.1812045994
11.9999999993
11.7200112376
11.6274588267
12.0000000007
12.88793963
14.0321886127
14.9999999994
15.4542098773
15.3634956606
15.0000000004
14.7295089992
14.7544265998
14.9999999998
15.2179026995
15.2118077333
15.0
14.7881346107
14.7819816828
15.0000000002
15.2458070912
15.2707854294
14.9999999996
14.6360834214
14.5453027822
15.0000000006
15.9684396915
17.112763963
17.9999999993
18.3716753901
18.2790352174
18.0000000007
17.8199401325
17.8490550694
17.9999999994
18.1118431564
18.0981292246
18.0000000005
17.9224321456
17.9303328303
17.9999999995
18.0570380782
18.0519130102
18.0000000004
17.9566163525
17.960199645
17.9999999997
18.0336789014
18.0310488493
18.0000000003
17.9735216494
17.97551427
17.9999999998
18.0209840033
18.0194427179
18.0000000002
17.983285702
17.984494088
17.9999999999
18.0133566103
18.0124008671
18.0000000001
17.9893043238
17.9900645646
17.9999999999
18.0085763339
18.0079693674
18.0000000001
17.9931171287
17.9936028829
17.9999999999
18.0055268667
18.0051375166
18.0
17.9955604002
17.9958727915
18.0
18.0035670451
18.0033162385
18.0
17.997133597
17.9973350444
18.0
18.0023035947
18.0021417481
18.0
17.9981486043
17.9982786585
18.0
18.0014880092
18.0013834893
18.0
17.9988040402
17.9988880466
18.0
18.0009612236
18.0008936998
18.0
17.9992274601
17.9992817391
18.0
18.0006208627
18.0005772269
18.0
17.9995010769
17.9995361603
18.0
18.0004008788
18.0003726673
18.0
17.9996779666
17.9997006576
18.0
18.0002586102
18.000240353
18.0
17.9997924281
17.999807126
18.0
18.0001664738
18.0001546315
18.0
17.9998666519
17.9998762059
18.0
18.0001066081
18.0000988849
18.0
17.9999150266
17.9999212888
18.0
18.0000674078
18.0000623068
18.0
17.9999469296
17.9999511139
18.0
18.0000412743
18.0000378065
18.0
17.9999685452
17.9999714626
18.0
18.0000231416
18.0000206348
18.0
17.9999840633
17.9999862796
18.0
18.0000094949
18.0000074631
18.0
17.9999964923
17.9999984368
18.0
17.9999976886
17.9999957381
18.0
18.0000082412
18.0000102911
18.0
17.9999854343
17.9999831869
18.0
18.0000215877
18.0000241402
18.0
17.9999703565
17.9999673766
18.0
18.0000391189
18.0000426688
18.0
17.9999495325
17.9999452424
18.0
18.000064233
18.0000694686
18.0
17.9999189255
17.9999124937
18.0
18.0001017984
18.0001097345
18.0
17.9998726027
17.9998627823
18.0
18.000159097
18.0001712719
18.0
17.9998015844
17.9997864719
18.0
18.0002472359
18.0002660098
18.0
17.9996921039
17.9996687695
18.0
18.0003833011
18.0004123134
18.0
17.9995229378
17.999486858
18.0
18.0005936701
18.0006385455
18.0
17.9992612899
17.9992054694
18.0
18.0009191301
18.00098857
18.0
17.9988564257
17.9987700388
18.0
18.0014227993
18.0015302742
18.0
17.9982298073
17.9980960893
18.0
18.0022024215
18.0023688017
18.0
17.9972597561
17.9970527156
18.0
18.0034095303
18.0036672041
18.0
17.995757447
17.9954366877
18.0
18.0052796311
18.0056790535
17.9999999999
17.9934287483
17.9929311166
18.0000000001
18.0081808569
18.0088013367
17.9999999999
17.989811404
17.9890368004
18.0000000001
18.0126965513
18.0136653987
17.9999999999
17.9841636662
17.9829482986
18.0000000002
18.0197807079
18.0213122815
17.9999999998
17.9752375576
17.9732938274
18.0000000003
18.0311068455
18.0336008591
17.9999999997
17.9607082716
17.9574530595
18.0000000004
18.0500661017
18.0544298211
17.9999999995
17.9352944647
17.929193304
18.0000000006
18.0856228965
18.0947479631
17.9999999993
17.8819415378
17.8666848172
18.0000000008
18.1758921527
18.2069647727
17.999999999
17.6896280581
17.5944765128
18.000000001
18.9268137534
20.0744148336
20.999999999
21.4042753214
21.3091040936
21.0000000009
20.7943627501
20.8254756786
20.9999999991
21.1318447209
21.1165251335
21.0000000007
20.9069358732
20.9161493796
20.9999999994
21.0688288163
21.0626093993
21.0000000005
20.9479368833
20.9524543541
20.9999999996
21.0396779506
21.0362260988
21.0000000004
20.9699080456
20.9726510624
20.9999999997
21.0223888578
21.0201317241
21.0000000003
20.9840210789
20.9859456817
20.9999999998
21.0104451798
21.0087379174
21.0000000002
20.9945339576
20.9961179296
20.9999999998
21.0007719887
20.9992280116
21.0000000002
21.0038820701
21.0054660421
20.9999999998
20.9912620829
20.9895548206
21.0000000002
21.0140543179
21.0159789207
20.9999999997
20.9798682764
20.9776111427
21.0000000003
21.0273489371
21.0300919538
20.9999999996
20.9637739018
20.9603220501
21.0000000004
21.0475456451
21.0520631159
20.9999999995
20.9373906016
20.9311711847
21.0000000006
21.0838506192
21.0930641256
20.9999999993
20.883474868
20.8681552807
21.0000000008
21.1745243196
21.205637248
20.999999999
20.6908959086
20.595724681
21.000000001
21.9255851636
23.0731862436
23.999999999
24.4055234906
24.3103719456
24.0000000009
23.7930352231
23.8241078427
23.9999999991
24.1333151881
24.118058468
24.0000000007
23.9052520303
23.9143770964
23.9999999994
24.0708067043
24.0647055441
24.0000000005
23.9455701687
23.9499338873
23.9999999996
24.0425469532
24.0392917421
24.0000000003
23.966399125
23.9688931374
23.9999999997
24.0267061924
24.0247624636
24.0000000002
23.9786876939
23.9802192657
23.9999999998
24.017051732
24.0158363667
24.0000000001
23.9863345633
23.9873034078
23.9999999999
24.0109632469
24.0101886469
24.0000000001
23.9911986045
23.9918190798
23.9999999999
24.0070689566
24.0065713305
24.0000000001
23.9943208554
23.9947202709
23.9999999999
24.0045634256
24.0042426749
24.0
23.9963326549
23.9965903181
24.0
24.0029474597
24.0027404325
24.0
23.9976309801
23.9977973438
24.0
24.0019041821
24.0017704846
24.0
23.998469388
23.9985768375
24.0
24.0012303813
24.0011440261
24.0
23.9990109073
23.9990803078
24.0
24.0007951809
24.0007394095
24.0
23.9993606455
23.9994054598
24.0
24.0005141484
24.0004781446
24.0
23.9995864345
23.9996153523
24.0
24.0003327881
24.0003095714
24.0
23.9997320522
23.9997506798
24.0
24.000215939
24.0002010085
24.0
23.9998257287
23.9998376771
24.0
24.0001409491
24.0001314106
24.0
23.9998856232
23.9998932087
24.0
24.0000932817
24.000087286
24.0
23.9999233464
23.9999280394
24.0
24.0000636964
24.0000600813
24.0
23.9999462106
23.9999489208
24.0
24.0000464584
24.0000445232
24.0
23.9999586479
23.9999599007
24.0
24.000038226
24.0000375956
24.0
23.9999630694
23.9999631076
24.0
24.0000374037
24.0000379559
24.0
23.999960332
23.999959163
24.0
24.000043832
24.0000456738
24.0
23.9999499049
23.999947302
24.0
24.0000587574
24.000062246
24.0
23.9999297662
23.9999252247
24.0
24.0000850743
24.0000908864
24.0
23.9998960096
23.9998886483
24.0
24.0001278891
24.0001371529
24.0
23.9998420825
23.9998304712
24.0
24.0001955187
24.0002100359
24.0
23.9997574971
23.9997393738
24.0
24.0003011386
24.0003237453
24.0
23.9996257304
23.9995975396
24.0
24.0004654667
24.0005006266
24.0
23.9994207701
23.9993768897
24.0
24.0007212635
24.0007760959
24.0
23.999101136
23.9990324738
24.0
24.001121494
24.0012077628
24.0
23.9985983262
23.9984893696
24.0
24.0017564429
24.0018951633
24.0
23.9977901038
23.9976113107
24.0
24.0027978299
24.0030325845
24.0
23.9964232588
23.9961063592
24.0
24.0046423601
24.0050880058
24.0
23.9938293247
23.9931643073
24.0
24.0085175362
24.0095978835
23.9999999999
23.9875079992
23.9855268961
24.0000000001
24.0202444061
24.0245788468
23.9999999999
23.9610496621
23.948561459
24.0
24.1034585849
24.1627954408
24.0
