19.4071286755
11.955613167
6.1917730522
2.99999999994
2.44911575286
3.8299928917
6.00000000023
7.88059408645
8.87307053594
8.99999999949
8.73067142713
8.62241412546
9.00000000084
9.84624331776
10.9240545537
11.9999999988
12.9946404421
13.9693577741
15.0000000015
16.0715035147
17.0913105997
17.9999999984
18.8616170116
19.8298099574
21.0000000017
22.2731622109
23.3674100753
23.9999999984
24.114049552
23.9681746876
24.0000000014
24.5492255182
25.6423100648
26.9999999991
28.2583573467
29.2291132816
30.0000000003
30.8109907821
31.8261622726
33.0000000004
34.1455303102
35.1288533315
35.9999999987
36.9272313473
37.9856515583
39.0000000022
39.6154846263
39.5773888956
38.9999999969
38.37929623
38.2939764859
39.0000000039
40.2346477775
41.4000737072
41.9999999954
41.9970611015
41.8163593922
42.0000000052
42.7896704774
43.9583450412
44.9999999945
45.5027371637
45.4100490124
45.0000000058
44.6538149467
44.6298239712
44.9999999941
45.7289425491
46.7580911561
48.000000006
49.2819906916
50.3527822701
50.999999994
51.1928147344
51.109202777
51.000000006
50.9980474975
51.044104634
50.9999999941
50.8430873339
50.7533242879
51.0000000057
51.7239323217
52.8147435334
53.9999999945
55.0675717881
56.0170235795
57.0000000051
58.1068902156
59.2057234589
59.9999999953
60.276584848
60.13655645
60.0000000043
60.3541841955
61.4227300385
62.9999999961
64.5717624572
65.6352809034
66.0000000035
65.8798756014
65.7382902401
65.9999999967
66.8070549048
67.9501322625
69.0000000033
69.5584512202
69.4892690337
68.9999999965
68.5244318737
68.4720952193
69.0000000037
69.9561712538
71.0308441861
71.999999996
72.872931472
73.8289323431
75.0000000042
76.2887185848
77.387667326
77.9999999955
78.0873224701
77.9393341615
78.0000000046
78.5801182987
79.6729105735
80.9999999952
82.2323426021
83.2084275423
84.0000000049
84.8099112468
85.8046234845
86.9999999949
88.2507373002
89.3220143857
90.0000000053
90.2078237414
90.0891860319
89.9999999943
90.3610407609
91.4096759458
93.0000000061
94.6258028794
95.7112149782
95.9999999935
95.7546960736
95.5842107149
96.0000000068
97.033956715
98.2256755016
98.9999999931
99.1352711897
98.9410711344
99.0000000069
99.687936779
100.867643611
101.999999993
102.567782309
102.457501885
102.000000006
101.6682968
101.707773994
101.999999994
102.236697084
102.216466704
102.000000005
101.814466887
101.82640947
101.999999996
102.154890949
102.147690578
102.000000004
101.863034904
101.866656893
101.999999997
102.129699209
102.129894975
102.000000002
101.864495138
101.858187558
101.999999998
102.165800562
102.186995932
102.000000002
101.731301888
101.648419976
101.999999998
102.843803701
103.973513854
105.000000002
105.552583722
105.4906992
104.999999998
104.50529334
104.4393861
105.000000002
106.042669503
107.176541989
107.999999998
108.322653933
108.235317652
108.000000002
107.855721786
107.881845087
107.999999998
108.08366259
108.071717891
108.000000002
107.946119243
107.952994721
107.999999998
108.035875705
108.031259439
108.000000002
107.976672926
107.980150741
107.999999998
108.013582989
108.010710804
108.000000002
107.994670601
107.997229372
107.999999998
107.997816403
107.995387293
108.000000002
108.00944837
108.011881475
107.999999998
107.983159129
107.980608345
108.000000002
108.024697747
108.027479276
107.999999998
107.966629267
107.963487363
108.000000002
108.043281106
108.046951248
107.999999997
107.945004272
107.940564342
108.000000003
108.069360191
108.074953687
107.999999996
107.912230334
107.904806238
108.000000004
108.112798519
108.12340693
107.999999996
107.85008422
107.833086577
108.000000005
108.213335085
108.246550509
107.999999995
107.645193818
107.547275053
108.000000006
108.980434092
110.13179079
110.999999994
111.337944245
111.237379444
111.000000006
110.879406727
110.9188607
110.999999994
111.016775104
110.987035418
111.000000006
111.077294834
111.116714757
110.999999994
110.766601843
110.666106078
111.000000006
111.863984448
113.015235207
113.999999995
114.457306602
114.359533631
114.000000005
113.748387539
113.781413204
113.999999995
114.172592675
114.155834179
114.000000004
113.870141749
113.880454642
113.999999996
114.102594667
114.095531331
114.000000003
113.916489439
113.921645677
113.999999997
114.069391564
114.065479752
114.000000002
113.941403763
113.944436363
113.999999998
114.050197895
114.047827434
114.000000002
113.956362681
113.958205711
113.999999999
114.038566434
114.037167649
114.000000001
113.965224722
113.966224533
113.999999999
114.032162903
114.031552268
114.000000001
113.969259061
113.969445559
114.0
114.030678591
114.03102574
114.0
113.967568931
113.966424457
114.0
114.037089609
114.03967848
114.0
113.952543262
113.946692958
114.0
114.072164558
114.087853452
114.0
113.851413018
113.787302497
114.0
114.630807412
115.683453881
117.0
118.315960825
119.368019766
120.0
120.215061146
120.151558577
120.0
119.907921689
119.922959999
120.0
120.059546021
120.054415121
119.999999999
119.951830684
119.953598016
120.000000001
120.044666653
120.044491323
119.999999999
119.954779799
119.953943983
120.000000001
120.048585691
120.050271544
119.999999999
119.945481259
119.942885805
120.000000002
120.063392157
120.067160502
119.999999998
119.923730665
119.918209005
120.000000002
120.095441483
120.103976339
119.999999997
119.873914257
119.859269394
120.000000003
120.182061989
120.21250228
119.999999997
119.685368392
119.590859232
120.000000003
120.929148649
122.076113845
122.999999997
123.403826675
123.309265625
123.000000003
122.793021146
122.823567907
122.999999997
123.134829058
123.120017311
123.000000003
122.902493484
122.911265654
122.999999997
123.074527088
123.068681463
123.000000002
122.941180833
122.945386022
122.999999998
123.047318285
123.044129514
123.000000002
122.961514593
122.964026277
122.999999998
123.031460903
123.029424875
123.000000001
122.974276962
122.975965837
122.999999999
123.020932472
123.019503498
123.000000001
122.983145258
122.984376974
122.999999999
123.013318769
123.012236974
123.000000001
122.989806707
122.990776106
122.999999999
123.007372746
123.006484622
123.000000001
122.99523167
122.996065486
122.999999999
123.002302025
123.001498131
123.000000001
123.000097716
123.000894701
122.999999999
122.997500644
122.996687916
123.000000001
123.004971232
123.005822952
122.999999999
122.992415535
122.991499959
123.000000001
123.01041618
123.011423311
122.999999999
122.986446512
122.985315697
123.000000001
123.017098871
123.018392203
122.999999999
122.978821968
122.977317132
123.000000001
123.025952059
123.027733071
122.999999999
122.968362676
122.966215767
123.000000002
123.038539812
123.0411841
122.999999998
122.952882161
122.949535494
123.000000002
123.058104519
123.062497166
122.999999998
122.9272322
122.92116446
123.000000003
123.093526294
123.102561318
122.999999997
122.874355933
122.859233321
123.000000003
123.183046055
123.213960412
122.999999996
122.682952945
122.587957056
123.000000004
123.933048984
125.080529027
125.999999996
126.398341587
126.303221912
126.000000004
125.800238759
125.831404715
125.999999996
126.125678926
126.11016856
126.000000003
125.913835589
125.923407833
125.999999997
126.060663203
126.05388937
126.000000003
125.957982556
125.963277559
125.999999997
126.027053055
126.02256928
126.000000003
125.98591373
125.9899847
125.999999997
126.002058127
125.998114722
126.000000003
126.009840917
126.013910349
125.999999997
125.977611284
125.973130626
126.000000003
126.036530885
126.041821107
125.999999997
125.946318284
125.939551022
126.000000003
126.076362881
126.085926589
125.999999997
125.890088468
125.87458883
126.000000004
126.168303665
126.199456414
125.999999996
125.697112071
125.602008432
126.000000004
126.919085726
128.066546474
128.999999996
129.412489722
129.317516899
129.000000004
128.785519372
128.816406276
128.999999997
129.141374198
129.126284159
129.000000003
128.896727668
128.905724132
128.999999997
129.079669002
129.073646837
129.000000002
128.936524708
128.940863547
128.999999998
129.051613375
129.048330182
129.000000002
128.957465655
128.960035106
128.999999998
129.035371867
129.033313156
129.000000001
128.970399548
128.972076642
128.999999999
129.024879836
129.023497423
129.000000001
128.979022565
128.980171686
128.999999999
129.017726902
129.016765967
129.000000001
128.984995299
128.985802294
128.999999999
129.012716219
129.012036468
129.000000001
128.989212817
128.989786576
129.0
129.009158145
129.008673184
129.0
128.99221919
128.992629437
129.0
129.006615498
129.006268327
129.0
128.99437066
128.994664439
129.0
129.004794947
129.004546468
129.0
128.995910594
128.996120556
129.0
129.0034935
129.00331636
129.0
128.997008906
128.997158005
129.0
129.002568644
129.002443576
129.0
128.997785203
128.997889595
129.0
129.001920064
129.001833552
129.0
128.998323443
128.998394391
129.0
129.001477763
129.001420485
129.0
128.998681629
128.998726768
129.0
129.001194125
129.001159922
129.0
128.99889829
128.99892247
129.0
129.00103866
129.001023857
129.0
128.998996707
128.999002528
129.0
129.000994665
129.000997671
129.0
128.998987453
128.998975539
129.0
129.001057416
129.001078555
129.0
128.998869532
128.998838604
129.0
129.001233653
129.001275196
129.0
128.998630275
128.998577008
129.0
129.001542318
129.00160873
129.0
128.998243959
128.998162625
129.0
129.002016609
129.00211504
129.0
128.997669004
128.997550838
129.0
129.00270763
129.002848703
129.0
128.99684337
128.996675595
129.0
129.003690091
129.003889101
129.0
128.995677552
128.995441907
129.0
129.005070902
129.005349626
129.0
128.994044024
128.993714531
129.0
129.007002197
129.007391671
129.0
128.991761015
128.991300474
129.0
129.00970182
129.010246859
128.999999999
128.988566176
128.98792021
129.000000001
129.01348796
129.014255204
128.999999999
128.9840698
128.983155641
129.000000001
129.018844247
129.019938319
128.999999999
128.97766118
128.976343557
129.000000001
129.026559326
129.028160157
128.999999999
128.968292685
128.966323747
129.000000002
129.038074402
129.04053817
128.999999998
128.953895419
128.95073665
129.000000002
129.056516303
129.06070864
128.999999998
128.929437893
128.923588253
129.000000003
129.090644009
129.09943727
128.999999997
128.87799217
128.863141527
129.000000003
129.178558055
129.20916283
128.999999997
128.68841379
128.593773614
129.000000003
129.926467343
131.073535633
131.999999997
132.406223384
132.311583181
132.000000003
131.790840279
131.821445107
131.999999997
132.136855175
132.122004449
132.000000003
131.900566305
131.909359679
131.999999997
132.076407799
132.070558012
132.000000002
131.939295786
131.943488307
131.999999998
132.049258329
132.046099333
132.000000002
131.95946758
131.961931624
131.999999998
132.03366962
132.03170035
132.000000001
131.971847536
131.973448763
131.999999999
132.023647486
132.022329391
132.000000001
131.98007214
131.981166773
131.999999999
132.016832118
132.015917295
132.000000001
131.985759145
131.986527174
131.999999999
132.012062951
132.011416058
132.000000001
131.98977292
131.990319051
132.0
132.00867628
132.008214452
132.0
131.99263566
131.993026651
132.0
132.006253324
132.005922043
132.0
131.99468819
131.994969019
132.0
132.004513599
132.004275474
132.0
131.996163258
131.996365187
132.0
132.003262787
132.003091574
132.0
131.997223816
131.997368936
132.0
132.002363809
132.002240878
132.0
131.997985421
131.998089462
132.0
132.001719127
132.00163119
132.0
131.998530454
131.99860464
132.0
132.001259161
132.001196744
132.0
131.998917647
131.998969961
132.0
132.000934401
132.000890794
132.0
131.999188641
131.999224705
132.0
132.000709943
132.000680461
132.0
131.99937255
131.999396236
132.0
132.000561679
132.000543157
132.0
131.999489122
131.999502974
132.0
132.000473692
132.000464141
132.0
131.99955087
131.999556375
132.0
132.000436537
132.000434932
132.0
131.999564423
131.99956217
132.0
132.000446226
132.000452395
132.0
131.999531234
131.999520983
132.0
132.000503799
132.000518404
132.0
131.999447742
131.999428393
132.0
132.000615435
132.000640044
132.0
131.999304985
131.99927446
132.0
132.000793119
132.000830373
132.0
131.999087638
131.99904266
132.0
132.001055927
132.001109827
132.0
131.998772359
131.998708097
132.0
132.001432089
132.001508428
132.0
131.998325269
131.998234813
132.0
132.00196205
132.002069042
132.0
131.997698265
131.997571872
132.0
132.002702887
132.002852072
132.0
131.996823722
131.996647733
132.0
132.003734655
132.003942199
132.0
131.995606886
131.995362157
132.0
132.005169554
132.005458152
132.0
131.993914757
131.993574337
132.0
132.007165524
132.00756727
132.0
131.991559276
131.991084791
132.0
132.009947347
132.010508374
131.999999999
131.988270317
131.987605893
132.000000001
132.013842036
132.014630699
131.999999999
131.983648072
131.982708961
132.000000001
132.019344868
132.020468089
131.999999999
131.977068324
131.975716578
132.000000001
132.027260219
132.028901057
131.999999999
131.967465073
131.965449175
132.000000002
132.039050795
132.041569726
131.999999998
131.952744215
131.949520606
132.000000002
132.057873016
132.062141599
131.999999998
131.927839487
131.921900156
132.000000003
132.092526753
132.101425547
131.999999997
131.875774838
131.860799992
132.000000003
132.181169195
132.211920174
131.999999997
131.68533905
131.590526734
132.000000004
132.930087964
134.077358977
134.999999996
135.401959839
135.307080828
135.000000004
134.795861277
134.826747522
134.999999997
135.130941434
135.115758919
135.000000003
134.907532809
134.916717619
134.999999997
135.068198916
135.061886909
135.000000003
134.948972293
134.953711294
134.999999997
135.037845702
135.034039499
135.000000002
134.972937892
134.976170255
134.999999998
135.017753989
135.014869622
135.000000002
134.990679906
134.993376029
134.999999998
135.001318168
134.998681718
135.000000002
135.006624086
135.00932021
134.999999998
134.985130259
134.98224589
135.000000002
135.023829871
135.027062237
134.999999998
134.965960364
134.962154157
135.000000003
135.046288857
135.051027863
134.999999997
134.938112921
134.931800907
135.000000003
135.083282573
135.092467392
134.999999997
134.884240861
134.869058335
135.000000003
135.173252732
135.204138989
134.999999996
134.692918877
134.598039852
135.000000004
135.922641365
137.069912396
137.999999996
138.409472867
138.314660529
138.000000003
137.788080294
137.818831298
137.999999997
138.13919946
138.124224584
138.000000003
137.898575096
137.907473927
137.999999997
138.078099088
138.072159715
138.000000002
137.93785929
137.942127921
137.999999998
138.050478349
138.047254683
138.000000002
137.958431503
137.960950502
137.999999998
138.034549379
138.032533401
138.000000001
137.971100643
137.972741577
137.999999999
138.024281421
138.022929563
138.000000001
137.979534266
137.980657619
137.999999999
138.017288267
138.016349002
138.000000001
137.985372564
137.986161409
137.999999999
138.012390267
138.011725629
138.000000001
137.989496146
137.990057425
138.0
138.008909888
138.008435106
138.0
137.992438993
137.992841089
138.0
138.006418292
138.00607746
138.0
137.994550525
137.994839607
138.0
138.00462763
138.00438233
138.0
137.996069823
137.996278039
138.0
138.003338116
138.003161336
138.0
137.997164586
137.997314701
138.0
138.00240852
138.002281032
138.0
137.997954039
137.99806232
138.0
138.001738018
138.001646044
138.0
137.998523553
137.998601678
138.0
138.001254258
138.001187893
138.0
137.998934486
137.998990861
138.0
138.000905179
138.000857288
138.0
137.999231026
137.99927171
138.0
138.000653266
138.000618704
138.0
137.99944503
137.999474391
138.0
138.000471465
138.000446522
138.0
137.999599475
137.999620664
138.0
138.00034026
138.000322259
138.0
137.999710937
137.99972623
138.0
138.000245569
138.000232577
138.0
137.99979138
137.999802417
138.0
138.00017723
138.000167854
138.0
137.999849437
137.999857402
138.0
138.000127909
138.000121142
138.0
137.999891337
137.999897086
138.0
138.000092313
138.00008743
138.0
137.999921576
137.999925725
138.0
138.000066624
138.000063099
138.0
137.999943401
137.999946395
138.0
138.000048083
138.000045539
138.0
137.999959152
137.999961313
138.0
138.000034702
138.000032866
138.0
137.999970519
137.999972079
138.0
138.000025045
138.00002372
138.0
137.999978723
137.999979849
138.0
138.000018075
138.000017119
138.0
137.999984644
137.999985457
138.0
138.000013045
138.000012355
138.0
137.999988918
137.999989504
138.0
138.000009415
138.000008917
138.0
137.999992002
137.999992425
138.0
138.000006795
138.000006435
138.0
137.999994228
137.999994533
138.0
138.000004904
138.000004644
138.0
137.999995834
137.999996054
138.0
138.000003539
138.000003352
138.0
137.999996993
137.999997152
138.0
138.000002554
138.000002419
138.0
137.99999783
137.999997945
138.0
138.000001843
138.000001746
138.0
137.999998434
137.999998517
138.0
138.00000133
138.00000126
138.0
137.99999887
137.99999893
138.0
138.00000096
138.000000909
138.0
137.999999184
137.999999227
138.0
138.000000693
138.000000656
138.0
137.999999411
137.999999442
138.0
138.0000005
138.000000474
138.0
137.999999575
137.999999598
138.0
138.000000361
138.000000342
138.0
137.999999693
137.99999971
138.0
138.000000261
138.000000247
138.0
137.999999779
137.99999979
138.0
138.000000188
138.000000178
138.0
137.99999984
137.999999849
138.0
138.000000136
138.000000129
138.0
137.999999885
137.999999891
138.0
138.000000098
138.000000093
138.0
137.999999917
137.999999921
138.0
138.000000071
138.000000067
138.0
137.99999994
137.999999943
138.0
138.000000051
138.000000048
138.0
137.999999957
137.999999959
138.0
138.000000037
138.000000035
138.0
137.999999969
137.99999997
138.0
138.000000027
138.000000025
138.0
137.999999977
137.999999979
138.0
138.000000019
138.000000018
138.0
137.999999984
137.999999985
138.0
138.000000014
138.000000013
138.0
137.999999988
137.999999989
138.0
138.00000001
138.000000009
138.0
137.999999992
137.999999992
138.0
138.000000007
138.000000007
138.0
137.999999994
137.999999994
138.0
138.000000005
138.000000005
138.0
137.999999996
137.999999996
138.0
138.000000004
138.000000004
138.0
137.999999997
137.999999997
138.0
138.000000003
138.000000003
138.0
137.999999998
137.999999998
138.0
138.000000002
138.000000002
138.0
137.999999998
137.999999998
138.0
138.000000001
138.000000001
138.0
137.999999999
137.999999999
138.0
138.000000001
138.000000001
138.0
137.999999999
137.999999999
138.0
138.000000001
138.000000001
138.0
137.999999999
137.999999999
138.0
138.000000001
138.0
138.0
138.0
138.0
138.0
138.0
138.0
138.0
138.0
138.0
138.0
138.0
138.0
138.0
138.0
138.0
138.0
138.0
138.0
138.0
138.0
138.0
138.0
138.0
138.0
138.0
138.0
138.0
138.0
138.0
138.0
138.0
138.0
138.0
138.0
138.0
138.0
138.0
138.0
138.0
138.0
138.0
138.0
138.0
138.0
138.0
138.0
138.0
138.0
138.0
138.0
138.0
138.0
138.0
138.0
138.0
138.0
138.0
138.0
138.0
138.0
138.0
138.0
138.0
138.0
138.0
138.0
138.0
138.0
138.0
138.0
138.0
138.0
138.0
138.0
138.0
138.0
138.0
138.0
138.0
138.0
138.0
138.0
138.0
138.0
138.0
138.0
138.0
138.0
138.0
138.0
138.0
138.0
138.0
138.0
138.0
138.0
138.0
138.0
138.0
138.0
138.0
138.0
138.0
138.0
138.0
138.0
138.0
138.0
138.0
138.0
138.0
138.0
138.0
138.0
138.0
138.0
138.0
138.0
138.0
138.0
138.0
138.0
138.0
138.0
138.0
138.0
138.0
138.0
138.0
138.0
138.0
138.0
138.0
138.0
138.0
138.0
138.0
138.0
138.0
138.0
138.0
138.0
138.0
138.0
138.0
138.0
138.0
138.0
138.0
138.0
138.0
138.0
138.0
138.0
138.0
138.0
138.0
138.0
138.0
138.0
138.0
138.0
138.0
138.0
138.0
138.0
138.0
138.0
138.0
138.0
138.0
138.0
138.0
138.0
138.0
138.0
138.0
138.0
138.0
138.0
138.0
138.0
138.0
138.0
138.0
138.0
138.0
138.0
138.0
138.0
138.0
138.0
138.0
138.0
138.0
138.0
138.0
138.0
138.0
138.0
138.0
138.0
138.0
138.0
138.0
138.0
138.0
138.0
138.0
138.0
138.0
138.0
138.0
138.0
138.0
138.0
138.0
138.0
138.0
138.0
138.0
138.0
138.0
138.0
138.0
138.0
138.0
138.0
138.0
138.0
138.0
138.0
138.0
138.0
138.0
138.0
138.0
138.0
138.0
138.0
138.0
138.0
138.0
138.0
138.0
138.0
138.0
138.0
138.0
138.0
138.0
138.0
138.0
138.0
138.0
138.0
138.0
138.0
138.0
138.0
138.0
138.0
138.0
137.999999999
138.0
138.000000001
138.000000001
138.0
137.999999999
137.999999999
138.0
138.000000001
138.000000001
138.0
137.999999999
137.999999999
138.0
138.000000001
138.000000001
138.0
137.999999999
137.999999999
138.0
138.000000002
138.000000002
138.0
137.999999998
137.999999998
138.0
138.000000002
138.000000002
138.0
137.999999997
137.999999997
138.0
138.000000003
138.000000003
138.0
137.999999997
137.999999996
138.0
138.000000004
138.000000004
138.0
137.999999995
137.999999995
138.0
138.000000006
138.000000006
138.0
137.999999993
137.999999993
138.0
138.000000008
138.000000008
138.0
137.999999991
137.99999999
138.0
138.000000011
138.000000011
138.0
137.999999987
137.999999987
138.0
138.000000015
138.000000016
138.0
137.999999982
137.999999981
138.0
138.000000021
138.000000022
138.0
137.999999975
137.999999974
138.0
138.000000029
138.00000003
138.0
137.999999966
137.999999964
138.0
138.00000004
138.000000042
138.0
137.999999953
137.99999995
138.0
138.000000055
138.000000058
138.0
137.999999935
137.999999931
138.0
138.000000077
138.000000081
138.0
137.99999991
137.999999905
138.0
138.000000106
138.000000112
138.0
137.999999875
137.999999868
138.0
138.000000147
138.000000156
138.0
137.999999827
137.999999817
138.0
138.000000204
138.000000215
138.0
137.99999976
137.999999746
138.0
138.000000283
138.000000299
138.0
137.999999667
137.999999649
138.0
138.000000392
138.000000414
138.0
137.999999539
137.999999513
138.0
138.000000543
138.000000573
138.0
137.999999361
137.999999325
138.0
138.000000752
138.000000794
138.0
137.999999115
137.999999065
138.0
138.000001042
138.0000011
138.0
137.999998773
137.999998705
138.0
138.000001444
138.000001525
138.0
137.9999983
137.999998205
138.0
138.000002001
138.000002113
138.0
137.999997645
137.999997513
138.0
138.000002772
138.000002927
138.0
137.999996736
137.999996554
138.0
138.000003842
138.000004056
138.0
137.999995478
137.999995226
138.0
138.000005323
138.00000562
138.0
137.999993734
137.999993385
138.0
138.000007375
138.000007787
138.0
137.999991319
137.999990834
138.0
138.000010219
138.00001079
138.0
137.999987971
137.999987299
138.0
138.000014159
138.00001495
138.0
137.999983333
137.999982402
138.0
138.000019619
138.000020715
138.0
137.999976906
137.999975616
138.0
138.000027184
138.000028703
138.0
137.999968001
137.999966214
138.0
138.000037666
138.00003977
138.0
137.999955662
137.999953186
138.0
138.00005219
138.000055106
138.0
137.999938566
137.999935134
138.0
138.000072315
138.000076354
138.0
137.999914877
137.999910123
138.0
138.000100199
138.000105796
138.0
137.999882055
137.999875466
138.0
138.000138835
138.00014659
138.0
137.999836575
137.999827447
138.0
138.000192369
138.000203115
138.0
137.99977356
137.999760911
138.0
138.000266546
138.000281435
138.0
137.999686245
137.999668718
138.0
138.000369326
138.000389957
138.0
137.99956526
137.999540975
138.0
138.00051174
138.000540326
138.0
137.999397621
137.999363971
138.0
138.000709073
138.000748684
138.0
137.999165332
137.999118705
138.0
138.000982512
138.0010374
138.0
137.998843449
137.998778835
138.0
138.001361428
138.001437493
138.0
137.998397384
137.998307836
138.0
138.00188656
138.001991986
138.0
137.997779142
137.997655015
138.0
138.002614468
138.002760626
138.0
137.99692204
137.996749918
138.0
138.003623817
138.003826551
138.0
137.995733196
137.99549435
138.0
138.005024405
138.005305891
138.0
137.994082612
137.993750722
138.0
138.006970488
138.007362059
138.0
137.991786689
137.991324297
138.0
138.009681496
138.010228192
137.999999999
137.988581691
137.98793422
138.000000001
138.013476841
138.014245479
137.999999999
137.984076821
137.983161341
138.000000001
138.018841139
138.019936492
137.999999999
137.977660459
137.976341561
138.000000001
138.026563895
138.028166031
137.999999999
137.968284146
137.966313839
138.000000002
138.038087139
138.040552376
137.999999998
137.953878145
137.950717768
138.000000002
138.056538575
138.060732702
137.999999998
137.929410031
137.923558369
138.000000003
138.090678205
138.099473772
137.999999997
137.877950729
137.863097436
138.000000003
138.178607846
138.209215686
137.999999997
137.688354324
137.593710584
138.000000003
138.92653807
140.073610517
140.999999997
141.406139511
141.311494448
141.000000003
140.790939533
140.821550053
140.999999997
141.136737895
141.121880493
141.000000003
140.900704735
140.90950595
140.999999997
141.076244529
141.07038553
141.000000002
140.939488248
140.943691597
140.999999998
141.049031546
141.045859816
141.000000002
140.959734727
140.962213749
140.999999998
141.033354991
141.031368098
141.000000001
140.972218034
140.973839998
140.999999999
141.023211245
141.021868748
141.000000001
140.98058575
140.981709102
140.999999999
141.016227451
141.015278826
141.000000001
140.986470986
140.987278801
140.999999999
141.011224962
141.010531239
141.000000001
140.990759394
140.991360651
141.0
141.00751502
141.006988301
141.0
140.994002671
140.99447005
141.0
141.004644103
141.004222897
141.0
140.996582553
140.996969251
141.0
141.002283533
141.00192076
141.0
140.998788585
140.999137285
141.0
141.000172028
140.999827972
141.0
141.000862715
141.001211415
141.0
140.99807924
140.997716467
141.0
141.003030749
141.003417447
141.0
140.995777103
140.995355897
141.0
141.00552995
141.005997329
141.0
140.993011699
140.99248498
141.0
141.008639349
141.009240606
140.999999999
140.989468761
140.988775038
141.000000001
141.012721199
141.013529014
140.999999999
140.984721174
140.983772549
141.000000001
141.018290898
141.01941425
140.999999999
140.978131252
140.976788755
141.000000001
141.026160002
141.027781966
140.999999999
140.968631902
140.966645009
141.000000002
141.037786251
141.040265273
140.999999998
140.954140184
140.950968454
141.000000002
141.056308403
141.060511752
140.999999998
140.92961447
140.923755471
141.000000003
141.09049405
141.099295265
140.999999997
140.878119507
140.863262105
141.000000003
141.178449947
141.209060467
140.999999997
140.688505552
140.593860489
141.000000003
141.926389483
143.07346193
143.999999997
144.406289416
144.311645676
144.000000003
143.790784314
143.821392154
143.999999997
144.136902564
144.122049271
144.000000003
143.900526228
143.909321795
143.999999997
144.076441631
144.070589969
144.000000002
143.939267298
143.943461425
143.999999998
144.049282232
144.046121855
144.000000002
143.959447624
143.961912861
143.999999998
144.033686161
144.031715854
144.000000001
143.971833969
143.973436105
143.999999999
144.023658439
144.022339541
144.000000001
143.980063508
143.981158861
143.999999999
144.016838659
144.015923179
144.000000001
143.985754521
143.986523159
143.999999999
144.01206578
144.011418309
144.0
143.989771808
143.990318504
144.0
144.008675703
144.008213311
144.0
143.992637941
143.993029512
144.0
144.006249278
144.005917388
144.0
143.994694109
143.994975594
144.0
144.00450565
144.004266804
144.0
143.996173449
143.996376183
144.0
144.003250082
144.00307796
144.0
143.997239374
143.997385532
144.0
144.002344985
144.002220858
144.0
143.998008014
143.99811344
144.0
144.001692164
144.001602616
144.0
143.998562507
143.998638572
144.0
144.001221165
144.00115655
144.0
143.9989626
143.999017488
144.0
144.000881295
144.000834668
144.0
143.999251316
143.999290927
144.0
144.000636029
144.000602379
144.0
143.999459674
143.99948826
144.0
144.000459025
144.00043474
144.0
143.999610043
143.999630674
144.0
144.000331282
144.000313755
144.0
143.999718565
143.999733454
144.0
144.000239089
144.00022644
144.0
143.999796885
143.999807631
144.0
144.000172553
144.000163425
144.0
143.99985341
143.999861165
144.0
144.000124534
144.000117945
144.0
143.999894204
143.999899801
144.0
144.000089877
144.000085123
144.0
143.999923646
143.999927685
144.0
144.000064866
144.000061434
144.0
143.999944894
143.99994781
144.0
144.000046814
144.000044338
144.0
143.99996023
143.999962334
144.0
144.000033786
144.000031999
144.0
143.999971297
143.999972816
144.0
144.000024384
144.000023094
144.0
143.999979285
143.999980381
144.0
144.000017598
144.000016667
144.0
143.99998505
143.999985841
144.0
144.000012701
144.000012029
144.0
143.99998921
143.999989781
144.0
144.000009166
144.000008681
144.0
143.999992213
143.999992625
144.0
144.000006615
144.000006265
144.0
143.99999438
143.999994677
144.0
144.000004774
144.000004522
144.0
143.999995944
143.999996158
144.0
144.000003446
144.000003263
144.0
143.999997073
143.999997228
144.0
144.000002487
144.000002355
144.0
143.999997887
143.999997999
144.0
144.000001795
144.0000017
144.0
143.999998475
143.999998556
144.0
144.000001295
144.000001227
144.0
143.9999989
143.999998958
144.0
144.000000935
144.000000885
144.0
143.999999206
143.999999248
144.0
144.000000675
144.000000639
144.0
143.999999427
143.999999457
144.0
144.000000487
144.000000461
144.0
143.999999586
143.999999608
144.0
144.000000351
144.000000333
144.0
143.999999701
143.999999717
144.0
144.000000254
144.00000024
144.0
143.999999785
143.999999796
144.0
144.000000183
144.000000173
144.0
143.999999844
143.999999853
144.0
144.000000132
144.000000125
144.0
143.999999888
143.999999894
144.0
144.000000095
144.00000009
144.0
143.999999919
143.999999923
144.0
144.000000069
144.000000065
144.0
143.999999942
143.999999945
144.0
144.00000005
144.000000047
144.0
143.999999958
143.99999996
144.0
144.000000036
144.000000034
144.0
143.99999997
143.999999971
144.0
144.000000026
144.000000024
144.0
143.999999978
143.999999979
144.0
144.000000019
144.000000018
144.0
143.999999984
143.999999985
144.0
144.000000013
144.000000013
144.0
143.999999989
143.999999989
144.0
144.00000001
144.000000009
144.0
143.999999992
143.999999992
144.0
144.000000007
144.000000007
144.0
143.999999994
143.999999994
144.0
144.000000005
144.000000005
144.0
143.999999996
143.999999996
144.0
144.000000004
144.000000003
144.0
143.999999997
143.999999997
144.0
144.000000003
144.000000002
144.0
143.999999998
143.999999998
144.0
144.000000002
144.000000002
144.0
143.999999998
143.999999998
144.0
144.000000001
144.000000001
144.0
143.999999999
143.999999999
144.0
144.000000001
144.000000001
144.0
143.999999999
143.999999999
144.0
144.000000001
144.000000001
144.0
143.999999999
143.999999999
144.0
144.000000001
144.0
144.0
144.0
144.0
144.0
144.0
144.0
144.0
144.0
144.0
144.0
144.0
144.0
144.0
144.0
144.0
144.0
144.0
144.0
144.0
144.0
144.0
144.0
144.0
144.0
144.0
144.0
144.0
144.0
144.0
144.0
144.0
144.0
144.0
144.0
144.0
144.0
144.0
144.0
144.0
144.0
144.0
144.0
144.0
144.0
144.0
144.0
144.0
144.0
144.0
144.0
144.0
144.0
144.0
144.0
144.0
144.0
144.0
144.0
144.0
144.0
144.0
144.0
144.0
144.0
144.0
144.0
144.0
144.0
144.0
144.0
144.0
144.0
144.0
144.0
144.0
144.0
144.0
144.0
144.0
144.0
144.0
144.0
144.0
144.0
144.0
144.0
144.0
144.0
144.0
144.0
144.0
144.0
144.0
144.0
144.0
144.0
144.0
144.0
144.0
144.0
144.0
144.0
144.0
144.0
144.0
144.0
144.0
144.0
144.0
144.0
144.0
144.0
144.0
144.0
144.0
144.0
144.0
144.0
144.0
144.0
144.0
144.0
144.0
144.0
144.0
144.0
144.0
144.0
144.0
144.0
144.0
144.0
144.0
144.0
144.0
144.0
144.0
144.0
144.0
144.0
144.0
144.0
144.0
144.0
144.0
144.0
144.0
144.0
144.0
144.0
144.0
144.0
144.0
144.0
144.0
144.0
144.0
144.0
144.0
144.0
144.0
144.0
144.0
144.0
144.0
144.0
144.0
144.0
144.0
144.0
144.0
144.0
144.0
144.0
144.0
144.0
144.0
144.0
144.0
144.0
144.0
144.0
144.0
144.0
144.0
144.0
144.0
144.0
144.0
144.0
144.0
144.0
144.0
144.0
144.0
144.0
144.0
144.0
144.0
144.0
144.0
144.0
144.0
144.0
144.0
144.0
144.0
144.0
144.0
144.0
144.0
144.0
144.0
144.0
144.0
144.0
144.0
144.0
144.0
144.0
144.0
144.0
144.0
144.0
144.0
144.0
144.0
144.0
144.0
144.0
144.0
144.0
144.0
144.0
144.0
144.0
144.0
144.0
144.0
144.0
144.0
144.0
144.0
144.0
144.0
144.0
144.0
144.0
144.0
144.0
144.0
144.0
144.0
144.0
144.0
144.0
144.0
144.0
144.0
144.0
144.0
144.0
144.0
144.0
144.0
144.0
144.0
144.0
144.0
144.0
144.0
144.0
144.0
144.0
144.0
144.0
144.0
144.0
144.0
144.0
144.0
144.0
144.0
144.0
144.0
144.0
144.0
144.0
144.0
144.0
144.0
144.0
144.0
144.0
144.0
144.0
144.0
144.0
144.0
144.0
144.0
144.0
144.0
144.0
144.0
144.0
144.0
144.0
144.0
144.0
144.0
144.0
144.0
144.0
144.0
144.0
144.0
144.0
144.0
144.0
144.0
144.0
144.0
144.0
144.0
144.0
144.0
144.0
144.0
144.0
144.0
144.0
144.0
144.0
144.0
144.0
144.0
144.0
144.0
144.0
144.0
144.0
144.0
144.0
144.0
144.0
144.0
144.0
144.0
144.0
144.0
144.0
144.0
144.0
144.0
144.0
144.0
144.0
144.0
144.0
144.0
144.0
144.0
144.0
144.0
144.0
144.0
144.0
144.0
144.0
144.0
144.0
144.0
144.0
144.0
144.0
144.0
144.0
144.0
144.0
144.0
144.0
144.0
144.0
144.0
144.0
144.0
144.0
144.0
144.0
144.0
144.0
144.0
144.0
144.0
144.0
144.0
144.0
144.0
144.0
144.0
144.0
144.0
144.0
144.0
144.0
144.0
144.0
144.0
144.0
144.0
144.0
144.0
144.0
144.0
144.0
144.0
144.0
144.0
144.0
144.0
144.0
144.0
144.0
144.0
144.0
144.0
144.0
144.0
144.0
144.0
144.0
144.0
144.0
144.0
144.0
144.0
144.0
144.0
144.0
144.0
144.0
144.0
144.0
144.0
144.0
144.0
144.0
144.0
144.0
144.0
144.0
144.0
144.0
144.0
144.0
144.0
144.0
144.0
144.0
144.0
144.0
144.0
144.0
144.0
144.0
144.0
144.0
144.0
144.0
144.0
144.0
144.0
144.0
144.0
144.0
144.0
144.0
144.0
144.0
144.0
144.0
144.0
144.0
144.0
144.0
144.0
144.0
144.0
144.0
144.0
144.0
144.0
144.0
144.0
144.0
144.0
144.0
144.0
144.0
144.0
144.0
144.0
144.0
144.0
144.0
144.0
144.0
144.0
144.0
144.0
144.0
144.0
144.0
144.0
144.0
144.0
144.0
144.0
144.0
144.0
144.0
144.0
144.0
144.0
144.0
144.0
144.0
144.0
144.0
144.0
144.0
144.0
144.0
144.0
144.0
144.0
144.0
144.0
144.0
144.0
144.0
144.0
144.0
144.0
144.0
144.0
144.0
144.0
144.0
144.0
144.0
144.0
144.0
144.0
144.0
144.0
144.0
144.0
144.0
144.0
144.0
144.0
144.0
144.0
144.0
144.0
144.0
144.0
144.0
144.0
144.0
144.0
144.0
144.0
144.0
144.0
144.0
144.0
144.0
144.0
144.0
144.0
144.0
144.0
144.0
144.0
144.0
144.0
144.0
144.0
144.0
144.0
144.0
144.0
144.0
144.0
144.0
144.0
144.0
144.0
144.0
144.0
144.0
144.0
144.0
144.0
144.0
144.0
144.0
144.0
144.0
144.0
144.0
144.0
144.0
144.0
144.0
144.0
144.0
144.0
144.0
144.0
144.0
144.0
144.0
144.0
144.0
144.0
144.0
144.0
144.0
144.0
144.0
144.0
144.0
144.0
144.0
144.0
144.0
144.0
144.0
144.0
144.0
144.0
144.0
144.0
144.0
144.0
144.0
144.0
144.0
144.0
144.0
144.0
144.0
144.0
144.0
144.0
144.0
144.0
144.0
144.0
144.0
144.0
144.0
144.0
144.0
144.0
144.0
144.0
144.0
144.0
144.0
144.0
144.0
144.0
144.0
144.0
144.0
144.0
144.0
144.0
144.0
144.0
144.0
144.0
144.0
144.0
144.0
144.0
144.0
144.0
144.0
144.0
144.0
144.0
144.0
144.0
144.0
144.0
144.0
144.0
144.0
144.0
144.0
144.0
144.0
144.0
144.0
144.0
144.0
144.0
144.0
144.0
144.0
144.0
144.0
144.0
144.0
144.0
144.0
144.0
144.0
144.0
144.0
144.0
144.0
144.0
144.0
144.0
144.0
144.0
144.0
144.0
144.0
144.0
144.0
144.0
144.0
144.0
144.0
144.0
144.0
144.0
144.0
144.0
144.0
144.0
144.0
144.0
144.0
144.0
144.0
144.0
144.0
144.0
144.0
144.0
144.0
144.0
144.0
144.0
144.0
144.0
144.0
144.0
144.0
144.0
144.0
144.0
144.0
144.0
144.0
144.0
144.0
144.0
144.0
144.0
144.0
144.0
144.0
144.0
144.0
144.0
144.0
144.0
144.0
144.0
144.0
144.0
144.0
144.0
144.0
144.0
144.0
144.0
144.0
144.0
144.0
144.0
144.0
144.0
144.0
144.0
144.0
144.0
144.0
144.0
144.0
144.0
144.0
144.0
144.0
144.0
144.0
144.0
144.0
144.0
144.0
144.0
144.0
144.0
144.0
144.0
144.0
144.0
144.0
144.0
144.0
144.0
144.0
144.0
144.0
144.0
144.0
144.0
144.0
144.0
144.0
144.0
144.0
144.0
144.0
144.0
144.0
144.0
144.0
144.0
144.0
144.0
144.0
144.0
144.0
144.0
144.0
144.0
144.0
144.0
144.0
144.0
144.0
144.0
144.0
144.0
144.0
144.0
144.0
144.0
144.0
144.0
144.0
144.0
144.0
144.0
144.0
144.0
144.0
144.0
144.0
144.0
144.0
144.0
144.0
144.0
144.0
144.0
144.0
144.0
144.0
144.0
144.0
144.0
144.0
144.0
144.0
144.0
144.0
144.0
144.0
144.0
144.0
144.0
144.0
144.0
144.0
144.0
144.0
144.0
144.0
144.0
144.0
144.0
144.0
144.0
144.0
144.0
144.0
144.0
144.0
144.0
144.0
144.0
144.0
144.0
144.0
144.0
144.0
144.0
144.0
144.0
144.0
144.0
144.0
144.0
144.0
144.0
144.0
144.0
144.0
144.0
144.0
144.0
144.0
144.0
144.0
144.0
144.0
144.0
144.0
144.0
144.0
144.0
144.0
144.0
144.0
144.0
144.0
144.0
144.0
144.0
144.0
144.0
144.0
144.0
144.0
144.0
144.0
144.0
144.0
144.0
144.0
144.0
144.0
144.0
144.0
144.0
144.0
144.0
144.0
144.0
144.0
144.0
144.0
144.0
144.0
144.0
144.0
144.0
144.0
144.0
144.0
144.0
144.0
144.0
144.0
144.0
144.0
144.0
144.0
144.0
144.0
144.0
144.0
144.0
144.0
144.0
144.0
144.0
144.0
144.0
144.0
144.0
144.0
144.0
144.0
144.0
144.0
144.0
144.0
144.0
144.0
144.0
144.0
144.0
144.0
144.0
144.0
144.0
144.0
144.0
144.0
144.0
144.0
144.0
144.0
144.0
144.0
144.0
144.0
144.0
144.0
144.0
144.0
144.0
144.0
144.0
144.0
144.0
144.0
144.0
144.0
144.0
144.0
144.0
144.0
144.0
144.0
144.0
144.0
144.0
144.0
144.0
144.0
144.0
144.0
144.0
144.0
144.0
144.0
144.0
144.0
144.0
144.0
144.0
144.0
144.0
144.0
144.0
144.0
144.0
144.0
144.0
144.0
144.0
144.0
144.0
144.0
144.0
144.0
144.0
144.0
144.0
144.0
144.0
144.0
144.0
144.0
144.0
144.0
144.0
144.0
144.0
144.0
144.0
144.0
144.0
144.0
144.0
144.0
144.0
144.0
144.0
144.0
144.0
144.0
144.0
144.0
144.0
144.0
144.0
144.0
144.0
144.0
144.0
144.0
144.0
144.0
144.0
144.0
144.0
144.0
144.0
144.0
144.0
144.0
144.0
144.0
144.0
144.0
144.0
144.0
144.0
144.0
144.0
144.0
144.0
144.0
144.0
144.0
144.0
144.0
144.0
144.0
144.0
144.0
144.0
144.0
144.0
144.0
144.0
144.0
144.0
144.0
144.0
144.0
144.0
144.0
144.0
144.0
144.0
144.0
144.0
144.0
144.0
144.0
144.0
144.0
144.0
144.0
144.0
144.0
144.0
144.0
144.0
144.0
144.0
144.0
144.0
144.0
144.0
144.0
144.0
144.0
144.0
144.0
144.0
144.0
144.0
144.0
144.0
144.0
144.0
144.0
144.0
144.0
144.0
144.0
144.0
144.0
144.0
144.0
144.0
144.0
144.0
144.0
144.0
144.0
144.0
144.0
144.0
144.0
144.0
144.0
144.0
144.0
144.0
144.0
144.0
144.0
144.0
144.0
144.0
144.0
144.0
144.0
144.0
144.0
144.0
144.0
144.0
144.0
144.0
144.0
144.0
144.0
144.0
144.0
144.0
144.0
144.0
144.0
144.0
144.0
144.0
144.0
144.0
144.0
144.0
144.0
144.0
144.0
144.0
144.0
144.0
144.0
144.0
144.0
144.0
144.0
144.0
144.0
144.0
144.0
144.0
144.0
144.0
144.0
144.0
144.0
144.0
144.0
144.0
144.0
144.0
144.0
144.0
144.0
144.0
144.0
144.0
144.0
144.0
144.0
144.0
144.0
144.0
144.0
144.0
144.0
144.0
144.0
144.0
144.0
144.0
144.0
144.0
144.0
144.0
144.0
144.0
144.0
144.0
144.0
144.0
144.0
144.0
144.0
144.0
144.0
144.0
144.0
144.0
144.0
144.0
144.0
144.0
144.0
144.0
144.0
144.0
144.0
144.0
144.0
144.0
144.0
144.0
144.0
144.0
144.0
144.0
144.0
144.0
144.0
144.0
144.0
144.0
144.0
144.0
144.0
144.0
144.0
144.0
144.0
144.0
144.0
144.0
144.0
144.0
144.0
144.0
144.0
144.0
144.0
144.0
144.0
144.0
144.0
144.0
144.0
144.0
144.0
144.0
144.0
144.0
144.0
144.0
144.0
144.0
144.0
144.0
144.0
144.0
144.0
144.0
144.0
144.0
144.0
144.0
144.0
144.0
144.0
144.0
144.0
144.0
144.0
144.0
144.0
144.0
144.0
144.0
144.0
144.0
144.0
144.0
144.0
144.0
144.0
144.0
144.0
144.0
144.0
144.0
144.0
144.0
144.0
144.0
144.0
144.0
144.0
144.0
144.0
144.0
144.0
144.0
144.0
144.0
144.0
144.0
144.0
144.0
144.0
144.0
144.0
144.0
144.0
144.0
144.0
144.0
144.0
144.0
144.0
144.0
144.0
144.0
144.0
144.0
144.0
144.0
144.0
144.0
144.0
144.0
144.0
144.0
144.0
144.0
144.0
144.0
144.0
144.0
144.0
144.0
144.0
144.0
144.0
144.0
144.0
144.0
144.0
144.0
144.0
144.0
144.0
144.0
144.0
144.0
144.0
144.0
144.0
144.0
144.0
144.0
144.0
144.0
144.0
144.0
144.0
144.0
144.0
144.0
144.0
144.0
144.0
144.0
144.0
144.0
144.0
144.0
144.0
144.0
144.0
144.0
144.0
144.0
144.0
144.0
144.0
144.0
144.0
144.0
144.0
144.0
144.0
144.0
144.0
144.0
144.0
144.0
144.0
144.0
144.0
144.0
144.0
144.0
144.0
144.0
144.0
144.0
144.0
144.0
144.0
144.0
144.0
144.0
144.0
144.0
144.0
144.0
144.0
144.0
144.0
144.0
144.0
144.0
144.0
144.0
144.0
144.0
144.0
144.0
144.0
144.0
144.0
144.0
144.0
144.0
144.0
144.0
144.0
144.0
144.0
144.0
144.0
144.0
144.0
144.0
144.0
144.0
144.0
144.0
144.0
144.0
144.0
144.0
144.0
144.0
144.0
144.0
144.0
144.0
144.0
144.0
144.0
144.0
144.0
144.0
144.0
144.0
144.0
144.0
144.0
144.0
144.0
144.0
144.0
144.0
144.0
144.0
144.0
144.0
144.0
144.0
144.0
144.0
144.0
144.0
144.0
144.0
144.0
144.0
144.0
144.0
144.0
144.0
144.0
144.0
144.0
144.0
144.0
144.0
144.0
144.0
144.0
144.0
144.0
144.0
144.0
144.0
144.0
144.0
144.0
144.0
144.0
144.0
144.0
144.0
144.0
144.0
144.0
144.0
144.0
144.0
144.0
144.0
144.0
144.0
144.0
144.0
144.0
144.0
144.0
144.0
144.0
144.0
144.0
144.0
144.0
144.0
144.0
144.0
144.0
144.0
144.0
144.0
144.0
144.0
144.0
144.0
144.0
144.0
144.0
144.0
144.0
144.0
144.0
144.0
144.0
144.0
144.0
144.0
144.0
144.0
144.0
144.0
144.0
144.0
144.0
144.0
144.0
144.0
144.0
144.0
144.0
144.0
144.0
144.0
144.0
144.0
144.0
144.0
144.0
144.0
144.0
144.0
144.0
144.0
144.0
144.0
144.0
144.0
144.0
144.0
144.0
144.0
144.0
144.0
144.0
144.0
144.0
144.0
144.0
144.0
144.0
144.0
144.0
144.0
144.0
144.0
144.0
144.0
144.0
144.0
144.0
144.0
144.0
144.0
144.0
144.0
144.0
144.0
144.0
144.0
144.0
144.0
144.0
144.0
144.0
144.0
144.0
144.0
144.0
144.0
144.0
144.0
144.0
144.0
144.0
144.0
144.0
144.0
144.0
144.0
144.0
144.0
144.0
144.0
144.0
144.0
144.0
144.0
144.0
144.0
144.0
144.0
144.0
144.0
144.0
144.0
144.0
144.0
144.0
144.0
144.0
144.0
144.0
144.0
144.0
144.0
144.0
144.0
144.0
144.0
144.0
144.0
144.0
144.0
144.0
144.0
144.0
144.0
144.0
144.0
144.0
144.0
144.0
144.0
144.0
144.0
144.0
144.0
144.0
144.0
144.0
144.0
144.0
144.0
144.0
144.0
144.0
144.0
144.0
144.0
144.0
144.0
144.0
144.0
144.0
144.0
144.0
144.0
144.0
144.0
144.0
144.0
144.0
144.0
144.0
144.0
144.0
144.0
144.0
144.0
144.0
144.0
144.0
144.0
144.0
144.0
144.0
144.0
144.0
144.0
144.0
144.0
144.0
144.0
144.0
144.0
144.0
144.0
144.0
144.0
144.0
144.0
144.0
144.0
144.0
144.0
144.0
144.0
144.0
144.0
144.0
144.0
144.0
144.0
144.0
144.0
144.0
144.0
144.0
144.0
144.0
144.0
144.0
144.0
144.0
144.0
144.0
144.0
144.0
144.0
144.0
144.0
144.0
144.0
144.0
144.0
144.0
144.0
144.0
144.0
144.0
144.0
144.0
144.0
144.0
144.0
144.0
144.0
144.0
144.0
144.0
144.0
144.0
144.0
144.0
144.0
144.0
144.0
144.0
144.0
144.0
144.0
144.0
144.0
144.0
144.0
144.0
144.0
144.0
144.0
144.0
144.0
144.0
144.0
144.0
144.0
144.0
144.0
144.0
144.0
144.0
144.0
144.0
144.0
144.0
144.0
144.0
144.0
144.0
144.0
144.0
144.0
144.0
144.0
144.0
144.0
144.0
144.0
144.0
144.0
144.0
144.0
144.0
144.0
144.0
144.0
144.0
144.0
144.0
144.0
144.0
144.0
144.0
144.0
144.0
144.0
144.0
144.0
144.0
144.0
144.0
144.0
144.0
144.0
144.0
144.0
144.0
144.0
144.0
144.0
144.0
144.0
144.0
144.0
144.0
144.0
144.0
144.0
144.0
144.0
144.0
144.0
144.0
144.0
144.0
144.0
144.0
144.0
144.0
144.0
144.0
144.0
144.0
144.0
144.0
144.0
144.0
144.0
144.0
144.0
144.0
144.0
144.0
144.0
144.0
144.0
144.0
144.0
144.0
144.0
144.0
144.0
144.0
144.0
144.0
144.0
144.0
144.0
144.0
144.0
144.0
144.0
144.0
144.0
144.0
144.0
144.0
144.0
144.0
144.0
144.0
144.0
144.0
144.0
144.0
144.0
144.0
144.0
144.0
144.0
144.0
144.0
144.0
144.0
144.0
144.0
144.0
144.0
144.0
144.0
144.0
144.0
144.0
144.0
144.0
144.0
144.0
144.0
144.0
144.0
144.0
144.0
144.0
144.0
144.0
144.0
144.0
144.0
144.0
144.0
144.0
144.0
144.0
144.0
144.0
144.0
144.0
144.0
144.0
144.0
144.0
144.0
144.0
144.0
144.0
144.0
144.0
144.0
144.0
144.0
144.0
144.0
144.0
144.0
144.0
144.0
144.0
144.0
144.0
144.0
144.0
144.0
144.0
144.0
144.0
144.0
144.0
144.0
144.0
144.0
144.0
144.0
144.0
144.0
144.0
144.0
144.0
144.0
144.0
144.0
144.0
144.0
144.0
144.0
144.0
144.0
144.0
144.0
144.0
144.0
144.0
144.0
144.0
144.0
144.0
144.0
144.0
144.0
144.0
144.0
144.0
144.0
144.0
144.0
144.0
144.0
144.0
144.0
144.0
144.0
144.0
144.0
144.0
144.0
144.0
144.0
144.0
144.0
144.0
144.0
144.0
144.0
144.0
144.0
144.0
144.0
144.0
144.0
144.0
144.0
144.0
144.0
144.0
144.0
144.0
144.0
144.0
144.0
144.0
144.0
144.0
144.0
144.0
144.0
144.0
144.0
144.0
144.0
144.0
144.0
144.0
144.0
144.0
144.0
144.0
144.0
144.0
144.0
144.0
144.0
144.0
144.0
144.0
144.0
144.0
144.0
144.0
144.0
144.0
144.0
144.0
144.0
144.0
144.0
144.0
144.0
144.0
144.0
144.0
144.0
144.0
144.0
144.0
144.0
144.0
144.0
144.0
144.0
144.0
144.0
144.0
144.0
144.0
144.0
144.0
144.0
144.0
144.0
144.0
144.0
144.0
144.0
144.0
144.0
144.0
144.0
144.0
144.0
144.0
144.0
144.0
144.0
144.0
144.0
144.0
144.0
144.0
144.0
144.0
144.0
144.0
144.0
144.0
144.0
144.0
144.0
144.0
144.0
144.0
144.0
144.0
144.0
144.0
144.0
144.0
144.0
144.0
144.0
144.0
144.0
144.0
144.0
144.0
144.0
144.0
144.0
144.0
144.0
144.0
144.0
144.0
144.0
144.0
144.0
144.0
144.0
144.0
144.0
144.0
144.0
144.0
144.0
144.0
144.0
144.0
144.0
144.0
144.0
144.0
144.0
144.0
144.0
144.0
144.0
144.0
144.0
144.0
144.0
144.0
144.0
144.0
144.0
144.0
144.0
144.0
144.0
144.0
144.0
144.0
144.0
144.0
144.0
144.0
144.0
144.0
144.0
144.0
144.0
144.0
144.0
144.0
144.0
144.0
144.0
144.0
144.0
144.0
144.0
144.0
144.0
144.0
144.0
144.0
144.0
144.0
144.0
144.0
144.0
144.0
144.0
144.0
144.0
144.0
144.0
144.0
144.0
144.0
144.0
144.0
144.0
144.0
144.0
144.0
144.0
144.0
144.0
144.0
144.0
144.0
144.0
144.0
144.0
144.0
144.0
144.0
144.0
144.0
144.0
144.0
144.0
144.0
144.0
144.0
144.0
144.0
144.0
144.0
144.0
144.0
144.0
144.0
144.0
144.0
144.0
144.0
144.0
144.0
144.0
144.0
144.0
144.0
144.0
144.0
144.0
144.0
144.0
144.0
144.0
144.0
144.0
144.0
144.0
144.0
144.0
144.0
144.0
144.0
144.0
144.0
144.0
144.0
144.0
144.0
144.0
144.0
144.0
144.0
144.0
144.0
144.0
144.0
144.0
144.0
144.0
144.0
144.0
144.0
144.0
144.0
144.0
144.0
144.0
144.0
144.0
144.0
144.0
144.0
144.0
144.0
144.0
144.0
144.0
144.0
144.0
144.0
144.0
144.0
144.0
144.0
144.0
144.0
144.0
144.0
144.0
144.0
144.0
144.0
144.0
144.0
144.0
144.0
144.0
144.0
144.0
144.0
144.0
144.0
144.0
144.0
144.0
144.0
144.0
144.0
144.0
144.0
144.0
144.0
144.0
144.0
144.0
144.0
144.0
144.0
144.0
144.0
144.0
144.0
144.0
144.0
144.0
144.0
144.0
144.0
144.0
144.0
144.0
144.0
144.0
144.0
144.0
144.0
144.0
144.0
144.0
144.0
144.0
144.0
144.0
144.0
144.0
144.0
144.0
144.0
144.0
144.0
144.0
144.0
144.0
144.0
144.0
144.0
144.0
144.0
144.0
144.0
144.0
144.0
144.0
144.0
144.0
144.0
144.0
144.0
144.0
144.0
144.0
144.0
144.0
144.0
144.0
144.0
144.0
144.0
144.0
144.0
144.0
144.0
144.0
144.0
144.0
144.0
144.0
144.0
144.0
144.0
144.0
144.0
144.0
144.0
144.0
144.0
144.0
144.0
144.0
144.0
144.0
144.0
144.0
144.0
144.0
144.0
144.0
144.0
144.0
144.0
144.0
144.0
144.0
144.0
144.0
144.0
144.0
144.0
144.0
144.0
144.0
144.0
144.0
144.0
144.0
144.0
144.0
144.0
144.0
144.0
144.0
144.0
144.0
144.0
144.0
144.0
144.0
144.0
144.0
144.0
144.0
144.0
144.0
144.0
144.0
144.0
144.0
144.0
144.0
144.0
144.0
144.0
144.0
144.0
144.0
144.0
144.0
144.0
144.0
144.0
144.0
144.0
144.0
144.0
144.0
144.0
144.0
144.0
144.0
144.0
144.0
144.0
144.0
144.0
144.0
144.0
144.0
144.0
144.0
144.0
144.0
144.0
144.0
144.0
144.0
144.0
144.0
144.0
144.0
144.0
144.0
144.0
144.0
144.0
144.0
144.0
144.0
144.0
144.0
144.0
144.0
144.0
144.0
144.0
144.0
144.0
144.0
144.0
144.0
144.0
144.0
144.0
144.0
144.0
144.0
144.0
144.0
144.0
144.0
144.0
144.0
144.0
144.0
144.0
144.0
144.0
144.0
144.0
144.0
144.0
144.0
144.0
144.0
144.0
144.0
144.0
144.0
144.0
144.0
144.0
144.0
144.0
144.0
144.0
144.0
144.0
144.0
144.0
144.0
144.0
144.0
144.0
144.0
144.0
144.0
144.0
144.0
144.0
144.0
144.0
144.0
144.0
144.0
144.0
144.0
144.0
144.0
144.0
144.0
144.0
144.0
144.0
144.0
144.0
144.0
144.0
144.0
144.0
144.0
144.0
144.0
144.0
144.0
144.0
144.0
144.0
144.0
144.0
144.0
144.0
144.0
144.0
144.0
144.0
144.0
144.0
144.0
144.0
144.0
144.0
144.0
144.0
144.0
144.0
144.0
144.0
144.0
144.0
144.0
144.0
144.0
144.0
144.0
144.0
144.0
144.0
144.0
144.0
144.0
144.0
144.0
144.0
144.0
144.0
144.0
144.0
144.0
144.0
144.0
144.0
144.0
144.0
144.0
144.0
144.0
144.0
144.0
144.0
144.0
144.0
144.0
144.0
144.0
144.0
144.0
144.0
144.0
144.0
144.0
144.0
144.0
144.0
144.0
144.0
144.0
144.0
144.0
144.0
144.0
144.0
144.0
144.0
144.0
144.0
144.0
144.0
144.0
144.0
144.0
144.0
144.0
144.0
144.0
144.0
144.0
144.0
144.0
144.0
144.0
144.0
144.0
144.0
144.0
144.0
144.0
144.0
144.0
144.0
144.0
144.0
144.0
144.0
144.0
144.0
144.0
144.0
144.0
144.0
144.0
144.0
144.0
144.0
144.0
144.0
144.0
144.0
144.0
144.0
144.0
144.0
144.0
144.0
144.0
144.0
144.0
144.0
144.0
144.0
144.0
144.0
144.0
144.0
144.0
144.0
144.0
144.0
144.0
144.0
144.0
144.0
144.0
144.0
144.0
144.0
144.0
144.0
144.0
144.0
144.0
144.0
144.0
144.0
144.0
144.0
144.0
144.0
144.0
144.0
144.0
144.0
144.0
144.0
144.0
144.0
144.0
144.0
144.0
144.0
144.0
144.0
144.0
144.0
144.0
144.0
144.0
144.0
144.0
144.0
144.0
144.0
144.0
144.0
144.0
144.0
144.0
144.0
144.0
144.0
144.0
144.0
144.0
144.0
144.0
144.0
144.0
144.0
144.0
144.0
144.0
144.0
144.0
144.0
144.0
144.0
144.0
144.0
144.0
144.0
144.0
144.0
144.0
144.0
144.0
144.0
144.0
144.0
144.0
144.0
144.0
144.0
144.0
144.0
144.0
144.0
144.0
144.0
144.0
144.0
144.0
144.0
144.0
144.0
144.0
144.0
144.0
144.0
144.0
144.0
144.0
144.0
144.0
144.0
144.0
144.0
144.0
144.0
144.0
144.0
144.0
144.0
144.0
144.0
144.0
144.0
144.0
144.0
144.0
144.0
144.0
144.0
144.0
144.0
144.0
144.0
144.0
144.0
144.0
144.0
144.0
144.0
144.0
144.0
144.0
144.0
144.0
144.0
144.0
144.0
144.0
144.0
144.0
144.0
144.0
144.0
144.0
144.0
144.0
144.0
144.0
144.0
144.0
144.0
144.0
144.0
144.0
144.0
144.0
144.0
144.0
144.0
144.0
144.0
144.0
144.0
144.0
144.0
144.0
144.0
144.0
144.0
144.0
144.0
144.0
144.0
144.0
144.0
144.0
144.0
144.0
144.0
144.0
144.0
144.0
144.0
144.0
144.0
144.0
144.0
144.0
144.0
144.0
144.0
144.0
144.0
144.0
144.0
144.0
144.0
144.0
144.0
144.0
144.0
144.0
144.0
144.0
144.0
144.0
144.0
144.0
144.0
144.0
144.0
144.0
144.0
144.0
144.0
144.0
144.0
144.0
144.0
144.0
144.0
144.0
144.0
144.0
144.0
144.0
144.0
144.0
144.0
144.0
144.0
144.0
144.0
144.0
144.0
144.0
144.0
144.0
144.0
144.0
144.0
144.0
144.0
144.0
144.0
144.0
144.0
144.0
144.0
144.0
144.0
144.0
144.0
144.0
144.0
144.0
144.0
144.0
144.0
144.0
144.0
144.0
144.0
144.0
144.0
144.0
144.0
144.0
144.0
144.0
144.0
144.0
144.0
144.0
144.0
144.0
144.0
144.0
144.0
144.0
144.0
144.0
144.0
144.0
144.0
144.0
144.0
144.0
144.0
144.0
144.0
144.0
144.0
144.0
144.0
144.0
144.0
144.0
144.0
144.0
144.0
144.0
144.0
144.0
144.0
144.0
144.0
144.0
144.0
144.0
144.0
144.0
144.0
144.0
144.0
144.0
144.0
144.0
144.0
144.0
144.0
144.0
144.0
144.0
144.0
144.0
144.0
144.0
144.0
144.0
144.0
144.0
144.0
144.0
144.0
144.0
144.0
144.0
144.0
144.0
144.0
144.0
144.0
144.0
144.0
144.0
144.0
144.0
144.0
144.0
144.0
144.0
144.0
144.0
144.0
144.0
144.0
144.0
144.0
144.0
144.0
144.0
144.0
144.0
144.0
144.0
144.0
144.0
144.0
144.0
144.0
144.0
144.0
144.0
144.0
144.0
144.0
144.0
144.0
144.0
144.0
144.0
144.0
144.0
144.0
144.0
144.0
144.0
144.0
144.0
144.0
144.0
144.0
144.0
144.0
144.0
144.0
144.0
144.0
144.0
144.0
144.0
144.0
144.0
144.0
144.0
144.0
144.0
144.0
144.0
144.0
144.0
144.0
144.0
144.0
144.0
144.0
144.0
144.0
144.0
144.0
144.0
144.0
144.0
144.0
144.0
144.0
144.0
144.0
144.0
144.0
144.0
144.0
144.0
144.0
144.0
144.0
144.0
144.0
144.0
144.0
144.0
144.0
144.0
144.0
144.0
144.0
144.0
144.0
144.0
144.0
144.0
144.0
144.0
144.0
144.0
144.0
144.0
144.0
144.0
144.0
144.0
144.0
144.0
144.0
144.0
144.0
144.0
144.0
144.0
144.0
144.0
144.0
144.0
144.0
144.0
144.0
144.0
144.0
144.0
144.0
144.0
144.0
144.0
144.0
144.0
144.0
144.0
144.0
144.0
144.0
144.0
144.0
144.0
144.0
144.0
144.0
144.0
144.0
144.0
144.0
144.0
144.0
144.0
144.0
144.0
144.0
144.0
144.0
144.0
144.0
144.0
144.0
144.0
144.0
144.0
144.0
144.0
144.0
144.0
144.0
144.0
144.0
144.0
144.0
144.0
144.0
144.0
144.0
144.0
144.0
144.0
144.0
144.0
144.0
144.0
144.0
144.0
144.0
144.0
144.0
144.0
144.0
144.0
144.0
144.0
144.0
144.0
144.0
144.0
144.0
144.0
144.0
144.0
144.0
144.0
144.0
144.0
144.0
144.0
144.0
144.0
144.0
144.0
144.0
144.0
144.0
144.0
144.0
144.0
144.0
144.0
144.0
144.0
144.0
144.0
144.0
144.0
144.0
144.0
144.0
144.0
144.0
144.0
144.0
144.0
144.0
144.0
144.0
144.0
144.0
144.0
144.0
144.0
144.0
144.0
144.0
144.0
144.0
144.0
144.0
144.0
144.0
144.0
144.0
144.0
144.0
144.0
144.0
144.0
144.0
144.0
144.0
144.0
144.0
144.0
144.0
144.0
144.0
144.0
144.0
144.0
144.0
144.0
144.0
144.0
144.0
144.0
144.0
144.0
144.0
144.0
144.0
144.0
144.0
144.0
144.0
144.0
144.0
144.0
144.0
144.0
144.0
144.0
144.0
144.0
144.0
144.0
144.0
144.0
144.0
144.0
144.0
144.0
144.0
144.0
144.0
144.0
144.0
144.0
144.0
144.0
144.000000001
144.000000001
144.0
143.999999999
143.999999999
144.0
144.000000001
144.000000001
144.0
143.999999999
143.999999999
144.0
144.000000001
144.000000001
144.0
143.999999999
143.999999999
144.0
144.000000001
144.000000001
144.0
143.999999998
143.999999998
144.0
144.000000002
144.000000002
144.0
143.999999998
143.999999998
144.0
144.000000003
144.000000003
144.0
143.999999997
143.999999997
144.0
144.000000004
144.000000004
144.0
143.999999996
143.999999995
144.0
144.000000005
144.000000006
144.0
143.999999994
143.999999993
144.0
144.000000007
144.000000008
144.0
143.999999991
143.999999991
144.0
144.00000001
144.000000011
144.0
143.999999988
143.999999988
144.0
144.000000014
144.000000015
144.0
143.999999984
143.999999983
144.0
144.000000019
144.00000002
144.0
143.999999977
143.999999976
144.0
144.000000027
144.000000028
144.0
143.999999969
143.999999967
144.0
144.000000037
144.000000039
144.0
143.999999956
143.999999954
144.0
144.000000051
144.000000054
144.0
143.99999994
143.999999936
144.0
144.000000071
144.000000075
144.0
143.999999916
143.999999912
144.0
144.000000099
144.000000104
144.0
143.999999884
143.999999878
144.0
144.000000137
144.000000144
144.0
143.999999839
143.99999983
144.0
144.000000189
144.0000002
144.0
143.999999777
143.999999765
144.0
144.000000262
144.000000277
144.0
143.999999691
143.999999674
144.0
144.000000363
144.000000384
144.0
143.999999572
143.999999549
144.0
144.000000503
144.000000531
144.0
143.999999408
143.999999374
144.0
144.000000697
144.000000736
144.0
143.999999179
143.999999133
144.0
144.000000966
144.00000102
144.0
143.999998863
143.999998799
144.0
144.000001339
144.000001414
144.0
143.999998424
143.999998336
144.0
144.000001855
144.000001959
144.0
143.999997816
143.999997694
144.0
144.00000257
144.000002714
144.0
143.999996974
143.999996805
144.0
144.000003562
144.00000376
144.0
143.999995808
143.999995574
144.0
144.000004935
144.00000521
144.0
143.999994191
143.999993867
144.0
144.000006838
144.00000722
144.0
143.999991951
143.999991502
144.0
144.000009474
144.000010003
144.0
143.999988848
143.999988225
144.0
144.000013127
144.000013861
144.0
143.999984547
143.999983684
144.0
144.000018189
144.000019205
144.0
143.999978589
143.999977393
144.0
144.000025203
144.000026611
144.0
143.999970333
143.999968676
144.0
144.000034922
144.000036873
144.0
143.999958893
143.999956596
144.0
144.000048388
144.000051091
144.0
143.999943041
143.999939859
144.0
144.000067049
144.000070795
144.0
143.999921074
143.999916664
144.0
144.000092908
144.0000981
144.0
143.999890631
143.999884519
144.0
144.000128749
144.000135945
144.0
143.999848432
143.999839959
144.0
144.000178437
144.000188415
144.0
143.99978992
143.999778167
144.0
144.000247354
144.0002612
144.0
143.999708729
143.999692412
144.0
144.000343033
144.000362271
144.0
143.999595926
143.99957323
144.0
144.000476107
144.000502905
144.0
143.999438808
143.999407128
144.0
144.00066183
144.000699342
144.0
143.999218919
143.999174401
144.0
144.000922748
144.000975746
144.0
143.998908368
143.998845005
144.0
144.001293929
144.00137013
144.0
143.998462156
143.998369779
144.0
144.001834578
144.001947786
144.0
143.997800033
143.997659251
144.0
144.002657284
144.002835819
144.0
143.996757769
143.996525402
144.0
144.00401223
144.004325131
144.0
143.994935356
143.994494947
144.0
144.00657499
144.007231331
144.0
143.991116165
143.990062963
144.0
144.012715785
144.014577673
144.0
143.980190743
143.976440042
144.0
144.035077387
144.044170694
144.0
143.923859837
143.894529746
144.0
144.236072078
144.39404411
144.0
142.355341502
