5.82305625952
4.45655144747
3.39701082635
2.99999999999
3.41643580443
4.52897692579
6.00000000003
7.41511998383
8.45360706084
8.99999999994
9.14444956282
9.08488432562
9.00000000009
8.97081087036
8.98540641067
8.99999999988
8.9958708073
8.98922309174
9.00000000014
9.02171227207
9.02666401871
8.99999999983
8.96336315338
8.95798747973
9.00000000019
9.0544597052
9.06198803812
8.99999999979
8.91867369497
8.9057954391
9.00000000022
9.13118819792
9.15900769583
8.99999999978
8.74515082259
8.65439615119
9.0000000002
9.85657022457
10.9980710602
11.9999999999
12.495338219
12.409174041
12.0000000001
11.6714280902
11.6876505142
12.0
12.3110892364
12.3259684612
11.9999999999
11.5967470939
11.5128060721
12.0000000002
12.9872332668
14.1237392932
14.9999999997
15.381950956
15.3055304249
15.0000000003
14.7328360302
14.6984721144
14.9999999997
15.6781247998
16.7152487572
18.0000000004
19.3096905735
20.3728931574
20.9999999996
21.1892199517
21.1153032751
21.0000000004
20.9662463635
20.9935563469
20.9999999995
20.9598701734
20.9366912604
21.0000000005
21.1180168951
21.1542123272
20.9999999996
20.7320966858
20.6308951038
21.0000000004
21.907885341
23.0696843905
23.9999999997
24.3527770918
24.1965031627
24.0000000002
24.3174979482
25.3966446446
26.9999999999
28.5711477159
29.6144381524
29.9999999999
29.9765766244
29.9130967028
30.0000000002
30.153376186
30.175477378
29.9999999996
29.7846737489
29.763287105
30.0000000006
30.2904146499
30.3271753745
29.9999999993
29.5565945939
29.4539015479
30.0000000009
31.085833323
32.2448972832
32.999999999
33.2043503199
33.0899251988
33.000000001
33.066675412
33.1358296396
32.9999999989
32.6991537227
32.575660495
33.0000000011
34.0070708199
35.1925735074
35.9999999989
36.1727077804
35.9788460307
36.0000000011
36.6505920296
37.8305419402
38.999999999
39.6052344524
39.49587839
39.0000000009
38.6254846852
38.6607552221
38.9999999992
39.2994010144
39.2933526407
39.0000000007
38.6796310548
38.6286951451
38.9999999994
39.768765542
40.8136320891
42.0000000005
43.1962254508
44.25054586
44.9999999995
45.3366827782
45.2821231412
45.0000000004
44.7291910175
44.6860356364
44.9999999996
45.7032799342
46.7453427884
48.0000000004
49.2709825729
50.3300776487
50.9999999997
51.2407229772
51.1717162341
51.0000000003
50.8979390917
50.9177724442
50.9999999997
51.0554930947
51.0458417713
51.0000000003
50.9694042472
50.9757080511
50.9999999997
51.0132773362
51.0083065059
51.0000000003
51.0010034804
51.0054693887
50.9999999997
50.9857298081
50.9813124853
51.0000000003
51.0277427209
51.0324531495
50.9999999996
50.9575704763
50.9522202675
51.0000000004
51.0594524401
51.0658970993
50.9999999995
50.9196016325
50.9113332181
51.0000000005
51.1079863653
51.1194736068
50.9999999994
50.8521978975
50.8342522716
51.0000000007
51.214158596
51.2484217661
50.9999999993
50.641104898
50.5420098694
51.0000000008
51.9882027293
53.1408933043
53.9999999992
54.3259920177
54.223903717
54.0000000009
53.8961478011
53.9373530913
53.9999999991
53.9945158703
53.9627482147
54.0000000009
54.1059634109
54.14775393
53.9999999991
53.7304102821
53.6271078881
54.000000001
54.9091327796
56.0637646724
56.9999999991
57.4012844136
57.2993395864
57.0000000009
56.8179724443
56.8563207564
56.9999999991
57.0854326715
57.0615486713
57.0000000009
56.9813844751
57.0019491292
56.9999999991
56.9553936197
56.931789664
57.0000000009
57.1255908318
57.1633390401
56.9999999991
56.7209356822
56.6200074921
57.0000000009
57.9123565447
59.0653572866
59.9999999991
60.4025613915
60.3019174411
60.0000000009
59.812945843
59.8501115309
59.9999999992
60.0939925623
60.0712993226
60.0000000008
59.9691720631
59.9884477325
59.9999999992
59.971632394
59.9494941784
60.0000000008
60.1047151768
60.1407381759
59.9999999993
59.7473219805
59.6484797362
60.0000000007
60.8792496513
62.0296647772
62.9999999993
63.4440762925
63.3467269931
63.0000000006
62.76059216
62.7934090458
62.9999999994
63.1608853559
63.1442226966
63.0000000005
62.8816289187
62.8919048335
62.9999999996
63.0911832886
63.0841259444
63.0000000004
62.9279029278
62.933071774
62.9999999997
63.0579244973
63.0539840477
63.0000000002
62.9529754057
62.9560568657
62.9999999998
63.0384526294
63.0360036072
63.0000000002
62.9683840354
62.9703498823
62.9999999999
63.0261170576
63.02453039
63.0000000001
62.9783249608
62.9796080508
62.9999999999
63.0180836083
63.0170474193
63.0000000001
62.9848129902
62.9856456433
62.9999999999
63.0128655791
63.0122029129
63.0
62.988973378
62.9894920612
63.0
63.0095984226
63.0092037357
63.0
62.9914738194
62.9917595298
63.0
63.0077692089
63.0075816952
63.0
62.9927009948
62.9927973412
63.0
63.0070979764
63.0070892137
63.0
62.992841312
62.9927627741
63.0
63.0074835768
63.0076524354
63.0
62.9919148903
62.9916492313
63.0
63.0089864206
63.0093591499
63.0
62.9897774918
62.9892830821
63.0
63.0118421624
63.0124780529
62.9999999999
62.9860890832
62.9852854276
63.0000000001
63.0165155556
63.0175217391
62.9999999999
62.9802288747
62.9789737608
63.0000000001
63.0238321999
63.0253994914
62.9999999999
62.9710882729
62.9691197528
63.0000000002
63.0353140723
63.0378149
62.9999999998
62.956503835
62.9532664154
63.0000000002
63.054188155
63.0585040862
62.9999999997
62.931348529
62.9253282738
63.0000000003
63.0892927288
63.0983039937
62.9999999996
62.8786430593
62.8635285882
63.0000000004
63.1787419909
63.2096530017
62.9999999995
62.6872723807
62.5922883654
63.0000000005
63.9286736786
65.0761180491
65.9999999995
66.4028604411
66.3078166878
66.0000000005
65.7954387905
65.8264717611
65.9999999996
66.1309478275
66.1156440167
66.0000000004
65.9078610229
65.9171372639
65.9999999997
66.0676272279
66.0612542473
66.0000000003
65.9496990613
65.9544727265
65.9999999997
66.0370341266
66.0332093593
66.0000000002
65.9738024113
65.9770559852
65.9999999998
66.016800129
66.0138595799
66.0000000002
65.9918772528
65.9947208871
65.9999999998
65.9995148671
65.9965369353
66.0000000002
66.009783637
66.0132139177
65.9999999998
65.9790920844
65.974665502
66.0000000002
66.0359437499
66.0424875994
65.9999999998
65.9404862451
65.9290236443
66.0000000002
66.1043424291
66.1298173257
65.9999999998
65.7806229854
65.6941236567
66.0000000002
66.8047966636
67.9376153948
68.9999999999
69.582679503
69.518077516
69.0
68.4830357076
68.4195515532
69.0
70.0578854906
71.1895445836
71.9999999999
72.3139297484
72.2286754454
72.0000000001
71.8582725887
71.8823697898
71.9999999999
72.0871927607
72.0772937638
72.0000000001
71.9363722369
71.9411045246
72.0
72.0522136831
72.0499213659
72.0
71.9531115486
71.9539917531
72.0
72.0452933162
72.0454015504
71.9999999999
71.9535343675
71.9525937376
72.0000000001
72.0501042439
72.0518753394
71.9999999998
71.9436680676
71.9409383171
72.0000000002
72.0656856897
72.0696711881
71.9999999997
71.9206870037
71.9148462028
72.0000000003
72.0995547466
72.108523305
71.9999999996
71.8683775902
71.8531746861
72.0000000004
72.1894042231
72.2205361357
71.9999999995
71.6758097368
71.5804647261
72.0000000005
72.9413695581
74.08932904
74.9999999995
75.3884495119
75.2927153324
75.0000000005
74.8121184808
74.8440471536
74.9999999995
75.1113450422
75.0948987641
75.0000000005
74.9311806051
74.9419038243
74.9999999995
75.0396017841
75.031395031
75.0000000005
74.9837014494
74.9908176415
74.9999999995
74.9953578101
74.988490805
75.0000000005
75.0255332502
75.0328498283
74.9999999995
74.9514472201
74.9428316884
75.0000000005
75.0767004976
75.0880574169
74.9999999994
74.884351717
74.8670206342
75.0000000006
75.179635812
75.2127382151
74.9999999994
74.6797525352
74.5825029424
75.0000000007
75.9431451285
77.0930349059
77.9999999993
78.3807794393
78.2829861553
78.0000000007
77.8261921398
77.8604402759
77.9999999993
78.0899145405
78.0706983092
78.0000000007
77.9615919926
77.9758454429
77.9999999993
77.9974433296
77.9843774322
78.0000000007
78.0425734826
78.0570682502
77.9999999993
77.9099075149
77.890193471
78.0000000007
78.160727345
78.1957631066
77.9999999992
77.6931515718
77.5942222587
78.0000000008
78.9346543373
80.0861268959
80.9999999992
81.3844935238
81.2850470547
81.0000000008
80.8276802048
80.8638918643
80.9999999992
81.0819242185
81.0599995568
81.0000000008
80.9790870969
80.9977389853
80.9999999993
80.9634679456
80.9418384378
81.0000000007
81.1114504759
81.1470573845
80.9999999993
80.7417563118
80.6432549254
81.0000000007
81.8838569867
83.0339927899
83.9999999993
84.4402541454
84.343133556
84.0000000006
83.7637717599
83.796401773
83.9999999995
84.158230205
84.1417196581
84.0000000005
83.8838579193
83.8940107733
83.9999999996
84.0892980991
84.0823393544
84.0000000003
83.9295138398
83.9346048857
83.9999999997
84.0565285065
84.0526479394
84.0000000002
83.954207877
83.9572451586
83.9999999998
84.037338318
84.0349194012
84.0000000002
83.9694211853
83.9713698893
83.9999999999
84.0251189171
84.0235370623
84.0000000001
83.9793208049
83.9806112344
83.9999999999
84.0170534339
84.0159974834
84.0000000001
83.9859153844
83.9867809482
83.9999999999
84.0116504176
84.0109404797
84.0000000001
83.9903460067
83.9909280637
84.0
84.0080178258
84.0075413277
84.0
83.9933205513
83.993709528
84.0
84.0055883547
84.0052723061
84.0
83.9952963043
83.9955512096
84.0
84.003992532
84.0037893048
84.0
83.9965715176
83.9967305914
84.0
84.0029906761
84.002869877
84.0
83.997337059
83.9974240417
84.0
84.0024331847
84.0023768106
84.0
83.9977070642
83.9977349074
84.0
84.0022370252
84.0022366864
84.0
83.9977366086
83.997709456
84.0
84.0023730035
84.0024286467
84.0
83.9974301039
83.9973439215
84.0
84.0028613193
84.0029812153
84.0
83.9967419913
83.9965839635
84.0
84.0037745862
84.0039765738
84.0
83.9955698902
83.9953164852
84.0
84.005248795
84.0055629889
84.0
83.9937390572
83.993352426
84.0
84.0075041204
84.0079775743
84.0
83.9909753392
83.9903973537
84.0000000001
84.0108795775
84.0115838803
83.9999999999
83.9868609623
83.9860034962
84.0000000001
84.0158896159
84.0169334663
83.9999999999
83.9807613128
83.9794896708
84.0000000001
84.0233205597
84.0248721781
83.9999999999
83.9716946158
83.9697961838
84.0000000002
84.0344127125
84.0367455325
83.9999999998
83.9580667923
83.955181188
84.0000000002
84.0512653957
84.0548707175
83.9999999997
83.9370182039
83.9324444576
84.0000000004
84.0779565733
84.0838966306
83.9999999996
83.9023661302
83.8943619332
84.0000000005
84.1246575603
84.1361078192
83.9999999994
83.8354098471
83.8172708616
84.0000000007
84.2317711605
84.2664791381
83.9999999992
83.6218746097
83.5220379395
84.0000000008
85.0100138989
86.1638263916
86.9999999991
87.3003287644
87.1965882293
87.000000001
86.9274927345
86.9711584029
86.999999999
86.9546036233
86.9190200172
87.0000000011
87.1594809624
87.2076303768
86.9999999989
86.6533309512
86.5381454491
87.0000000011
88.0331907827
89.2147423344
89.9999999989
90.1561680789
89.9642558781
90.000000001
90.6626590611
91.8419913045
92.9999999991
93.5936162005
93.483317584
93.0000000008
92.6424693831
92.6818495151
92.9999999993
93.2631127571
93.2433097556
93.0000000005
92.7863388602
92.7974004976
92.9999999996
93.1861956847
93.1804342087
93.0000000003
92.8267627187
92.8282621713
92.9999999999
93.1731583856
93.17634879
93.0
92.8109528294
92.8004576232
93.0000000001
93.2335178984
93.2606966896
92.9999999998
92.6429800739
92.5510548447
93.0000000003
93.9643386465
95.1092439462
95.9999999997
96.374386401
96.2814780727
96.0000000003
95.8178370412
95.8470468917
95.9999999997
96.1137661458
96.1000478235
96.0000000003
95.9204735602
95.9283384651
95.9999999998
96.0591189685
96.0540396117
96.0000000002
95.9544027661
95.9579474432
95.9999999998
96.0359940955
96.033387331
96.0000000001
95.9711543537
95.9731415502
95.9999999999
96.0233501609
96.0217973522
96.0000000001
95.9809690311
95.9822031226
95.9999999999
96.0155846956
96.0145925913
96.0000000001
95.9871931515
95.9879968059
95.9999999999
96.0105528256
96.0098986875
96.0
95.9912836659
95.9918175409
96.0
96.007216849
96.0067807093
96.0
95.9940080144
95.9943640753
96.0
96.0049926501
96.0047026677
96.0
95.9958201774
95.9960552534
96.0
96.0035223383
96.0033332382
96.0
95.9970046971
95.9971549355
96.0
96.0025789332
96.0024619413
96.0
95.9977423084
95.9978304068
96.0
96.0020196377
96.0019571648
96.0
95.9981440536
95.9981832141
96.0
96.001760559
96.0017432622
96.0
95.9982700531
95.9982661265
96.0
96.0017629748
96.0017882681
96.0
95.9981391437
95.9980915525
96.0
96.0020271971
96.0020988407
96.0
95.9977318692
95.9976335302
96.0
96.0025925495
96.002721216
96.0
95.9969875584
95.9968238043
96.0
96.0035433532
96.0037482674
96.0
95.9957950052
95.9955413049
96.0
96.0050220302
96.005334007
96.0
95.993974903
95.9935928908
96.0
96.0072521356
96.0077187408
96.0
95.9912498545
95.9906805887
96.0
96.0105775615
96.0112720437
95.9999999999
95.9871924357
95.9863442966
96.0000000001
96.0155328715
96.016571067
95.9999999999
95.981127031
95.9798511992
96.0000000001
96.0229855395
96.0245630165
95.9999999999
95.9719145765
95.9699460293
96.0000000002
96.0344777326
96.0369684289
95.9999999998
95.9573809772
95.9541642227
96.0000000002
96.0532379348
96.0575219033
95.9999999997
95.9324068056
95.9264309935
96.0000000003
96.0880874166
96.0970401104
95.9999999996
95.8800398421
95.8650002476
96.0000000004
96.1771021749
96.2079192084
95.9999999995
95.6892158838
95.5943484769
96.0000000005
96.9263543932
98.0736551039
98.9999999995
99.4056419097
99.3107743861
99.0000000004
98.7920908748
98.822908146
98.9999999996
99.1349888287
99.1199488667
99.0000000004
98.9029720556
98.9119252601
98.9999999997
99.0735551508
99.0675786659
99.0000000003
98.9424941515
98.9467789797
98.9999999998
99.045816933
99.0425991004
99.0000000002
98.963053898
98.9655459304
98.9999999998
99.0300273402
99.0280571497
99.0000000001
98.9754688968
98.9770483848
98.9999999999
99.0201104311
99.0188321467
99.0000000001
98.9834751701
98.9845163499
98.9999999999
99.0135998986
99.0127481336
99.0000000001
98.988795381
98.9894942638
98.9999999999
99.0092378873
99.0086632842
99.0
98.9923798803
98.9928529559
99.0
99.0062877642
99.0058979108
99.0
98.9948104506
98.9951319279
99.0
99.0042838126
99.0040186031
99.0
98.9964634711
98.9966823264
99.0
99.0029198144
99.0027391747
99.0
98.9975892363
98.9977383541
99.0
99.0019905293
99.0018674211
99.0
98.998356414
98.9984580557
99.0
99.001357135
99.0012732129
99.0
98.9988793803
98.9989486739
99.0
99.00092533
99.0008681137
99.0
98.999235923
98.9992831675
99.0
99.000630927
99.0005919159
99.0
98.9994790188
98.9995112315
99.0
99.0004301954
99.0004035962
99.0
98.9996447698
98.9996667338
99.0
99.0002933285
99.000275192
99.0
98.9997577862
98.9997727622
99.0
99.0002000063
99.0001876399
99.0
98.9998348462
98.9998450576
99.0
99.0001363746
99.0001279426
99.0
98.9998873896
98.9998943523
99.0
99.0000929873
99.0000872379
99.0
98.9999232164
98.9999279639
99.0
99.0000634036
99.0000594833
99.0
98.9999476449
98.999950882
99.0
99.0000432319
99.0000405588
99.0
98.9999643016
98.9999665088
99.0
99.0000294777
99.0000276551
99.0
98.999975659
98.999977164
99.0
99.0000200995
99.0000188567
99.0
98.999983403
98.9999844292
99.0
99.0000137049
99.0000128575
99.0
98.9999886833
98.999989383
99.0
99.0000093447
99.0000087669
99.0
98.9999922837
98.9999927608
99.0
99.0000063717
99.0000059777
99.0
98.9999947386
98.9999950639
99.0
99.0000043446
99.0000040759
99.0
98.9999964125
98.9999966343
99.0
99.0000029623
99.0000027792
99.0
98.9999975539
98.9999977051
99.0
99.0000020199
99.000001895
99.0
98.9999983321
98.9999984352
99.0
99.0000013773
99.0000012921
99.0
98.9999988627
98.9999989331
99.0
99.0000009391
99.000000881
99.0
98.9999992246
98.9999992725
99.0
99.0000006403
99.0000006007
99.0
98.9999994713
98.999999504
99.0
99.0000004366
99.0000004096
99.0
98.9999996395
98.9999996618
99.0
99.0000002977
99.0000002793
99.0
98.9999997542
98.9999997694
99.0
99.000000203
99.0000001904
99.0
98.9999998324
98.9999998427
99.0
99.0000001384
99.0000001298
99.0
98.9999998857
98.9999998928
99.0
99.0000000944
99.0000000885
99.0
98.9999999221
98.9999999269
99.0
99.0000000643
99.0000000604
99.0
98.9999999469
98.9999999501
99.0
99.0000000439
99.0000000412
99.0
98.9999999638
98.999999966
99.0
99.0000000299
99.0000000281
99.0
98.9999999753
98.9999999768
99.0
99.0000000204
99.0000000191
99.0
98.9999999832
98.9999999842
99.0
99.0000000139
99.000000013
99.0
98.9999999885
98.9999999892
99.0
99.0000000095
99.0000000089
99.0
98.9999999922
98.9999999926
99.0
99.0000000065
99.0000000061
99.0
98.9999999947
98.999999995
99.0
99.0000000044
99.0000000041
99.0
98.9999999964
98.9999999966
99.0
99.000000003
99.0000000028
99.0
98.9999999975
98.9999999977
99.0
99.0000000021
99.0000000019
99.0
98.9999999983
98.9999999984
99.0
99.0000000014
99.0000000013
99.0
98.9999999988
98.9999999989
99.0
99.000000001
99.0000000009
99.0
98.9999999992
98.9999999992
99.0
99.0000000007
99.0000000006
99.0
98.9999999994
98.9999999995
99.0
99.0000000005
99.0000000005
99.0
98.9999999996
98.9999999996
99.0
99.0000000004
99.0000000003
99.0
98.9999999997
98.9999999997
99.0
99.0000000003
99.0000000003
99.0
98.9999999997
98.9999999997
99.0
99.0000000003
99.0000000003
99.0
98.9999999997
98.9999999997
99.0
99.0000000003
99.0000000003
99.0
98.9999999997
98.9999999997
99.0
99.0000000003
99.0000000004
99.0
98.9999999996
98.9999999996
99.0
99.0000000005
99.0000000005
99.0
98.9999999995
98.9999999994
99.0
99.0000000006
99.0000000007
99.0
98.9999999992
98.9999999992
99.0
99.0000000009
99.000000001
99.0
98.9999999989
98.9999999988
99.0
99.0000000013
99.0000000014
99.0
98.9999999984
98.9999999983
99.0
99.0000000019
99.0000000021
99.0
98.9999999976
98.9999999975
99.0
99.0000000028
99.000000003
99.0
98.9999999965
98.9999999963
99.0
99.0000000042
99.0000000044
99.0
98.9999999949
98.9999999946
99.0
99.0000000061
99.0000000065
99.0
98.9999999926
98.9999999921
99.0
99.000000009
99.0000000096
99.0
98.9999999891
98.9999999884
99.0
99.0000000132
99.000000014
99.0
98.9999999841
98.999999983
99.0
99.0000000193
99.0000000206
99.0
98.9999999766
98.9999999751
99.0
99.0000000283
99.0000000302
99.0
98.9999999657
98.9999999635
99.0
99.0000000415
99.0000000442
99.0
98.9999999498
98.9999999464
99.0
99.0000000608
99.0000000649
99.0
98.9999999263
98.9999999215
99.0
99.0000000892
99.0000000951
99.0
98.9999998919
98.9999998848
99.0
99.0000001309
99.0000001395
99.0
98.9999998415
98.9999998311
99.0
99.0000001919
99.0000002046
99.0
98.9999997676
98.9999997522
99.0
99.0000002815
99.0000003
99.0
98.9999996591
98.9999996366
99.0
99.0000004128
99.00000044
99.0
98.9999995
98.9999994671
99.0
99.0000006055
99.0000006454
99.0
98.9999992668
98.9999992184
99.0
99.000000888
99.0000009465
99.0
98.9999989246
98.9999988538
99.0
99.0000013023
99.0000013881
99.0
98.9999984229
98.999998319
99.0
99.0000019099
99.0000020358
99.0
98.999997687
98.9999975346
99.0
99.0000028011
99.0000029857
99.0
98.9999966078
98.9999963843
99.0
99.000004108
99.0000043788
99.0
98.999995025
98.9999946972
99.0
99.0000060248
99.0000064219
99.0
98.9999927038
98.9999922229
99.0
99.000008836
99.0000094183
99.0
98.9999892994
98.9999885942
99.0
99.0000129588
99.0000138128
99.0
98.9999843065
98.9999832723
99.0
99.0000190053
99.0000202578
99.0
98.999976984
98.9999754672
99.0
99.000027873
99.00002971
99.0
98.9999662449
98.9999640203
99.0
99.0000408785
99.0000435726
99.0
98.9999504948
98.9999472321
99.0
99.0000599525
99.0000639037
99.0
98.9999273954
98.9999226103
99.0
99.0000879268
99.0000937219
99.0
98.999893517
98.9998864988
99.0
99.0001289559
99.0001374555
99.0
98.9998438274
98.9998335335
99.0
99.0001891352
99.0002016026
99.0
98.9997709418
98.9997558413
99.0
99.0002774138
99.0002957046
99.0
98.9996640125
98.9996418553
99.0
99.000406946
99.0004337907
99.0
98.9995070783
98.9994745479
99.0
99.0005971167
99.0006365487
99.0
98.9992765648
98.9992287463
99.0
99.0008766506
99.0009346763
99.0
98.998937374
98.9988668967
99.0
99.0012886073
99.0013743248
99.0
98.9984363699
98.9983319087
99.0
99.001899103
99.0020267774
99.0
98.9976903204
98.997533612
99.0
99.0028146183
99.0030081505
99.0
98.996560006
98.9963188601
99.0
99.0042224488
99.0045267928
99.0
98.9947841748
98.9943929919
99.0
99.0065034347
99.0070193701
99.0
98.9917780753
98.9910726709
99.0
99.0106106215
99.0116240726
99.0
98.985878398
98.9843206866
99.0
99.0196904093
99.0223145555
98.9999999999
98.9705072892
98.9654924454
99.0000000001
99.0494585775
99.0609364226
98.9999999999
98.9000246061
98.8652914867
99.0
99.2836144836
99.4578307031
99.0
