-2.90102412238
-1.61091632118
-0.600890794825
1.03049114485e-11
0.204287511025
0.144386467568
-4.14116982495e-11
-0.0884205599137
-0.074263065787
9.97106278217e-11
0.0577423445226
0.0528756634916
-1.83108740383e-10
-0.0469401870424
-0.0452709025272
2.86807608535e-10
0.0437043143268
0.0436265737974
-4.11570007064e-10
-0.0446406409546
-0.0456922175382
5.45023500441e-10
0.0488890327443
0.0510748733287
-6.87496673365e-10
-0.0568313236085
-0.0605413600493
8.30920520591e-10
0.0701817247703
0.076462992972
-9.59928678491e-10
-0.0933941234057
-0.105023099964
1.07300253457e-09
0.139156690336
0.165239491258
-1.14943110751e-09
-0.256490844771
-0.344089738523
1.19569982138e-09
0.845770643199
1.98027910725
2.99999999882
3.53592210951
3.46886566652
3.00000000116
2.53814167958
2.47818941812
2.99999999886
3.99069269314
5.11714685146
6.00000000117
6.39926174968
6.32213982093
5.99999999875
5.74360373775
5.75356437794
6.00000000138
6.25618327805
6.27607804665
5.99999999849
5.6369235387
5.54797674643
6.00000000162
6.96345965971
8.10705678476
8.99999999833
9.37837834483
9.28610688681
9.00000000167
8.81221636202
8.84099547117
8.9999999984
9.1207114844
9.10752036621
9.00000000151
8.91160084383
8.91849605253
8.99999999859
9.07179371811
9.06879660672
9.00000000132
8.93322141935
8.93177051936
8.99999999874
9.0789349898
9.090762459
9.00000000123
8.85602387445
8.79565198736
8.99999999875
9.61482991033
10.6635065914
12.0000000013
13.3443864951
14.4010634899
14.9999999986
15.1716707926
15.1022494967
15.0000000014
14.9712387904
14.9947691718
14.9999999985
14.9661806168
14.9469325132
15.0000000014
15.0990206589
15.1300933869
14.9999999986
14.7690951939
14.6764068909
15.0000000012
15.8376606088
16.9804124311
17.999999999
18.5109659352
18.4239944821
18.0000000006
17.6578247613
17.6744447671
17.9999999997
18.3240124367
18.339075467
18.0
17.5823215891
17.4970426219
18.0000000003
19.007925075
20.1486642212
20.9999999995
21.3418392401
21.2518077461
21.0000000007
20.8425772863
20.8696502793
20.9999999993
21.094932319
21.0828915813
21.0000000007
20.9346041047
20.9410948349
20.9999999994
21.0488849115
21.0449701359
21.0000000006
20.9613023821
20.9638304018
20.9999999995
21.0320324817
21.0303390819
21.0000000004
20.9724508558
20.9735924221
20.9999999997
21.0245471314
21.0238030707
21.0000000002
20.9773602689
20.9777938009
20.9999999999
21.021608845
21.0214373182
21.0
20.9786648371
20.9785988395
21.0000000001
21.0217631326
21.0220589802
20.9999999998
20.9771163226
20.9765847565
21.0000000003
21.0247271901
21.0255132356
20.9999999996
20.9726361654
20.9715623745
21.0000000006
21.0309109004
21.0323245325
20.9999999993
20.9644505141
20.9626175958
21.0000000008
21.0415565561
21.0439316514
20.999999999
20.9506340486
20.9475191615
21.0000000012
21.0596895227
21.0638812311
20.9999999986
20.9262239326
20.9203323634
21.0000000016
21.0940262583
21.1029040381
20.9999999982
20.8743132898
20.8593348068
21.000000002
21.1826648335
21.2134422501
20.9999999978
20.6837425543
20.58888256
21.0000000023
21.9318477765
23.0791865545
23.9999999977
24.3999771688
24.3050108736
24.0000000022
23.798125399
23.82911869
23.9999999979
24.1283355344
24.1130249016
24.000000002
23.9105460325
23.9198827009
23.9999999981
24.0647031943
24.0582112123
24.0000000017
23.9530408581
23.9579944876
23.9999999984
24.0330916936
24.0290268424
24.0000000015
23.9785216387
23.982069932
23.9999999985
24.0111512318
24.0078746798
24.0000000014
23.9985558289
24.0017482607
23.9999999986
23.9918183345
23.9885388771
24.0000000015
24.0182487304
24.0218029175
23.9999999985
23.9706337039
23.9665598018
24.0000000016
24.042375467
24.0473415636
23.9999999983
23.9413777495
23.9348695274
24.0000000019
24.0805811796
24.0899383262
23.999999998
23.8864451036
23.871109168
24.0000000022
24.1714925851
24.2025167287
23.9999999978
23.6942790751
23.5992754929
24.0000000023
24.9216426026
26.0690261726
26.9999999977
27.410145427
27.3152318479
27.0000000022
26.7877004789
26.8185418163
26.999999998
27.1393189665
27.12426438
27.0000000019
26.8986843537
26.9076526267
26.9999999983
27.0777913772
27.0717922868
27.0000000015
26.938337012
26.9426564286
26.9999999987
27.0498564144
27.0465898406
27.0000000011
26.9591752668
26.9617305968
26.9999999991
27.0337020495
27.031654809
27.0000000008
26.9720379825
26.9737067942
26.9999999993
27.0232624164
27.0218842223
27.0000000006
26.9806322818
26.9817824437
26.9999999995
27.0161076377
27.0151388421
27.0000000004
26.9866464832
26.9874701959
26.9999999996
27.0110039917
27.0102959235
27.0000000003
26.9910244231
26.9916419431
26.9999999997
27.0071957005
27.0066459033
27.0000000002
26.9944034519
26.9949082004
26.9999999998
27.0041082581
27.003623332
27.0000000002
26.9973503504
26.9978473306
26.9999999998
27.0011135042
27.0005589747
27.0000000001
27.0006592784
27.0013433262
26.9999999999
26.9970713422
26.9961338803
27.0000000001
27.0061552621
27.0075764131
26.9999999999
26.9887783978
26.9864087286
27.0
27.0199780122
27.0243381166
27.0000000001
26.9631967223
26.9541326436
26.9999999998
27.0741403615
27.0968930581
27.0000000004
26.8194248588
26.7361204529
26.9999999993
27.755775436
28.8847030458
30.0000000011
30.6443312022
30.5846823001
29.9999999985
29.4050017955
29.3348443016
30.0000000019
31.1585698038
32.2999553712
32.9999999977
33.1789241187
33.0777105871
33.0000000026
33.0534009368
33.1094850466
32.9999999972
32.7545041812
32.648153138
33.0000000029
33.8899975765
35.0443089722
35.9999999971
36.4226931057
36.3220392543
36.0000000027
35.7928118186
35.8303270396
35.9999999975
36.1110827017
36.0852189537
36.0000000022
35.9691252317
36.002258173
35.9999999982
35.8969259242
35.8064489885
36.0000000013
36.6976711685
37.831809362
38.9999999992
39.6884350688
39.6252366416
39.0000000003
38.3694145486
38.3002442066
39.0000000002
40.1966731316
41.3448099133
41.9999999993
42.0953523331
41.9441612503
42.000000001
42.565769212
43.645645454
44.9999999987
46.3153598171
47.3524987695
48.0000000015
48.2570344013
48.2064363832
47.9999999983
47.8248354375
47.8231548994
48.0000000019
48.2034307365
48.2295569923
47.999999998
47.6738037424
47.5810612134
48.0000000021
48.9365572973
50.0827153301
50.9999999979
51.398344424
51.3041647455
51.0000000021
50.7976033076
50.8279831709
50.9999999981
51.1306128811
51.1158470368
51.0000000018
50.906655317
50.9154583176
50.9999999984
51.0702142086
51.0642823196
51.0000000015
50.9457997086
50.9501371694
50.9999999987
51.0422591674
51.0388947178
51.0000000012
50.9671451578
50.9698777254
50.9999999989
51.0251188915
51.0228117518
51.000000001
50.9814882629
50.9835062108
50.9999999991
51.0126682592
51.0108419284
51.0000000008
50.9926796776
50.9943901306
50.9999999992
51.0022544603
51.0005962132
51.0000000008
51.0027134049
51.004377343
50.9999999992
50.9922450765
50.9905186389
51.0000000009
51.0130427169
51.0148916201
50.9999999991
50.9812365741
50.9791973025
51.000000001
51.0251334421
51.027445409
50.9999999989
50.9675785766
50.9648870665
51.0000000013
51.0409847069
51.0442044693
50.9999999986
50.9486661503
50.9446952114
51.0000000016
51.0642569217
51.0693418986
50.9999999981
50.9189184212
50.9120689111
51.0000000021
51.1042934649
51.1142242416
50.9999999976
50.8607654685
50.8446039251
51.0000000026
51.1999235851
51.2320561434
50.9999999971
50.6622068856
50.5657670471
51.000000003
51.9583989366
53.1076112165
53.9999999968
54.3674418654
54.2702134673
54.0000000033
53.8379364291
53.871718535
53.9999999966
54.0794770329
54.0606370635
54.0000000034
53.9709864119
53.9849488458
53.9999999966
53.9888365292
53.9759751354
54.0000000035
54.0506598263
54.0650466893
53.9999999964
53.902031259
53.8823037377
54.0000000037
54.1688007207
54.2040219719
53.9999999962
53.6842808085
53.5848953062
54.0000000039
54.9452993803
56.0976935039
56.9999999961
57.3703413515
57.2691027962
57.0000000039
56.848698768
56.8885002695
56.9999999962
57.046751103
57.0169723973
57.0000000037
57.0471307639
57.0862835883
56.9999999966
56.7978804422
56.6979688857
57.0000000032
57.8306188137
58.9809440438
59.9999999972
60.4938186162
60.3973514531
60.0000000024
59.7075356877
59.7388179937
59.9999999981
60.2191726746
60.2046773347
60.0000000014
59.8161651893
59.8235760745
59.9999999992
60.1660452663
60.162700059
60.0000000002
59.8408691638
59.8412153696
60.0000000003
60.1608587384
60.1633041104
59.9999999991
59.8287473355
59.8230631861
60.0000000015
60.1924697787
60.2027866367
59.9999999979
59.769595809
59.7510610994
60.0000000026
60.3009560358
60.3385848413
59.9999999969
59.5396269523
59.431587809
60.0000000034
61.1277182579
62.3041966536
62.9999999963
63.0753097731
62.8870150473
63.0000000038
63.7338559915
64.9107136069
65.9999999963
66.5288319983
66.4200182684
66.0000000035
65.7037389101
65.7425720181
65.9999999968
66.2025310206
66.1823049896
66.0000000029
65.8492471941
65.861831723
65.9999999974
66.1174233165
66.1087568773
66.0000000023
65.9060291513
65.9123911762
65.999999998
66.0765050833
66.071632379
66.0000000017
65.9370047291
65.9408465358
65.9999999985
66.0522700872
66.0491794201
66.0000000012
65.9564000419
65.9589218447
65.9999999989
66.036501355
66.0344230641
66.0000000009
65.9693630544
65.9710879947
65.9999999992
66.0257611786
66.0243223003
66.0000000006
65.9783110068
65.9795155614
65.9999999995
66.0182769772
66.0172660148
66.0000000005
65.9845884639
65.9854384909
65.9999999996
66.0130011669
66.012285527
66.0000000003
65.9890287807
65.9896318418
65.9999999997
66.0092602112
66.0087516767
66.0000000002
65.9921828487
65.9926118842
65.9999999998
66.0065995319
66.0062374343
66.0000000002
65.9944282142
65.994733905
65.9999999999
66.0047040719
66.0044459398
66.0000000001
65.996028696
65.9962467152
65.9999999999
66.0033523628
66.0031681827
66.0000000001
65.9971705514
65.997326183
65.9999999999
66.0023875471
66.002255999
66.0000000001
65.9979860157
65.9980972509
65.9999999999
66.0016980548
66.001603946
66.0
65.99856929
65.9986489669
66.0
66.001204296
66.0011367703
66.0
65.9989876675
65.9990449743
66.0
66.0008493265
66.0008005989
66.0
65.9992893858
65.9993309282
66.0
66.0005922275
66.0005566818
66.0
65.9995092204
65.9995397859
66.0
66.0004033689
66.0003769091
66.0
65.9996725049
65.9996956158
66.0
66.000260988
66.0002405651
66.0
65.9997980546
65.9998163737
66.0
66.0001486787
66.0001319394
66.0
65.9999003357
65.9999159739
66.0
66.0000535003
66.000038516
66.0
65.9999911335
66.0000058926
66.0
65.9999644863
65.9999495303
66.0
66.0000809097
66.0000964902
66.0
65.9998713803
65.9998547295
66.0
66.0001800084
66.0001982057
66.0
65.9997634544
65.9997431902
66.0
66.0002998484
66.0003227591
66.0
65.9996282727
65.9996020601
66.0
66.0004542383
66.0004845026
66.0
65.9994502582
65.9994150765
66.0
66.0006609698
66.0007020755
66.0
65.9992088955
65.9991606897
66.0
66.0009438696
66.001000555
66.0
65.9988763628
65.9988095753
66.0
66.0013355536
66.0014143556
66.0
65.9984143124
65.9983212383
66.0
66.0018812065
66.0019912208
65.9999999999
65.9977694156
65.9976393045
66.0000000001
66.0026438503
66.0027977965
65.9999999999
65.9968671153
65.996684903
66.0000000001
66.0037117752
66.0039275118
65.9999999999
65.9956027539
65.995347245
66.0000000001
66.0052091812
66.005511899
65.9999999998
65.9938287346
65.9934699351
66.0000000002
66.0073117855
66.0077372857
65.9999999998
65.9913353566
65.9908303914
66.0000000003
66.0102706677
66.0108705321
65.9999999997
65.987820644
65.9871070673
66.0000000004
66.014451257
66.0153017292
65.9999999995
65.9828386599
65.9818223051
66.0000000005
66.0204039375
66.02162312
65.9999999994
65.9756997253
65.9742294462
66.0000000007
66.0290104153
66.0307968667
65.9999999991
65.9652469637
65.963053119
66.000000001
66.0418397347
66.0445750726
65.9999999988
65.9492621513
65.9457765049
66.0000000014
66.0621932516
66.0667779879
65.9999999984
65.9225089657
65.9161891512
66.0000000018
66.0990725337
66.1084287596
65.9999999979
65.8677677819
65.852242446
66.0000000023
66.1909366501
66.222352564
65.9999999975
65.6734405232
65.5778192176
66.0000000026
66.9445888386
68.0928557054
68.9999999973
69.3842375449
69.2881111129
69.0000000027
68.8176511925
68.8501388602
68.9999999973
69.1038714501
69.0865627995
69.0000000026
68.9417190344
68.9538570179
68.9999999975
69.0239250166
69.0132545187
69.0000000024
69.0085589931
69.0202896665
68.9999999976
68.952667969
68.9362006565
69.0000000023
69.1076305709
69.1387835253
68.9999999979
68.7586928736
68.6645009553
69.0000000019
69.8538060896
70.9993549525
71.9999999984
72.4846860042
72.3928910755
72.0000000013
71.7021287181
71.727997775
71.9999999992
72.2425049845
72.235523176
72.0000000004
71.7661632671
71.7608745613
72.0
72.2651894708
72.2893045337
71.9999999996
71.619295062
71.5293812667
72.0000000007
72.9826293802
74.1260916216
74.9999999991
75.3600548377
75.2682556138
75.000000001
74.8290737786
74.8573879316
74.999999999
75.1050576387
75.0920867904
75.000000001
74.9270568025
74.9342850011
74.9999999991
75.0543543628
75.0498245161
75.0000000008
74.9575925131
74.9606580603
74.9999999993
75.0341822151
75.0319979132
75.0000000006
74.9717457861
74.973354773
74.9999999995
75.0238584156
75.0226515088
75.0000000004
74.979446179
74.9803548486
74.9999999997
75.0180725467
75.0173972441
75.0000000002
74.9837542097
74.9842376873
74.9999999998
75.0149651703
75.0146468509
75.0000000001
74.9858383825
74.9860080513
75.0
75.0137935441
75.0137635216
75.0
74.986159783
74.986053107
75.0000000001
75.0142982584
75.0145440696
74.9999999998
74.984819773
74.984427107
75.0000000002
75.0165148253
75.0170677604
74.9999999997
74.9816513107
74.9809180012
75.0000000004
75.020750112
75.0216923932
74.9999999995
74.9761844312
74.9749930284
75.0000000006
75.027680772
75.0291781963
74.9999999993
74.9674604062
74.9655742582
75.0000000009
75.0386774945
75.0410772939
74.999999999
74.9534666313
74.9503545528
75.0000000012
75.056821176
75.0609826631
74.9999999986
74.9292108545
74.9233776818
75.0000000016
75.0908348087
75.0996243973
74.9999999982
74.8778009572
74.8629429699
75.0000000019
75.1787807897
75.2094019378
74.9999999979
74.688134574
74.5934711529
75.0000000022
75.9268214135
77.073917572
77.9999999978
78.4057828228
78.3111123405
78.0000000021
77.7913724657
77.8220079383
77.999999998
78.1362320942
78.1213521086
78.0000000018
77.901274672
77.9100945631
77.9999999984
78.0756233896
78.0697507415
78.0000000014
77.9401447142
77.9443559822
77.9999999988
78.0483573453
78.0451837506
78.0000000011
77.9604084267
77.9628832467
77.9999999991
78.0326998212
78.0307229861
78.0000000008
77.9728374342
77.9744438329
77.9999999993
78.0226437379
78.0213219115
78.0000000006
77.9810864406
77.9821843998
77.9999999995
78.0158074126
78.0148885935
78.0000000004
77.9867973567
77.987571146
77.9999999997
78.011004833
78.0103493068
78.0000000003
77.990860688
77.9914194577
77.9999999997
78.00754569
78.0070660486
78.0000000002
77.993825816
77.9942410334
77.9999999998
78.0049830488
78.0046197883
78.0000000002
77.9960632952
77.9963853441
77.9999999998
78.0030043156
78.0027140527
78.0000000001
77.997841336
77.9981082451
77.9999999999
78.0013752277
78.0011239577
78.0000000001
77.9993686108
77.9996114807
77.9999999999
77.9999057335
77.9996642794
78.0000000001
78.0008226015
78.0010695795
77.9999999999
77.9984254495
77.9981658459
78.0000000001
78.0023717461
78.002651453
77.9999999999
77.9967628287
77.9964549377
78.0000000002
78.004195865
78.0045408766
77.9999999998
77.9947242866
77.9943320714
78.0000000002
78.0065083718
78.0069593648
77.9999999998
77.9920696254
77.9915463631
78.0000000003
78.0095845211
78.0101960069
77.9999999997
77.9884783274
77.9877594787
78.0000000004
78.0138031699
78.0146527053
77.9999999995
77.9834957798
77.9824866144
78.0000000005
78.0197188362
78.0209243423
77.9999999994
77.9764326593
77.9749829817
78.0000000007
78.0282082598
78.0299665165
77.9999999991
77.9661419917
77.963984872
78.000000001
78.0408250574
78.0435138718
77.9999999988
77.9504274592
77.9469998288
78.0000000014
78.0608407186
78.0653536807
77.9999999984
77.9240928545
77.9178616403
78.0000000018
78.0972028862
78.1064494464
77.999999998
77.8699919131
77.8546033224
78.0000000022
78.1882687704
78.2195120608
77.9999999976
77.676671832
77.5812723458
78.0000000025
78.9406277809
80.0886027338
80.9999999974
81.3891688895
81.2934385528
81.0000000026
80.8113861008
80.843315487
80.9999999974
81.1120466367
81.0955621062
81.0000000025
80.9306687258
80.9415201025
80.9999999976
81.0395737039
81.0310555049
81.0000000023
80.9849731986
80.9927662322
80.9999999977
80.9914277232
80.9831332039
81.0000000022
81.0350957464
81.0454903774
80.9999999978
80.9294395194
80.9136647095
81.0000000022
81.1292767954
81.1602104543
80.9999999979
80.7372795363
80.6428819571
81.0000000019
81.8762872383
83.022514579
83.9999999983
84.4595828656
84.3664667103
84.0000000014
83.7321068959
83.7603359007
83.9999999989
84.2037885658
84.1924795114
84.0000000007
83.8214225931
83.8249044554
83.9999999998
84.1741184622
84.1766198663
83.9999999998
83.8114626963
83.8011647744
84.0000000006
84.2326330181
84.2597879475
83.9999999991
83.6438767804
83.5519333533
84.0000000011
84.963493616
86.1084079901
86.9999999987
87.3752272797
87.2823339103
87.0000000013
86.8169273133
86.8460995207
86.9999999987
87.1148057351
87.1011399636
87.0000000012
86.9192686214
86.9270752695
86.9999999989
87.0604978281
87.0554742793
87.000000001
86.952863909
86.9563612905
86.9999999991
87.0376631564
87.0350914173
87.0000000008
86.9693940036
86.971360135
86.9999999993
87.0251595432
87.0236137664
87.0000000006
86.9791518665
86.980391916
86.9999999995
87.0173722724
87.0163629197
87.0000000004
86.9854670793
86.9862972894
86.9999999996
87.0121914857
87.0115034776
87.0000000003
86.9897524865
86.9903257243
86.9999999997
87.0086256827
87.0081462312
87.0000000002
86.9927320835
86.9931341914
86.9999999998
87.0061284187
87.0057905238
87.0000000002
86.9948295618
86.9951138833
86.9999999999
87.0043640842
87.0041246191
87.0000000001
86.9963152008
86.9965170095
86.9999999999
87.0031122575
87.002942122
87.0000000001
86.9973704561
86.9975139112
86.9999999999
87.0022225279
87.0021015737
87.0000000001
86.9981206268
86.9982225854
87.0
87.0015901477
87.001504241
87.0
86.9986534915
86.99872582
87.0
87.0011414448
87.0010806158
87.0
86.999030934
86.9990820094
87.0
87.0008244264
87.0007816403
87.0
86.9992966201
86.9993323428
87.0
87.000602459
87.0005727766
87.0
86.9994812261
86.9995057179
87.0
87.000449929
87.0004299269
87.0
86.9996060458
86.9996221305
87.0
87.0003492478
87.0003366202
87.0
86.9996854692
86.999695001
87.0
87.00028881
87.0002821013
87.0
86.9997286505
86.9997327279
87.0
87.0002616499
87.0002600871
87.0
86.9997405663
86.9997396591
87.0
87.0002646375
87.0002680406
87.0
86.9997225898
86.9997165935
87.0
87.0002981171
87.0003068781
87.0
86.9996726496
86.9996608733
87.0
87.0003659463
87.0003810748
87.0
86.9995849911
86.9995660778
87.0
87.0004759414
87.0004991807
87.0
86.9994495128
86.9994212829
87.0
87.0006407787
87.0006748071
87.0
86.9992506005
86.9992098
87.0
87.0008794578
87.0009281982
87.0
86.9989653236
86.998907248
87.0
87.0012194993
87.0012885734
87.0
86.9985607795
86.9984787277
87.0
87.0017001375
87.0017975197
86.9999999999
86.9979902656
86.9978747575
87.0000000001
87.0023769023
87.0025138567
86.9999999999
86.9971877971
86.9970254515
87.0000000001
87.0033281864
87.0035206129
86.9999999999
86.996060223
86.9958321348
87.0000000001
87.0046647436
87.0049351452
86.9999999999
86.9944757189
86.9941550568
87.0000000002
87.0065437387
87.0069241875
86.9999999998
86.992246452
86.9917947443
87.0000000002
87.0091904337
87.0097273054
86.9999999997
86.9891009654
86.9884619281
87.0000000003
87.0129341414
87.0136963793
86.9999999996
86.9846361076
86.9837242328
87.0000000005
87.0182745047
87.0193699281
86.9999999994
86.9782224534
86.9768988269
87.0000000007
87.0260215645
87.0276341506
86.9999999992
86.9687885435
86.9668009566
87.0000000009
87.0376422676
87.0401327112
86.9999999989
86.9542386609
86.9510441238
87.0000000012
87.0562902004
87.0605283288
86.9999999986
86.9295159995
86.9236098047
87.0000000016
87.0907467456
87.0996078293
86.9999999982
86.8776744683
86.8627444654
87.000000002
87.1791254443
87.2098211903
86.9999999979
86.6875618943
86.5928191571
87.0000000022
87.9276385064
89.0748209701
89.9999999978
90.4046979293
90.3099316803
90.0000000021
89.7927562205
89.8234996665
89.999999998
90.1345098475
90.1195065833
90.0000000018
89.9033847589
89.9123467765
89.9999999983
90.0730649612
90.0670272458
90.0000000015
89.9432249088
89.9476289525
89.9999999987
90.0446668701
90.0412672007
90.0000000012
89.9648154282
89.9675562162
89.999999999
90.027449094
90.0251585774
90.0000000009
89.9790839832
89.9810611035
89.9999999991
90.0152195151
90.013458733
90.0000000008
89.9899059946
89.9915246838
89.9999999992
90.0053314197
90.0037935562
90.0000000007
89.999244195
90.0007558062
89.9999999993
89.9962064426
89.9946685791
90.0000000008
90.0084753174
90.0100940067
89.9999999992
89.9865412657
89.9847804835
90.0000000009
90.018938898
90.0209160183
89.9999999991
89.974841421
89.9725509043
90.000000001
90.0324437856
90.0351845736
89.9999999988
89.9587327972
89.9553331278
90.0000000013
90.0523710498
90.0567750936
89.9999999985
89.9329727515
89.9269350359
90.0000000017
90.0876532267
90.0966152444
89.9999999982
89.8804934129
89.8654901485
90.000000002
90.1765003379
90.2072437842
89.9999999979
89.6900683146
89.5953020652
90.0000000022
90.925179036
92.0723615001
92.9999999978
93.4071808357
93.312438098
93.0000000021
92.7901788182
92.8208745648
92.999999998
93.1372555245
93.122325521
93.0000000018
92.9003921826
92.9092532671
92.9999999984
93.0763901811
93.0704839856
93.0000000014
92.9394716879
92.9437098173
92.9999999988
93.0489558564
93.0457613182
93.0000000011
92.9598673122
92.9623577572
92.9999999991
93.0331990157
93.0312114272
93.0000000008
92.9723658822
92.9739784702
92.9999999993
93.0231011342
93.0217775055
93.0000000006
92.980630118
92.9817255441
92.9999999995
93.0162757127
93.0153638347
93.0000000004
92.9863036852
92.9870659269
92.9999999997
93.0115379955
93.0108989538
93.0000000003
92.9902727851
92.990809662
92.9999999998
93.0082051486
93.0077534346
93.0000000002
92.9930759394
92.9934563955
92.9999999998
93.005844793
93.0055241222
93.0000000001
92.9950650326
92.9953354445
92.9999999999
93.0041676547
93.0039395543
93.0000000001
92.9964796363
92.9966720773
92.9999999999
93.0029742534
93.0028118907
93.0000000001
92.9974864928
92.9976234674
92.9999999999
93.0021248287
93.0020092967
93.0000000001
92.9982029702
92.9983003808
93.0
93.0015206922
93.0014386069
93.0
92.9987121134
92.9987812273
93.0
93.0010919389
93.0010338161
93.0
92.9990727646
92.9991215608
93.0
93.00078906
93.0007481934
93.0
92.9993265427
92.9993606493
93.0
93.000577119
93.0005487964
93.0
92.9995027116
92.9995260604
93.0
93.0004316817
93.0004126386
93.0
92.999621578
92.9996368601
93.0
93.0003359858
93.0003240276
93.0
92.9996968408
92.9997058172
93.0
93.0002790032
93.0002727519
93.0
92.999737173
92.9997408781
93.0
93.0002541678
93.0002529031
93.0
92.9997472219
92.9997460826
93.0
93.0002586179
93.000262194
93.0
92.9997281456
92.9997220305
93.0
93.0002928662
93.0003016951
93.0
92.9996777458
92.9996659504
93.0
93.0003608591
93.0003759583
93.0
92.9995902149
92.99957138
93.0
93.0004704318
93.0004935412
93.0
92.999455466
92.999427421
93.0
93.0006342117
93.0006679948
93.0
92.9992579691
92.9992174813
93.0
93.0008710769
93.0009194282
93.0
92.9989749566
92.9989173575
93.0
93.0012083388
93.0012768351
93.0
92.9985737867
92.9984924303
93.0
93.0016849114
93.0017814608
92.9999999999
92.9980081459
92.997893632
93.0000000001
93.0023558564
93.0024916268
92.9999999999
92.9972126105
92.9970516726
93.0000000001
93.0032988958
93.0034896507
92.9999999999
92.9960948286
92.9958687237
93.0000000001
93.0046238333
93.0048918832
92.9999999999
92.9945241039
92.9942062293
93.0000000002
93.0064864951
93.006863641
92.9999999998
92.9923141914
92.9918663965
93.0000000002
93.0091102612
93.0096424982
92.9999999997
92.9891958641
92.9885623157
93.0000000003
93.0128218024
93.01357754
92.9999999996
92.9847690999
92.9838649226
93.0000000005
93.0181170554
93.0192033638
92.9999999994
92.9784088628
92.9770960294
93.0000000007
93.0258008635
93.0274006697
92.9999999992
92.9690498484
92.9670773938
93.0000000009
93.0373328851
93.0398054112
92.9999999989
92.9546049698
92.9514316479
93.0000000012
93.0558564879
93.0600694965
92.9999999986
92.930029521
92.9241530692
93.0000000016
93.0901387265
93.0989645931
92.9999999982
92.8783943773
92.8635060732
93.000000002
93.1782730513
93.2089194232
92.9999999979
92.6885711574
92.5938868831
93.0000000022
93.9264434956
95.0735567334
95.9999999978
96.4061128857
96.3114286092
96.0000000021
95.7910808168
95.8217271931
95.999999998
96.1364936711
96.1216053603
96.0000000018
95.9010356854
95.9098615615
95.9999999984
96.0758466213
96.0699701572
96.0000000014
95.9399308528
95.9441438769
95.9999999988
96.048567953
96.0453946121
96.000000001
95.960195049
95.9626675984
95.9999999991
96.0329220716
96.0309495889
96.0000000008
95.9725999546
95.9741997945
95.9999999993
96.0229032388
96.0215903651
96.0000000006
95.9807974964
95.9818838529
95.9999999995
96.0161340641
96.0152298296
96.0000000004
95.9864236553
95.9871794609
95.9999999997
96.0114362728
96.0108026438
96.0000000003
95.9903591698
95.9908915026
95.9999999998
96.0081316312
96.0076837228
96.0000000002
95.993138692
95.9935159724
95.9999999998
96.0057910103
96.0054729763
96.0000000001
95.9951113836
95.9953796222
95.9999999999
96.0041274097
96.0039010813
96.0000000001
95.9965149262
95.9967059459
95.9999999999
96.0029429092
96.0027816577
96.0000000001
95.9975147877
95.9976509293
95.9999999999
96.0020987738
96.0019838203
96.0000000001
95.9982275302
95.9983246001
96.0
96.0014969246
96.0014149518
96.0
95.9987357684
95.9988049946
96.0
96.00106772
96.0010092567
96.0
95.99909824
95.9991476146
96.0
96.0007615994
96.0007199
96.0
95.9993567739
95.9993919915
96.0
96.0005432526
96.000513509
96.0
95.9995411817
95.9995663023
96.0
96.0003875075
96.0003662913
96.0
95.9996727197
95.9996906383
96.0
96.0002764139
96.0002612803
96.0
95.9997665466
95.9997793282
96.0
96.0001971698
96.0001863749
96.0
95.9998334744
95.9998425916
96.0
96.0001406441
96.0001329439
96.0
95.9998812149
95.9998877183
96.0
96.0001003235
96.0000948308
96.0
95.9999152688
95.9999199078
96.0
96.0000715623
96.0000676443
96.0
95.99993956
95.999942869
96.0
96.0000510464
96.0000482517
96.0
95.9999568872
95.9999592476
96.0
96.0000364122
96.0000344186
96.0
95.999969247
95.9999709307
96.0
96.0000259734
96.0000245513
96.0
95.9999780634
95.9999792644
96.0
96.0000185272
96.0000175128
96.0
95.9999843523
95.999985209
96.0
96.0000132157
96.0000124922
96.0
95.9999888383
95.9999894494
96.0
96.000009427
96.0000089109
96.0
95.9999920382
95.9999924741
96.0
96.0000067244
96.0000063562
96.0
95.9999943207
95.9999946316
96.0
96.0000047966
96.000004534
96.0
95.9999959489
95.9999961707
96.0
96.0000034215
96.0000032342
96.0
95.9999971103
95.9999972685
96.0
96.0000024406
96.000002307
96.0
95.9999979387
95.9999980516
96.0
96.0000017409
96.0000016456
96.0
95.9999985296
95.9999986101
96.0
96.0000012418
96.0000011738
96.0
95.9999989512
95.9999990086
96.0
96.0000008858
96.0000008373
96.0
95.9999992519
95.9999992928
96.0
96.0000006319
96.0000005973
96.0
95.9999994663
95.9999994956
96.0
96.0000004507
96.000000426
96.0
95.9999996193
95.9999996402
96.0
96.0000003215
96.0000003039
96.0
95.9999997285
95.9999997433
96.0
96.0000002293
96.0000002168
96.0
95.9999998063
95.9999998169
96.0
96.0000001636
96.0000001546
96.0
95.9999998618
95.9999998694
96.0
96.0000001167
96.0000001103
96.0
95.9999999014
95.9999999068
96.0
96.0000000832
96.0000000787
96.0
95.9999999297
95.9999999335
96.0
96.0000000594
96.0000000561
96.0
95.9999999499
95.9999999526
96.0
96.0000000423
96.00000004
96.0
95.9999999642
95.9999999662
96.0
96.0000000302
96.0000000286
96.0
95.9999999745
95.9999999759
96.0
96.0000000215
96.0000000204
96.0
95.9999999818
95.9999999828
96.0
96.0000000154
96.0000000145
96.0
95.999999987
95.9999999877
96.0
96.000000011
96.0000000104
96.0
95.9999999907
95.9999999912
96.0
96.0000000078
96.0000000074
96.0
95.9999999934
95.9999999938
96.0
96.0000000056
96.0000000053
96.0
95.9999999953
95.9999999955
96.0
96.000000004
96.0000000038
96.0
95.9999999966
95.9999999968
96.0
96.0000000028
96.0000000027
96.0
95.9999999976
95.9999999977
96.0
96.000000002
96.0000000019
96.0
95.9999999983
95.9999999984
96.0
96.0000000014
96.0000000014
96.0
95.9999999988
95.9999999988
96.0
96.000000001
96.000000001
96.0
95.9999999991
95.9999999992
96.0
96.0000000007
96.0000000007
96.0
95.9999999994
95.9999999994
96.0
96.0000000005
96.0000000005
96.0
95.9999999996
95.9999999996
96.0
96.0000000004
96.0000000004
96.0
95.9999999997
95.9999999997
96.0
96.0000000003
96.0000000002
96.0
95.9999999998
95.9999999998
96.0
96.0000000002
96.0000000002
96.0
95.9999999998
95.9999999998
96.0
96.0000000001
96.0000000001
96.0
95.9999999999
95.9999999999
96.0
96.0000000001
96.0000000001
96.0
95.9999999999
95.9999999999
96.0
96.0000000001
96.0000000001
96.0
95.9999999999
95.9999999999
96.0
96.0
96.0
96.0
96.0
96.0
96.0
96.0
96.0
96.0
96.0
96.0
96.0
96.0
96.0
96.0
96.0
96.0
96.0
96.0
96.0
96.0
96.0
96.0
96.0
96.0
96.0
96.0
96.0
96.0
96.0
96.0
96.0
96.0
96.0
96.0
96.0
96.0
96.0
96.0
96.0
96.0
96.0
96.0
96.0
96.0
96.0
96.0
96.0
96.0
96.0
96.0
96.0
96.0
96.0
96.0
96.0
96.0
96.0
96.0
96.0
96.0
96.0
96.0
96.0
96.0
96.0
96.0
96.0
96.0
96.0
96.0
96.0
96.0
96.0
96.0
96.0
96.0
96.0
96.0
96.0
96.0
96.0
96.0
96.0
96.0
96.0
96.0
96.0
96.0
96.0
96.0
96.0
96.0
96.0
96.0
96.0
96.0
96.0
96.0
96.0
96.0
96.0
96.0
96.0
96.0
96.0
96.0
96.0
96.0
96.0
96.0
96.0
96.0
96.0
96.0
96.0
96.0
96.0
96.0
96.0
96.0
96.0
96.0
96.0
96.0
96.0
96.0
96.0
96.0
96.0
96.0
96.0
96.0
96.0
96.0
96.0
96.0
96.0
96.0
96.0
96.0
96.0
96.0
96.0
96.0
96.0
96.0
96.0
96.0
96.0
96.0
96.0
96.0
96.0
96.0
96.0
96.0
96.0
96.0
96.0
96.0
96.0
96.0
96.0
96.0
96.0
96.0
96.0
96.0
96.0
96.0
96.0
96.0
96.0
96.0
96.0
96.0
96.0
96.0
96.0
96.0
96.0
96.0
96.0
96.0
96.0
96.0
96.0
96.0
96.0
96.0
96.0
96.0
96.0
96.0
96.0
96.0
96.0
96.0
96.0
96.0
96.0
96.0
96.0
96.0
96.0
96.0
96.0
96.0
96.0
96.0
96.0
96.0
96.0
96.0
96.0
96.0
96.0
96.0
96.0
96.0
96.0
96.0
96.0
96.0
96.0
96.0
96.0
96.0
96.0
96.0
96.0
96.0
96.0
96.0
96.0
96.0
96.0
96.0
96.0
96.0
96.0
96.0
96.0
96.0
96.0
96.0
96.0
96.0
96.0
96.0
96.0
96.0
96.0
96.0
96.0
95.9999999999
96.0
96.0000000001
96.0000000001
96.0
95.9999999999
95.9999999999
96.0
96.0000000001
96.0000000001
96.0
95.9999999999
95.9999999999
96.0
96.0000000001
96.0000000001
96.0
95.9999999999
95.9999999999
96.0
96.0000000001
96.0000000002
96.0
95.9999999998
95.9999999998
96.0
96.0000000002
96.0000000002
96.0
95.9999999997
95.9999999997
96.0
96.0000000003
96.0000000003
96.0
95.9999999996
95.9999999996
96.0
96.0000000004
96.0000000004
96.0
95.9999999995
95.9999999995
96.0
96.0000000006
96.0000000006
96.0
95.9999999993
95.9999999993
96.0
96.0000000008
96.0000000009
96.0
95.999999999
95.999999999
96.0
96.0000000012
96.0000000012
96.0
95.9999999986
95.9999999986
96.0
96.0000000016
96.0000000017
96.0
95.9999999981
95.999999998
96.0
96.0000000023
96.0000000024
96.0
95.9999999973
95.9999999972
96.0
96.0000000032
96.0000000034
96.0
95.9999999962
95.999999996
96.0
96.0000000045
96.0000000047
96.0
95.9999999947
95.9999999944
96.0
96.0000000062
96.0000000066
96.0
95.9999999926
95.9999999922
96.0
96.0000000088
96.0000000093
96.0
95.9999999896
95.999999989
96.0
96.0000000123
96.000000013
96.0
95.9999999855
95.9999999846
96.0
96.0000000172
96.0000000182
96.0
95.9999999796
95.9999999784
96.0
96.0000000241
96.0000000255
96.0
95.9999999714
95.9999999698
96.0
96.0000000338
96.0000000358
96.0
95.99999996
95.9999999576
96.0
96.0000000474
96.0000000501
96.0
95.9999999439
95.9999999406
96.0
96.0000000664
96.0000000703
96.0
95.9999999213
95.9999999168
96.0
96.0000000932
96.0000000986
96.0
95.9999998897
95.9999998833
96.0
96.0000001306
96.0000001382
96.0
95.9999998454
95.9999998364
96.0
96.0000001831
96.0000001937
96.0
95.9999997832
95.9999997707
96.0
96.0000002567
96.0000002715
96.0
95.9999996961
95.9999996785
96.0
96.0000003598
96.0000003807
96.0
95.999999574
95.9999995493
96.0
96.0000005044
96.0000005337
96.0
95.9999994027
95.9999993681
96.0
96.0000007072
96.0000007481
96.0
95.9999991627
95.9999991142
96.0
96.0000009914
96.0000010488
96.0
95.9999988262
95.9999987582
96.0
96.0000013898
96.0000014703
96.0
95.9999983544
95.9999982591
96.0
96.0000019484
96.0000020613
96.0
95.999997693
95.9999975594
96.0
96.0000027315
96.0000028897
96.0
95.9999967658
95.9999965785
96.0
96.0000038293
96.0000040511
96.0
95.999995466
95.9999952034
96.0
96.0000053684
96.0000056793
96.0
95.9999936437
95.9999932756
96.0
96.0000075259
96.0000079618
96.0
95.9999910891
95.999990573
96.0
96.0000105506
96.0000111617
96.0
95.9999875078
95.9999867843
96.0
96.000014791
96.0000156477
96.0
95.9999824871
95.9999814728
96.0
96.0000207356
96.0000219366
96.0
95.9999754486
95.9999740266
96.0
96.0000290693
96.000030753
96.0
95.9999655813
95.9999635878
96.0
96.0000407524
96.0000431128
96.0
95.9999517483
95.9999489535
96.0
96.000057131
96.0000604401
96.0
95.9999323557
95.9999284377
96.0
96.0000800923
96.0000847313
96.0
95.9999051691
95.9998996764
96.0
96.0001122818
96.0001187852
96.0
95.999867056
95.9998593558
96.0
96.0001574085
96.0001665257
96.0
95.999813625
95.99980283
96.0
96.000220672
96.0002334536
96.0
95.9997387195
95.9997235859
96.0
96.0003093619
96.0003272806
96.0
95.9996337084
95.9996124922
96.0
96.0004336981
96.0004588186
96.0
95.9994864906
95.9994567469
96.0
96.000608009
96.0006432267
96.0
95.9992800994
95.9992384
96.0
96.0008523861
96.0009017607
96.0
95.9989907424
95.9989322791
96.0
96.0011950064
96.0012642327
96.0
95.998585047
95.9985030741
96.0
96.0016754012
96.0017724713
95.9999999999
95.998016178
95.9979012244
96.0000000001
96.0023490726
96.0024852144
95.9999999999
95.99721834
95.9970570883
96.0000000001
96.0032940568
96.0034850767
95.9999999999
95.9960989155
95.9958725869
96.0000000001
96.0046203816
96.0048886204
95.9999999999
95.9945270192
95.9942089849
96.0000000002
96.0064840329
96.0068613136
95.9999999998
95.9923162709
95.9918683621
96.0000000002
96.0091085049
96.0096408381
95.9999999997
95.9891973474
95.9885637178
96.0000000003
96.0128205496
96.0135763558
95.9999999996
95.984770158
95.9838659228
96.0000000005
96.0181161618
96.0192025191
95.9999999994
95.9784096175
95.9770967428
96.0000000007
96.025800226
96.0274000671
95.9999999992
95.9690503867
95.9670779027
96.0000000009
96.0373324304
96.0398049814
95.9999999989
95.9546053538
95.9514320109
96.0000000012
96.0558561635
96.0600691899
95.9999999986
95.9300297949
95.9241533281
96.0000000016
96.0901384951
96.0989643744
95.9999999982
95.8783945727
95.8635062579
96.000000002
96.1782728863
96.2089192672
95.9999999979
95.6885712968
95.5938870149
96.0000000022
96.9264433779
98.0735566221
98.9999999978
99.4061129851
99.3114287032
99.0000000021
98.7910807328
98.8217271137
98.999999998
99.1364937421
99.1216054273
99.0000000018
98.9010356255
98.9098615049
98.9999999984
99.0758466719
99.0699702051
99.0000000014
98.9399308101
98.9441438365
98.9999999988
99.0485679891
99.0453946462
99.0000000011
98.9601950186
98.9626675696
98.9999999991
99.0329220973
99.0309496132
99.0000000008
98.9725999328
98.9741997739
98.9999999993
99.0229032572
99.0215903825
99.0000000006
98.9807974809
98.9818838382
98.9999999995
99.0161340772
99.015229842
99.0000000004
98.9864236442
98.9871794504
98.9999999997
99.0114362822
99.0108026526
99.0000000003
98.9903591619
98.9908914951
98.9999999998
99.0081316379
99.0076837291
99.0000000002
98.9931386864
98.9935159671
98.9999999998
99.0057910151
99.0054729808
99.0000000001
98.9951113796
98.9953796184
98.9999999999
99.0041274131
99.0039010845
99.0000000001
98.9965149233
98.9967059432
98.9999999999
99.0029429117
99.00278166
99.0000000001
98.9975147856
98.9976509274
98.9999999999
99.0020987756
99.001983822
99.0000000001
98.9982275287
98.9983245988
99.0
99.0014969259
99.001414953
99.0
98.9987357673
98.9988049936
99.0
99.0010677209
99.0010092575
99.0
98.9990982393
98.9991476139
99.0
99.0007616
99.0007199006
99.0
98.9993567733
98.999391991
99.0
99.0005432531
99.0005135094
99.0
98.9995411814
98.9995663019
99.0
99.0003875078
99.0003662916
99.0
98.9996727194
98.9996906381
99.0
99.0002764141
99.0002612805
99.0
98.9997665464
98.999779328
99.0
99.00019717
99.000186375
99.0
98.9998334743
98.9998425915
99.0
99.0001406442
99.000132944
99.0
98.9998812148
98.9998877182
99.0
99.0001003236
99.0000948309
99.0
98.9999152687
98.9999199077
99.0
99.0000715623
99.0000676443
99.0
98.9999395599
98.999942869
99.0
99.0000510465
99.0000482517
99.0
98.9999568872
98.9999592476
99.0
99.0000364122
99.0000344187
99.0
98.999969247
98.9999709307
99.0
99.0000259734
99.0000245514
99.0
98.9999780634
98.9999792644
99.0
99.0000185272
99.0000175129
99.0
98.9999843523
98.999985209
99.0
99.0000132157
99.0000124922
99.0
98.9999888383
98.9999894494
99.0
99.000009427
99.0000089109
99.0
98.9999920382
98.9999924741
99.0
99.0000067244
99.0000063563
99.0
98.9999943207
98.9999946316
99.0
99.0000047966
99.000004534
99.0
98.9999959489
98.9999961707
99.0
99.0000034215
99.0000032342
99.0
98.9999971103
98.9999972685
99.0
99.0000024406
99.000002307
99.0
98.9999979387
98.9999980516
99.0
99.0000017409
99.0000016456
99.0
98.9999985296
98.9999986101
99.0
99.0000012418
99.0000011738
99.0
98.9999989512
98.9999990086
99.0
99.0000008858
99.0000008373
99.0
98.9999992519
98.9999992928
99.0
99.0000006319
99.0000005973
99.0
98.9999994663
98.9999994956
99.0
99.0000004507
99.000000426
99.0
98.9999996193
98.9999996402
99.0
99.0000003215
99.0000003039
99.0
98.9999997285
98.9999997433
99.0
99.0000002293
99.0000002168
99.0
98.9999998063
98.9999998169
99.0
99.0000001636
99.0000001546
99.0
98.9999998618
98.9999998694
99.0
99.0000001167
99.0000001103
99.0
98.9999999014
98.9999999068
99.0
99.0000000832
99.0000000787
99.0
98.9999999297
98.9999999335
99.0
99.0000000594
99.0000000561
99.0
98.9999999499
98.9999999526
99.0
99.0000000423
99.00000004
99.0
98.9999999642
98.9999999662
99.0
99.0000000302
99.0000000286
99.0
98.9999999745
98.9999999759
99.0
99.0000000215
99.0000000204
99.0
98.9999999818
98.9999999828
99.0
99.0000000154
99.0000000145
99.0
98.999999987
98.9999999877
99.0
99.000000011
99.0000000104
99.0
98.9999999907
98.9999999912
99.0
99.0000000078
99.0000000074
99.0
98.9999999934
98.9999999938
99.0
99.0000000056
99.0000000053
99.0
98.9999999953
98.9999999955
99.0
99.000000004
99.0000000038
99.0
98.9999999966
98.9999999968
99.0
99.0000000028
99.0000000027
99.0
98.9999999976
98.9999999977
99.0
99.000000002
99.0000000019
99.0
98.9999999983
98.9999999984
99.0
99.0000000014
99.0000000014
99.0
98.9999999988
98.9999999988
99.0
99.000000001
99.000000001
99.0
98.9999999991
98.9999999992
99.0
99.0000000007
99.0000000007
99.0
98.9999999994
98.9999999994
99.0
99.0000000005
99.0000000005
99.0
98.9999999996
98.9999999996
99.0
99.0000000004
99.0000000004
99.0
98.9999999997
98.9999999997
99.0
99.0000000003
99.0000000002
99.0
98.9999999998
98.9999999998
99.0
99.0000000002
99.0000000002
99.0
98.9999999998
98.9999999998
99.0
99.0000000001
99.0000000001
99.0
98.9999999999
98.9999999999
99.0
99.0000000001
99.0000000001
99.0
98.9999999999
98.9999999999
99.0
99.0000000001
99.0000000001
99.0
98.9999999999
98.9999999999
99.0
99.0
99.0
99.0
99.0
99.0
99.0
99.0
99.0
99.0
99.0
99.0
99.0
99.0
99.0
99.0
99.0
99.0
99.0
99.0
99.0
99.0
99.0
99.0
99.0
99.0
99.0
99.0
99.0
99.0
99.0
99.0
99.0
99.0
99.0
99.0
99.0
99.0
99.0
99.0
99.0
99.0
99.0
99.0
99.0
99.0
99.0
99.0
99.0
99.0
99.0
99.0
99.0
99.0
99.0
99.0
99.0
99.0
99.0
99.0
99.0
99.0
99.0
99.0
99.0
99.0
99.0
99.0
99.0
99.0
99.0
99.0
99.0
99.0
99.0
99.0
99.0
99.0
99.0
99.0
99.0
99.0
99.0
99.0
99.0
99.0
99.0
99.0
99.0
99.0
99.0
99.0
99.0
99.0
99.0
99.0
99.0
99.0
99.0
99.0
99.0
99.0
99.0
99.0
99.0
99.0
99.0
99.0
99.0
99.0
99.0
99.0
99.0
99.0
99.0
99.0
99.0
99.0
99.0
99.0
99.0
99.0
99.0
99.0
99.0
99.0
99.0
99.0
99.0
99.0
99.0
99.0
99.0
99.0
99.0
99.0
99.0
99.0
99.0
99.0
99.0
99.0
99.0
99.0
99.0
99.0
99.0
99.0
99.0
99.0
99.0
99.0
99.0
99.0
99.0
99.0
99.0
99.0
99.0
99.0
99.0
99.0
99.0
99.0
99.0
99.0
99.0
99.0
99.0
99.0
99.0
99.0
99.0
99.0
99.0
99.0
99.0
99.0
99.0
99.0
99.0
99.0
99.0
99.0
99.0
99.0
99.0
99.0
99.0
99.0
99.0
99.0
99.0
99.0
99.0
99.0
99.0
99.0
99.0
99.0
99.0
99.0
99.0
99.0
99.0
99.0
99.0
99.0
99.0
99.0
99.0
99.0
99.0
99.0
99.0
99.0
99.0
99.0
99.0
99.0
99.0
99.0
99.0
99.0
99.0
99.0
99.0
99.0
99.0
99.0
99.0
99.0
99.0
99.0
99.0
99.0
99.0
99.0
99.0
99.0
99.0
99.0
99.0
99.0
99.0
99.0
99.0
99.0
99.0
99.0
99.0
99.0
99.0
99.0
99.0
99.0
99.0
99.0
99.0
99.0
99.0
99.0
99.0
99.0
99.0
99.0
99.0
99.0
99.0
99.0
99.0
99.0
99.0
99.0
99.0
99.0
99.0
99.0
99.0
99.0
99.0
99.0
99.0
99.0
99.0
99.0
99.0
99.0
99.0
99.0
99.0
99.0
99.0
99.0
99.0
99.0
99.0
99.0
99.0
99.0
99.0
99.0
99.0
99.0
99.0
99.0
99.0
99.0
99.0
99.0
99.0
99.0
99.0
99.0
99.0
99.0
99.0
99.0
99.0
99.0
99.0
99.0
99.0
99.0
99.0
99.0
99.0
99.0
99.0
99.0
99.0
99.0
99.0
99.0
99.0
99.0
99.0
99.0
99.0
99.0
99.0
99.0
99.0
99.0
99.0
99.0
99.0
99.0
99.0
99.0
99.0
99.0
99.0
99.0
99.0
99.0
99.0
99.0
99.0
99.0
99.0
99.0
99.0
99.0
99.0
99.0
99.0
99.0
99.0
99.0
99.0
99.0
99.0
99.0
99.0
99.0
99.0
99.0
99.0
99.0
99.0
99.0
99.0
99.0
99.0
99.0
99.0
99.0
99.0
99.0
99.0
99.0
99.0
99.0
99.0
99.0
99.0
99.0
99.0
99.0
99.0
99.0
99.0
99.0
99.0
99.0
99.0
99.0
99.0
99.0
99.0
99.0
99.0
99.0
99.0
99.0
99.0
99.0
99.0
99.0
99.0
99.0
99.0
99.0
99.0
99.0
99.0
99.0
99.0
99.0
99.0
99.0
99.0
99.0
99.0
99.0
99.0
99.0
99.0
99.0
99.0
99.0
99.0
99.0
99.0
99.0
99.0
99.0
99.0
99.0
99.0
99.0
99.0
99.0
99.0
99.0
99.0
99.0
99.0
99.0
99.0
99.0
99.0
99.0
99.0
99.0
99.0
99.0
99.0
99.0
99.0
99.0
99.0
99.0
99.0
99.0
99.0
99.0
99.0
99.0
99.0
99.0
99.0
99.0
99.0
99.0
99.0
99.0
99.0
99.0
99.0
99.0
99.0
99.0
99.0
99.0
99.0
99.0
99.0
99.0
99.0
99.0
99.0
99.0
99.0
99.0
99.0
99.0
99.0
99.0
99.0
99.0
99.0
99.0
99.0
99.0
99.0
99.0
99.0
99.0
99.0
99.0
99.0
99.0
99.0
99.0
99.0
99.0
99.0
99.0
99.0
99.0
99.0
99.0
99.0
99.0
99.0
99.0
99.0
99.0
99.0
99.0
99.0
99.0
99.0
99.0
99.0
99.0
99.0
99.0
99.0
99.0
99.0
99.0
99.0
99.0
99.0
99.0
99.0
99.0
99.0
99.0
99.0
99.0
99.0
99.0
99.0
99.0
99.0
99.0
99.0
99.0
99.0
99.0
99.0
99.0
99.0
99.0
99.0
99.0
99.0
99.0
99.0
99.0
99.0
99.0
99.0
99.0
99.0
99.0
99.0
99.0
99.0
99.0
99.0
99.0
99.0
99.0
99.0
99.0
99.0
99.0
99.0
99.0
99.0
99.0
99.0
99.0
99.0
99.0
99.0
99.0
99.0
99.0
99.0
99.0
99.0
99.0
99.0
99.0
99.0
99.0
99.0
99.0
99.0
99.0
99.0
99.0
99.0
99.0
99.0
99.0
99.0
99.0
99.0
99.0
99.0
99.0
99.0
99.0
99.0
99.0
99.0
99.0
99.0
99.0
99.0
99.0
99.0
99.0
99.0
99.0
99.0
99.0
99.0
99.0
99.0
99.0
99.0
99.0
99.0
99.0
99.0
99.0
99.0
99.0
99.0
99.0
99.0
99.0
99.0
99.0
99.0
99.0
99.0
99.0
99.0
99.0
99.0
99.0
99.0
99.0
99.0
99.0
99.0
99.0
99.0
99.0
99.0
99.0
99.0
99.0
99.0
99.0
99.0
99.0
99.0
99.0
99.0
99.0
99.0
99.0
99.0
99.0
99.0
99.0
99.0
99.0
99.0
99.0
99.0
99.0
99.0
99.0
99.0
99.0
99.0
99.0
99.0
99.0
99.0
99.0
99.0
99.0
99.0
99.0
99.0
99.0
99.0
99.0
99.0
99.0
99.0
99.0
99.0
99.0
99.0
99.0
99.0
99.0
99.0
99.0
99.0
99.0
99.0
99.0
99.0
99.0
99.0
99.0
99.0
99.0
99.0
99.0
99.0
99.0
99.0
99.0
99.0
99.0
99.0
99.0
99.0
99.0
99.0
99.0
99.0
99.0
99.0
99.0
99.0
99.0
99.0
99.0
99.0
99.0
99.0
99.0
99.0
99.0
99.0
99.0
99.0
99.0
99.0
99.0
99.0
99.0
99.0
99.0
99.0
99.0
99.0
99.0
99.0
99.0
99.0
99.0
99.0
99.0
99.0
99.0
99.0
99.0
99.0
99.0
99.0
99.0
99.0
99.0
99.0
99.0
99.0
99.0
99.0
99.0
99.0
99.0
99.0
99.0
99.0
99.0
99.0
99.0
99.0
99.0
99.0
99.0
99.0
99.0
99.0
99.0
99.0
99.0
99.0
99.0
99.0
99.0
99.0
99.0
99.0
99.0
99.0
99.0
99.0
99.0
99.0
99.0
99.0
99.0
99.0
99.0
99.0
99.0
99.0
99.0
99.0
99.0
99.0
99.0
99.0
99.0
99.0
99.0
99.0
99.0
99.0
99.0
99.0
99.0
99.0
99.0
99.0
99.0
99.0
99.0
99.0
99.0
99.0
99.0
99.0
99.0
99.0
99.0
99.0
99.0
99.0
99.0
99.0
99.0
99.0
99.0
99.0
99.0
99.0
99.0
99.0
99.0
99.0
99.0
99.0
99.0
99.0
99.0
99.0
99.0
99.0
99.0
99.0
99.0
99.0
99.0
99.0
99.0
99.0
99.0
99.0
99.0
99.0
99.0
99.0
99.0
99.0
99.0
99.0
99.0
99.0
99.0
99.0
99.0
99.0
99.0
99.0
99.0
99.0
99.0
99.0
99.0
99.0
99.0
99.0
99.0
99.0
99.0
99.0
99.0
99.0
99.0
99.0
99.0
99.0
99.0
99.0
99.0
99.0
99.0
99.0
99.0
99.0
99.0
99.0
99.0
99.0
99.0
99.0
99.0
99.0
99.0
99.0
99.0
99.0
99.0
99.0
99.0
99.0
99.0
99.0
99.0
99.0
99.0
99.0
99.0
99.0
99.0
99.0
99.0
99.0
99.0
99.0
99.0
99.0
99.0
99.0
99.0
99.0
99.0
99.0
99.0
99.0
99.0
99.0
99.0
99.0
99.0
99.0
99.0
99.0
99.0
99.0
99.0
99.0
99.0
99.0
99.0
99.0
99.0
99.0
99.0
99.0
99.0
99.0
99.0
99.0
99.0
99.0
99.0
99.0
99.0
99.0
99.0
99.0
99.0
99.0
99.0
99.0
99.0
99.0
99.0
99.0
99.0
99.0
99.0
99.0
99.0
99.0
99.0
99.0
99.0
99.0
99.0
99.0
99.0
99.0
99.0
99.0
99.0
99.0
99.0
99.0
99.0
99.0
99.0
99.0
99.0
99.0
99.0
99.0
99.0
99.0
99.0
99.0
99.0
99.0
99.0
99.0
99.0
99.0
99.0
99.0
99.0
99.0
99.0
99.0
99.0
99.0
99.0
99.0
99.0
99.0
99.0
99.0
99.0
99.0
99.0
99.0
99.0
99.0
99.0
99.0
99.0
99.0
99.0
99.0
99.0
99.0
99.0
99.0
99.0
99.0
99.0
99.0
99.0
99.0
99.0
99.0
99.0
99.0
99.0
99.0
99.0
99.0
99.0
99.0
99.0
99.0
99.0
99.0
99.0
99.0
99.0
99.0
99.0
99.0
99.0
99.0
99.0
99.0
99.0
99.0
99.0
99.0
99.0
99.0
99.0
99.0
99.0
99.0
99.0
99.0
99.0
99.0
99.0
99.0
99.0
99.0
99.0
99.0
99.0
99.0
99.0
99.0
99.0
99.0
99.0
99.0
99.0
99.0
99.0
99.0
99.0
99.0
99.0
99.0
99.0
99.0
99.0
99.0
99.0
99.0
99.0
99.0
99.0
99.0
99.0
99.0
99.0
99.0
99.0
99.0
99.0
99.0
99.0
99.0
99.0
99.0
99.0
99.0
99.0
99.0
99.0
99.0
99.0
99.0
99.0
99.0
99.0
99.0
99.0
99.0
99.0
99.0
99.0
99.0
99.0
99.0
99.0
99.0
99.0
99.0
99.0
99.0
99.0
99.0
99.0
99.0
99.0
99.0
99.0
99.0
99.0
99.0
99.0
99.0
99.0
99.0
99.0
99.0
99.0
99.0
99.0
99.0
99.0
99.0
99.0
99.0
99.0
99.0
99.0
99.0
99.0
99.0
99.0
99.0
99.0
99.0
99.0
99.0
99.0
99.0
99.0
99.0
99.0
99.0
99.0
99.0
99.0
99.0
99.0
99.0
99.0
99.0
99.0
99.0
99.0
99.0
99.0
99.0
99.0
99.0
99.0
99.0
99.0
99.0
99.0
99.0
99.0
99.0
99.0
99.0
99.0
99.0
99.0
99.0
99.0
99.0
99.0
99.0
99.0
99.0
99.0
99.0
99.0
99.0
99.0
99.0
99.0
99.0
99.0
99.0
99.0
99.0
99.0
99.0
99.0
99.0
99.0
99.0
99.0
99.0
99.0
99.0
99.0
99.0
99.0
99.0
99.0
99.0
99.0
99.0
99.0
99.0
99.0
99.0
99.0
99.0
99.0
99.0
99.0
99.0
99.0
99.0
99.0
99.0
99.0
99.0
99.0
99.0
99.0
99.0
99.0
99.0
99.0
99.0
99.0
99.0
99.0
99.0
99.0
99.0
99.0
99.0
99.0
99.0
99.0
99.0
99.0
99.0
99.0
99.0
99.0
99.0
99.0
99.0
99.0
99.0
99.0
99.0
99.0
99.0
99.0
99.0
99.0
99.0
99.0
99.0
99.0
99.0
99.0
99.0
99.0
99.0
99.0
99.0
99.0
99.0
99.0
99.0
99.0
99.0
99.0
99.0
99.0
99.0
99.0
99.0
99.0
99.0
99.0
99.0
99.0
99.0
99.0
99.0
99.0
99.0
99.0
99.0
99.0
99.0
99.0
99.0
99.0
99.0
99.0
99.0
99.0
99.0
99.0
99.0
99.0
99.0
99.0
99.0
99.0
99.0
99.0
99.0
99.0
99.0
99.0
99.0
99.0
99.0
99.0
99.0
99.0
99.0
99.0
99.0
99.0
99.0
99.0
99.0
99.0
99.0
99.0
99.0
99.0
99.0
99.0
99.0
99.0
99.0
99.0
99.0
99.0
99.0
99.0
99.0
99.0
99.0
99.0
99.0
99.0
99.0
99.0
99.0
99.0
99.0
99.0
99.0
99.0
99.0
99.0
99.0
99.0
99.0
99.0
99.0
99.0
99.0
99.0
99.0
99.0
99.0
99.0
99.0
99.0
99.0
99.0
99.0
99.0
99.0
99.0
99.0
99.0
99.0
99.0
99.0
99.0
99.0
99.0
99.0
99.0
99.0
99.0
99.0
99.0
99.0
99.0
99.0
99.0
99.0
99.0
99.0
99.0
99.0
99.0
99.0
99.0
99.0
99.0
99.0
99.0
99.0
99.0
99.0
99.0
99.0
99.0
99.0
99.0
99.0
99.0
99.0
99.0
99.0
99.0
99.0
99.0
99.0
99.0
99.0
99.0
99.0
99.0
99.0
99.0
99.0
99.0
99.0
99.0
99.0
99.0
99.0
99.0
99.0
99.0
99.0
99.0
99.0
99.0
99.0
99.0
99.0
99.0
99.0
99.0
99.0
99.0
99.0
99.0
99.0
99.0
99.0
99.0
99.0
99.0
99.0
99.0
99.0
99.0
99.0
99.0
99.0
99.0
99.0
99.0
99.0
99.0
99.0
99.0
99.0
99.0
99.0
99.0
99.0
99.0
99.0
99.0
99.0
99.0
99.0
99.0
99.0
99.0
99.0
99.0
99.0
99.0
99.0
99.0
99.0
99.0
99.0
99.0
99.0
99.0
99.0
99.0
99.0
99.0
99.0
99.0
99.0
99.0
99.0
99.0
99.0
99.0
99.0
99.0
99.0
99.0
99.0
99.0
99.0
99.0
99.0
99.0
99.0
99.0
99.0
99.0
99.0
99.0
99.0
99.0
99.0
99.0
99.0
99.0
99.0
99.0
99.0
99.0
99.0
99.0
99.0
99.0
99.0
99.0
99.0
99.0
99.0
99.0
99.0
99.0
99.0
99.0
99.0
99.0
99.0
99.0
99.0
99.0
99.0
99.0
99.0
99.0
99.0
99.0
99.0
99.0
99.0
99.0
99.0
99.0
99.0
99.0
99.0
99.0
99.0
99.0
99.0
99.0
99.0
99.0
99.0
99.0
99.0
99.0
99.0
99.0
99.0
99.0
99.0
99.0
99.0
99.0
99.0
99.0
99.0
99.0
99.0
99.0
99.0
99.0
99.0
99.0
99.0
99.0
99.0
99.0
99.0
99.0
99.0
99.0
99.0
99.0
99.0
99.0
99.0
99.0
99.0
99.0
99.0
99.0
99.0
99.0
99.0
99.0
99.0
99.0
99.0
99.0
99.0
99.0
99.0
99.0
99.0
99.0
99.0
99.0
99.0
99.0
99.0
99.0
99.0
99.0
99.0
99.0
99.0
99.0
99.0
99.0
99.0
99.0
99.0
99.0
99.0
99.0
99.0
99.0
99.0
99.0
99.0
99.0
99.0
99.0
99.0
99.0
99.0
99.0
99.0
99.0
99.0
99.0
99.0
99.0
99.0
99.0
99.0
99.0
99.0
99.0
99.0
99.0
99.0
99.0
99.0
99.0
99.0
99.0
99.0
99.0
99.0
99.0
99.0
99.0
99.0
99.0
99.0
99.0
99.0
99.0
99.0
99.0
99.0
99.0
99.0
99.0
99.0
99.0
99.0
99.0
99.0
99.0
99.0
99.0
99.0
99.0
99.0
99.0
99.0
99.0
99.0
99.0
99.0
99.0
99.0
99.0
99.0
99.0
99.0
99.0
99.0
99.0
99.0
99.0
99.0
99.0
99.0
99.0
99.0
99.0
99.0
99.0
99.0
99.0
99.0
99.0
99.0
99.0
99.0
99.0
99.0
99.0
99.0
99.0
99.0
99.0
99.0
99.0
99.0
99.0
99.0
99.0
99.0
99.0
99.0
99.0
99.0
99.0
99.0
99.0
99.0
99.0
99.0
99.0
99.0
99.0
99.0
99.0
99.0
99.0
99.0
99.0
99.0
99.0
99.0
99.0
99.0
99.0
99.0
99.0
99.0
99.0
99.0
99.0
99.0
99.0
99.0
99.0
99.0
99.0
99.0
99.0
99.0
99.0
99.0
99.0
99.0
99.0
99.0
99.0
99.0
99.0
99.0
99.0
99.0
99.0
99.0
99.0
99.0
99.0
99.0
99.0
99.0
99.0
99.0
99.0
99.0
99.0
99.0
99.0
99.0
99.0
99.0
99.0
99.0
99.0
99.0
99.0
99.0
99.0
99.0
99.0
99.0
99.0
99.0
99.0
99.0
99.0
99.0
99.0
99.0
99.0
99.0
99.0
99.0
99.0
99.0
99.0
99.0
99.0
99.0
99.0
99.0
99.0
99.0
99.0
99.0
99.0
99.0
99.0
99.0
99.0
99.0
99.0
99.0
99.0
99.0
99.0
99.0
99.0
99.0
99.0
99.0
99.0
99.0
99.0
99.0
99.0
99.0
99.0
99.0
99.0
99.0
99.0
99.0
99.0
99.0
99.0
99.0
99.0
99.0
99.0
99.0
99.0
99.0
99.0
99.0
99.0
99.0
99.0
99.0
99.0
99.0
99.0
99.0
99.0
99.0
99.0
99.0
99.0
99.0
99.0
99.0
99.0
99.0
99.0
99.0
99.0
99.0
99.0
99.0
99.0
99.0
99.0
99.0
99.0
99.0
99.0
99.0
99.0
99.0
99.0
99.0
99.0
99.0
99.0
99.0
99.0
99.0
99.0
99.0
99.0
99.0
99.0
99.0
99.0
99.0
99.0
99.0
99.0
99.0
99.0
99.0
99.0
99.0
99.0
99.0
99.0
99.0
99.0
99.0
99.0
99.0
99.0
99.0
99.0
99.0
99.0
99.0
99.0
99.0
99.0
99.0
99.0
99.0
99.0
99.0
99.0
99.0
99.0
99.0
99.0
99.0
99.0
99.0
99.0
99.0
99.0
99.0
99.0
99.0
99.0
99.0
99.0
99.0
99.0
99.0
99.0
99.0
99.0
99.0
99.0
99.0
99.0
99.0
99.0
99.0
99.0
99.0
99.0
99.0
99.0
99.0
99.0
99.0
99.0
99.0
99.0
99.0
99.0
99.0
99.0
99.0
99.0
99.0
99.0
99.0
99.0
99.0
99.0
99.0
99.0
99.0
99.0
99.0
99.0
99.0
99.0
99.0
99.0
99.0
99.0
99.0
99.0
99.0
99.0
99.0
99.0
99.0
99.0
99.0
99.0
99.0
99.0
99.0
99.0
99.0
99.0
99.0
99.0
99.0
99.0
99.0
99.0
99.0
99.0
99.0
99.0
99.0
99.0
99.0
99.0
99.0
99.0
99.0
99.0
99.0
99.0
99.0
99.0
99.0
99.0
99.0
99.0
99.0
99.0
99.0
99.0
99.0
99.0
99.0
99.0
99.0
99.0
99.0
99.0
99.0
99.0
99.0
99.0
99.0
99.0
99.0
99.0
99.0
99.0
99.0
99.0
99.0
99.0
99.0
99.0
99.0
99.0
99.0
99.0
99.0
99.0
99.0
99.0
99.0
99.0
99.0
99.0
99.0
99.0
99.0
99.0
99.0
99.0
99.0
99.0
99.0
99.0
99.0
99.0
99.0
99.0
99.0
99.0
99.0
99.0
99.0
99.0
99.0
99.0
99.0
99.0
99.0
99.0
99.0
99.0
99.0
99.0
99.0
99.0
99.0
99.0
99.0
99.0
99.0
99.0
99.0
99.0
99.0
99.0
99.0
99.0
99.0
99.0
99.0
99.0
99.0
99.0
99.0
99.0
99.0
99.0
99.0
99.0
99.0
99.0
99.0
99.0
99.0
99.0
99.0
99.0
99.0
99.0
99.0
99.0
99.0
99.0
99.0
99.0
99.0
99.0
99.0
99.0
99.0
99.0
99.0
99.0
99.0
99.0
99.0
99.0
99.0
99.0
99.0
99.0
99.0
99.0
99.0
99.0
99.0
99.0
99.0
99.0
99.0
99.0
99.0
99.0
99.0
99.0
99.0
99.0
99.0
99.0
99.0
99.0
99.0
99.0
99.0
99.0
99.0
99.0
99.0
99.0
99.0
99.0
99.0
99.0
99.0
99.0
99.0
99.0
99.0
99.0
99.0
99.0
99.0
99.0
99.0
99.0
99.0
99.0
99.0
99.0
99.0
99.0
99.0
99.0
99.0
99.0
99.0
99.0
99.0
99.0
99.0
99.0
99.0
99.0
98.9999999999
98.9999999999
99.0
99.0000000001
99.0000000001
99.0
98.9999999999
98.9999999999
99.0
99.0000000001
99.0000000001
99.0
98.9999999999
98.9999999999
99.0
99.0000000001
99.0000000001
99.0
98.9999999998
98.9999999998
99.0
99.0000000002
99.0000000002
99.0
98.9999999998
98.9999999998
99.0
99.0000000003
99.0000000003
99.0
98.9999999997
98.9999999997
99.0
99.0000000004
99.0000000004
99.0
98.9999999996
98.9999999995
99.0
99.0000000005
99.0000000005
99.0
98.9999999994
98.9999999994
99.0
99.0000000007
99.0000000008
99.0
98.9999999991
98.9999999991
99.0
99.000000001
99.0000000011
99.0
98.9999999988
98.9999999987
99.0
99.0000000014
99.0000000015
99.0
98.9999999983
98.9999999982
99.0
99.000000002
99.0000000021
99.0
98.9999999976
98.9999999975
99.0
99.0000000028
99.000000003
99.0
98.9999999967
98.9999999965
99.0
99.0000000039
99.0000000041
99.0
98.9999999954
98.9999999951
99.0
99.0000000055
99.0000000058
99.0
98.9999999935
98.9999999931
99.0
99.0000000077
99.0000000081
99.0
98.9999999909
98.9999999904
99.0
99.0000000108
99.0000000114
99.0
98.9999999872
98.9999999865
99.0
99.0000000151
99.000000016
99.0
98.9999999821
98.999999981
99.0
99.0000000212
99.0000000224
99.0
98.9999999749
98.9999999734
99.0
99.0000000297
99.0000000315
99.0
98.9999999648
98.9999999628
99.0
99.0000000417
99.0000000441
99.0
98.9999999506
98.9999999478
99.0
99.0000000584
99.0000000618
99.0
98.9999999308
98.9999999268
99.0
99.0000000819
99.0000000867
99.0
98.999999903
98.9999998974
99.0
99.0000001148
99.0000001215
99.0
98.999999864
98.9999998561
99.0
99.000000161
99.0000001703
99.0
98.9999998094
98.9999997983
99.0
99.0000002257
99.0000002388
99.0
98.9999997328
98.9999997173
99.0
99.0000003164
99.0000003347
99.0
98.9999996254
98.9999996037
99.0
99.0000004436
99.0000004693
99.0
98.9999994748
98.9999994444
99.0
99.0000006219
99.0000006579
99.0
98.9999992637
98.999999221
99.0
99.0000008718
99.0000009223
99.0
98.9999989678
98.999998908
99.0
99.0000012222
99.000001293
99.0
98.9999985529
98.9999984691
99.0
99.0000017134
99.0000018126
99.0
98.9999979713
98.9999978538
99.0
99.000002402
99.0000025411
99.0
98.999997156
98.9999969913
99.0
99.0000033674
99.0000035624
99.0
98.999996013
98.999995782
99.0
99.0000047207
99.0000049941
99.0
98.9999944106
98.9999940868
99.0
99.000006618
99.0000070013
99.0
98.9999921641
98.9999917103
99.0
99.0000092778
99.0000098152
99.0
98.9999890149
98.9999883786
99.0
99.0000130066
99.00001376
99.0
98.9999845998
98.9999837078
99.0
99.0000182341
99.0000192903
99.0
98.9999784103
98.9999771598
99.0
99.0000255627
99.0000270433
99.0
98.9999697331
98.99996798
99.0
99.0000358369
99.0000379127
99.0
98.999957568
98.9999551101
99.0
99.000050241
99.0000531513
99.0
98.9999405125
98.9999370665
99.0
99.0000704363
99.0000745168
99.0
98.999916599
98.999911767
99.0
99.0000987536
99.0001044757
99.0
98.9998830653
98.9998762887
99.0
99.000138467
99.0001464932
99.0
98.9998360291
98.9998265217
99.0
99.0001941832
99.0002054473
99.0
98.9997700194
98.9997566708
99.0
99.0002724074
99.0002882319
99.0
98.9996772885
98.9996585196
99.0
99.0003823887
99.0004046652
99.0
98.9995467595
98.9995202943
99.0
99.0005374514
99.0005689355
99.0
98.9993623071
98.9993247814
99.0
99.0007572711
99.0008021158
99.0
98.9990996596
98.9990458715
99.0
99.0010722243
99.0011370692
99.0
98.9987200867
98.9986413586
99.0
99.0015328622
99.0016293789
99.0
98.9981556916
98.9980357825
99.0000000001
99.0022335293
99.0023852164
98.9999999999
98.9972701465
98.9970735366
99.0000000001
99.0033801108
99.0036433341
98.9999999999
98.9957367887
98.9953690196
99.0000000001
99.0055205878
99.0060639037
98.9999999999
98.9925749207
98.9917116574
99.0000000001
99.0105534935
99.01206314
98.9999999999
98.9837204478
98.9807150081
99.0000000001
99.0284527718
99.0356454106
98.9999999999
98.93925628
98.9163895767
99.0000000001
99.1845583722
99.305745152
99.0
