2.99999509455
2.99999656588
2.99999775828
2.99999870852
2.99999944992
3.00000001253
3.00000042333
3.00000070649
3.00000088357
3.0000009737
3.00000099378
3.00000095868
3.00000088132
3.00000077301
3.00000064332
3.00000050056
3.00000035164
3.00000020233
3.00000005734
2.99999992046
2.99999979461
2.99999968199
2.99999958415
2.99999950206
2.9999994362
2.99999938663
2.99999935307
2.99999933492
2.99999933133
2.99999934127
2.99999936359
2.99999939698
2.99999944008
2.99999949148
2.99999954975
2.99999961347
2.99999968129
2.99999975183
2.99999982385
2.99999989611
2.99999996751
3.00000003709
3.00000010384
3.00000016699
3.00000022582
3.00000027969
3.00000032812
3.00000037073
3.00000040717
3.00000043727
3.00000046091
3.00000047806
3.00000048876
3.00000049316
3.00000049145
3.00000048387
3.00000047077
3.00000045249
3.00000042942
3.00000040203
3.00000037075
3.00000033609
3.00000029851
3.00000025857
3.00000021677
3.00000017359
3.00000012953
3.00000008512
3.00000004079
2.99999999701
2.99999995422
2.99999991281
2.99999987314
2.99999983557
2.9999998004
2.9999997679
2.99999973833
2.99999971186
2.99999968868
2.99999966891
2.99999965264
2.99999963993
2.9999996308
2.99999962527
2.99999962325
2.99999962469
2.99999962948
2.99999963753
2.99999964865
2.99999966268
2.9999996794
2.99999969864
2.99999972016
2.99999974371
2.99999976905
2.99999979592
2.99999982405
2.99999985318
2.99999988304
2.99999991341
2.99999994393
2.99999997443
3.00000000464
3.00000003428
3.00000006318
3.00000009109
3.00000011778
3.00000014312
3.00000016689
3.00000018894
3.00000020917
3.0000002274
3.00000024356
3.00000025756
3.00000026931
3.00000027881
3.000000286
3.00000029087
3.00000029344
3.00000029372
3.00000029175
3.00000028759
3.00000028132
3.00000027303
3.00000026279
3.00000025075
3.00000023701
3.00000022171
3.00000020499
3.000000187
3.00000016788
3.00000014781
3.00000012695
3.00000010545
3.00000008349
3.00000006124
3.00000003885
3.0000000165
2.99999999434
2.99999997253
2.99999995122
2.99999993054
2.99999991064
2.99999989166
2.99999987369
2.99999985686
2.99999984126
2.99999982699
2.99999981412
2.99999980274
2.99999979285
2.99999978454
2.99999977785
2.99999977276
2.99999976932
2.99999976751
2.99999976732
2.99999976873
2.9999997717
2.99999977619
2.99999978215
2.99999978952
2.99999979821
2.99999980817
2.99999981927
2.99999983148
2.99999984465
2.9999998587
2.99999987352
2.999999889
2.99999990503
2.9999999215
2.99999993828
2.99999995526
2.99999997233
2.99999998938
3.00000000628
3.00000002294
3.00000003925
3.00000005509
3.00000007038
3.00000008503
3.00000009895
3.00000011205
3.00000012427
3.00000013554
3.00000014578
3.00000015496
3.00000016303
3.00000016996
3.00000017569
3.00000018024
3.00000018356
3.00000018568
3.00000018656
3.00000018626
3.00000018476
3.00000018209
3.0000001783
3.00000017341
3.00000016748
3.00000016054
3.00000015267
3.00000014392
3.00000013438
3.00000012406
3.0000001131
3.00000010155
3.00000008948
3.00000007699
3.00000006416
3.00000005106
3.0000000378
3.00000002445
3.00000001109
2.99999999781
2.9999999847
2.99999997182
2.99999995927
2.9999999471
2.99999993541
2.99999992424
2.99999991366
2.99999990373
2.99999989452
2.99999988604
2.99999987837
2.99999987154
2.99999986557
2.99999986049
2.99999985632
2.99999985309
2.99999985079
2.99999984943
2.99999984901
2.99999984953
2.99999985095
2.99999985327
2.99999985647
2.9999998605
2.99999986535
2.99999987095
2.99999987729
2.9999998843
2.99999989194
2.99999990016
2.9999999089
2.9999999181
2.99999992769
2.99999993763
2.99999994783
2.99999995825
2.99999996881
2.99999997945
2.99999999009
3.00000000069
3.00000001117
3.00000002148
3.00000003155
3.00000004133
3.00000005075
3.00000005978
3.00000006836
3.00000007642
3.00000008396
3.00000009091
3.00000009725
3.00000010295
3.00000010797
3.00000011228
3.0000001159
3.00000011878
3.00000012093
3.00000012232
3.00000012299
3.00000012291
3.0000001221
3.00000012059
3.00000011836
3.00000011546
3.00000011189
3.00000010772
3.00000010293
3.00000009759
3.00000009173
3.00000008538
3.00000007859
3.0000000714
3.00000006387
3.00000005603
3.00000004794
3.00000003965
3.00000003122
3.00000002267
3.00000001408
3.00000000549
2.99999999696
2.99999998853
2.99999998025
2.99999997216
2.99999996433
2.99999995677
2.99999994955
2.99999994269
2.99999993624
2.99999993022
2.99999992466
2.99999991961
2.99999991507
2.99999991107
2.99999990764
2.99999990477
2.99999990249
2.9999999008
2.9999998997
2.9999998992
2.99999989929
2.99999989997
2.99999990122
2.99999990303
2.99999990539
2.99999990828
2.99999991167
2.99999991554
2.99999991986
2.99999992461
2.99999992975
2.99999993525
2.99999994107
2.99999994717
2.99999995352
2.99999996008
2.9999999668
2.99999997366
2.9999999806
2.99999998759
2.99999999458
3.00000000154
3.00000000841
3.00000001518
3.0000000218
3.00000002822
3.00000003442
3.00000004037
3.00000004601
3.00000005135
3.00000005634
3.00000006095
3.00000006518
3.00000006898
3.00000007236
3.00000007528
3.00000007775
3.00000007974
3.00000008126
3.0000000823
3.00000008285
3.00000008293
3.00000008253
3.00000008165
3.00000008032
3.00000007855
3.00000007633
3.0000000737
3.00000007068
3.00000006728
3.00000006352
3.00000005944
3.00000005505
3.00000005039
3.00000004549
3.00000004037
3.00000003508
3.00000002963
3.00000002406
3.00000001841
3.0000000127
3.00000000698
3.00000000127
2.9999999956
2.99999999002
2.99999998454
2.9999999792
2.99999997404
2.99999996906
2.99999996431
2.9999999598
2.99999995557
2.99999995163
2.999999948
2.9999999447
2.99999994174
2.99999993915
2.99999993692
2.99999993507
2.99999993362
2.99999993254
2.99999993186
2.99999993158
2.99999993168
2.99999993218
2.99999993304
2.99999993429
2.99999993589
2.99999993784
2.99999994013
2.99999994273
2.99999994564
2.99999994882
2.99999995227
2.99999995595
2.99999995985
2.99999996393
2.99999996819
2.99999997259
2.9999999771
2.99999998169
2.99999998635
2.99999999104
2.99999999575
3.00000000043
3.00000000506
3.00000000962
3.00000001409
3.00000001844
3.00000002264
3.00000002668
3.00000003053
3.00000003417
3.00000003759
3.00000004076
3.00000004367
3.00000004631
3.00000004867
3.00000005073
3.00000005249
3.00000005393
3.00000005506
3.00000005587
3.00000005636
3.00000005652
3.00000005638
3.00000005591
3.00000005513
3.00000005405
3.00000005268
3.00000005102
3.00000004909
3.00000004691
3.00000004448
3.00000004182
3.00000003896
3.0000000359
3.00000003267
3.00000002929
3.00000002577
3.00000002214
3.00000001842
3.00000001463
3.0000000108
3.00000000694
3.00000000307
2.99999999923
2.99999999542
2.99999999167
2.99999998801
2.99999998444
2.999999981
2.99999997769
2.99999997453
2.99999997155
2.99999996876
2.99999996616
2.99999996378
2.99999996162
2.99999995969
2.99999995801
2.99999995657
2.99999995539
2.99999995447
2.99999995381
2.99999995342
2.99999995329
2.99999995342
2.9999999538
2.99999995444
2.99999995533
2.99999995646
2.99999995782
2.9999999594
2.99999996119
2.99999996318
2.99999996536
2.99999996771
2.99999997022
2.99999997287
2.99999997565
2.99999997853
2.99999998151
2.99999998457
2.99999998768
2.99999999083
2.999999994
2.99999999718
3.00000000034
3.00000000348
3.00000000656
3.00000000958
3.00000001252
3.00000001537
3.0000000181
3.00000002071
3.00000002318
3.0000000255
3.00000002765
3.00000002963
3.00000003144
3.00000003305
3.00000003447
3.00000003568
3.00000003668
3.00000003748
3.00000003806
3.00000003842
3.00000003857
3.0000000385
3.00000003823
3.00000003774
3.00000003706
3.00000003617
3.0000000351
3.00000003384
3.00000003241
3.00000003081
3.00000002906
3.00000002716
3.00000002513
3.00000002299
3.00000002073
3.00000001839
3.00000001596
3.00000001347
3.00000001093
3.00000000835
3.00000000575
3.00000000314
3.00000000054
2.99999999796
2.99999999541
2.99999999292
2.99999999048
2.99999998812
2.99999998585
2.99999998367
2.9999999816
2.99999997966
2.99999997784
2.99999997616
2.99999997462
2.99999997324
2.99999997201
2.99999997095
2.99999997006
2.99999996934
2.99999996879
2.99999996841
2.99999996821
2.99999996819
2.99999996834
2.99999996866
2.99999996914
2.9999999698
2.9999999706
2.99999997156
2.99999997266
2.99999997391
2.99999997528
2.99999997677
2.99999997838
2.99999998009
2.99999998189
2.99999998377
2.99999998572
2.99999998773
2.99999998979
2.99999999188
2.999999994
2.99999999613
2.99999999826
3.00000000038
3.00000000248
3.00000000455
3.00000000658
3.00000000855
3.00000001046
3.00000001229
3.00000001404
3.0000000157
3.00000001726
3.00000001871
3.00000002005
3.00000002127
3.00000002236
3.00000002332
3.00000002415
3.00000002485
3.0000000254
3.00000002581
3.00000002609
3.00000002622
3.00000002621
3.00000002606
3.00000002577
3.00000002535
3.00000002479
3.00000002411
3.00000002331
3.00000002239
3.00000002136
3.00000002023
3.000000019
3.00000001768
3.00000001628
3.0000000148
3.00000001326
3.00000001167
3.00000001002
3.00000000834
3.00000000663
3.0000000049
3.00000000316
3.00000000142
2.99999999969
2.99999999798
2.99999999629
2.99999999463
2.99999999302
2.99999999146
2.99999998996
2.99999998853
2.99999998717
2.99999998588
2.99999998469
2.99999998358
2.99999998257
2.99999998166
2.99999998085
2.99999998015
2.99999997956
2.99999997908
2.99999997872
2.99999997847
2.99999997833
2.99999997831
2.9999999784
2.9999999786
2.99999997891
2.99999997932
2.99999997984
2.99999998046
2.99999998118
2.99999998198
2.99999998287
2.99999998385
2.99999998489
2.99999998601
2.99999998719
2.99999998842
2.9999999897
2.99999999103
2.99999999239
2.99999999377
2.99999999518
2.9999999966
2.99999999803
2.99999999945
3.00000000086
3.00000000226
3.00000000363
3.00000000498
3.00000000629
3.00000000755
3.00000000877
3.00000000993
3.00000001103
3.00000001207
3.00000001304
3.00000001394
3.00000001475
3.00000001549
3.00000001614
3.00000001671
3.00000001718
3.00000001757
3.00000001787
3.00000001807
3.00000001818
3.0000000182
3.00000001813
3.00000001797
3.00000001772
3.00000001739
3.00000001696
3.00000001646
3.00000001588
3.00000001523
3.0000000145
3.00000001371
3.00000001286
3.00000001194
3.00000001098
3.00000000997
3.00000000891
3.00000000782
3.0000000067
3.00000000555
3.00000000438
3.0000000032
3.00000000201
3.00000000082
2.99999999964
2.99999999846
2.9999999973
2.99999999615
2.99999999504
2.99999999395
2.9999999929
2.99999999189
2.99999999093
2.99999999002
2.99999998916
2.99999998835
2.99999998761
2.99999998694
2.99999998633
2.99999998579
2.99999998532
2.99999998492
2.9999999846
2.99999998435
2.99999998419
2.99999998409
2.99999998408
2.99999998414
2.99999998428
2.99999998449
2.99999998478
2.99999998513
2.99999998556
2.99999998606
2.99999998661
2.99999998723
2.99999998791
2.99999998865
2.99999998943
2.99999999026
2.99999999114
2.99999999206
2.99999999301
2.99999999399
2.99999999499
2.99999999602
2.99999999706
2.99999999812
2.99999999917
3.00000000023
3.00000000129
3.00000000234
3.00000000337
3.00000000439
3.00000000538
3.00000000635
3.00000000728
3.00000000818
3.00000000904
3.00000000985
3.00000001062
3.00000001133
3.00000001199
3.0000000126
3.00000001314
3.00000001362
3.00000001404
3.00000001439
3.00000001467
3.00000001488
3.00000001502
3.0000000151
3.0000000151
3.00000001502
3.00000001488
3.00000001467
3.00000001439
3.00000001404
3.00000001362
3.00000001314
3.0000000126
3.00000001199
3.00000001133
3.00000001062
3.00000000985
3.00000000904
3.00000000818
3.00000000728
3.00000000635
3.00000000538
3.00000000439
3.00000000337
3.00000000234
3.00000000129
3.00000000023
2.99999999917
2.99999999812
2.99999999706
2.99999999602
2.99999999499
2.99999999399
2.99999999301
2.99999999206
2.99999999114
2.99999999027
2.99999998943
2.99999998865
2.99999998791
2.99999998723
2.99999998661
2.99999998606
2.99999998556
2.99999998513
2.99999998478
2.99999998449
2.99999998428
2.99999998414
2.99999998408
2.99999998409
2.99999998419
2.99999998435
2.9999999846
2.99999998492
2.99999998532
2.99999998579
2.99999998633
2.99999998694
2.99999998761
2.99999998836
2.99999998916
2.99999999002
2.99999999093
2.99999999189
2.9999999929
2.99999999395
2.99999999504
2.99999999615
2.9999999973
2.99999999846
2.99999999964
3.00000000082
3.00000000201
3.0000000032
3.00000000438
3.00000000555
3.0000000067
3.00000000782
3.00000000891
3.00000000997
3.00000001098
3.00000001194
3.00000001286
3.00000001371
3.0000000145
3.00000001523
3.00000001588
3.00000001646
3.00000001696
3.00000001739
3.00000001772
3.00000001797
3.00000001813
3.0000000182
3.00000001818
3.00000001807
3.00000001787
3.00000001757
3.00000001718
3.00000001671
3.00000001614
3.00000001549
3.00000001475
3.00000001394
3.00000001304
3.00000001207
3.00000001104
3.00000000993
3.00000000877
3.00000000755
3.00000000629
3.00000000498
3.00000000363
3.00000000226
3.00000000086
2.99999999945
2.99999999803
2.9999999966
2.99999999518
2.99999999377
2.99999999239
2.99999999103
2.9999999897
2.99999998842
2.99999998719
2.99999998601
2.99999998489
2.99999998385
2.99999998287
2.99999998198
2.99999998118
2.99999998046
2.99999997984
2.99999997932
2.99999997891
2.9999999786
2.9999999784
2.99999997831
2.99999997833
2.99999997847
2.99999997872
2.99999997908
2.99999997956
2.99999998015
2.99999998085
2.99999998166
2.99999998257
2.99999998358
2.99999998469
2.99999998588
2.99999998717
2.99999998853
2.99999998996
2.99999999146
2.99999999302
2.99999999463
2.99999999629
2.99999999798
2.99999999969
3.00000000142
3.00000000316
3.0000000049
3.00000000663
3.00000000834
3.00000001002
3.00000001167
3.00000001326
3.0000000148
3.00000001628
3.00000001768
3.000000019
3.00000002023
3.00000002136
3.00000002239
3.00000002331
3.00000002411
3.00000002479
3.00000002535
3.00000002577
3.00000002606
3.00000002621
3.00000002622
3.00000002609
3.00000002582
3.0000000254
3.00000002485
3.00000002415
3.00000002332
3.00000002236
3.00000002126
3.00000002005
3.00000001871
3.00000001726
3.0000000157
3.00000001404
3.00000001229
3.00000001046
3.00000000855
3.00000000658
3.00000000456
3.00000000248
3.00000000038
2.99999999826
2.99999999613
2.999999994
2.99999999188
2.99999998979
2.99999998773
2.99999998572
2.99999998376
2.99999998188
2.99999998009
2.99999997838
2.99999997677
2.99999997528
2.99999997391
2.99999997266
2.99999997156
2.9999999706
2.99999996979
2.99999996914
2.99999996866
2.99999996834
2.99999996819
2.99999996822
2.99999996841
2.99999996879
2.99999996934
2.99999997006
2.99999997095
2.99999997201
2.99999997324
2.99999997462
2.99999997616
2.99999997784
2.99999997966
2.99999998161
2.99999998367
2.99999998585
2.99999998812
2.99999999048
2.99999999292
2.99999999541
2.99999999796
3.00000000054
3.00000000314
3.00000000575
3.00000000835
3.00000001093
3.00000001347
3.00000001596
3.00000001839
3.00000002073
3.00000002299
3.00000002513
3.00000002716
3.00000002906
3.00000003081
3.00000003241
3.00000003384
3.0000000351
3.00000003617
3.00000003706
3.00000003774
3.00000003823
3.00000003851
3.00000003857
3.00000003842
3.00000003806
3.00000003748
3.00000003668
3.00000003568
3.00000003447
3.00000003305
3.00000003144
3.00000002964
3.00000002765
3.0000000255
3.00000002318
3.00000002071
3.0000000181
3.00000001537
3.00000001252
3.00000000958
3.00000000656
3.00000000348
3.00000000034
2.99999999718
2.999999994
2.99999999083
2.99999998768
2.99999998456
2.99999998151
2.99999997853
2.99999997565
2.99999997287
2.99999997022
2.99999996771
2.99999996536
2.99999996318
2.99999996119
2.9999999594
2.99999995782
2.99999995646
2.99999995533
2.99999995444
2.9999999538
2.99999995341
2.99999995329
2.99999995342
2.99999995381
2.99999995447
2.99999995539
2.99999995657
2.99999995801
2.99999995969
2.99999996162
2.99999996378
2.99999996616
2.99999996876
2.99999997155
2.99999997454
2.99999997769
2.999999981
2.99999998444
2.99999998801
2.99999999167
2.99999999542
2.99999999923
3.00000000307
3.00000000694
3.0000000108
3.00000001463
3.00000001842
3.00000002214
3.00000002577
3.00000002929
3.00000003267
3.0000000359
3.00000003896
3.00000004182
3.00000004448
3.00000004691
3.00000004909
3.00000005102
3.00000005268
3.00000005405
3.00000005513
3.0000000559
3.00000005637
3.00000005653
3.00000005636
3.00000005587
3.00000005506
3.00000005394
3.00000005249
3.00000005073
3.00000004867
3.00000004631
3.00000004367
3.00000004076
3.00000003759
3.00000003417
3.00000003053
3.00000002668
3.00000002264
3.00000001844
3.00000001409
3.00000000963
3.00000000506
3.00000000043
2.99999999575
2.99999999105
2.99999998635
2.99999998169
2.9999999771
2.99999997259
2.99999996819
2.99999996393
2.99999995985
2.99999995595
2.99999995226
2.99999994882
2.99999994563
2.99999994273
2.99999994013
2.99999993784
2.99999993589
2.99999993428
2.99999993304
2.99999993218
2.99999993168
2.99999993157
2.99999993186
2.99999993254
2.99999993361
2.99999993508
2.99999993692
2.99999993915
2.99999994174
2.9999999447
2.999999948
2.99999995163
2.99999995557
2.9999999598
2.99999996431
2.99999996906
2.99999997403
2.9999999792
2.99999998454
2.99999999002
2.9999999956
3.00000000127
3.00000000698
3.0000000127
3.00000001841
3.00000002406
3.00000002963
3.00000003508
3.00000004037
3.00000004549
3.00000005039
3.00000005505
3.00000005944
3.00000006352
3.00000006727
3.00000007068
3.0000000737
3.00000007633
3.00000007854
3.00000008032
3.00000008165
3.00000008252
3.00000008293
3.00000008285
3.0000000823
3.00000008126
3.00000007974
3.00000007774
3.00000007528
3.00000007236
3.00000006898
3.00000006518
3.00000006095
3.00000005633
3.00000005135
3.00000004602
3.00000004036
3.00000003442
3.00000002822
3.0000000218
3.00000001518
3.00000000842
3.00000000153
2.99999999459
2.99999998759
2.9999999806
2.99999997366
2.99999996681
2.99999996008
2.99999995352
2.99999994717
2.99999994107
2.99999993525
2.99999992975
2.99999992462
2.99999991987
2.99999991554
2.99999991167
2.99999990828
2.99999990539
2.99999990303
2.99999990122
2.99999989997
2.99999989929
2.9999998992
2.9999998997
2.9999999008
2.99999990249
2.99999990477
2.99999990763
2.99999991108
2.99999991507
2.99999991961
2.99999992466
2.99999993022
2.99999993623
2.99999994269
2.99999994955
2.99999995677
2.99999996433
2.99999997216
2.99999998025
2.99999998853
2.99999999696
3.0000000055
3.00000001408
3.00000002267
3.00000003121
3.00000003965
3.00000004794
3.00000005603
3.00000006387
3.0000000714
3.00000007859
3.00000008537
3.00000009173
3.00000009759
3.00000010294
3.00000010771
3.0000001119
3.00000011545
3.00000011836
3.00000012058
3.00000012211
3.00000012291
3.00000012299
3.00000012233
3.00000012092
3.00000011878
3.0000001159
3.00000011229
3.00000010796
3.00000010295
3.00000009725
3.00000009091
3.00000008396
3.00000007642
3.00000006835
3.00000005978
3.00000005075
3.00000004132
3.00000003156
3.00000002148
3.00000001117
3.00000000069
2.9999999901
2.99999997945
2.99999996881
2.99999995825
2.99999994784
2.99999993763
2.99999992769
2.9999999181
2.9999999089
2.99999990016
2.99999989194
2.9999998843
2.99999987729
2.99999987095
2.99999986534
2.99999986049
2.99999985646
2.99999985327
2.99999985095
2.99999984953
2.99999984901
2.99999984943
2.99999985079
2.99999985309
2.99999985633
2.99999986049
2.99999986557
2.99999987154
2.99999987838
2.99999988605
2.99999989451
2.99999990374
2.99999991366
2.99999992424
2.9999999354
2.99999994711
2.99999995927
2.99999997183
2.9999999847
2.99999999781
3.00000001109
3.00000002444
3.0000000378
3.00000005106
3.00000006416
3.00000007699
3.00000008948
3.00000010154
3.0000001131
3.00000012407
3.00000013437
3.00000014392
3.00000015267
3.00000016055
3.00000016747
3.00000017341
3.0000001783
3.00000018209
3.00000018475
3.00000018626
3.00000018657
3.00000018568
3.00000018357
3.00000018023
3.00000017569
3.00000016996
3.00000016304
3.00000015496
3.00000014579
3.00000013554
3.00000012427
3.00000011205
3.00000009895
3.00000008504
3.00000007038
3.00000005509
3.00000003924
3.00000002294
3.00000000628
2.99999998938
2.99999997233
2.99999995526
2.99999993828
2.9999999215
2.99999990503
2.99999988901
2.99999987352
2.99999985871
2.99999984464
2.99999983148
2.99999981929
2.99999980816
2.99999979821
2.99999978952
2.99999978217
2.9999997762
2.99999977171
2.99999976873
2.99999976733
2.99999976752
2.99999976932
2.99999977277
2.99999977784
2.99999978454
2.99999979285
2.99999980271
2.99999981412
2.99999982699
2.99999984126
2.99999985686
2.99999987368
2.99999989165
2.99999991064
2.99999993054
2.99999995121
2.99999997252
2.99999999434
3.0000000165
3.00000003884
3.00000006124
3.0000000835
3.00000010545
3.00000012695
3.00000014781
3.00000016788
3.00000018699
3.000000205
3.00000022172
3.00000023702
3.00000025076
3.0000002628
3.00000027304
3.00000028132
3.00000028759
3.00000029175
3.00000029371
3.00000029344
3.00000029087
3.000000286
3.00000027881
3.00000026933
3.00000025756
3.00000024355
3.00000022741
3.00000020917
3.00000018896
3.00000016688
3.00000014312
3.0000001178
3.00000009109
3.00000006318
3.0000000343
3.00000000463
2.99999997444
2.99999994395
2.9999999134
2.99999988306
2.99999985319
2.99999982405
2.99999979592
2.99999976905
2.99999974371
2.99999972017
2.99999969865
2.99999967941
2.99999966268
2.99999964865
2.99999963754
2.99999962949
2.99999962468
2.99999962326
2.99999962527
2.99999963082
2.99999963993
2.99999965263
2.99999966891
2.9999996887
2.99999971188
2.99999973833
2.99999976792
2.99999980041
2.99999983559
2.99999987314
2.99999991281
2.99999995424
2.99999999704
3.0000000408
3.00000008513
3.00000012955
3.0000001736
3.00000021679
3.0000002586
3.00000029854
3.00000033609
3.00000037075
3.00000040203
3.00000042943
3.00000045249
3.00000047078
3.00000048388
3.00000049145
3.00000049317
3.00000048876
3.00000047806
3.00000046092
3.00000043729
3.00000040719
3.00000037073
3.00000032813
3.0000002797
3.00000022583
3.000000167
3.00000010385
3.0000000371
2.99999996754
2.99999989612
2.99999982385
2.99999975184
2.99999968129
2.99999961349
2.99999954976
2.99999949149
2.9999994401
2.999999397
2.99999936361
2.99999934128
2.99999933133
2.99999933493
2.99999935308
2.99999938665
2.9999994362
2.99999950207
2.99999958416
2.99999968201
2.99999979461
2.99999992047
3.00000005736
3.00000020233
3.00000035166
3.00000050056
3.00000064333
3.00000077299
3.00000088133
3.00000095867
3.00000099378
3.00000097369
3.00000088356
3.00000070649
3.00000042333
3.00000001253
2.99999944992
2.99999870852
