-2.06966159441
-1.25915488424
-0.51789204929
2.9685119218e-12
0.218715809018
0.174398666251
-5.71921687893e-12
-0.139975146101
-0.136968601597
-5.10030993524e-12
0.151376385925
0.170316685594
4.97155348179e-11
-0.250184275082
-0.33300788632
-1.47535586393e-10
0.826196993582
1.9568063035
3.00000000031
3.56676782663
3.50323539099
2.99999999948
2.49706277071
2.43400399096
3.00000000075
4.04007885682
5.16818249565
5.99999999902
6.34931528659
6.27718033306
6.00000000119
5.75455492326
5.7175249098
5.99999999861
6.66364803212
7.70284056502
9.00000000157
10.3180711274
11.379190093
11.9999999982
12.1875742578
12.116396775
12.0000000019
11.9582492233
11.9810394314
11.9999999979
11.9849954038
11.9708701437
12.0000000023
12.055737753
12.0693381842
11.9999999976
11.9002089449
11.8820334416
12.0000000026
12.165489979
12.198703133
11.9999999973
11.6940696813
11.5971772936
12.0000000028
12.9273775326
14.0765419731
14.9999999972
15.3990747491
15.3023637316
15.0000000028
14.8042563735
14.8370079502
14.9999999973
15.1168506999
15.0996842476
15.0000000026
14.9277626966
14.939140354
14.9999999974
15.0410996585
15.0322762925
15.0000000025
14.98403343
14.9917508411
14.9999999975
14.9932219032
14.9857489974
15.0000000026
15.0295075112
15.0374556538
14.9999999974
14.9455333729
14.9362347711
15.0000000028
15.0847415353
15.0968691785
14.999999997
14.8738710579
14.8556266818
15.0000000031
15.1930623855
15.2273090061
14.9999999967
14.6625557836
14.5637811906
15.0000000034
15.965487537
17.1175533349
17.9999999965
18.3508936544
18.2497461367
18.0000000036
17.8680906487
17.9080150846
17.9999999964
18.0267843463
17.9966771362
18.0000000035
18.068289838
18.1079798032
17.9999999966
17.7748921188
17.6742215237
18.0000000033
18.8561233686
20.0074532892
20.999999997
21.4650278818
21.3672743382
21.0000000028
20.7405055401
20.7734079077
20.9999999975
21.1809541862
21.1644306194
21.0000000021
20.8609559348
20.8709116825
20.9999999982
21.1129846399
21.1064147533
21.0000000015
20.9044688822
20.9089766654
20.9999999989
21.0835311357
21.0804478803
21.0000000008
20.9245730208
20.9265626402
20.9999999994
21.0704074978
21.0693426506
21.0000000003
20.9319223499
20.9321270667
21.0
21.0683315443
21.0690100914
20.9999999997
20.9286663641
20.9269795993
21.0000000005
21.0775967939
21.0805735209
20.9999999992
20.911783459
20.9069374325
21.000000001
21.1054710363
21.1134369607
20.9999999987
20.865494365
20.8513242401
21.0000000015
21.189141399
21.2191876798
20.9999999983
20.6794007265
20.585218195
21.0000000018
21.9341938373
23.080887094
23.9999999982
24.399551868
24.305219806
24.0000000018
23.7966435462
23.8269936558
23.9999999983
24.1317717308
24.1171337011
24.0000000015
23.9050460993
23.913659314
23.9999999986
24.07244215
24.0667477218
24.0000000012
23.9428151923
23.946870978
23.999999999
24.0461344008
24.0430983519
24.0000000009
23.9622334429
23.9645845956
23.9999999992
24.0312346876
24.029371119
24.0000000006
23.9739707616
23.9754712495
23.9999999995
24.021822947
24.0206024202
24.0000000005
23.9816059385
23.9826046478
23.9999999996
24.0155855484
24.0147664128
24.0000000003
23.9867178005
23.987388973
23.9999999997
24.0113971805
24.0108498083
24.0000000002
23.990136195
23.9905784794
23.9999999998
24.0086303223
24.0082785686
24.0000000001
23.9923434902
23.9926159777
23.9999999999
24.0069113871
24.0067096076
24.0000000001
23.9936283422
23.9937656669
24.0
24.0060206442
24.0059435547
24.0
23.9941524226
23.994171636
24.0
24.0058471589
24.0058852284
24.0
23.9939806517
23.9938841514
24.0000000001
24.0063693546
24.0065272156
23.9999999999
23.9930921718
23.9928681265
24.0000000001
24.0076512719
24.0079484095
23.9999999998
23.9913772925
23.9909977794
24.0000000002
24.0098526704
24.01032664
23.9999999998
23.98861935
23.9880354347
24.0000000003
24.0132571739
24.0139708223
23.9999999997
23.98445313
23.9835843363
24.0000000004
24.0183330759
24.0193900865
23.9999999995
23.9782750066
23.9769858199
24.0000000006
24.0258691955
24.0274507224
23.9999999993
23.9690311298
23.9670717578
24.0000000008
24.0373174708
24.0397820124
23.9999999991
23.9546392953
23.9514689314
24.0000000011
24.0558182489
24.0600332351
23.9999999987
23.9300570014
23.9241737893
24.0000000014
24.0901361281
24.0989732887
23.9999999984
23.8783588309
23.8634550636
24.0000000018
24.1783587968
24.2090243245
23.9999999981
23.6884246838
23.5937181242
24.000000002
24.9266594871
26.0737975396
26.999999998
27.4058203734
27.3111093235
27.0000000019
26.7914552268
26.8221298672
26.9999999982
27.136033232
27.1211154617
27.0000000016
26.9015856187
26.9104420845
26.9999999985
27.0752036622
27.0692952748
27.0000000013
26.9406712648
26.9449180369
26.9999999989
27.0477238965
27.0445142011
27.000000001
26.9611515728
26.9636641486
26.9999999992
27.0318407839
27.0298232619
27.0000000007
26.9738225961
26.9754740996
26.9999999994
27.0215175456
27.0201444961
27.0000000005
26.9823738924
26.9835311204
26.9999999995
27.014332442
27.0133441253
27.0000000004
26.9884929424
26.9893489404
26.9999999996
27.0090477447
27.008294457
27.0000000003
26.9931291087
26.993804471
26.9999999997
27.0049057633
27.0042868872
27.0000000003
26.9969094773
26.9974910331
26.9999999997
27.00136928
27.0008073211
27.0000000003
27.0003102406
27.0008695751
26.9999999997
26.9980013077
26.9974277556
27.0000000003
27.003746938
27.0043520216
26.9999999997
26.994392125
26.9937370935
27.0000000003
27.0076383957
27.0083636061
26.9999999997
26.9900983441
26.9892800463
27.0000000004
27.0124698886
27.0134079759
26.9999999996
26.9845718745
26.983481966
27.0000000005
27.0188794231
27.0201607482
26.9999999994
26.9770473875
26.9755240608
27.0000000007
27.0278144019
27.0296468242
26.9999999992
26.9663107606
26.9640762876
27.0000000009
27.0408936309
27.0436656876
26.9999999989
26.9501011247
26.9465815914
27.0000000013
27.061453648
27.0660700553
26.9999999985
26.9231557052
26.9168064646
27.0000000017
27.0985111996
27.1078936249
26.9999999981
26.8682554373
26.8527095811
27.0000000021
27.1905014842
27.2219274244
26.9999999977
26.6738623128
26.5782502288
27.0000000024
27.9441090937
29.0923319348
29.9999999975
30.3849038048
30.2888839256
30.0000000025
29.8165672646
29.8488355168
29.9999999975
30.1057925218
30.0889104965
30.0000000024
29.938182511
29.9495013429
29.9999999976
30.0305771479
30.0215076946
30.0000000024
29.9957201177
30.004165182
29.9999999976
29.978608129
29.9695398026
30.0000000024
30.0503783038
30.0616948487
29.9999999976
29.9112179263
29.8943394153
30.0000000025
30.151024214
30.1832876211
29.9999999975
29.7112723155
29.6152587546
30.0000000025
30.9074912569
32.0557061208
32.9999999976
33.4219523466
33.3263501335
33.0000000023
32.7778382749
32.8092521603
32.9999999979
33.1475633359
33.132032073
33.0000000019
32.8917868149
32.9011516792
32.9999999983
33.0835691376
33.0772409423
33.0000000015
32.9334872533
32.9380785119
32.9999999987
33.0539412099
33.0504516685
33.0000000011
32.9557160237
32.9584523632
32.9999999991
33.036655675
33.0344636956
33.0000000008
32.9694860081
32.97126791
32.9999999993
33.0255038223
33.0240405298
33.0000000006
32.9786204121
32.9798304217
32.9999999995
33.0179636944
33.0169584834
33.0000000004
32.9848769963
32.9857145078
32.9999999997
33.012754837
33.0120559604
33.0000000003
32.9892217276
32.9898051443
32.9999999998
33.0091285066
33.0086418365
33.0000000002
32.9922469416
32.9926521027
32.9999999998
33.0066091185
33.0062729997
33.0000000001
32.9943383612
32.9946156517
32.9999999999
33.0048819155
33.0046551021
33.0000000001
32.9957534838
32.995936608
32.9999999999
33.0037364548
33.0035915641
33.0000000001
32.9966634485
32.9967744089
33.0
33.0030349383
33.00295462
33.0
32.9971773188
32.9972293719
33.0
33.0026935002
33.0026681726
33.0
32.9973564259
32.9973557776
33.0
33.0026714231
33.0026980641
33.0
32.9972221386
32.9971687218
33.0
33.0029660201
33.0030477852
33.0
32.9967585604
32.9966460386
33.0000000001
33.0036122339
33.0037588287
32.9999999999
32.9959106664
32.9957256753
33.0000000001
33.0046868135
33.0049156618
32.9999999999
32.9945776813
32.9942982114
33.0000000001
33.0063176026
33.0066559703
32.9999999998
32.9926007996
32.9921934876
33.0000000002
33.0086992639
33.0091876585
32.9999999998
32.9897433996
32.9891592925
33.0000000003
33.012117969
33.012815413
32.9999999997
32.9856602837
32.984828244
33.0000000004
33.0169898727
33.0179822312
32.9999999995
32.9798491083
32.9786651407
33.0000000006
33.0239233261
33.0253372679
32.9999999993
32.9715690879
32.9698776016
33.0000000008
33.0338278483
33.0358567792
32.999999999
32.9596903773
32.9572470054
33.0000000011
33.0481297827
33.0510892725
32.9999999987
32.9423729429
32.9387583523
33.0000000016
33.0692713343
33.0737394114
32.9999999982
32.9162541502
32.9106337968
33.0000000021
33.1021036915
33.1093572448
32.9999999975
32.8739095718
32.8641810606
33.0000000029
33.1588826317
33.1727315132
32.9999999967
32.7929565431
32.7712258501
33.0000000037
33.28695549
33.327579569
32.9999999959
32.544752542
32.433805193
33.0000000044
34.1313117802
35.3107157794
35.9999999954
36.0628409754
35.8714980574
36.0000000048
36.7556801574
37.9358245366
38.9999999952
39.4968040685
39.3843251925
39.0000000048
38.7472767859
38.7903373579
38.9999999953
39.1455558122
39.120275934
39.0000000046
38.9225083894
38.9413883952
38.9999999955
39.0235251847
39.006598759
39.0000000045
39.0276489877
39.0456602933
38.9999999955
38.9143560772
38.89112144
39.0000000045
39.1671393754
39.2060983275
38.9999999954
38.6741296007
38.5702563488
39.0000000046
39.9703574181
41.1290096692
41.9999999954
42.3230864886
42.2112704787
42.0000000046
41.9371109941
42.0002710166
41.9999999956
41.8520255923
41.740891927
42.0000000042
42.8049387752
43.9621866358
44.999999996
45.5007919471
45.3991323236
45.0000000036
44.7152933418
44.7510759145
44.9999999967
45.1981638522
45.1793268243
45.0000000029
44.8503252743
44.8622743986
44.9999999975
45.1178313216
45.1094370037
45.0000000022
44.9050119547
44.9112811848
44.9999999981
45.0776989398
45.0728315205
45.0000000016
44.9358426162
44.9397193434
44.9999999986
45.0533080059
45.050166818
45.0000000012
44.9555185955
44.9580939036
44.999999999
45.037224569
45.03509595
45.0000000008
44.9687853128
44.9705547307
44.9999999993
45.0262121038
45.0247354117
45.0000000006
44.9779669045
44.9792027514
44.9999999995
45.0185332908
45.0174969644
45.0000000004
44.984402904
44.9852731347
44.9999999996
45.0131306553
45.0123991779
45.0000000003
44.9889430264
44.9895583041
44.9999999997
45.0093124106
45.0087946169
45.0000000002
44.9921559237
44.9925918318
44.9999999998
45.0066078428
45.0062407791
45.0000000001
44.9944332119
44.9947423587
44.9999999999
45.0046899575
45.0044295565
45.0000000001
44.9960486384
44.9962679993
44.9999999999
45.0033291574
45.0031443568
45.0000000001
44.9971950266
44.9973507188
44.9999999999
45.0023633501
45.0022321772
45.0000000001
44.9980087269
44.9981192445
45.0
45.001677784
45.0015846678
45.0
44.9985863463
44.998664802
45.0
45.0011911084
45.0011250044
45.0
44.9989964006
44.9990520977
45.0
45.00084561
45.0007986813
45.0
44.9992875074
44.9993270484
45.0
45.0006003312
45.0005670149
45.0
44.9994941734
44.9995222449
45.0
45.0004261992
45.0004025468
45.0
44.999640893
44.9996608221
45.0
45.0003025765
45.0002857847
45.0
44.9997450549
44.9997592033
45.0
45.0002148119
45.0002028907
45.0
44.9998190035
44.999829048
45.0
45.0001525044
45.0001440412
45.0
44.9998715024
44.9998786333
45.0
45.0001082701
45.0001022617
45.0
44.9999087732
44.9999138357
45.0
45.0000768666
45.0000726011
45.0
44.9999352328
44.9999388268
45.0
45.0000545726
45.0000515444
45.0
44.999954017
44.9999565684
45.0
45.0000387458
45.0000365961
45.0
44.9999673518
44.999969163
45.0
45.0000275107
45.0000259848
45.0
44.9999768176
44.9999781032
45.0
45.0000195359
45.0000184529
45.0
44.999983536
44.9999844484
45.0
45.0000138763
45.0000131078
45.0
44.9999883033
44.9999889505
45.0
45.0000098611
45.0000093161
45.0
44.9999916845
44.9999921433
45.0
45.0000070145
45.0000066284
45.0
44.9999940802
44.9999944049
45.0
45.0000049992
45.0000047263
45.0
44.9999957743
44.9999960035
45.0
45.0000035764
45.0000033842
45.0
44.9999969677
44.9999971285
45.0
45.0000025774
45.0000024432
45.0
44.9999978017
44.9999979132
45.0
45.0000018839
45.0000017918
45.0
44.9999983752
44.9999984506
45.0
45.0000014136
45.0000013527
45.0
44.9999987561
44.9999988043
45.0
45.0000011108
45.0000010739
45.0
44.9999989896
44.9999990164
45.0
45.0000009397
45.0000009223
45.0
44.9999991034
44.9999991119
45.0
45.0000008799
45.0000008801
45.0
44.9999991109
44.9999991021
45.0
45.0000009244
45.0000009421
45.0
44.9999990131
44.9999989859
45.0
45.0000010784
45.0000011158
45.0
44.9999987983
44.9999987496
45.0
45.0000013603
45.0000014218
45.0
44.9999984411
44.999998365
45.0
45.0000018033
45.0000018962
45.0
44.9999978992
44.9999977868
45.0
45.0000024601
45.0000025954
45.0
44.9999971083
44.9999969462
45.0
45.0000034084
45.0000036021
45.0
44.9999959747
44.9999957437
45.0
45.0000047606
45.0000050357
45.0
44.999994364
44.9999940368
45.0
45.0000066771
45.0000070661
45.0
44.9999920855
44.9999916233
45.0
45.0000093847
45.0000099338
45.0
44.999988869
44.999988217
45.0
45.0000132046
45.0000139788
45.0
44.9999843334
44.9999834143
45.0
45.0000185893
45.0000196804
45.0
44.9999779412
44.9999766461
45.0
45.0000261771
45.0000277143
45.0
44.9999689348
44.9999671102
45.0
45.000036867
45.0000390326
45.0
44.9999562469
44.9999536766
45.0
45.000051926
45.0000549765
45.0
44.999938374
44.9999347534
45.0
45.0000731386
45.0000774357
45.0
44.9999131978
44.9999080978
45.0
45.0001030188
45.0001090716
45.0
44.9998777348
44.999870551
45.0
45.0001451076
45.0001536336
45.0
44.9998277822
44.9998176633
45.0
45.0002043931
45.0002164026
45.0
44.9997574201
44.9997431669
45.0
45.0002879013
45.0003048176
45.0
44.9996583096
44.9996382327
45.0
45.0004055294
45.0004293574
45.0
44.9995187038
44.9994904237
45.0
45.0005712195
45.0006047837
45.0
44.9993220548
44.999282219
45.0
45.0008046134
45.0008518932
45.0
44.9990450479
44.9989889325
45.0
45.0011333869
45.0011999902
45.0
44.9986548273
44.998575774
45.0
45.0015965497
45.0016903833
45.0
44.9981050697
44.997993687
45.0000000001
45.0022491222
45.0023813446
44.9999999999
44.9973304038
44.9971734279
45.0000000001
45.0031688084
45.0033551963
44.9999999999
44.9962384088
44.9960170573
45.0000000001
45.0044656298
45.0047285719
44.9999999999
44.9946979491
44.9943854874
45.0000000002
45.0062961581
45.0066676568
44.9999999998
44.9925216317
44.9920796205
45.0000000002
45.0088854296
45.0094118756
44.9999999997
44.989437952
44.9888100367
45.0000000003
45.0125631278
45.013313595
44.9999999996
44.985043037
44.9841435222
45.0000000004
45.0178299556
45.0189124936
44.9999999995
44.9787061388
44.9773958674
45.0000000006
45.0254973704
45.0270961596
44.9999999993
44.969354584
44.9673812643
45.0000000008
45.0370328741
45.0395084591
44.999999999
44.9548934049
44.9517145773
45.0000000011
45.0555871526
45.059808272
44.9999999987
44.9302718811
44.9243846859
45.0000000014
45.0899311451
45.0987702556
44.9999999984
44.8785599459
44.8636562043
45.0000000018
45.1781556348
45.2088191603
44.9999999981
44.688635868
44.5939333459
45.000000002
45.9264340695
47.0735659304
47.999999998
48.4060666541
48.311364132
48.0000000019
47.7911808396
47.8218443652
47.9999999982
48.1363437957
48.1214400541
48.0000000016
47.9012297443
47.9100688549
47.9999999986
48.0756153141
48.0697281189
48.0000000013
47.9401917279
47.9444128474
47.9999999989
48.0482854228
48.0451065951
48.0000000009
47.9604915409
47.9629671259
47.9999999992
48.0326187357
48.030645416
48.0000000007
47.9729038404
47.9745026295
47.9999999994
48.0226041326
48.0212938613
48.0000000005
47.9810875063
47.9821700443
47.9999999996
48.0158564778
48.0149569631
48.0000000004
47.986686405
47.9874368721
47.9999999997
48.0111899634
48.0105620481
48.0000000003
47.9905881243
47.9911145703
47.9999999998
48.0079203796
48.0074783684
48.0000000002
47.9933323431
47.9937038417
47.9999999998
48.0056145128
48.0053020511
48.0000000001
47.9952714279
47.99553437
47.9999999999
48.003982943
48.0037615914
48.0000000001
47.9966448034
47.9968311913
47.9999999999
48.0028265725
48.0026695966
48.0000000001
47.9976186549
47.9977508773
47.9999999999
48.0020063135
48.0018949309
48.0
47.998309616
47.9984034497
48.0
48.0014242267
48.0013451735
48.0
47.9988000089
47.9988666122
48.0
48.0010110685
48.0009549531
48.0
47.9991481056
47.9991953853
48.0
48.0007177825
48.0006779467
48.0
47.9993952145
47.9994287786
48.0
48.0005095783
48.0004812983
48.0
47.9995706402
47.999594468
48.0
48.0003617701
48.0003416935
48.0
47.999695179
47.9997120951
48.0
48.0002568372
48.0002425842
48.0
47.9997835926
47.9997956018
48.0
48.0001823424
48.0001722238
48.0
47.9998463597
47.9998548852
48.0
48.000129457
48.0001222737
48.0
47.9998909188
47.9998969711
48.0
48.0000919135
48.0000868142
48.0
47.9999225509
47.9999268472
48.0
48.0000652626
48.0000616429
48.0
47.9999450046
47.999948054
48.0
48.0000463458
48.0000437768
48.0
47.9999609408
47.9999631048
48.0
48.0000329214
48.0000310987
48.0
47.9999722482
47.9999737832
48.0
48.0000233984
48.000022106
48.0
47.9999802668
47.9999813547
48.0
48.0000166484
48.000015733
48.0
47.9999859468
47.9999867166
48.0
48.0000118714
48.0000112245
48.0
47.9999899613
47.9999905042
48.0
48.0000085012
48.0000080463
48.0
47.9999927863
47.9999931666
48.0
48.0000061384
48.0000058215
48.0
47.9999947563
47.9999950191
48.0
48.0000045032
48.0000042867
48.0
47.9999961049
47.9999962814
48.0
48.0000034016
48.0000032599
48.0
47.9999969919
47.9999971029
48.0
48.000002703
48.0000026194
48.0
47.9999975225
47.9999975812
48.0
48.0000023249
48.0000022894
48.0
47.9999977594
47.9999977728
48.0
48.0000022222
48.0000022306
48.0
47.9999977308
47.9999977004
48.0
48.0000023829
48.0000024362
48.0
47.9999974333
47.9999973555
48.0
48.000002826
48.0000029305
48.0
47.9999968315
47.9999966973
48.0
48.0000036041
48.0000037721
48.0
47.9999958543
47.9999956476
48.0
48.0000048092
48.0000050607
48.0
47.9999943859
47.9999940821
48.0
48.0000065842
48.0000069491
48.0
47.999992252
47.9999918154
48.0
48.0000091396
48.0000096609
48.0
47.9999892
47.9999885786
48.0
48.000012778
48.0000135177
48.0
47.9999848681
47.9999839884
48.0
48.0000179308
48.0000189764
48.0
47.999978743
47.9999775006
48.0
48.0000252085
48.000026684
48.0
47.9999700987
47.9999683465
48.0
48.0000354736
48.0000375539
48.0
47.9999579108
47.9999554412
48.0
48.0000499426
48.0000528743
48.0
47.9999407351
47.9999372552
48.0
48.0000703303
48.0000744607
48.0
47.9999165359
47.9999116335
48.0
48.0000990527
48.0001048713
48.0
47.9998824455
47.9998755396
48.0
48.0001395137
48.0001477101
48.0
47.9998344238
47.9998246959
48.0
48.0001965084
48.000208054
48.0
47.9997667797
47.9997530769
48.0
48.0002767915
48.0002930545
48.0
47.9996714963
47.9996521947
48.0
48.0003898779
48.0004127859
48.0
47.9995372805
47.9995100922
48.0
48.0005491714
48.0005814399
48.0
47.9993482229
47.9993099248
48.0
48.0007735558
48.0008190105
48.0
47.9990819085
47.9990279591
48.0
48.0010896392
48.001153672
48.0
47.9987067487
47.9986307463
48.0
48.0015349275
48.0016251403
48.0
47.9981782051
47.9980711197
48.0000000001
48.0021623227
48.002289445
47.9999999999
47.9974334203
47.9972824974
48.0000000001
48.0030465451
48.0032257491
47.9999999999
47.9963835149
47.9961706894
48.0000000001
48.0042934133
48.0045462365
47.9999999999
47.9949023411
47.9946018889
48.0000000001
48.0060535792
48.0064108246
47.9999999998
47.9928095322
47.9923844373
48.0000000002
48.0085437399
48.009050109
47.9999999998
47.9898434808
47.9892393936
48.0000000003
48.0120818321
48.0128040191
47.9999999997
47.9856142561
47.9847483056
48.0000000004
48.0171520108
48.0181947129
47.9999999995
47.9795107519
47.9782477603
48.0000000006
48.0245424186
48.0260850924
47.9999999993
47.9704879707
47.9685812543
48.0000000008
48.0356877016
48.0380842332
47.9999999991
47.9564899545
47.9534049605
48.0000000011
48.0536922224
48.0578019592
47.9999999988
47.9325210032
47.9267660305
48.0000000014
48.087261549
48.0959436836
47.9999999984
47.8817287543
47.8670114005
48.0000000017
48.1743940437
48.2048362177
47.9999999982
47.6931014977
47.5986619178
48.0000000019
48.9211320187
50.0679514179
50.9999999982
51.4123628121
51.3180317887
51.0000000017
50.7837024714
50.8139239858
50.9999999984
51.1452292253
51.1308519296
51.0000000014
50.8906676963
50.8988788916
50.9999999988
51.0881784418
51.0830417138
51.0000000009
50.925234765
50.9285563696
50.9999999993
51.0661153783
51.0640190887
51.0000000005
50.9391976797
50.9403629933
50.9999999998
51.0581161061
51.0577415756
51.0
50.9422584244
50.9418838939
51.0000000002
51.0596370067
51.0608023203
50.9999999995
50.9359809113
50.9338846217
51.0000000007
51.0714436304
51.074765235
50.9999999991
50.9169582861
50.9118215582
51.0000000011
51.1011211084
51.1093323037
50.9999999986
50.8691480704
50.8547707747
51.0000000016
51.1860760143
51.2162975286
50.9999999983
50.6819682113
50.5876371878
51.0000000018
51.9320485821
53.0788679813
53.9999999981
54.4013380822
54.3068985022
54.0000000018
53.7951637823
53.8256059563
53.9999999983
54.1329885995
54.1182712457
54.0000000015
53.9040563164
53.912738451
53.9999999986
54.0732339695
54.0674789968
54.0000000012
53.9421980408
53.9463077776
53.9999999989
54.0465950395
54.0435100455
54.0000000009
53.9619157668
53.9643122984
53.9999999992
54.0314187456
54.0295120293
54.0000000007
53.9739149077
53.9754575814
53.9999999994
54.0217522397
54.0204892481
54.0000000005
53.9818052871
53.9828479893
53.9999999996
54.0152516943
54.0143857438
54.0000000003
53.987195981
53.987918168
53.9999999997
54.0107606063
54.0101565191
54.0000000002
53.9909498912
53.9914562603
53.9999999998
54.0076155625
54.0071904676
54.0000000002
53.9935891756
53.993946421
53.9999999999
54.0053981109
54.0050976587
54.0000000001
53.9954537638
53.995706587
53.9999999999
54.0038293103
54.0036164848
54.0000000001
53.9967742513
53.9969534553
53.9999999999
54.0027175021
54.0025665792
54.0000000001
53.9977105555
53.9978376779
53.9999999999
54.0019288797
54.0018217942
54.0
53.9983748604
53.9984650733
54.0
54.0013692528
54.0012932503
54.0
53.9988463291
53.9989103619
54.0
54.0009720396
54.0009180901
54.0
53.999180991
53.9992264458
54.0
54.0006900734
54.0006517752
54.0
53.9994185622
53.9994508308
54.0
54.0004899053
54.0004627168
54.0
53.9995872171
53.9996101253
54.0
54.0003478018
54.0003284999
54.0
53.9997069497
53.999723213
54.0
54.0002469181
54.000233215
54.0
53.9997919519
53.9998034978
54.0
54.0001752971
54.0001655687
54.0
53.9998522982
53.9998604951
54.0
54.0001244505
54.000117544
54.0
53.9998951405
53.9999009598
54.0
54.0000883525
54.0000834493
54.0
53.9999255559
53.9999296873
54.0
54.0000627251
54.0000592441
54.0
53.9999471491
53.9999500821
54.0
54.0000445311
54.0000420598
54.0
53.9999624789
53.9999645612
54.0
54.0000316145
54.00002986
54.0
53.9999733622
53.9999748405
54.0
54.0000224444
54.0000211989
54.0
53.9999810888
53.9999821383
54.0
54.0000159342
54.0000150499
54.0
53.9999865741
53.9999873192
54.0
54.0000113124
54.0000106846
54.0
53.9999904684
53.9999909974
54.0
54.0000080311
54.0000075854
54.0
53.9999932331
53.9999936087
54.0
54.0000057016
54.0000053852
54.0
53.9999951959
53.9999954625
54.0
54.0000040478
54.0000038232
54.0
53.9999965894
53.9999967787
54.0
54.0000028737
54.0000027142
54.0
53.9999975787
53.999997713
54.0
54.0000020402
54.0000019269
54.0
53.999998281
53.9999983764
54.0
54.0000014484
54.000001368
54.0
53.9999987796
53.9999988473
54.0
54.0000010283
54.0000009712
54.0
53.9999991336
53.9999991817
54.0
54.00000073
54.0000006895
54.0
53.9999993849
53.999999419
54.0
54.0000005183
54.0000004895
54.0
53.9999995633
53.9999995875
54.0
54.0000003679
54.0000003475
54.0
53.99999969
53.9999997072
54.0
54.0000002612
54.0000002467
54.0
53.9999997799
53.9999997921
54.0
54.0000001854
54.0000001752
54.0
53.9999998437
53.9999998524
54.0
54.0000001317
54.0000001243
54.0
53.9999998891
53.9999998952
54.0
54.0000000935
54.0000000883
54.0
53.9999999212
53.9999999256
54.0
54.0000000664
54.0000000627
54.0
53.9999999441
53.9999999472
54.0
54.0000000471
54.0000000445
54.0
53.9999999603
53.9999999625
54.0
54.0000000334
54.0000000316
54.0
53.9999999718
53.9999999734
54.0
54.0000000237
54.0000000224
54.0
53.99999998
53.9999999811
54.0
54.0000000169
54.0000000159
54.0
53.9999999858
53.9999999866
54.0
54.000000012
54.0000000113
54.0
53.9999999899
53.9999999905
54.0
54.0000000085
54.000000008
54.0
53.9999999928
53.9999999932
54.0
54.000000006
54.0000000057
54.0
53.9999999949
53.9999999952
54.0
54.0000000043
54.000000004
54.0
53.9999999964
53.9999999966
54.0
54.000000003
54.0000000029
54.0
53.9999999974
53.9999999976
54.0
54.0000000022
54.000000002
54.0
53.9999999982
53.9999999983
54.0
54.0000000015
54.0000000014
54.0
53.9999999987
53.9999999988
54.0
54.0000000011
54.000000001
54.0
53.9999999991
53.9999999991
54.0
54.0000000008
54.0000000007
54.0
53.9999999993
53.9999999994
54.0
54.0000000005
54.0000000005
54.0
53.9999999995
53.9999999996
54.0
54.0000000004
54.0000000004
54.0
53.9999999997
53.9999999997
54.0
54.0000000003
54.0000000003
54.0
53.9999999998
53.9999999998
54.0
54.0000000002
54.0000000002
54.0
53.9999999998
53.9999999998
54.0
54.0000000001
54.0000000001
54.0
53.9999999999
53.9999999999
54.0
54.0000000001
54.0000000001
54.0
53.9999999999
53.9999999999
54.0
54.0000000001
54.0000000001
54.0
53.9999999999
53.9999999999
54.0
54.0
54.0
54.0
54.0
54.0
54.0
54.0
54.0
54.0
54.0
54.0
54.0
54.0
54.0
54.0
54.0
54.0
54.0
54.0
54.0
54.0
54.0
54.0
54.0
54.0
54.0
54.0
54.0
54.0
54.0
54.0
54.0
54.0
54.0
54.0
54.0
54.0
54.0
54.0
54.0
54.0
54.0
54.0
54.0
54.0
54.0
54.0
54.0
54.0
54.0
54.0
54.0
54.0
54.0
54.0
54.0
54.0
54.0
54.0
54.0
54.0
54.0
54.0
54.0
54.0
54.0
54.0
54.0
54.0
54.0
54.0
54.0
54.0
54.0
54.0
54.0
54.0
54.0
54.0
54.0
54.0
54.0
54.0
54.0
54.0
54.0
54.0
54.0
54.0
54.0
54.0
54.0
54.0
54.0
54.0
54.0
54.0
54.0
54.0
54.0
54.0
54.0
54.0
54.0
54.0
54.0
54.0
54.0
54.0
54.0
54.0
54.0
54.0
54.0
54.0
54.0
54.0
54.0
54.0
54.0
54.0
54.0
54.0
54.0
54.0
54.0
54.0
54.0
54.0
54.0
54.0
54.0
54.0
54.0
54.0
54.0
54.0
54.0
54.0
54.0
54.0
54.0
54.0
54.0
54.0
54.0
54.0
54.0
54.0
54.0
54.0
54.0
54.0
54.0
54.0
54.0
54.0
54.0
54.0
54.0
54.0
54.0
54.0
54.0
54.0
54.0
54.0
54.0
54.0
54.0
54.0
54.0
54.0
54.0
54.0
54.0
54.0
54.0
54.0
54.0
54.0
54.0
54.0
54.0
54.0
54.0
54.0
54.0
54.0
54.0
54.0
54.0
54.0
54.0
54.0
54.0
54.0
54.0
54.0
54.0
54.0
54.0
54.0
54.0
54.0
54.0
54.0
54.0
54.0
54.0
54.0
54.0
54.0
54.0
54.0
54.0
54.0
54.0
54.0
54.0
54.0
54.0
54.0
54.0
54.0
54.0
54.0
54.0
54.0
54.0
54.0
54.0
54.0
54.0
54.0
54.0
54.0
54.0
54.0
54.0
54.0
54.0
54.0
54.0
54.0
54.0
54.0
54.0
54.0
54.0
54.0
54.0
54.0
54.0
54.0
54.0
54.0
54.0
54.0
54.0
54.0
54.0
54.0
54.0
54.0
54.0
54.0
54.0
54.0
54.0
54.0
54.0
54.0
54.0
54.0
54.0
54.0
54.0
54.0
54.0
54.0
54.0
54.0
54.0
54.0
54.0
54.0
54.0
54.0
54.0
54.0
54.0
54.0
54.0
54.0
54.0
54.0
54.0
54.0
54.0
54.0
54.0
54.0
54.0
54.0
54.0
54.0
54.0
54.0
54.0
54.0
54.0
54.0
54.0
54.0
54.0
54.0
54.0
54.0
54.0
54.0
54.0
54.0
54.0
54.0
54.0
54.0
54.0
54.0
54.0
54.0
54.0
54.0
54.0
54.0
54.0
54.0
54.0
54.0
54.0
54.0
54.0
54.0
54.0
54.0
54.0
54.0
54.0
54.0
54.0
54.0
54.0
54.0
54.0
54.0
54.0
54.0
54.0
54.0
54.0
54.0
54.0
54.0
54.0
54.0
54.0
54.0
54.0
54.0
54.0
54.0
54.0
54.0
54.0
54.0
54.0
54.0
54.0
54.0
54.0
54.0
54.0
54.0
54.0
54.0
54.0
54.0
54.0
54.0
54.0
54.0
54.0
54.0
54.0
54.0
54.0
54.0
54.0
54.0
54.0
54.0
54.0
54.0
54.0
54.0
54.0
54.0
54.0
54.0
54.0
54.0
54.0
54.0
54.0
54.0
54.0
54.0
54.0
54.0
54.0
54.0
54.0
54.0
54.0
54.0
54.0
54.0
54.0
54.0
54.0
54.0
54.0
54.0
54.0
54.0
54.0
54.0
54.0
54.0
54.0
54.0
54.0
54.0
54.0
54.0
54.0
54.0
54.0
54.0
54.0
54.0
54.0
54.0
54.0
54.0
54.0
54.0
54.0
54.0
54.0
54.0
54.0
54.0
54.0
54.0
54.0
54.0
54.0
54.0
54.0
54.0
54.0
54.0
54.0
54.0
54.0
54.0
54.0
54.0
54.0
54.0
54.0
54.0
54.0
54.0
54.0
54.0
54.0
54.0
54.0
54.0
54.0
54.0
54.0
54.0
54.0
54.0
54.0
54.0
54.0
54.0
54.0
54.0
54.0
54.0
54.0
54.0
54.0
54.0
54.0
54.0
54.0
54.0
54.0
54.0
54.0
54.0
54.0
54.0
54.0
54.0
54.0
54.0
54.0
54.0
54.0
54.0
54.0
54.0
54.0
54.0
54.0
54.0
54.0
54.0
54.0
54.0
54.0
54.0
54.0
54.0
54.0
54.0
54.0
54.0
54.0
54.0
54.0
54.0
54.0
54.0
54.0
54.0
54.0
54.0
54.0
54.0
54.0
54.0
54.0
54.0
54.0
54.0
54.0
54.0
54.0
54.0
54.0
54.0
54.0
54.0
54.0
54.0
54.0
54.0
54.0
54.0
54.0
54.0
54.0
54.0
54.0
54.0
54.0
54.0
54.0
54.0
54.0
54.0
54.0
54.0
54.0
54.0
54.0
54.0
54.0
54.0
54.0
54.0
54.0
54.0
54.0
54.0
54.0
54.0
54.0
54.0
54.0
54.0
54.0
54.0
54.0
54.0
54.0
54.0
54.0
54.0
54.0
54.0
54.0
54.0
54.0
54.0
54.0
54.0
54.0
54.0
54.0
54.0
54.0
54.0
54.0
54.0
54.0
54.0
54.0
54.0
54.0
54.0
54.0
54.0
54.0
54.0
54.0
54.0
54.0
54.0
54.0
54.0
54.0
54.0
54.0
54.0
54.0
54.0
54.0
54.0
54.0
54.0
54.0
54.0
54.0
54.0
54.0
54.0
54.0
54.0
54.0
54.0
54.0
54.0
54.0
54.0
54.0
54.0
54.0
54.0
54.0
54.0
54.0
54.0
54.0
54.0
54.0
54.0
54.0
54.0
54.0
54.0
54.0
54.0
54.0
54.0
54.0
54.0
54.0
54.0
54.0
54.0
54.0
54.0
54.0
54.0
54.0
54.0
54.0
54.0
54.0
54.0
54.0
54.0
54.0
54.0
54.0
54.0
54.0
54.0
54.0
54.0
54.0
54.0
54.0
54.0
54.0
54.0
54.0
54.0
54.0
54.0
54.0
54.0
54.0
54.0
54.0
54.0
54.0
54.0
54.0
54.0
54.0
54.0
54.0
54.0
54.0
54.0
54.0
54.0
54.0
54.0
54.0
54.0
54.0
54.0
54.0
54.0
54.0
54.0
54.0
54.0
54.0
54.0
54.0
54.0
54.0
54.0
54.0
54.0
54.0
54.0
54.0
54.0
54.0
54.0
54.0
54.0
54.0
54.0
54.0
54.0
54.0
54.0
54.0
54.0
54.0
54.0
54.0
54.0
54.0
54.0
54.0
54.0
54.0
54.0
54.0
54.0
54.0
54.0
54.0
54.0
54.0
54.0
54.0
54.0
54.0
54.0
54.0
54.0
54.0
54.0
54.0
54.0
54.0
54.0
54.0
54.0
54.0
54.0
54.0
54.0
54.0
54.0
54.0
54.0
54.0
54.0
54.0
54.0
54.0
54.0
54.0
54.0
54.0
54.0
54.0
54.0
54.0
54.0
54.0
54.0
54.0
54.0
54.0
54.0
54.0
54.0
54.0
54.0
54.0
54.0
54.0
54.0
54.0
54.0
54.0
54.0
54.0
54.0
54.0
54.0
54.0
54.0
54.0
54.0
54.0
54.0
54.0
54.0
54.0
54.0
54.0
54.0
54.0
54.0
54.0
54.0
54.0
54.0
54.0
54.0
54.0
54.0
54.0
54.0
54.0
54.0
54.0
54.0
54.0
54.0
54.0
54.0
54.0
54.0
54.0
54.0
54.0
54.0
54.0
54.0
54.0
54.0
54.0
54.0
54.0
54.0
54.0
54.0
54.0
54.0
54.0
54.0
54.0
54.0
54.0
54.0
54.0
54.0
54.0
54.0
54.0
54.0
54.0
54.0
54.0
54.0
54.0
54.0
54.0
54.0
54.0
54.0
54.0
54.0
54.0
54.0
54.0
54.0
54.0
54.0
54.0
54.0
54.0
54.0
54.0
54.0
54.0
54.0
54.0
54.0
54.0
54.0
54.0
54.0
54.0
54.0
54.0
54.0
54.0
54.0
54.0
54.0
54.0
54.0
54.0
54.0
54.0
54.0
54.0
54.0
54.0
54.0
54.0
54.0
54.0
54.0
54.0
54.0
54.0
54.0
54.0
54.0
54.0
54.0
54.0
54.0
54.0
54.0
54.0
54.0
54.0
54.0
54.0
54.0
54.0
54.0
54.0
54.0
54.0
54.0
54.0
54.0
54.0
54.0
54.0
54.0
54.0
54.0
54.0
54.0
54.0
54.0
54.0
54.0
54.0
54.0
54.0
54.0
54.0
54.0
54.0
54.0
54.0
54.0
54.0
54.0
54.0
54.0
54.0
54.0
54.0
54.0
54.0
54.0
54.0
54.0
54.0
54.0
54.0
54.0
54.0
54.0
54.0
54.0
54.0
54.0
54.0
54.0
54.0
54.0
54.0
54.0
54.0
54.0
54.0
54.0
54.0
54.0
54.0
54.0
54.0
54.0
54.0
54.0
54.0
54.0
54.0
54.0
54.0
54.0
54.0
54.0
54.0
54.0
54.0
54.0
54.0
54.0
54.0
54.0
54.0
54.0
54.0
54.0
54.0
54.0
54.0
54.0
54.0
54.0
54.0
54.0
54.0
54.0
54.0
54.0
54.0
54.0
54.0
54.0
54.0
54.0
54.0
54.0
54.0
54.0
54.0
54.0
54.0
54.0
54.0
54.0
54.0
54.0
54.0
54.0
54.0
54.0
54.0
54.0
54.0
54.0
54.0
54.0
54.0
54.0
54.0
54.0
54.0
54.0
54.0
54.0
54.0
54.0
54.0
54.0
54.0
54.0
54.0
54.0
54.0
54.0
54.0
54.0
54.0
54.0
54.0
54.0
54.0
54.0
54.0
54.0
54.0
54.0
54.0
54.0
54.0
54.0
54.0
54.0
54.0
54.0
54.0
54.0
54.0
54.0
54.0
54.0
54.0
54.0
54.0
54.0
54.0
54.0
54.0
54.0
54.0
54.0
54.0
54.0
54.0
54.0
54.0
54.0
54.0
54.0
54.0
54.0
54.0
54.0
54.0
54.0
54.0
54.0
54.0
54.0
54.0
54.0
54.0
54.0
54.0
54.0
54.0
54.0
54.0
54.0
54.0
54.0
54.0
54.0
54.0
54.0
54.0
54.0
54.0
54.0
54.0
54.0
54.0
54.0
54.0
54.0
54.0
54.0
54.0
54.0
54.0
54.0
54.0
54.0
54.0
54.0
54.0
54.0
54.0
54.0
54.0
54.0
54.0
54.0
54.0
54.0
54.0
54.0
54.0
54.0
54.0
54.0
54.0
54.0
54.0
54.0
54.0
54.0
54.0
54.0
54.0
54.0
54.0
54.0
54.0
54.0
54.0
54.0
54.0
54.0
54.0
54.0
54.0
54.0
54.0
54.0
54.0
54.0
54.0
54.0
54.0
54.0
54.0
54.0
54.0
54.0
54.0
54.0
54.0
54.0
54.0
54.0
54.0
54.0
54.0
54.0
54.0
54.0
54.0
54.0
54.0
54.0
54.0
54.0
54.0
54.0
54.0
54.0
54.0
54.0
54.0
54.0
54.0
54.0
54.0
54.0
54.0
54.0
54.0
54.0
54.0
54.0
54.0
54.0
54.0
54.0
54.0
54.0
54.0
54.0
54.0
54.0
54.0
54.0
54.0
54.0
54.0
54.0
54.0
54.0
54.0
54.0
54.0
54.0
54.0
54.0
54.0
54.0
54.0
54.0
54.0
54.0
54.0
54.0
54.0
54.0
54.0
54.0
54.0
54.0
54.0
54.0
54.0
54.0
54.0
54.0
54.0
54.0
54.0
54.0
54.0
54.0
54.0
54.0
54.0
54.0
54.0
54.0
54.0
54.0
54.0
54.0
54.0
54.0
54.0
54.0
54.0
54.0
54.0
54.0
54.0
54.0
54.0
54.0
54.0
54.0
54.0
54.0
54.0
54.0
54.0
54.0
54.0
54.0
54.0
54.0
54.0
54.0
54.0
54.0
54.0
54.0
54.0
54.0
54.0
54.0
54.0
54.0
54.0
54.0
54.0
54.0
54.0
54.0
54.0
54.0
54.0
54.0
54.0
54.0
54.0
54.0
54.0
54.0
54.0
54.0
54.0
54.0
54.0
54.0
54.0
54.0
54.0
54.0
54.0
54.0
54.0
54.0
54.0
54.0
54.0
54.0
54.0
54.0
54.0
54.0
54.0
54.0
54.0
54.0
54.0
54.0
54.0
54.0
54.0
54.0
54.0
54.0
54.0
54.0
54.0
54.0
54.0
54.0
54.0
54.0
54.0
54.0
54.0
54.0
54.0
54.0
54.0
54.0
54.0
54.0
54.0
54.0
54.0
54.0
54.0
54.0
54.0
54.0
54.0
54.0
54.0
54.0
54.0
54.0
54.0
54.0
54.0
54.0
54.0
54.0
54.0
54.0
54.0
54.0
54.0
54.0
54.0
54.0
54.0
54.0
54.0
54.0
54.0
54.0
54.0
54.0
54.0
54.0
54.0
54.0
54.0
54.0
54.0
54.0
54.0
54.0
54.0
54.0
54.0
54.0
54.0
54.0
54.0
54.0
54.0
54.0
54.0
54.0
54.0
54.0
54.0
54.0
54.0
54.0
54.0
54.0
54.0
54.0
54.0
54.0
54.0
54.0
54.0
54.0
54.0
54.0
54.0
54.0
54.0
54.0
54.0
54.0
54.0
54.0
54.0
54.0
54.0
54.0
54.0
54.0
54.0
54.0
54.0
54.0
54.0
54.0
54.0
54.0
54.0
54.0
54.0
54.0
54.0
54.0
54.0
54.0
54.0
54.0
54.0
54.0
54.0
54.0
54.0
54.0
54.0
54.0
54.0
54.0
54.0
54.0
54.0
54.0
54.0
54.0
54.0
54.0
54.0
54.0
54.0
54.0
54.0
54.0
54.0
54.0
54.0
54.0
54.0
54.0
54.0
54.0
54.0
54.0
54.0
54.0
54.0
54.0
54.0
54.0
54.0
54.0
54.0
54.0
54.0
54.0
54.0
54.0
54.0
54.0
54.0
54.0
54.0
54.0
54.0
54.0
54.0
54.0
54.0
54.0
54.0
54.0
54.0
54.0
54.0
54.0
54.0
54.0
54.0
54.0
54.0
54.0
54.0
54.0
54.0
54.0
54.0
54.0
54.0
54.0
54.0
54.0
54.0
54.0
54.0
54.0
54.0
54.0
54.0
54.0
54.0
54.0
54.0
54.0
54.0
54.0
54.0
54.0
54.0
54.0
54.0
54.0
54.0
54.0
54.0
54.0
54.0
54.0
54.0
54.0
54.0
54.0
54.0
54.0
54.0
54.0
54.0
54.0
54.0
54.0
54.0
54.0
54.0
54.0
54.0
54.0
54.0
54.0
54.0
54.0
54.0
54.0
54.0
54.0
54.0
54.0
54.0
54.0
54.0
54.0
54.0
54.0
54.0
54.0
54.0
54.0
54.0
54.0
54.0
54.0
54.0
54.0
54.0
54.0
54.0
54.0
54.0
54.0
54.0
54.0
54.0
54.0
54.0
54.0
54.0
54.0
54.0
54.0
54.0
54.0
54.0
54.0
54.0
54.0
54.0
54.0
54.0
54.0
54.0
54.0
54.0
54.0
54.0
54.0
54.0
54.0
54.0
54.0
54.0
54.0
54.0
54.0
54.0
54.0
54.0
54.0
54.0
54.0
54.0
54.0
54.0
54.0
54.0
54.0
54.0
54.0
54.0
54.0
54.0
54.0
54.0
54.0
54.0
54.0
54.0
54.0
54.0
54.0
54.0
54.0
54.0
54.0
54.0
54.0
54.0
54.0
54.0
54.0
54.0
54.0
54.0
54.0
54.0
54.0
54.0
54.0
54.0
54.0
54.0
54.0
54.0
54.0
54.0
54.0
54.0
54.0
54.0
54.0
54.0
54.0
54.0
54.0
54.0
54.0
54.0
54.0
54.0
54.0
54.0
54.0
54.0
54.0
54.0
54.0
54.0
54.0
54.0
54.0
54.0
54.0
54.0
54.0
54.0
54.0
54.0
54.0
54.0
54.0
54.0
54.0
54.0
54.0
54.0
54.0
54.0
54.0
54.0
54.0
54.0
54.0
54.0
54.0
54.0
54.0
54.0
54.0
54.0
54.0
54.0
54.0
54.0
54.0
54.0
54.0
54.0
54.0
54.0
54.0
54.0
54.0
54.0
54.0
54.0
54.0
54.0
54.0
54.0
54.0
54.0
54.0
54.0
54.0
54.0
54.0
54.0
54.0
54.0
54.0
54.0
54.0
54.0
54.0
54.0
54.0
54.0
54.0
54.0
54.0
54.0
54.0
54.0
54.0
54.0
54.0
54.0
54.0
54.0
54.0
54.0
54.0
54.0
54.0
54.0
54.0
54.0
54.0
54.0
54.0
54.0
54.0
54.0
54.0
54.0
54.0
54.0
54.0
54.0
54.0
54.0
54.0
54.0
54.0
54.0
54.0
54.0
54.0
54.0
54.0
54.0
54.0
54.0
54.0
54.0
54.0
54.0
54.0
54.0
54.0
54.0
54.0
54.0
54.0
54.0
54.0
54.0
54.0
54.0
54.0
54.0
54.0
54.0
54.0
54.0
54.0
54.0
54.0
54.0
54.0
54.0
54.0
54.0
54.0
54.0
54.0
54.0
54.0
54.0
54.0
54.0
54.0
54.0
54.0
54.0
54.0
54.0
54.0
54.0
54.0
54.0
54.0
54.0
54.0
54.0
54.0
54.0
54.0
54.0
54.0
54.0
54.0
54.0
54.0
54.0
54.0
54.0
54.0
54.0
54.0
54.0
54.0
54.0
54.0
54.0
54.0
54.0
54.0
54.0
54.0
54.0
54.0
54.0
54.0
54.0
54.0
54.0
54.0
54.0
54.0
54.0
54.0
54.0
54.0
54.0
54.0
54.0
54.0
54.0
54.0
54.0
54.0
54.0
54.0
54.0
54.0
54.0
54.0
54.0
54.0
54.0
54.0
54.0
54.0
54.0
54.0
54.0
54.0
54.0
54.0
54.0
54.0
54.0
54.0
54.0
54.0
54.0
54.0
54.0
54.0
54.0
54.0
54.0
54.0
54.0
54.0
54.0
54.0
54.0
54.0
54.0
54.0
54.0
54.0
54.0
54.0
54.0
54.0
54.0
54.0
54.0
54.0
54.0
54.0
54.0
54.0
54.0
54.0
54.0
54.0
54.0
54.0
54.0
54.0
54.0
54.0
54.0
54.0
54.0
54.0
54.0
54.0
54.0
54.0
54.0
54.0
54.0
54.0
54.0
54.0
54.0
54.0
54.0
54.0
54.0
54.0
54.0
54.0
54.0
54.0
54.0
54.0
54.0
54.0
54.0
54.0
54.0
54.0
54.0
54.0
54.0
54.0
54.0
54.0
54.0
54.0
54.0
54.0
54.0
54.0
54.0
54.0
54.0
54.0
54.0
54.0
54.0
54.0
54.0
54.0
54.0
54.0
54.0
54.0
54.0
54.0
54.0
54.0
54.0
54.0
54.0
54.0
54.0
54.0
54.0
54.0
54.0
54.0
54.0
54.0
54.0
54.0
54.0
54.0
54.0
54.0
54.0
54.0
54.0
54.0
54.0
54.0
54.0
54.0
54.0
54.0
54.0
54.0
54.0
54.0
54.0
54.0
54.0
54.0
54.0
54.0
54.0
54.0
54.0
54.0
54.0
54.0
54.0
54.0
54.0
54.0
54.0
54.0
54.0
54.0
54.0
54.0
54.0
54.0
54.0
54.0
54.0
54.0
54.0
54.0
54.0
54.0
54.0
54.0
54.0
54.0
54.0
54.0
54.0
54.0
54.0
54.0
54.0
54.0
54.0
54.0
54.0
54.0
54.0
54.0
54.0
54.0
54.0
54.0
54.0
54.0
54.0
54.0
54.0
54.0
54.0
54.0
54.0
54.0
54.0
54.0
54.0
54.0
54.0
54.0
54.0
54.0
54.0
54.0
54.0
54.0
54.0
54.0
54.0
54.0
54.0
54.0
54.0
54.0
54.0
54.0
54.0
54.0
54.0
54.0
54.0
54.0
54.0
54.0
54.0
54.0
54.0
54.0
54.0
54.0
54.0
54.0
54.0
54.0
54.0
54.0
54.0
54.0
54.0
54.0
54.0
54.0
54.0
54.0
54.0
54.0
54.0
54.0
54.0
54.0
54.0
54.0
54.0
54.0
54.0
54.0
54.0
54.0
54.0
54.0
54.0
54.0
54.0
54.0
54.0
54.0
54.0
54.0
54.0
54.0
54.0
54.0
54.0
54.0
54.0
54.0
54.0
54.0
54.0
54.0
54.0
54.0
54.0
54.0
54.0
54.0
54.0
54.0
54.0
54.0
54.0
54.0
54.0
54.0
54.0
54.0
54.0
54.0
54.0
54.0
54.0
54.0
54.0
54.0
54.0
54.0
54.0
54.0
54.0
54.0
54.0
54.0
54.0
54.0
54.0
54.0
54.0
54.0
54.0
54.0
54.0
54.0
54.0
54.0
54.0
54.0
54.0
54.0
54.0
54.0
54.0
54.0
54.0
54.0
54.0
54.0
54.0
54.0
54.0
54.0
54.0
54.0
54.0
54.0
54.0
54.0
54.0
54.0
54.0
54.0
54.0
54.0
54.0
54.0
54.0
54.0
54.0
54.0
54.0
54.0
54.0
54.0
54.0
54.0
54.0
54.0
54.0
54.0
54.0
54.0
54.0
54.0
54.0
54.0
54.0
54.0
54.0
54.0
54.0
54.0
54.0
54.0
54.0
54.0
54.0
54.0
54.0
54.0
54.0
54.0
54.0
54.0
54.0
54.0
54.0
54.0
54.0
54.0
54.0
54.0
54.0
54.0
54.0
54.0
54.0
54.0
54.0
54.0
54.0
54.0
54.0
54.0
54.0
54.0
54.0
54.0
54.0
54.0
54.0
54.0
54.0
54.0
54.0
54.0
54.0
54.0
54.0
54.0
54.0
54.0
54.0
54.0
54.0
54.0
54.0
54.0
54.0
54.0
54.0
54.0
54.0
54.0
54.0
54.0
54.0
54.0
54.0
54.0
54.0
54.0
54.0
54.0
54.0
54.0
54.0
54.0
54.0
54.0
54.0
54.0
54.0
54.0
54.0
54.0
54.0
54.0
54.0
54.0
54.0
54.0
54.0
54.0
54.0
54.0
54.0
54.0
54.0
54.0
54.0
54.0
54.0
54.0
54.0
54.0
54.0
54.0
54.0
54.0
54.0
54.0
54.0
54.0
54.0
54.0
54.0
54.0
54.0
54.0
54.0
54.0
54.0
54.0
54.0
54.0
54.0
54.0
54.0
54.0
54.0
54.0
54.0
54.0
54.0
54.0
54.0
54.0
54.0
54.0
54.0
54.0
54.0
54.0
54.0
54.0
54.0
54.0
54.0
54.0
54.0
54.0
54.0
54.0
54.0
54.0
54.0
54.0
54.0
54.0
54.0
54.0
54.0
54.0
54.0
54.0
54.0
54.0
54.0
54.0
54.0
54.0
54.0
54.0
54.0
54.0
54.0
54.0
54.0
54.0
54.0
54.0
54.0
54.0
54.0
54.0
54.0
54.0
54.0
54.0
54.0
54.0
54.0
54.0
54.0
54.0
54.0
54.0
54.0
54.0
54.0
54.0
54.0
54.0
54.0
54.0
54.0
54.0
54.0
54.0
54.0
54.0
54.0
54.0
54.0
54.0
54.0
54.0
54.0
54.0
54.0
54.0
54.0
54.0
54.0
54.0
54.0
54.0
54.0
54.0
54.0
54.0
54.0
54.0
54.0
54.0
54.0
54.0
54.0
54.0
54.0
54.0
54.0
54.0
54.0
54.0
54.0
54.0
54.0
54.0
54.0
54.0
54.0
54.0
54.0
54.0
54.0
54.0
54.0
54.0
54.0
54.0
54.0
54.0
54.0
54.0
54.0
54.0
54.0
54.0
54.0
54.0
54.0
54.0
54.0
54.0
54.0
54.0
54.0
54.0
54.0
54.0
54.0
54.0
54.0
54.0
54.0
54.0
54.0
54.0
54.0
54.0
54.0
54.0
54.0
54.0
54.0
54.0
54.0
54.0
54.0
54.0
54.0
54.0
54.0
54.0
54.0
54.0
54.0
54.0
54.0
54.0
54.0
54.0
54.0
54.0
54.0
54.0
54.0
54.0
54.0
54.0
54.0
54.0
54.0
54.0
54.0
54.0
54.0
54.0
54.0
54.0
54.0
54.0
54.0
54.0
54.0
54.0
54.0
54.0
54.0
54.0
54.0
54.0
54.0
54.0
54.0
54.0
54.0
54.0
54.0
54.0
54.0
54.0
54.0
54.0
54.0
54.0
54.0
54.0
54.0
54.0
54.0
54.0
54.0
54.0
54.0
54.0
54.0
54.0
54.0
54.0
54.0
54.0
54.0
54.0
54.0
54.0
54.0
54.0
54.0
54.0
54.0
54.0
54.0
54.0
54.0
54.0
54.0
54.0
54.0
54.0
54.0
54.0
54.0
54.0
54.0
54.0
54.0
54.0
54.0
54.0
54.0
54.0
54.0
54.0
54.0
54.0
54.0
54.0
54.0
54.0
54.0
54.0
54.0
54.0
54.0
54.0
54.0
54.0
54.0
54.0
54.0
54.0
54.0
54.0
54.0
54.0
54.0
54.0
54.0
54.0
54.0
54.0
54.0
54.0
54.0
54.0
54.0
54.0
54.0
54.0
54.0
54.0
54.0
54.0
54.0
54.0
54.0
54.0
54.0
54.0
54.0
54.0
54.0
54.0
54.0
54.0
54.0
54.0
54.0
54.0
54.0
54.0
54.0
54.0
54.0
54.0
54.0
54.0
54.0
54.0
54.0
54.0
54.0
54.0
54.0
54.0
54.0
54.0
54.0
54.0
54.0
54.0
54.0
54.0
54.0
54.0
54.0
54.0
54.0
54.0
54.0
54.0
54.0
54.0
54.0
54.0
54.0
54.0
54.0
54.0
54.0
54.0
54.0
54.0
54.0
54.0
54.0
54.0
54.0
54.0
54.0
54.0
54.0
54.0
54.0
54.0
54.0
54.0
54.0
54.0
54.0
54.0
54.0
54.0
54.0
54.0
54.0
54.0
54.0
54.0
54.0
54.0
54.0
54.0
54.0
54.0
54.0
54.0
54.0
54.0
54.0
54.0
54.0
54.0
54.0
54.0
54.0
54.0
54.0
54.0
54.0
54.0
54.0
54.0
54.0
54.0
54.0
54.0
54.0
54.0
54.0
54.0
54.0
54.0
54.0
54.0
54.0
54.0
54.0
54.0
54.0
54.0
54.0
54.0
54.0
54.0
54.0
54.0
54.0
54.0
54.0
54.0
54.0
54.0
54.0
54.0
54.0
54.0
54.0
54.0
54.0
54.0
54.0
54.0
54.0
54.0
54.0
54.0
54.0
54.0
54.0
54.0
54.0
54.0
54.0
54.0
54.0
54.0
54.0
54.0
54.0
54.0
54.0
54.0
54.0
54.0
54.0
54.0
54.0
54.0
54.0
54.0
54.0
54.0
54.0
54.0
54.0
54.0
54.0
54.0
54.0
54.0
54.0
54.0
54.0
54.0
54.0
54.0
54.0
54.0
54.0
54.0
54.0
54.0
54.0
54.0
54.0
54.0
54.0
54.0
54.0
54.0
54.0
54.0
54.0
54.0
54.0
54.0
54.0
54.0
54.0
54.0
54.0
54.0
54.0
54.0
54.0
54.0
54.0
54.0
54.0
54.0
54.0
54.0
54.0
54.0
54.0
54.0
54.0
54.0
54.0
54.0
54.0
54.0
54.0
54.0
54.0
54.0
54.0
54.0
54.0
53.9999999999
53.9999999999
54.0
54.0000000001
54.0000000001
54.0
53.9999999999
53.9999999999
54.0
54.0000000001
54.0000000001
54.0
53.9999999999
53.9999999999
54.0
54.0000000001
54.0000000001
54.0
53.9999999999
53.9999999998
54.0
54.0000000002
54.0000000002
54.0
53.9999999998
53.9999999998
54.0
54.0000000002
54.0000000003
54.0
53.9999999997
53.9999999997
54.0
54.0000000003
54.0000000004
54.0
53.9999999996
53.9999999996
54.0
54.0000000005
54.0000000005
54.0
53.9999999994
53.9999999994
54.0
54.0000000007
54.0000000007
54.0
53.9999999992
53.9999999991
54.0
54.000000001
54.000000001
54.0
53.9999999988
53.9999999988
54.0
54.0000000014
54.0000000014
54.0
53.9999999984
53.9999999983
54.0
54.0000000019
54.000000002
54.0
53.9999999977
53.9999999976
54.0
54.0000000027
54.0000000029
54.0
53.9999999968
53.9999999966
54.0
54.0000000038
54.000000004
54.0
53.9999999955
53.9999999952
54.0
54.0000000054
54.0000000057
54.0
53.9999999936
53.9999999932
54.0
54.0000000076
54.000000008
54.0
53.999999991
53.9999999905
54.0
54.0000000107
54.0000000113
54.0
53.9999999873
53.9999999866
54.0
54.000000015
54.0000000159
54.0
53.9999999821
53.9999999811
54.0
54.0000000212
54.0000000224
54.0
53.9999999748
53.9999999734
54.0
54.0000000299
54.0000000316
54.0
53.9999999646
53.9999999625
54.0
54.0000000421
54.0000000445
54.0
53.9999999501
53.9999999471
54.0
54.0000000592
54.0000000627
54.0
53.9999999297
53.9999999256
54.0
54.0000000835
54.0000000884
54.0
53.999999901
53.9999998951
54.0
54.0000001175
54.0000001245
54.0
53.9999998605
53.9999998523
54.0
54.0000001656
54.0000001753
54.0
53.9999998035
53.9999997919
54.0
54.0000002332
54.0000002469
54.0
53.9999997232
53.9999997069
54.0
54.0000003285
54.0000003478
54.0
53.9999996101
53.9999995872
54.0
54.0000004627
54.0000004899
54.0
53.9999994508
53.9999994185
54.0
54.0000006518
54.0000006901
54.0
53.9999992264
53.999999181
54.0
54.0000009181
54.000000972
54.0
53.9999989104
53.9999988464
54.0
54.0000012932
54.0000013692
54.0
53.9999984652
53.999998375
54.0
54.0000018215
54.0000019286
54.0
53.9999978381
53.9999977111
54.0
54.0000025658
54.0000027165
54.0
53.9999969549
53.9999967759
54.0
54.0000036141
54.0000038264
54.0
53.9999957107
53.9999954587
54.0
54.0000050907
54.0000053898
54.0
53.9999939583
53.9999936033
54.0
54.0000071705
54.0000075919
54.0
53.9999914898
53.9999909897
54.0
54.0000101002
54.0000106937
54.0
53.9999880127
53.9999873084
54.0
54.0000142269
54.0000150628
54.0
53.999983115
53.9999821229
54.0
54.0000200397
54.0000212172
54.0
53.9999762161
53.9999748185
54.0
54.0000282278
54.0000298865
54.0
53.9999664978
53.9999645291
54.0
54.0000397623
54.000042099
54.0
53.9999528074
53.9999500338
54.0
54.0000560121
54.0000593043
54.0
53.9999335189
53.9999296109
54.0
54.0000789087
54.0000835482
54.0
53.9999063371
53.9999008286
54.0
54.0001111815
54.0001177228
54.0
53.9998680138
53.9998602444
54.0
54.0001566997
54.0001659309
54.0
53.999813933
53.9998029601
54.0
54.0002209823
54.0002340338
54.0
53.9997374767
53.999721939
54.0
54.0003119972
54.0003305178
54.0
53.9996289977
53.9996068829
54.0
54.0004415142
54.0004679861
54.0
53.9994739882
53.9994421915
54.0
54.0006276634
54.0006660403
54.0
53.9992493834
53.9992027533
54.0
54.0009004607
54.0009576472
54.0
53.9989150089
53.9988439741
54.0
54.0013155169
54.0014053082
54.0
53.998390816
53.9982745988
54.0
54.001993287
54.002148551
54.0
53.9974863012
53.9972699717
54.0
54.0032524472
54.0035709639
53.9999999999
53.9956325881
53.9951284484
54.0000000001
54.0061915442
54.0070694286
53.9999999999
53.9904844302
53.9887447836
54.0000000001
54.0165480506
54.020690339
54.0
53.9648976042
53.9518025647
54.0
54.1058132887
54.1747771684
54.0
53.2867160733
