4.90883595981
4.31661761452
3.5871058019
2.99999999999
2.74355103358
2.80817051856
3.00000000004
3.09170482374
3.02309423587
2.99999999993
3.38535190599
4.42490383193
6.00000000012
7.61981913512
8.70762616094
8.99999999983
8.75533864203
8.58376586056
9.0000000002
10.0366740731
11.2298786309
11.9999999998
12.1264349333
11.9284627369
12.0000000002
12.7140633751
13.9061017185
14.9999999998
15.4769898709
15.3077958897
15.0000000001
15.2232294499
16.3074088129
17.9999999999
19.6562547318
20.700419849
21.0
20.8821068585
20.8101689367
21.0000000001
21.2860511656
21.3330351695
20.9999999999
20.5360135746
20.4257423427
21.0000000002
22.1360741238
23.313338488
23.9999999998
24.0649082848
23.8760231246
24.0000000002
24.7460762708
25.9235856156
26.9999999998
27.5145930419
27.4050782229
27.0000000002
26.7200722432
26.7595795181
26.9999999998
27.1842610251
27.1634602888
27.0000000001
26.869102304
26.8821155871
26.9999999999
27.0964440616
27.087511644
27.0000000001
26.9276477623
26.9341213619
26.9999999999
27.0546871432
27.049830919
27.0
26.9586733853
26.9624079645
27.0
27.0309808215
27.0280451705
27.0
26.9772117532
26.9795763986
27.0
27.0161263124
27.0141593268
27.0
26.989490394
26.9912030214
27.0
27.0055228729
27.0039314544
27.0
26.9992408028
27.0008583227
27.0
26.9957323873
26.993883405
27.0
27.0102998673
27.0127472384
27.0
26.9812111681
26.9773384955
27.0
27.0333169536
27.0409707111
27.0
26.934656808
26.9141402479
27.0
27.1685810577
27.2604740401
