-3.37368731128e-07
-2.31435281559e-07
-1.0532610254e-07
8.16535231466e-17
5.14619440913e-08
4.28925542272e-08
-2.53268264074e-16
-3.54441562716e-08
-3.40995880637e-08
4.9886747765e-16
3.39127675397e-08
3.47087172547e-08
-8.12234501635e-16
-3.76720840026e-08
-3.97744956401e-08
1.20260187617e-15
4.51837354816e-08
4.85077112693e-08
-1.69244553079e-15
-5.64925394849e-08
-6.12108508543e-08
2.31590483996e-15
7.22840559952e-08
7.87291669143e-08
-3.11942964993e-15
-9.37049074551e-08
-1.0236149314e-07
4.16430668991e-15
1.22378982728e-07
1.33909826613e-07
-5.53080926404e-15
-1.60506975373e-07
-1.75799734916e-07
7.32424772766e-15
2.11026235295e-07
2.31260181477e-07
-9.68309836575e-15
-2.77833398144e-07
-3.0456969171e-07
1.27893367192e-14
3.66083410968e-07
4.0138527472e-07
-1.68823745892e-14
-4.82586646502e-07
-5.29178462934e-07
2.22781905793e-14
6.36334189804e-07
6.97811700552e-07
-2.93937769305e-14
-8.39191600641e-07
-9.20299386809e-07
3.8778215444e-14
1.10681459296e-06
1.21381223261e-06
-5.11550507628e-14
-1.45985725681e-06
-1.60100241019e-06
6.74788105179e-14
1.92556604991e-06
2.11175175161e-06
-8.90109325522e-14
-2.53988256883e-06
-2.78547790907e-06
1.17411270133e-13
3.35021738003e-06
3.67417645499e-06
-1.54876415043e-13
-4.4191089828e-06
-4.84643369814e-06
2.04292503227e-13
5.82905028795e-06
6.39271990901e-06
-2.69475499143e-13
-7.68885510118e-06
-8.43237146504e-06
3.55451674832e-13
1.01420559516e-05
1.11228007708e-05
-4.68855361723e-13
-1.33779813784e-05
-1.46716447402e-05
6.18454656049e-13
1.76463675781e-05
1.93527894152e-05
-8.15789163315e-13
-2.32766320885e-05
-2.5527507444e-05
1.07608148083e-12
3.07032969832e-05
3.36723397395e-05
-1.41941009868e-12
-4.04995236631e-05
-4.44158731398e-05
1.87228190843e-12
5.34213473714e-05
5.85872524899e-05
-2.4696251211e-12
-7.04660253867e-05
-7.72801712526e-05
3.25762326495e-12
9.29490022151e-05
0.000101937279509
-4.29705090281e-12
-0.0001226054322
-0.000134461524342
5.66797617072e-12
0.000161724095911
0.00017736301707
-7.47656449408e-12
-0.000213324048324
-0.000233952765727
9.86204924654e-12
0.000281387638344
0.000308598232963
-1.30086894419e-11
-0.000371167898271
-0.000407060462151
1.71588610395e-11
0.000489594060815
0.000536938835303
-2.26339920935e-11
-0.000645806579085
-0.000708257891922
2.98549981315e-11
0.000851863122052
0.000934241736938
-3.93806886356e-11
-0.0011236704486
-0.00123233635373
5.19442546481e-11
0.00148221503605
0.0016255599834
-6.85179168294e-11
-0.00195518963608
-0.00214428868681
9.03762457699e-11
0.00257914633563
0.00282862154934
-1.19208510634e-10
-0.00340235387627
-0.00373152335702
1.57227975292e-10
0.00448860637644
0.00492302242571
-2.07367590997e-10
-0.00592233863179
-0.00649586840188
2.73470169827e-10
0.00781558379125
0.00857327299989
-3.60588037194e-10
-0.0103176359656
-0.0113197617748
4.75310962658e-10
0.0136289185414
0.0149569753158
-6.2622585296e-10
-0.0180218928218
-0.0197879865095
8.24338196797e-10
0.0238747973319
0.0262376012345
-1.08349208094e-09
-0.0317309303776
-0.0349254240361
1.42037984912e-09
0.0424134397718
0.0468122547723
-1.85349811856e-09
-0.0572722278333
-0.0635269085696
2.39951638204e-09
0.0787811052916
0.0881924859553
-3.06395107869e-09
-0.112210423185
-0.127886289737
3.82042038309e-09
0.171421901016
0.20302750234
-4.57373261095e-09
-0.307586205148
-0.40334561502
5.11533064821e-09
0.925885305223
2.07411469475
2.99999999486
3.40334561499
3.30758620512
3.00000000454
2.79697249763
2.82857809896
2.99999999615
3.12788628971
3.11221042316
3.00000000304
2.91180751402
2.92121889468
2.99999999757
3.06352690854
3.0572722278
3.00000000182
2.9531877452
2.9575865602
2.99999999855
3.03492542401
3.03173093035
3.00000000105
2.97376239874
2.97612520264
2.99999999915
3.01978798648
3.01802189279
3.0000000006
2.98504302466
2.98637108143
2.9999999995
3.01131976175
3.01031763594
3.00000000033
2.99142672697
2.99218441618
2.9999999997
3.00649586837
3.0059223386
3.00000000018
2.99507697755
2.99551139359
2.99999999981
3.00373152333
3.00340235385
3.00000000009
2.99717137842
2.99742085364
2.99999999988
3.00214428866
3.00195518961
3.00000000004
2.99837443999
2.99851778494
2.99999999992
3.00123233632
3.00112367042
3.00000000001
2.99906575823
2.99914813685
2.99999999994
3.00070825786
3.00064580655
2.99999999999
2.99946306114
2.99951040591
2.99999999995
3.00040706043
3.00037116787
2.99999999998
2.99969140174
2.99971861233
2.99999999996
3.00023395274
3.00021332402
2.99999999998
2.99982263696
2.99983827588
2.99999999997
3.00013446149
3.0001226054
2.99999999998
2.99989806269
2.99990705097
2.99999999997
3.00007728014
3.00007046599
2.99999999997
2.99994141272
2.99994657863
2.99999999997
3.00004441584
3.00004049949
2.99999999997
2.99996632764
2.99996929668
2.99999999997
3.00002552747
3.00002327659
2.99999999997
2.99998064719
2.99998235361
2.99999999997
3.0000146716
3.00001337794
2.99999999997
2.99998887719
2.99998985793
2.99999999997
3.00000843232
3.0000076888
2.99999999997
2.99999360728
2.99999417095
2.99999999997
3.00000484636
3.00000441904
2.99999999997
2.99999632585
2.99999664981
2.99999999997
3.00000278538
3.00000253978
2.99999999997
2.99999788831
2.99999807451
2.99999999997
3.00000160085
3.00000145969
2.99999999997
2.99999878632
2.99999889333
2.99999999997
3.00000092006
3.00000083893
2.99999999997
2.99999930244
2.99999936394
2.99999999997
3.00000052878
3.00000048215
2.99999999997
2.99999959907
2.99999963442
2.99999999997
3.0000003039
3.0000002771
2.99999999997
2.99999976956
2.99999978988
2.99999999997
3.00000017465
3.00000015925
2.99999999997
2.99999986754
2.99999987922
2.99999999997
3.00000010037
3.00000009151
2.99999999997
2.99999992386
2.99999993057
2.99999999997
3.00000005767
3.00000005258
2.99999999997
2.99999995623
2.99999996008
2.99999999997
3.00000003313
3.00000003021
2.99999999997
2.99999997483
2.99999997705
2.99999999997
3.00000001903
3.00000001735
2.99999999997
2.99999998552
2.9999999868
2.99999999997
3.00000001093
3.00000000996
2.99999999997
2.99999999167
2.9999999924
2.99999999997
3.00000000627
3.00000000571
2.99999999997
2.9999999952
2.99999999562
2.99999999997
3.00000000359
3.00000000327
2.99999999997
2.99999999723
2.99999999747
2.99999999997
3.00000000205
3.00000000187
2.99999999997
2.9999999984
2.99999999854
2.99999999997
3.00000000116
3.00000000106
2.99999999997
2.99999999907
2.99999999915
2.99999999997
3.00000000065
3.00000000059
2.99999999997
2.99999999946
2.99999999951
2.99999999997
3.00000000035
3.00000000032
2.99999999997
2.99999999969
2.99999999971
2.99999999997
3.00000000018
3.00000000016
2.99999999997
2.99999999982
2.99999999984
2.99999999997
3.00000000007
3.00000000005
2.99999999997
2.99999999992
2.99999999993
2.99999999997
2.99999999999
2.99999999998
2.99999999997
2.99999999999
3.0
2.99999999997
2.99999999991
2.9999999999
2.99999999997
3.00000000007
3.00000000009
2.99999999997
2.99999999982
2.9999999998
2.99999999997
3.00000000018
3.00000000021
2.99999999997
2.99999999968
2.99999999965
2.99999999997
3.00000000036
3.00000000041
2.99999999997
2.99999999945
2.99999999939
2.99999999997
3.00000000067
3.00000000074
2.99999999997
2.99999999905
2.99999999896
2.99999999997
3.00000000119
3.00000000131
2.99999999997
2.99999999836
2.9999999982
2.99999999997
3.0000000021
3.00000000231
2.99999999997
2.99999999716
2.99999999689
2.99999999997
3.00000000368
3.00000000404
2.99999999997
2.99999999508
2.99999999461
2.99999999997
3.00000000642
3.00000000705
2.99999999997
2.99999999146
2.99999999064
2.99999999997
3.0000000112
3.00000001228
2.99999999997
2.99999998516
2.99999998373
2.99999999997
3.00000001951
3.0000000214
2.99999999997
2.9999999742
2.99999997171
2.99999999997
3.00000003396
3.00000003725
2.99999999997
2.99999995514
2.9999999508
2.99999999997
3.00000005911
3.00000006483
2.99999999997
2.99999992196
2.99999991442
2.99999999997
3.00000010287
3.00000011282
2.99999999997
2.99999986424
2.99999985111
2.99999999997
3.00000017901
3.00000019632
2.99999999997
2.99999976381
2.99999974097
2.99999999997
3.00000031148
3.00000034161
2.99999999997
2.99999958907
2.99999954933
2.99999999997
3.00000054198
3.00000059439
2.99999999997
2.99999928503
2.99999921589
2.99999999997
3.00000094302
3.00000103422
2.99999999997
2.99999875603
2.99999863574
2.99999999997
3.00000164081
3.00000179948
2.99999999997
2.9999978356
2.99999762631
2.99999999997
3.0000028549
3.00000313098
2.99999999997
2.99999623414
2.99999586998
2.99999999997
3.00000496733
3.00000544768
2.99999999997
2.99999344771
2.9999928141
2.99999999997
3.00000864281
3.00000947858
2.99999999997
2.99998859952
2.99998749708
2.99999999997
3.0000150379
3.0000164921
2.99999999997
2.99998016394
2.99997824573
2.99999999997
3.0000261651
3.0000286954
2.99999999997
2.99996548611
2.99996214834
2.99999999997
3.0000455269
3.00004992995
2.99999999997
2.99993994478
2.99993413613
2.99999999997
3.0000792219
3.00008688561
2.99999999997
2.99989548886
2.99988537596
2.99999999998
3.0001378853
3.00015123403
2.99999999996
2.9998180547
2.99980042581
2.99999999998
3.00024014869
3.00026345074
2.99999999996
2.99968288045
2.99965203215
2.99999999999
3.00041910168
3.00046004917
2.99999999995
2.99944533355
2.9993907288
3.0
3.00073589788
3.00080929837
2.99999999994
2.99901943786
2.99891941063
3.00000000001
3.00131644637
3.00145597597
2.99999999991
2.99820913171
2.99800672728
3.00000000004
3.0024936053
3.00280677345
2.99999999988
2.99638107204
2.99584351043
3.00000000008
3.00566186286
3.00675003189
2.99999999984
2.98979739838
2.98691661514
3.0000000001
3.0245180649
3.03702021725
2.99999999987
2.87617337061
