5.82833021364
4.90129331938
3.89730806675
3.00000000022
2.44188100324
2.42217368635
3.00000000047
4.02057838376
5.1449865425
5.99999999972
6.36779366395
6.28745458091
6.00000000022
5.7841785016
5.79603715581
6.00000000011
6.21311276222
6.23450200605
5.99999999981
5.67194377424
5.57812631263
6.00000000056
6.94536525147
8.09568414586
8.99999999942
9.37615504676
9.27745253615
9.00000000027
8.83219994023
8.86570655131
8.99999999975
9.08849989975
9.07245633181
9.00000000005
8.95097072615
8.95953620415
8.99999999988
9.02770707286
9.02299513889
8.99999999998
8.98402159525
8.98659253787
8.99999999993
9.00965838638
9.00834283373
8.99999999995
8.99341280727
8.99391737159
8.99999999994
9.00572943942
9.0058705586
8.99999999994
8.99317414606
8.99231509858
8.99999999996
9.01038970194
9.01239682999
8.99999999992
8.98150961208
8.97679826099
8.99999999999
9.03983753962
9.05615113422
8.99999999988
