5.10484586872
21.7865162749
14.1773449132
9.26952736791e-10
21.7341007841
14.3283767066
9.28231713715e-10
21.7341435776
14.3283767066
9.26526411149e-10
24.2474688595
16.7780530796
1.4212631072e-09
24.2474425152
16.7780550855
1.42077993814e-09
24.2474425153
16.2860048836
1.37720945759e-09
24.2490166645
16.2854662163
1.37841738024e-09
24.2490166645
16.2854662163
1.2606236055e-09
24.2488840563
16.2855402751
1.25957200225e-09
24.2488840678
16.2855402751
1.25843513388e-09
24.2485113495
16.2855340238
1.25843513388e-09
24.0645478934
16.2855342665
1.25957200225e-09
24.0645478934
16.2855167202
1.25877619439e-09
24.0455203537
16.2769188114
1.25888988123e-09
24.0455204581
16.2769188114
1.25809407336e-09
24.0455204581
15.8357973017
1.26025412328e-09
24.0780858518
15.8357993144
1.26014043644e-09
24.081298307
15.8357993144
1.13724496487e-09
24.0800660897
17.0752732298
1.1367333741e-09
24.0800660896
17.1374694378
1.13809761615e-09
24.0800871082
17.1137817879
1.20881082921e-09
24.3748911342
17.1137817852
1.70914660202e-09
24.3748911342
17.1137826128
8.63288107666e-10
24.4074993267
16.9234251929
8.62151239289e-10
24.4074126546
16.9234251929
8.63970228693e-10
23.8086086069
18.1639599779
2.99999999987
23.8086250373
18.1639565657
2.99999999987
23.8086250371
18.4793818543
2.99999999998
23.8054857852
18.4796977082
2.99999999998
23.8054857852
18.4796977082
3.00000000029
23.8057501751
18.479571571
3.0000000003
23.8057501685
18.479571571
3.0000000003
23.8064932904
18.4795822048
3.0000000003
24.182634708
18.4795820625
3.0000000003
24.182634708
18.4796119367
3.0000000003
24.1960639144
18.4942380559
3.0000000003
24.1960638407
18.4942380559
3.0000000003
24.1960638409
18.7224822065
3.0000000003
24.1730918052
18.7224810261
3.0000000003
24.1708239346
18.7224810261
3.00000000061
24.1716940341
18.2794062916
3.00000000061
24.1716940342
18.2430449795
3.00000000061
24.171631638
18.2569576328
3.00000000043
23.9754850405
18.2569576343
5.99999999943
23.9754850405
18.2569562248
5.99999999999
23.9525108666
18.5559636771
5.99999999999
23.952768227
18.5559636771
5.99999999999
24.3131711417
18.1122663988
6.00000000076
24.3131595438
18.112272211
6.00000000076
24.3131595443
17.8320713493
6.00000000055
24.3217248068
17.8318858237
6.00000000055
24.3217248068
17.8318858237
5.99999999997
24.3210044233
17.8321007552
5.99999999997
24.3210044266
17.8321007552
5.99999999997
24.3189795383
17.8320826435
5.99999999997
23.0746622753
17.832082727
5.99999999997
23.0746622753
17.8320318294
5.99999999997
23.0593232029
17.8071179966
5.99999999997
23.0593232872
17.8071179966
5.99999999997
23.0593232853
17.6781838651
5.99999999997
23.0855576942
17.6781845589
5.99999999997
23.0881483277
17.6781845589
5.99999999938
23.0871520613
17.9077430186
5.99999999938
23.0871520612
17.9290936016
5.99999999938
23.0878024577
17.9209113435
5.99999999974
23.3074981283
17.9209113426
6.00000000053
23.3074981283
17.9209137492
6.00000000019
23.3333931145
17.3371593596
6.00000000019
23.3307037321
17.3371593595
6.00000000019
22.8429679885
17.5670830159
5.99999999972
22.8429812254
17.5670730923
5.99999999972
22.8429812222
17.9151196955
6.00000000009
22.7840065423
17.9152288085
6.00000000009
22.7840065423
17.9152288085
6.00000000103
22.788924642
17.9148618566
6.00000000103
22.7889246494
17.9148618566
6.00000000103
22.8027529658
17.9148927739
6.00000000103
17.5927791523
17.9148927248
6.00000000103
17.5927791523
17.9149796183
6.00000000103
17.5705899386
17.9575207707
6.00000000103
17.5705900605
17.9575207707
6.00000000103
17.5705899858
18.0325114109
6.00000000103
17.6085393112
18.0325110019
6.00000000103
17.6122869316
18.032511002
6.00000000199
17.6107466518
17.9025183979
6.00000000199
17.6107466516
17.889938103
6.00000000199
17.6363185676
17.8947619573
6.00000000138
17.9520230865
17.8947619578
6.00000000086
17.9520230865
17.8947578225
6.00000000107
17.9749462099
20.3453892251
6.00000000107
17.867908664
20.3453892251
6.00000000107
15.4133843893
20.2151829236
6.0000000013
15.4134033325
20.2151999755
6.0000000013
15.4134032857
19.6075649106
6.00000000068
14.5243167148
19.6075005827
6.00000000068
14.5243167148
19.6075005827
8.99999999942
14.5957636692
19.6081308079
8.99999999942
14.5957638536
19.6081308079
8.99999999942
14.7969176445
19.6080777119
8.99999999942
11.9367940829
19.6080777407
8.99999999942
11.9367940829
19.607928508
8.99999999942
11.9325617198
19.5348075767
8.99999999942
11.9325617431
19.5348075767
8.99999999942
11.9325611237
19.4905101482
8.99999999943
11.9398116955
19.4905103909
8.99999999943
11.9405260354
19.4905103909
11.9999999981
11.9393994513
19.5666168593
11.9999999981
11.9393994513
19.5740812119
11.9999999981
12.1516965975
19.5712184785
11.9999999991
12.2118778985
19.5712184782
11.9999999994
12.2118778985
19.5712257173
11.9999999993
12.093989659
20.8173517584
11.9999999993
11.1703793264
20.8173517584
11.9999999993
5.43858910167
20.8935822206
11.9999999992
5.43859210309
20.8935523706
11.9999999992
5.43859201979
23.3499718589
12.0000000002
3.64103735767
23.3500100343
12.0000000002
3.64103735767
23.3500100342
12.0000000011
3.76834601243
23.34890869
12.0000000011
3.76834635459
23.34890869
12.0000000011
4.12826865067
23.3490014733
12.0000000011
3.7519898847
23.3490014563
12.0000000011
3.7519898847
23.3492622385
12.0000000011
3.75179122319
23.4773775366
12.0000000011
3.75179122435
23.4773775366
12.0000000011
3.75179015142
23.5041320703
12.0000000011
3.7521516703
23.5041319235
12.0000000011
3.75218435935
23.5041319236
12.0000000021
3.75069499866
23.4583049882
12.0000000021
3.75069499865
23.4537898061
12.0000000021
4.12013362196
23.4555216215
15.0000000008
4.12313200636
23.4555216217
15.0000000006
4.12313200636
23.4555082292
15.0000000007
3.90636756348
22.9977415398
15.0000000007
2.09032023995
22.9977415398
15.0000000007
-1.28827476698
22.9518449168
15.0000000006
-1.28827498043
22.9519001404
15.0000000006
-1.28827493738
24.2093205501
17.9999999992
0.243044798811
24.2092974566
17.9999999992
0.243044798809
24.2092974567
17.9999999987
0.177135088932
24.2113228564
17.9999999987
0.177134911474
24.2113228564
17.9999999987
-0.0115019446655
24.2111522423
17.9999999987
0.0140979064292
24.2111522523
17.9999999987
0.0140979064303
24.2106727107
17.9999999987
0.0140994255727
23.9728847532
17.9999999987
0.0140994255295
23.9728847532
17.9999999987
0.0140999790355
23.9557489489
17.9999999988
0.0140861455266
23.955749043
17.9999999988
0.0140863350116
23.9557490429
17.9999999981
0.0148481313011
23.9850697311
17.9999999981
0.0148481313011
23.9879631511
17.9999999981
-0.178337858953
23.9868532596
17.9999999991
-0.178452569298
23.9868532595
17.9999999992
-0.178452569297
23.9868827101
17.9999999992
-0.0659340568264
24.2451112036
17.9999999992
1.47340533975
24.2451112036
17.9999999992
2.07463047044
24.27446423
17.9999999995
2.07463053401
24.274342784
17.9999999995
2.07463047835
23.7808689827
18.0000000005
4.39142678304
23.7808837811
18.0000000005
4.39142678304
23.7808837808
18.0000000006
4.47701898457
23.7765471571
18.0000000006
4.47701921405
23.7765471571
18.0000000006
4.73111751955
23.7769123087
18.0000000006
4.7235506763
23.7769123031
18.0000000006
4.7235506763
23.777938645
18.0000000006
4.72355710441
24.3108325333
18.0000000006
4.72355710443
24.3108325333
18.0000000006
4.72355638911
24.3240896229
18.0000000006
4.72355991619
24.3240895501
18.0000000006
4.72355825403
24.3240895505
18.000000001
4.72257430479
24.3014138094
18.000000001
4.72257430479
24.2991749118
18.000000001
4.98249717905
24.3000341139
18.0000000004
4.98252642568
24.300034114
18.0000000003
4.98252642568
24.2999186036
18.0000000003
4.83511816457
24.1080437155
18.0000000003
7.14178000911
24.1080437155
18.0000000003
6.87353745327
24.0853976902
17.9999999997
6.87353742357
24.0858742945
17.9999999997
6.87353751043
24.4443930348
17.9999999991
6.36163428809
24.4443815865
17.9999999991
6.36163428809
24.4443815873
17.9999999993
6.22624370136
24.4589796382
17.9999999993
6.22624334321
24.4589796382
17.9999999993
5.77490453259
24.4577536419
17.9999999993
5.77843577865
24.4577536438
17.9999999993
5.77843577865
24.4543073718
17.9999999993
5.77842346731
21.4631434387
17.9999999993
5.7784234673
21.4631434387
17.9999999993
5.77842458353
21.4374474029
17.9999999993
5.77842297961
21.437447544
17.9999999993
5.77842595853
21.4374475351
17.9999999991
5.77996122875
21.4813943149
17.9999999991
5.77996122875
21.4857342058
17.9999999991
5.3195505045
21.4840574707
17.9999999995
5.31953720476
21.4840574705
17.9999999995
5.31953720476
21.4870767637
17.9999999995
5.55902208445
21.8539739208
17.9999999995
5.06286158787
21.8539739208
17.9999999995
5.20738114973
21.8962130497
18.0000000005
5.20738116588
21.8836966283
18.0000000005
5.20738102229
20.8461374315
18.0000000008
5.46791483822
20.8461595799
18.0000000008
5.46791483822
20.8461595686
18.0000000004
5.70092460051
20.6378400622
18.0000000004
5.70092519257
20.6378400622
18.0000000004
6.93643126926
20.6550804302
18.0000000004
6.93451142133
20.6550804667
18.0000000004
6.93451142133
20.7035689058
18.0000000004
6.9345328161
15.709758927
18.0000000004
6.93453281611
15.709758927
18.0000000004
6.93453097093
15.694926536
18.0000000002
6.9345318379
15.6949266175
18.0000000002
6.93452673733
15.6949264404
18.0000000004
6.93198891243
15.7202960157
18.0000000004
6.93198891244
15.7228010245
18.0000000004
8.18248576446
15.7215965417
18.0000000002
8.1824929535
15.7215965416
18.0000000001
8.1824929535
15.7821971818
18.0000000001
7.73311129641
15.9930270957
18.0000000001
7.96764271289
15.9930270957
18.0000000001
7.88515982244
15.9826863308
20.9999999988
7.88515981319
15.7268149789
20.9999999988
7.88516005515
12.1518506105
20.9999999986
7.71248691018
12.1518630472
20.9999999986
7.71248691018
12.151862976
20.9999999995
7.26680083616
10.7599729814
20.9999999995
7.26679983848
10.7599729814
20.9999999995
9.73533504629
10.8688118308
20.9999999995
9.73643360995
10.8688121189
20.9999999995
9.73643360995
11.1755288903
20.9999999995
9.73639699385
9.46376269044
20.9999999995
9.73639699385
9.46376269044
20.9999999995
9.73640010308
9.46198398961
20.9999999997
9.73639960782
9.46198399944
20.9999999997
9.73640829795
9.46198307289
20.9999999996
9.74068465669
9.46504372532
20.9999999996
9.74068465669
9.46534339871
20.9999999996
12.1839506494
9.4639531136
20.9999999997
12.1839465426
9.46395311359
20.9999999998
12.1839465426
9.78185237313
20.9999999998
13.428119683
9.80724727442
20.9999999998
13.2993118577
9.80724727442
20.9999999997
13.3472995953
9.6230389208
21.0000000007
13.3472996007
8.20266548345
21.0000000007
13.3472991903
2.28456331839
21.0000000008
13.496037835
2.28456417463
21.0000000008
13.496037835
2.28456412484
23.9999999996
14.7380610659
1.10350453674
23.9999999996
14.7380627582
1.10350453674
23.9999999996
14.123878049
1.17961814988
23.9999999996
14.1232383821
1.17961835479
23.9999999996
14.1232383821
1.39540644018
23.9999999996
14.1233008129
1.29052874901
23.9999999996
14.1233008129
1.29052874901
23.9999999996
14.123295539
1.29049080854
23.9999999993
14.1232958272
1.29049080879
23.9999999993
14.1232810326
1.29049016832
23.9999999993
14.1160274452
1.29056805264
23.9999999993
14.1160274452
1.29057394461
23.9999999993
13.5447679064
1.28969012113
23.9999999993
13.5447702966
1.28969012113
23.9999999993
13.5447702966
1.51090287591
23.9999999993
15.9917641587
1.51154876792
23.9999999993
16.0657683737
1.51154876792
23.9999999993
16.0376648238
1.38187920208
23.9999999987
16.0376648207
0.190861107761
23.9999999987
16.0376655185
-1.21363437391
23.9999999986
15.8657268082
-1.21363449933
23.9999999986
15.8657268082
-1.21363445571
23.9999999995
18.3139794766
1.50114309837
23.9999999995
18.3139765992
1.50114309837
23.9999999995
18.6650432027
1.43430136636
23.9999999995
18.6654179228
1.43430118655
23.9999999995
18.6654179228
1.24141112665
23.9999999995
18.6653115835
1.25638940447
23.9999999995
18.6653115835
1.25638940447
23.9999999995
18.6653205507
1.25638711912
24.0
18.665320382
1.2563871191
24.0
18.6653455691
1.25638767977
24.0
18.6776791592
1.25638020709
24.0
18.6776791592
1.25638104492
24.0
18.9554333705
1.25715245015
24.0
18.9554319703
1.25715245015
24.0
18.9554319703
1.05967778603
24.0
18.3819064652
1.05961582199
24.0
18.3387436656
1.05961582199
24.0
18.3552423606
1.17394962769
24.0000000003
18.3552423625
3.89675189254
24.0000000003
18.3552411744
4.32109335987
24.0000000004
18.6086947133
4.32109340591
24.0000000004
18.6086947133
4.32109334411
23.9999999999
18.0344306624
5.38401332078
23.9999999999
18.0344355614
5.38401332078
23.9999999999
17.7538427629
5.47933899524
23.9999999999
17.7536227556
5.47933925004
23.9999999999
17.7536227556
5.76956387126
23.9999999999
17.753803906
5.76408862254
23.9999999999
17.753803906
5.76408862254
23.9999999999
17.7537886396
5.76409657729
23.9999999991
17.7537887386
5.7640965773
23.9999999991
17.7537458394
5.76409578312
23.9999999991
17.7327467047
5.76409830037
23.9999999991
17.7327467047
5.7640963168
23.9999999991
17.5786129603
5.76300393377
23.9999999991
17.5786137828
5.76300393377
23.9999999991
17.5786137828
6.05968915923
23.9999999991
17.8578391196
6.05971003231
23.9999999991
17.883155304
6.05971003231
23.9999999991
17.8734566111
5.89455135667
23.999999999
17.87345661
6.94624540443
23.999999999
17.8734586365
6.7387237926
23.999999999
17.4175254276
6.73872376952
23.999999999
17.4175254276
6.7387238686
23.9999999992
17.6971841314
6.36094143967
23.9999999992
17.6971757754
6.36094143967
23.9999999992
18.0104806596
6.2050803703
23.9999999992
18.0106099942
6.20507996173
23.9999999992
18.0106099942
5.63838960987
23.9999999992
18.010300991
5.64113387486
23.9999999992
18.010300991
5.64113387486
23.9999999992
