-2.12339128647
-1.96783373512
-1.81292696517
-1.65866825404
-1.50505489055
-1.35208417486
-1.19975341844
-1.04805994398
-0.897001085391
-0.746574187731
-0.596776607165
-0.447605710919
-0.299058877234
-0.151133495318
-0.00382696530203
0.142863301806
0.288939884166
0.434405349155
0.579262253407
0.723513142861
0.867160552804
1.01020700792
1.15265502232
1.29450709962
1.43576573293
1.57643340496
1.71651258802
1.85600574407
1.99491532478
2.13324377157
2.27099351562
2.40816697798
2.54476656953
2.68079469109
2.81625373343
2.9511460773
3.08547409353
3.21924014299
3.3524465767
3.48509573584
3.61718995178
3.74873154615
3.87972283086
4.01016610817
4.14006367067
4.2694178014
4.39823077382
4.52650485189
4.65424229009
4.78144533348
4.90811621772
5.03425716913
5.15987040469
5.28495813214
5.40952254994
5.5335658474
5.65709020464
5.78009779266
5.90259077339
6.02457129972
6.14604151552
6.26700355568
6.3874595462
6.50741160413
6.62686183772
6.74581234635
6.86426522066
6.9822225425
7.09968638506
7.21665881281
7.33314188162
7.44913763873
7.56464812284
7.6796753641
7.79422138418
7.90828819629
8.02187780521
8.13499220735
8.24763339075
8.35980333514
8.47150401197
8.58273738443
8.69350540752
8.80381002805
8.91365318467
9.02303680795
9.13196282035
9.24043313631
9.34844966226
9.45601429664
9.56312892996
9.66979544483
9.77601571595
9.88179161022
9.98712498669
10.0920176967
10.1964715837
10.3004884836
10.4040702245
10.507218627
10.6099355039
10.7122226606
10.8140818947
10.9155149965
11.0165237488
11.1171099269
11.2172752985
11.3170216242
11.4163506571
11.5152641429
11.6137638201
11.7118514198
11.809528666
11.9067972755
12.0036589577
12.1001154151
12.196168343
12.2918194296
12.3870703558
12.481922796
12.576378417
12.6704388791
12.7641058354
12.8573809321
12.9502658087
13.0427620975
13.1348714244
13.2265954081
13.3179356607
13.4088937877
13.4994713876
13.5896700524
13.6794913673
13.7689369112
13.8580082559
13.946706967
14.0350346034
14.1229927175
14.2105828553
14.2978065561
14.384665353
14.4711607726
14.557294335
14.6430675541
14.7284819374
14.8135389862
14.8982401953
14.9825870535
15.0665810431
15.1502236404
15.2335163154
15.3164605322
15.3990577484
15.4813094158
15.5632169799
15.6447818804
15.7260055508
15.8068894186
15.8874349055
15.967643427
16.0475163929
16.1270552069
16.2062612671
16.2851359654
16.3636806883
16.441896816
16.5197857234
16.5973487793
16.674587347
16.751502784
16.8280964422
16.9043696676
16.9803238008
17.0559601768
17.1312801249
17.206284969
17.2809760272
17.3553546123
17.4294220315
17.5031795866
17.576628574
17.6497702846
17.7226060038
17.7951370117
17.8673645833
17.9392899878
18.0109144894
18.0822393471
18.1532658142
18.2239951392
18.2944285652
18.36456733
18.4344126665
18.5039658021
18.5732279593
18.6422003555
18.7108842028
18.7792807084
18.8473910744
18.9152164979
18.982758171
19.0500172807
19.1169950092
19.1836925336
19.2501110262
19.3162516543
19.3821155803
19.4477039619
19.5130179519
19.5780586981
19.6428273436
19.7073250269
19.7715528815
19.8355120362
19.8992036151
19.9626287377
20.0257885188
20.0886840683
20.1513164917
20.2136868897
20.2757963587
20.3376459901
20.3992368711
20.4605700841
20.5216467071
20.5824678135
20.6430344724
20.7033477481
20.7634087008
20.823218386
20.8827778549
20.9420881544
21.0011503268
21.0599654102
21.1185344382
21.1768584404
21.2349384417
21.2927754629
21.3503705205
21.4077246269
21.46483879
21.5217140137
21.5783512976
21.634751637
21.6909160233
21.7468454437
21.8025408809
21.8580033141
21.9132337178
21.968233063
22.0230023161
22.0775424397
22.1318543926
22.1859391291
22.2397976
22.2934307517
22.346839527
22.4000248644
22.4529876988
22.505728961
22.558249578
22.6105504728
22.6626325647
22.714496769
22.7661439973
22.8175751573
22.8687911529
22.9197928843
22.9705812479
23.0211571362
23.0715214383
23.1216750392
23.1716188205
23.22135366
23.2708804317
23.3202000061
23.3693132501
23.4182210268
23.4669241958
23.5154236131
23.5637201311
23.6118145986
23.659707861
23.7074007599
23.7548941336
23.8021888169
23.8492856409
23.8961854334
23.9428890187
23.9893972177
24.0357108476
24.0818307227
24.1277576533
24.1734924467
24.2190359068
24.2643888339
24.3095520252
24.3545262744
24.399312372
24.4439111052
24.4883232577
24.5325496101
24.5765909398
24.6204480208
24.6641216238
24.7076125166
24.7509214635
24.7940492255
24.8369965609
24.8797642242
24.9223529674
24.9647635387
25.0069966837
25.0490531446
25.0909336606
25.1326389677
25.174169799
25.2155268843
25.2567109505
25.2977227216
25.3385629182
25.3792322581
25.4197314562
