0.957327670206
1.54234583052
2.08656821525
2.59283968531
3.06380671753
3.50193123876
3.90950349537
4.28865402518
4.6413647947
4.96947955956
5.27471350254
5.55866219956
5.82280996028
6.06853758724
6.29712959379
6.50978091879
6.70760317295
6.89163044974
7.06282473091
7.2220809152
7.37023149629
7.50805091457
7.63625960545
7.75552776536
7.86647885511
7.96969285896
8.06570931643
8.1550301427
8.23812225226
8.31541999973
8.38732745033
8.45422049212
8.5164488009
8.57433766811
8.62818970127
8.67828640577
8.72488965648
8.7682430666
8.80857326119
8.84609106178
8.88099258841
8.91346028487
8.94366387237
8.97176123675
8.9978992538
9.02221455704
9.04483425197
9.06587658048
9.08545153897
9.10366145332
9.12060151379
9.13636027263
9.15102010697
9.16465764943
9.17734418873
9.18914604232
9.20012490304
9.21033816165
9.21983920681
9.22867770414
9.23689985591
9.24454864246
9.25166404698
9.25828326442
