-0.971792249906
-0.952604586712
-0.933419692086
-0.914237565631
-0.895058206945
-0.875881615631
-0.856707791288
-0.837536733517
-0.818368441919
-0.799202916095
-0.780040155645
-0.760880160172
-0.741722929275
-0.722568462557
-0.703416759617
-0.684267820058
-0.665121643481
-0.645978229486
-0.626837577676
-0.607699687652
-0.588564559015
-0.569432191366
-0.550302584309
-0.531175737443
-0.512051650371
-0.492930322695
-0.473811754017
-0.454695943938
-0.43558289206
-0.416472597986
-0.397365061317
-0.378260281656
-0.359158258605
-0.340058991766
-0.320962480741
-0.301868725133
-0.282777724544
-0.263689478577
-0.244603986834
-0.225521248918
-0.206441264431
-0.187364032976
-0.168289554157
-0.149217827575
-0.130148852833
-0.111082629536
-0.0920191572846
-0.0729584356831
-0.0539004643344
-0.0348452428415
-0.0157927708078
0.00325695216347
0.022303926469
0.0413481525054
0.0603896306692
0.0794283613568
0.0984643449648
0.117497581889
0.136528072527
0.155555817274
0.174580816526
0.19360307068
0.212622580132
0.231639345277
0.250653366512
0.269664644233
0.288673178835
0.307678970715
0.326682020267
0.345682327888
0.364679893974
0.383674718919
0.40266680312
0.421656146971
0.440642750869
0.459626615209
0.478607740386
0.497586126794
0.51656177483
0.535534684889
0.554504857365
0.573472292653
0.592436991149
0.611398953247
0.630358179343
0.64931466983
0.668268425104
0.68721944556
0.706167731591
0.725113283593
0.744056101959
0.762996187086
0.781933539365
0.800868159193
0.819800046964
0.838729203071
0.857655627909
0.876579321871
0.895500285352
0.914418518746
0.933334022447
0.952246796849
0.971156842345
0.990064159329
1.00896874819
1.02787060934
1.04676974315
1.06566615002
1.08455983035
1.10345078453
1.12233901295
1.14122451601
1.16010729409
1.1789873476
1.19786467693
1.21673928246
1.2356111646
1.25448032373
1.27334676025
1.29221047455
1.31107146702
1.32992973806
1.34878528805
1.3676381174
1.38648822649
1.40533561572
1.42418028548
1.44302223615
1.46186146815
1.48069798184
1.49953177764
1.51836285592
1.53719121709
1.55601686153
1.57483978964
1.59366000181
1.61247749842
1.63129227988
1.65010434657
1.66891369889
1.68772033723
1.70652426197
1.72532547351
1.74412397225
1.76291975857
1.78171283286
1.80050319552
1.81929084694
1.8380757875
1.8568580176
1.87563753764
1.89441434799
1.91318844906
1.93195984123
1.9507285249
1.96949450045
1.98825776828
2.00701832877
2.02577618232
2.04453132932
2.06328377016
2.08203350523
2.10078053491
2.1195248596
2.1382664797
2.15700539558
2.17574160765
2.19447511628
2.21320592188
2.23193402483
2.25065942551
2.26938212433
2.28810212167
2.30681941791
2.32553401346
2.3442459087
2.36295510401
2.3816615998
2.40036539644
2.41906649433
2.43776489386
2.45646059541
2.47515359938
2.49384390615
2.51253151612
2.53121642967
2.5498986472
2.56857816908
2.58725499572
2.60592912749
2.62460056479
2.64326930801
2.66193535753
2.68059871375
2.69925937705
2.71791734783
2.73657262646
2.75522521334
2.77387510885
2.7925223134
2.81116682735
2.82980865111
2.84844778505
2.86708422958
2.88571798507
2.90434905191
2.9229774305
2.94160312121
2.96022612444
2.97884644058
2.99746407001
3.01607901312
3.0346912703
3.05330084193
3.07190772841
3.09051193012
3.10911344745
3.12771228078
3.14630843051
3.16490189701
3.18349268068
3.20208078191
3.22066620107
3.23924893857
3.25782899478
3.27640637009
3.29498106489
3.31355307957
3.33212241451
3.3506890701
3.36925304672
3.38781434477
3.40637296462
3.42492890667
3.4434821713
3.4620327589
3.48058066985
3.49912590455
3.51766846336
3.5362083467
3.55474555493
3.57328008844
3.59181194763
3.61034113287
3.62886764455
3.64739148306
3.66591264879
3.68443114211
3.70294696342
3.7214601131
3.73997059153
3.75847839911
3.77698353621
3.79548600323
3.81398580054
3.83248292854
3.8509773876
3.86946917811
3.88795830047
3.90644475504
3.92492854223
3.9434096624
3.96188811595
3.98036390327
3.99883702473
4.01730748073
4.03577527164
4.05424039785
4.07270285974
4.09116265771
4.10961979213
4.12807426338
4.14652607186
4.16497521795
4.18342170203
4.20186552448
4.22030668569
4.23874518605
4.25718102593
4.27561420572
4.29404472581
4.31247258658
4.3308977884
4.34932033168
4.36774021678
4.3861574441
4.40457201401
4.4229839269
4.44139318316
4.45979978316
4.47820372729
4.49660501593
4.51500364947
4.53339962829
4.55179295278
4.5701836233
4.58857164026
4.60695700403
4.62533971499
4.64371977353
4.66209718003
4.68047193486
4.69884403843
4.7172134911
4.73558029326
4.7539444453
4.77230594758
4.79066480051
4.80902100445
4.8273745598
4.84572546693
4.86407372622
4.88241933807
4.90076230284
4.91910262092
4.9374402927
4.95577531855
4.97410769886
4.99243743401
5.01076452438
5.02908897036
5.04741077231
5.06572993063
5.0840464457
5.1023603179
5.1206715476
5.1389801352
5.15728608107
5.17558938559
5.19389004914
5.21218807211
5.23048345488
5.24877619782
5.26706630133
5.28535376577
5.30363859153
5.32192077899
5.34020032853
5.35847724054
5.37675151538
5.39502315345
5.41329215513
5.43155852078
5.4498222508
5.46808334557
5.48634180546
5.50459763085
5.52285082213
5.54110137968
5.55934930387
5.57759459508
5.5958372537
5.61407728011
5.63231467468
5.65054943779
5.66878156983
5.68701107117
5.70523794219
5.72346218328
5.74168379481
5.75990277716
5.77811913071
5.79633285584
5.81454395293
5.83275242236
5.85095826451
5.86916147976
5.88736206848
5.90556003106
5.92375536787
5.94194807929
5.9601381657
5.97832562749
5.99651046502
6.01469267868
6.03287226885
6.0510492359
6.06922358022
6.08739530218
6.10556440216
6.12373088053
6.14189473769
6.16005597399
6.17821458983
6.19637058559
6.21452396163
6.23267471834
6.25082285609
6.26896837527
6.28711127625
6.3052515594
6.32338922512
6.34152427377
6.35965670572
6.37778652137
6.39591372109
6.41403830525
6.43216027423
6.45027962841
6.46839636816
6.48651049387
6.50462200591
6.52273090466
6.54083719049
6.55894086379
6.57704192492
6.59514037427
6.61323621221
6.63132943913
6.64942005538
6.66750806136
6.68559345744
6.703676244
6.72175642141
6.73983399004
6.75790895029
6.77598130251
6.79405104709
6.81211818441
6.83018271484
6.84824463875
6.86630395653
6.88436066854
6.90241477517
6.9204662768
6.93851517378
6.95656146651
6.97460515536
6.99264624071
7.01068472292
7.02872060237
7.04675387945
7.06478455453
7.08281262797
7.10083810017
7.11886097148
7.13688124229
7.15489891298
7.17291398391
7.19092645547
7.20893632803
7.22694360195
7.24494827763
7.26295035543
7.28094983573
7.2989467189
7.31694100532
7.33493269536
7.35292178939
7.3709082878
7.38889219096
7.40687349923
7.424852213
7.44282833264
7.46080185852
7.47877279102
7.49674113051
7.51470687737
7.53267003196
7.55063059467
7.56858856587
7.58654394594
7.60449673523
7.62244693414
7.64039454303
7.65833956228
7.67628199226
7.69422183334
7.7121590859
7.73009375031
7.74802582695
7.76595531619
7.78388221839
7.80180653395
7.81972826322
7.83764740658
7.85556396441
7.87347793707
7.89138932494
7.9092981284
7.92720434782
7.94510798356
7.96300903601
7.98090750553
7.9988033925
8.01669669728
8.03458742026
8.05247556181
8.07036112229
8.08824410209
8.10612450156
8.12400232109
8.14187756105
8.15975022181
8.17762030374
8.19548780721
8.2133527326
8.23121508027
8.24907485061
8.26693204397
8.28478666074
8.30263870129
8.32048816598
8.33833505519
8.35617936929
8.37402110865
8.39186027364
8.40969686464
8.42753088201
8.44536232613
8.46319119737
8.4810174961
8.49884122269
8.51666237751
8.53448096094
8.55229697334
8.57011041508
8.58792128654
8.60572958809
8.6235353201
8.64133848293
8.65913907696
8.67693710257
8.69473256011
8.71252544996
8.7303157725
8.74810352809
8.7658887171
8.7836713399
8.80145139686
8.81922888836
8.83700381476
8.85477617644
8.87254597376
8.89031320709
8.90807787681
8.92583998327
8.94359952687
8.96135650795
8.9791109269
8.99686278408
9.01461207986
9.03235881461
9.05010298871
9.06784460251
9.0855836564
9.10332015073
9.12105408589
9.13878546223
9.15651428013
9.17424053995
9.19196424207
9.20968538686
9.22740397467
9.24512000589
9.26283348089
9.28054440002
9.29825276366
9.31595857218
9.33366182594
9.35136252532
9.36906067069
9.3867562624
9.40444930084
9.42213978636
9.43982771935
9.45751310015
9.47519592916
9.49287620672
9.51055393321
9.528229109
9.54590173446
9.56357180996
9.58123933585
9.59890431252
9.61656674032
9.63422661963
9.65188395081
9.66953873423
9.68719097026
9.70484065927
9.72248780162
9.74013239769
9.75777444783
9.77541395242
9.79305091182
9.8106853264
9.82831719653
9.84594652257
9.8635733049
9.88119754387
9.89881923986
9.91643839324
9.93405500436
9.9516690736
9.96928060132
9.9868895879
10.0044960337
10.0220999391
10.0397013044
10.05730013
10.0748964163
10.0924901637
10.1100813725
10.1276700431
10.1452561758
10.162839771
10.1804208291
10.1979993505
10.2155753355
10.2331487844
10.2507196977
10.2682880757
10.2858539188
10.3034172273
10.3209780016
10.3385362421
10.3560919492
10.3736451231
10.3911957643
10.4087438732
10.42628945
10.4438324953
10.4613730092
10.4789109922
10.4964464448
10.5139793671
10.5315097596
10.5490376227
10.5665629567
10.584085762
10.6016060389
10.6191237879
10.6366390092
10.6541517033
10.6716618705
10.6891695112
10.7066746257
10.7241772144
10.7416772777
10.7591748159
10.7766698294
10.7941623186
10.8116522838
10.8291397254
10.8466246437
10.8641070392
10.8815869122
10.899064263
10.916539092
10.9340113995
10.9514811861
10.9689484519
10.9864131974
11.0038754229
11.0213351288
11.0387923154
11.0562469832
11.0736991325
11.0911487636
11.1085958769
11.1260404728
11.1434825516
11.1609221138
11.1783591596
11.1957936894
11.2132257036
11.2306552026
11.2480821866
11.2655066562
11.2829286116
11.3003480532
11.3177649813
11.3351793964
11.3525912988
11.3700006888
11.3874075669
11.4048119333
11.4222137885
11.4396131328
11.4570099665
11.4744042901
11.4917961038
11.5091854082
11.5265722034
11.5439564899
11.561338268
11.5787175382
