8.34928704209
9.09167249322
9.82816882467
10.558822753
11.2836806244
12.002788417
12.7161917446
13.4239358589
14.1260656528
14.822625663
15.5136600729
16.1992127154
16.8793270758
17.5540462942
18.2234131687
18.8874701579
19.5462593835
20.199822633
20.8482013625
21.4914366992
22.1295694442
22.7626400748
23.3906887472
24.013755299
24.6318792519
25.2450998141
25.8534558827
26.4569860463
27.0557285872
27.6497214843
28.2390024151
28.8236087581
29.4035775954
29.9789457151
30.5497496131
31.1160254961
31.6778092835
32.2351366097
32.7880428264
33.336563005
33.8807319386
34.4205841443
34.9561538654
35.4874750736
36.0145814711
36.5375064926
37.0562833077
37.570944823
38.0815236838
38.5880522767
39.0905627311
39.5890869218
40.0836564706
40.5743027484
41.0610568774
41.5439497329
42.023011945
42.4982739013
42.9697657479
43.4375173921
43.9015585036
44.3619185171
44.8186266335
45.2717118223
45.7212028231
46.1671281475
46.6095160809
47.0483946843
47.4837917963
47.9157350344
48.3442517972
48.7693692658
49.1911144059
49.6095139691
50.0245944949
50.4363823122
50.844903541
51.2501840942
51.6522496791
52.0511257991
52.4468377553
52.8394106479
53.2288693783
53.6152386502
53.9985429712
54.3788066548
54.7560538214
55.1303084
55.5015941301
55.8699345626
56.2353530615
56.5978728059
56.9575167905
57.314307828
57.6682685498
58.0194214082
58.3677886768
58.7133924531
59.056254659
59.3963970425
59.7338411791
60.0686084733
60.4007201595
60.7301973041
61.0570608058
61.3813313981
61.7030296497
62.0221759661
62.3387905912
62.652893608
62.9645049404
63.2736443541
63.5803314582
63.8845857061
64.1864263969
64.4858726766
64.7829435393
65.0776578286
65.3700342383
65.6600913143
65.947847455
66.2333209132
66.5165297965
66.7974920693
67.0762255532
67.3527479285
67.6270767353
67.8992293744
68.1692231088
68.4370750644
68.7028022314
68.9664214649
69.2279494866
69.4874028854
69.7447981188
70.0001515135
70.2534792667
70.5047974474
70.7541219968
71.0014687298
71.2468533359
71.4902913799
71.7317983035
71.9713894255
72.2090799434
72.4448849343
72.6788193553
72.9108980451
73.1411357248
73.3695469985
73.5961463545
73.8209481662
74.0439666929
74.2652160811
74.4847103646
74.7024634662
74.9184891982
75.1328012633
75.3454132554
75.5563386608
75.7655908587
75.973183122
76.1791286185
76.3834404116
76.5861314609
76.7872146233
76.9867026537
77.1846082057
77.3809438328
77.5757219885
77.768955028
77.9606552081
78.1508346885
78.3395055326
78.5266797077
78.7123690867
78.8965854478
79.0793404762
79.260645764
79.4405128118
79.6189530286
79.795977733
79.9715981538
80.1458254309
80.3186706156
80.4901446716
80.6602584756
80.8290228182
80.9964484043
81.1625458537
81.3273257021
81.4907984018
81.6529743219
81.8138637493
81.9734768895
82.1318238669
82.2889147255
82.4447594297
82.5993678649
82.7527498381
82.9049150783
83.0558732377
83.2056338915
83.3542065393
83.5016006051
83.6478254383
83.7928903141
83.9368044339
84.0795769265
84.221216848
84.3617331828
84.5011348439
84.6394306737
84.7766294444
84.9127398587
85.0477705501
85.1817300839
85.3146269571
85.4464695995
85.577266374
85.7070255772
85.8357554399
85.9634641273
86.0901597403
86.2158503153
86.3405438249
86.4642481785
86.5869712227
86.7087207422
86.8295044594
86.9493300359
87.0682050723
87.1861371088
87.3031336262
87.4192020454
87.534349729
87.6485839807
87.7619120466
87.8743411151
87.9858783178
88.0965307295
88.2063053691
88.3152091995
88.4232491288
88.5304320099
88.6367646415
88.7422537685
88.8469060821
88.9507282205
89.0537267692
89.1559082615
89.2572791789
89.3578459514
89.457614958
89.5565925272
89.6547849372
89.7521984165
89.8488391441
89.9447132499
90.0398268154
90.1341858737
90.2277964101
90.3206643624
90.4127956212
90.5041960305
90.594871388
90.6848274453
90.7740699083
90.8626044377
90.9504366495
91.0375721149
91.1240163609
91.2097748708
91.2948530844
91.3792563981
91.4629901658
91.5460596989
91.6284702664
91.7102270957
91.7913353728
91.8718002425
91.9516268086
92.0308201346
92.1093852439
92.1873271199
92.2646507066
92.3413609085
92.4174625916
92.492960583
92.5678596716
92.6421646084
92.7158801065
92.7890108419
92.8615614532
92.9335365423
93.0049406749
93.07577838
93.146054151
93.2157724454
93.2849376858
93.3535542591
93.4216265179
93.48915878
93.556155329
93.6226204146
93.6885582528
93.753973026
93.8188688836
93.8832499419
93.9471202847
94.0104839634
94.0733449971
94.1357073733
94.1975750475
94.2589519441
94.3198419564
94.3802489465
94.4401767463
94.4996291568
94.5586099494
94.6171228652
94.6751716156
94.7327598828
94.7898913197
94.8465695502
94.9027981693
94.9585807438
95.013920812
95.0688218841
95.1232874426
95.1773209422
95.2309258104
95.2841054474
95.3368632263
95.3892024937
95.4411265695
95.4926387473
95.5437422946
95.5944404528
95.6447364378
95.69463344
95.7441346243
95.7932431307
95.8419620741
95.8902945448
95.9382436086
95.985812307
96.0330036573
96.0798206528
96.1262662632
96.1723434346
96.2180550897
96.2634041281
96.3083934262
96.3530258379
96.397304194
96.4412313033
96.4848099522
96.5280429047
96.5709329033
96.6134826685
96.6556948993
96.6975722731
96.7391174464
96.7803330544
96.8212217114
96.861786011
96.9020285263
96.9419518099
96.9815583941
97.0208507912
97.0598314936
97.0985029739
97.1368676849
97.1749280603
97.2126865143
97.2501454418
97.2873072189
97.3241742029
97.3607487323
97.3970331269
97.4330296884
97.4687407
97.5041684269
97.5393151164
97.5741829978
97.6087742829
97.6430911657
97.677135823
97.7109104144
97.7444170821
97.7776579515
97.8106351312
97.8433507128
97.8758067716
97.9080053663
97.9399485392
97.9716383166
98.0030767086
98.0342657093
98.065207297
98.0959034345
98.1263560688
98.1565671316
98.1865385391
98.2162721924
98.2457699777
98.275033766
98.3040654134
98.3328667616
98.3614396373
98.3897858531
98.4179072068
98.4458054824
98.4734824494
98.5009398633
98.5281794659
98.5552029849
98.5820121345
98.6086086152
98.6349941141
98.6611703048
98.6871388476
98.7129013898
98.7384595656
98.7638149961
98.7889692896
98.8139240416
98.8386808352
98.8632412406
98.8876068157
98.9117791061
98.9357596449
98.9595499534
98.9831515406
99.0065659035
99.0297945273
99.0528388855
99.0757004397
99.0983806401
99.1208809253
99.1432027226
99.1653474478
99.1873165056
99.2091112894
99.2307331818
99.2521835543
99.2734637674
99.2945751711
99.3155191043
99.3362968956
99.356909863
99.377359314
99.3976465456
99.4177728448
99.437739488
99.457547742
99.477198863
99.4966940976
99.5160346824
99.5352218442
99.5542568
99.5731407573
99.5918749138
99.610460458
99.6288985686
99.6471904152
99.6653371582
99.6833399485
99.7011999281
99.7189182299
99.7364959777
99.7539342866
99.7712342627
99.7883970032
99.8054235969
99.8223151238
99.8390726553
99.8556972544
99.8721899755
99.8885518649
99.9047839603
99.9208872914
99.9368628797
99.9527117384
99.9684348729
99.9840332805
99.9995079507
100.014859865
100.030089997
100.045199313
100.060188772
100.075059324
100.089811912
100.104447472
100.118966933
100.133371215
100.147661232
100.161837891
100.175902091
100.189854724
100.203696675
100.217428822
100.231052035
100.24456718
100.257975114
100.271276686
100.284472741
100.297564116
100.31055164
100.323436139
100.336218429
100.34889932
100.361479618
100.373960121
100.386341619
100.398624899
100.410810739
100.422899912
100.434893186
100.44679132
100.458595071
100.470305185
100.481922407
100.493447473
100.504881115
100.516224056
100.527477017
100.538640713
100.549715849
100.56070313
100.571603253
100.582416908
100.593144781
100.603787554
100.6143459
100.624820491
100.635211989
