0.407116842752
0.736755077313
1.06236074541
1.38398317866
1.70167110522
2.01547265713
2.32543537761
2.63160622826
2.93403159621
3.2327573011
3.52782860206
3.81929020454
4.1071862671
4.39156040809
4.67245571227
4.94991473731
5.2239795203
5.49469158403
5.76209194337
6.02622111142
6.28711910566
6.54482545406
6.799379201
7.05081891322
7.29918268568
7.54450814731
7.78683246669
8.02619235773
8.2626240852
8.49616347022
8.72684589573
8.95470631178
9.17977924089
9.40209878325
9.62169862189
9.83861202779
10.0528718649
10.2645105952
10.4735602834
10.6800526022
10.8840188365
11.0854898888
11.2844962835
11.4810681713
11.6752353345
11.8670271907
12.0564727978
12.2436008582
12.4284397232
12.6110173972
12.791361542
12.9694994812
13.1454582038
13.319264369
13.4909443095
13.6605240363
13.8280292419
13.9934853044
14.1569172918
14.3183499651
14.4778077826
14.6353149033
14.7908951907
14.9445722163
15.0963692634
15.2463093302
15.3944151338
15.5407091133
15.6852134333
15.8279499873
15.9689404009
16.1082060351
16.2457679898
16.3816471065
16.515863972
16.648438921
16.7793920397
16.9087431684
17.0365119047
17.1627176066
17.2873793951
17.4105161574
17.5321465495
17.6522889995
17.7709617097
17.88818266
18.0039696101
18.1183401027
18.2313114656
18.342900815
18.4531250573
18.5620008923
18.6695448156
18.7757731208
18.8807019024
18.9843470576
19.0867242897
19.1878491094
19.2877368379
19.3864026089
19.4838613711
19.58012789
19.6752167509
19.7691423603
19.8619189487
19.9535605724
20.0440811158
20.1334942933
20.2218136519
20.3090525723
20.3952242721
20.4803418069
20.5644180725
20.6474658071
20.7294975932
20.810525859
20.890562881
20.9696207853
21.0477115499
21.124847006
21.2010388402
21.2762985961
21.3506376761
21.4240673432
21.4965987225
21.568242803
21.6390104392
21.7089123531
21.7779591353
21.8461612468
21.9135290208
21.980072664
22.0458022583
22.110727762
22.174859012
22.2382057246
22.3007774973
22.3625838101
22.4236340272
22.4839373981
22.5435030592
22.6023400351
22.6604572401
22.7178634794
22.7745674504
22.8305777442
22.8859028468
22.9405511402
22.9945309042
23.047850317
23.100517457
23.1525403036
23.2039267385
23.2546845474
23.3048214202
23.3543449532
23.4032626495
23.4515819205
23.4993100869
23.5464543799
23.5930219422
23.639019829
23.6844550095
23.7293343674
23.7736647022
23.8174527304
23.860705086
23.9034283222
23.9456289118
23.9873132486
24.028487648
24.0691583482
24.1093315111
24.1490132234
24.188209497
24.2269262704
24.2651694096
24.3029447086
24.3402578907
24.3771146092
24.4135204479
24.4494809228
24.4850014821
24.5200875074
24.5547443145
24.5889771542
24.622791213
24.6561916139
24.6891834173
24.7217716219
24.7539611649
24.7857569232
24.8171637142
24.8481862961
24.8788293693
24.9090975763
24.9389955029
24.9685276789
24.9976985787
25.0265126219
25.0549741739
25.083087547
25.1108570005
25.1382867417
25.1653809264
25.1921436596
25.2185789959
25.2446909406
25.2704834498
25.2959604313
25.321125745
25.3459832036
25.3705365732
25.3947895739
25.4187458801
25.4424091214
25.465782883
25.4888707061
25.5116760887
25.534202486
25.556453311
25.5784319347
25.6001416871
25.6215858574
25.6427676945
25.6636904077
25.6843571668
25.7047711031
25.7249353094
25.7448528408
25.7645267148
25.7839599122
25.8031553773
25.8221160183
25.840844708
25.8593442838
25.8776175486
25.8956672708
25.9134961853
25.9311069931
25.9485023624
25.9656849289
25.9826572956
25.9994220342
26.0159816845
26.0323387555
26.0484957254
26.0644550421
26.0802191236
26.0957903581
26.1111711049
26.1263636943
26.1413704281
26.1561935798
26.1708353953
26.185298093
26.199583864
26.2136948728
26.2276332572
26.2414011291
26.2550005743
26.2684336533
26.2817024013
26.2948088286
26.3077549209
26.3205426397
26.3331739224
26.3456506826
26.3579748108
26.3701481741
26.3821726169
26.394049961
26.4057820059
26.417370529
26.4288172861
26.4401240116
26.4512924183
26.4623241985
26.4732210235
26.4839845442
26.4946163915
26.5051181761
26.5154914892
26.5257379023
26.5358589678
26.5458562192
26.5557311712
26.5654853198
26.5751201429
26.5846371002
26.5940376337
26.6033231675
26.6124951085
26.6215548463
26.6305037535
26.639343186
26.648074483
26.6566989673
26.6652179456
26.6736327087
26.6819445313
26.6901546728
26.6982643772
26.706274873
26.714187374
26.7220030788
26.7297231718
26.7373488224
26.7448811862
26.7523214041
26.7596706036
26.7669298981
26.7741003874
26.7811831578
26.7881792825
26.7950898215
26.8019158217
26.8086583174
26.81531833
26.8218968686
26.8283949299
26.8348134985
26.8411535466
26.8474160351
26.8536019125
26.8597121162
26.8657475719
26.871709194
26.8775978858
26.8834145393
26.889160036
26.8948352461
26.9004410297
26.905978236
26.911447704
26.9168502622
26.9221867293
26.9274579138
26.9326646142
26.9378076194
26.9428877087
26.9479056516
26.9528622085
26.9577581303
26.9625941588
26.9673710267
26.9720894576
26.9767501665
26.9813538596
26.9859012342
26.9903929794
26.9948297757
26.9992122953
27.0035412021
27.0078171522
27.0120407931
27.016212765
27.0203336999
27.0244042221
27.0284249483
27.0323964878
27.0363194421
27.0401944058
27.0440219658
27.0478027021
27.0515371875
27.0552259878
27.0588696619
27.0624687617
27.0660238327
27.0695354133
27.0730040357
27.0764302254
27.0798145015
27.0831573766
27.0864593573
27.0897209439
27.0929426305
27.0961249052
27.0992682501
27.1023731415
27.1054400499
27.1084694398
27.1114617702
27.1144174945
27.1173370606
27.1202209106
27.1230694817
27.1258832053
27.1286625077
27.1314078101
27.1341195284
27.1367980733
27.1394438508
27.1420572617
27.1446387019
27.1471885626
27.14970723
27.1521950858
27.1546525069
27.1570798656
27.1594775296
27.1618458623
27.1641852224
27.1664959645
27.1687784385
27.1710329903
27.1732599614
27.1754596894
27.1776325074
27.1797787446
27.1818987262
27.1839927735
27.1860612036
27.18810433
27.1901224622
27.192115906
27.1940849633
27.1960299325
27.1979511084
27.1998487819
27.2017232406
27.2035747684
27.2054036459
27.2072101502
27.208994555
27.2107571306
27.2124981441
27.2142178592
27.2159165365
27.2175944334
27.219251804
27.2208888995
27.2225059679
27.2241032543
27.2256810005
27.2272394456
27.2287788258
27.2302993743
27.2318013215
27.2332848949
27.2347503192
27.2361978166
27.2376276063
27.2390399049
27.2404349265
27.2418128823
27.2431739812
27.2445184293
27.2458464303
27.2471581856
27.2484538937
27.249733751
27.2509979514
27.2522466865
27.2534801454
27.254698515
27.2559019799
27.2570907225
27.2582649228
27.2594247588
27.2605704061
27.2617020384
27.262819827
27.2639239414
27.2650145489
27.2660918145
27.2671559017
27.2682069716
27.2692451834
27.2702706944
27.2712836601
27.2722842338
27.2732725672
27.27424881
27.2752131101
27.2761656136
27.2771064649
27.2780358064
27.2789537791
27.2798605219
27.2807561722
27.2816408657
27.2825147365
27.283377917
27.284230538
27.2850727285
27.2859046163
27.2867263273
27.2875379861
27.2883397156
27.2891316374
27.2899138713
27.2906865358
27.2914497482
27.2922036239
27.2929482772
27.293683821
27.2944103666
27.2951280242
27.2958369024
27.2965371087
27.2972287492
27.2979119286
27.2985867505
27.2992533171
27.2999117293
27.300562087
27.3012044887
27.3018390316
27.3024658121
27.3030849249
27.3036964639
27.3043005217
27.30489719
27.305486559
27.3060687181
27.3066437554
27.3072117582
27.3077728123
27.308327003
27.308874414
27.3094151284
27.3099492281
27.310476794
27.3109979059
27.311512643
27.3120210831
27.3125233034
27.3130193798
27.3135093875
27.3139934009
27.3144714931
27.3149437367
27.3154102032
27.3158709633
27.3163260867
27.3167756425
27.3172196987
27.3176583227
27.3180915808
27.3185195388
27.3189422614
27.3193598127
27.319772256
27.3201796537
27.3205820676
27.3209795586
27.3213721871
27.3217600123
27.3221430932
27.3225214878
27.3228952533
27.3232644464
27.3236291231
27.3239893386
27.3243451475
27.3246966036
27.3250437603
27.32538667
27.3257253849
27.3260599562
27.3263904345
27.32671687
27.3270393121
27.3273578097
27.327672411
27.3279831637
27.3282901149
27.328593311
27.328892798
27.3291886213
27.3294808258
27.3297694556
27.3300545545
27.3303361656
27.3306143318
27.3308890951
27.3311604971
27.3314285789
27.3316933812
27.3319549442
27.3322133073
27.3324685098
27.3327205903
27.3329695871
27.3332155378
27.3334584797
27.3336984496
27.3339354839
27.3341696185
27.3344008888
27.33462933
27.3348549765
27.3350778626
27.3352980222
27.3355154884
27.3357302943
27.3359424724
27.3361520549
27.3363590735
27.3365635595
27.336765544
27.3369650576
27.3371621305
27.3373567925
27.3375490732
27.3377390016
27.3379266066
27.3381119165
27.3382949595
27.3384757633
27.3386543552
27.3388307624
27.3390050115
27.339177129
27.3393471409
27.339515073
27.3396809507
27.3398447992
27.3400066433
27.3401665076
27.3403244161
27.3404803929
27.3406344616
27.3407866455
27.3409369677
27.341085451
27.3412321178
27.3413769904
27.3415200907
27.3416614405
27.341801061
27.3419389736
27.342075199
27.3422097579
27.3423426708
27.3424739576
27.3426036384
27.3427317328
27.3428582601
27.3429832396
27.3431066902
27.3432286306
27.3433490792
27.3434680544
27.3435855741
27.3437016561
27.3438163181
27.3439295774
27.3440414511
27.3441519563
27.3442611096
27.3443689276
27.3444754267
27.3445806229
27.3446845322
27.3447871703
27.3448885529
27.3449886952
27.3450876124
27.3451853195
27.3452818314
27.3453771626
27.3454713276
27.3455643406
27.3456562158
27.3457469671
27.3458366081
27.3459251526
27.3460126138
27.3460990051
27.3461843396
27.3462686301
27.3463518895
27.3464341304
27.3465153651
27.3465956062
27.3466748655
27.3467531553
27.3468304874
27.3469068734
27.346982325
27.3470568535
27.3471304703
27.3472031865
27.3472750132
27.3473459612
27.3474160413
27.347485264
27.3475536399
27.3476211794
27.3476878927
27.3477537898
27.3478188807
27.3478831754
27.3479466836
27.3480094148
27.3480713787
27.3481325845
27.3481930415
27.348252759
27.3483117459
27.3483700113
27.3484275638
27.3484844123
27.3485405653
27.3485960314
27.348650819
27.3487049363
27.3487583916
27.348811193
27.3488633484
27.3489148658
27.348965753
27.3490160177
27.3490656674
27.3491147098
27.3491631522
27.349211002
27.3492582664
27.3493049527
27.3493510678
27.3493966188
27.3494416125
27.3494860558
27.3495299555
27.349573318
27.3496161502
27.3496584583
27.3497002489
27.3497415282
27.3497823026
27.3498225781
27.349862361
27.3499016571
27.3499404726
27.3499788132
27.3500166847
27.350054093
27.3500910437
27.3501275423
27.3501635944
27.3501992055
27.350234381
27.3502691261
27.3503034462
27.3503373464
27.3503708319
