19.8997196662
21.6061899401
23.2888552446
24.9480476549
26.584094614
28.1973189968
29.7880391745
31.356569077
32.9032182546
34.4282919399
35.9320911073
37.4149125326
38.8770488518
40.3187886186
41.7404163615
43.1422126396
44.5244540987
45.887413525
47.2313598997
48.5565584516
49.8632707095
51.1517545542
52.4222642689
53.6750505897
54.9103607549
56.1284385539
57.3295243752
58.513855254
59.681664919
60.8331838382
61.9686392648
63.0882552818
64.1922528462
65.2808498327
66.3542610769
67.4126984172
68.456370737
69.4854840059
70.5002413201
71.5008429428
72.4874863434
73.4603662367
74.4196746214
75.3656008177
76.2983315047
77.2180507577
78.1249400839
79.0191784586
79.9009423604
80.7704058061
81.6277403849
82.4731152925
83.3066973643
84.1286511082
84.9391387376
85.7383202026
86.5263532225
87.3033933161
88.0695938329
88.825105983
89.5700788674
90.3046595071
91.0289928721
91.7432219102
92.4474875749
93.1419288536
93.8266827949
94.5018845354
95.1676673268
95.8241625617
96.4714998
97.1098067942
97.7392095146
98.3598321743
98.9717972538
99.5752255247
100.170236074
100.756946328
101.335472073
101.905927484
102.468425138
103.023076046
103.569989668
104.109273939
104.641035286
105.165378653
105.682407519
106.192223921
106.69492847
107.190620377
107.679397467
108.161356199
108.636591689
109.105197725
109.567266787
110.022890064
110.472157474
110.915157681
111.351978109
111.782704968
112.20742326
112.626216804
113.03916825
113.446359094
113.847869695
114.243779291
114.634166016
115.019106912
115.398677949
115.772954035
116.142009033
116.505915776
116.864746083
117.218570768
117.567459659
117.911481609
118.250704512
118.585195313
118.915020024
119.240243737
119.560930635
119.877144005
120.188946252
120.496398912
120.799562659
121.098497323
121.3932619
121.683914561
121.970512668
122.253112779
122.531770667
122.806541325
123.077478979
123.3446371
123.608068409
123.867824897
124.123957827
124.376517745
124.625554496
124.871117227
125.113254399
125.352013799
125.587442546
125.819587102
126.048493282
126.274206259
126.496770578
126.716230163
126.932628325
127.146007769
127.356410606
127.563878359
127.768451973
127.970171819
128.169077708
128.365208894
128.558604083
128.749301443
128.937338606
129.122752684
129.305580266
129.485857435
129.663619768
129.838902347
130.011739764
130.182166128
130.350215073
130.515919765
130.679312904
130.840426737
130.999293059
131.155943223
131.310408144
131.462718306
131.612903767
131.760994166
131.90701873
132.051006276
132.19298522
132.332983582
132.47102899
132.607148689
132.741369541
132.873718035
133.004220291
133.132902062
133.259788744
133.384905379
133.508276658
133.629926928
133.749880198
133.868160141
133.984790098
134.099793088
134.213191805
134.325008629
134.435265628
134.543984561
134.651186883
134.75689375
134.861126026
134.963904278
135.065248792
135.165179566
135.263716324
135.36087851
135.456685301
135.551155603
135.644308061
135.736161058
135.826732721
135.916040924
136.004103294
136.090937208
136.176559805
136.26098798
136.344238397
136.426327485
136.507271444
136.587086249
136.66578765
136.743391181
136.819912155
136.895365675
136.969766632
137.043129707
137.11546938
137.186799927
137.257135426
137.326489755
137.394876604
137.462309468
137.528801655
137.594366287
137.659016304
137.722764464
137.785623349
137.847605362
137.908722737
137.968987535
138.028411649
138.087006807
138.144784573
138.201756349
138.257933378
138.313326747
138.367947388
138.42180608
138.474913453
138.527279987
138.578916017
138.629831733
138.680037183
138.729542276
138.778356781
138.826490333
138.873952429
138.920752437
138.966899594
139.012403005
139.057271651
139.101514388
139.145139945
139.188156934
139.230573843
139.272399043
139.313640789
139.35430722
139.394406361
139.433946126
139.472934317
139.51137863
139.549286652
139.586665863
139.62352364
139.659867258
139.695703888
139.731040604
139.765884378
139.800242088
139.834120513
139.867526341
139.900466162
139.932946479
139.964973701
139.996554148
140.027694054
140.058399563
140.088676736
140.118531547
140.147969889
140.176997571
140.205620322
140.23384379
140.261673546
140.289115081
140.316173812
140.342855077
140.369164144
140.395106204
140.420686376
140.44590971
140.470781182
140.495305701
140.519488108
140.543333174
140.566845606
140.590030043
140.612891061
140.635433172
140.657660824
140.679578404
140.701190238
140.72250059
140.743513667
140.764233615
140.784664523
140.804810423
140.824675291
140.844263048
140.863577559
140.882622636
140.901402038
140.91991947
140.938178586
140.956182992
140.973936239
140.991441831
141.008703223
141.025723822
141.042506986
141.059056028
141.075374213
141.091464763
141.107330852
141.122975612
141.138402131
141.153613452
141.168612577
141.183402468
141.197986042
141.212366177
141.226545712
141.240527445
141.254314136
141.267908504
141.281313233
141.294530969
141.307564319
141.320415856
141.333088117
141.345583601
141.357904776
141.370054073
141.382033889
141.393846588
141.405494502
141.41697993
141.428305139
141.439472362
141.450483805
141.461341639
141.472048009
141.482605027
141.493014776
141.503279312
141.513400658
141.523380814
141.533221748
141.542925402
141.552493692
141.561928507
141.571231707
141.580405129
141.589450584
141.598369856
141.607164705
141.615836868
141.624388056
141.632819956
141.641134233
141.649332527
141.657416456
141.665387615
141.673247579
141.680997897
141.688640099
141.696175695
141.703606169
141.71093299
141.718157604
141.725281435
141.732305889
141.739232354
141.746062196
141.752796763
141.759437383
141.765985368
141.77244201
141.778808583
141.785086343
141.791276529
141.797380364
141.803399051
141.809333778
141.815185717
141.820956022
141.826645833
141.832256272
141.837788446
141.843243447
141.848622352
141.853926222
141.859156103
141.864313029
141.869398017
141.87441207
141.879356178
141.884231316
141.889038447
141.89377852
141.898452469
141.903061217
141.907605674
141.912086737
141.916505289
141.920862204
141.92515834
141.929394546
141.933571658
141.9376905
141.941751884
141.945756613
141.949705477
141.953599254
141.957438714
141.961224615
141.964957702
141.968638714
141.972268376
141.975847405
141.979376507
141.982856379
141.986287707
141.989671169
141.993007432
141.996297155
141.999540986
142.002739567
142.005893528
142.009003492
142.012070072
142.015093875
142.018075495
142.021015523
142.023914537
142.026773111
142.029591809
142.032371185
142.03511179
142.037814165
142.040478841
142.043106346
142.045697197
142.048251907
142.050770978
142.053254909
142.05570419
142.058119304
142.060500727
142.06284893
142.065164375
142.067447521
142.069698817
142.071918708
142.074107632
142.076266021
142.0783943
142.080492891
142.082562206
142.084602655
142.08661464
142.088598558
142.090554801
142.092483755
142.0943858
142.096261312
142.09811066
142.099934211
142.101732323
142.103505352
142.105253648
142.106977555
142.108677414
142.11035356
142.112006324
142.113636033
142.115243007
142.116827564
142.118390017
142.119930674
142.12144984
142.122947813
142.124424889
142.125881361
142.127317515
142.128733635
142.13013
142.131506886
142.132864565
142.134203305
142.135523369
142.136825019
142.138108511
142.139374098
142.140622031
142.141852555
142.143065914
142.144262346
142.145442089
142.146605374
142.147752432
142.148883488
142.149998766
142.151098487
142.152182866
142.153252119
142.154306455
142.155346084
142.15637121
142.157382036
142.158378761
142.159361582
142.160330693
142.161286285
142.162228546
142.163157663
142.164073819
142.164977195
142.165867969
142.166746316
142.167612411
142.168466424
142.169308524
142.170138877
142.170957646
142.171764993
142.172561079
142.173346059
142.174120088
142.17488332
142.175635905
142.176377992
142.177109727
142.177831254
142.178542716
142.179244253
142.179936004
142.180618105
142.18129069
142.181953894
142.182607846
142.183252675
142.183888509
142.184515473
142.185133691
142.185743285
142.186344376
142.186937081
142.187521518
142.188097803
142.188666048
142.189226366
142.189778868
142.190323663
142.190860858
142.191390559
142.191912871
142.192427897
142.192935738
142.193436495
142.193930267
142.19441715
142.194897242
142.195370636
142.195837426
142.196297705
142.196751563
142.19719909
142.197640374
142.198075502
142.19850456
142.198927633
142.199344804
142.199756156
142.200161769
142.200561724
142.2009561
142.201344974
142.201728423
142.202106524
142.20247935
142.202846975
142.203209472
142.203566912
142.203919366
142.204266903
142.204609592
142.204947501
142.205280696
142.205609243
142.205933206
142.206252651
142.206567639
142.206878233
142.207184495
142.207486484
142.207784261
142.208077883
142.20836741
142.208652898
142.208934403
142.209211981
142.209485687
142.209755575
142.210021698
142.210284109
142.210542859
142.210798
142.211049581
142.211297653
142.211542264
142.211783463
142.212021298
142.212255814
142.21248706
142.212715079
142.212939917
142.213161619
142.213380229
142.213595789
142.213808341
142.214017929
142.214224593
142.214428374
142.214629312
142.214827448
142.215022819
142.215215465
142.215405423
142.215592732
142.215777428
142.215959547
142.216139126
142.216316199
142.216490803
142.216662971
142.216832737
142.217000135
142.217165197
142.217327957
142.217488447
142.217646698
142.217802741
142.217956608
142.218108328
142.218257931
142.218405448
142.218550907
142.218694337
142.218835765
142.218975221
142.219112732
142.219248324
142.219382025
142.219513861
142.219643858
142.219772041
142.219898436
142.220023068
142.220145961
142.22026714
142.220386629
142.22050445
142.220620628
142.220735186
142.220848145
142.220959529
142.221069359
142.221177656
142.221284443
142.221389741
142.221493569
142.221595949
142.221696901
142.221796445
142.2218946
142.221991385
142.222086821
142.222180925
142.222273717
142.222365214
142.222455435
142.222544397
142.222632118
142.222718616
142.222803906
142.222888008
142.222970935
142.223052707
142.223133337
142.223212842
142.223291239
142.223368542
142.223444766
142.223519928
142.22359404
142.223667119
142.223739178
142.223810233
142.223880296
142.223949381
142.224017503
142.224084675
142.224150909
142.22421622
142.22428062
142.224344121
142.224406736
142.224468478
142.224529359
142.22458939
142.224648584
142.224706952
142.224764506
142.224821257
142.224877216
142.224932395
142.224986804
142.225040454
142.225093356
142.225145519
142.225196955
142.225247674
142.225297685
142.225346998
142.225395623
142.22544357
142.225490849
142.225537467
142.225583436
142.225628763
142.225673458
142.225717529
142.225760986
142.225803836
142.225846088
142.225887752
142.225928834
142.225969342
142.226009286
142.226048673
142.22608751
142.226125805
142.226163566
142.226200801
142.226237516
142.226273719
142.226309416
142.226344616
142.226379325
142.22641355
142.226447297
142.226480573
142.226513385
142.22654574
142.226577643
142.226609101
142.22664012
142.226670707
142.226700867
142.226730606
142.22675993
142.226788845
142.226817357
142.226845471
142.226873193
142.226900529
142.226927482
142.22695406
142.226980268
142.227006109
142.22703159
142.227056716
142.227081491
142.22710592
142.227130009
142.227153762
142.227177183
142.227200278
142.22722305
142.227245505
142.227267646
142.227289479
142.227311007
142.227332235
142.227353167
142.227373806
142.227394158
142.227414226
142.227434014
142.227453526
142.227472765
142.227491737
142.227510443
142.227528889
142.227547077
142.227565012
142.227582697
142.227600134
142.227617329
142.227634284
142.227651002
142.227667487
142.227683742
142.22769977
142.227715574
142.227731159
142.227746525
142.227761678
142.227776619
142.227791351
142.227805878
142.227820203
142.227834327
142.227848255
142.227861988
142.22787553
142.227888883
142.227902049
142.227915032
142.227927834
142.227940457
142.227952904
142.227965178
142.22797728
142.227989213
142.22800098
142.228012583
142.228024024
142.228035305
142.228046429
142.228057398
142.228068214
142.228078879
142.228089395
142.228099764
142.228109989
142.228120071
142.228130012
142.228139815
142.228149481
142.228159013
142.228168411
142.228177678
142.228186816
142.228195826
142.228204711
142.228213472
142.22822211
142.228230628
142.228239028
142.22824731
142.228255476
142.228263529
142.228271469
142.228279299
142.228287019
142.228294631
142.228302138
142.22830954
142.228316838
142.228324035
142.228331131
142.228338128
142.228345028
142.228351831
142.22835854
142.228365154
142.228371677
142.228378109
142.228384451
142.228390704
142.22839687
142.22840295
142.228408946
142.228414858
142.228420687
142.228426435
142.228432103
142.228437691
142.228443202
142.228448636
142.228453994
142.228459277
142.228464487
142.228469624
142.228474689
142.228479684
142.228484609
142.228489465
142.228494253
142.228498975
142.228503631
142.228508222
142.228512749
142.228517212
142.228521614
142.228525954
142.228530233
142.228534453
142.228538614
142.228542717
142.228546763
142.228550752
142.228554685
142.228558564
142.228562389
142.22856616
142.228569879
142.228573545
142.228577161
142.228580726
142.228584241
142.228587708
142.228591126
142.228594496
142.22859782
142.228601097
142.228604328
142.228607514
142.228610656
142.228613754
142.228616808
142.22861982
142.228622791
142.228625719
142.228628607
142.228631454
142.228634262
142.228637031
142.228639761
142.228642453
142.228645107
142.228647724
142.228650305
142.22865285
142.228655359
142.228657834
142.228660273
142.228662679
142.228665051
142.228667391
142.228669697
142.228671971
142.228674214
142.228676425
142.228678606
142.228680756
142.228682876
142.228684966
142.228687027
142.22868906
142.228691064
142.22869304
142.228694989
142.228696911
142.228698805
142.228700673
142.228702516
142.228704332
142.228706123
142.228707889
142.228709631
142.228711348
142.228713041
142.228714711
142.228716357
142.228717981
142.228719582
142.22872116
142.228722716
142.228724251
142.228725764
142.228727257
142.228728728
142.228730179
142.228731609
142.22873302
142.228734411
142.228735782
142.228737135
142.228738468
142.228739783
142.22874108
142.228742359
142.228743619
142.228744862
142.228746088
142.228747297
142.228748489
142.228749664
142.228750822
142.228751965
142.228753092
142.228754203
142.228755298
142.228756378
142.228757443
142.228758494
142.228759529
142.22876055
142.228761557
142.22876255
142.228763529
142.228764495
142.228765446
142.228766385
142.228767311
142.228768223
142.228769123
142.22877001
142.228770885
142.228771748
142.228772599
142.228773438
142.228774265
142.22877508
142.228775885
142.228776678
142.22877746
142.228778231
142.228778991
142.228779741
142.22878048
142.228781209
142.228781927
142.228782636
142.228783335
142.228784024
142.228784703
142.228785373
142.228786034
142.228786685
142.228787328
142.228787961
142.228788586
142.228789202
142.228789809
142.228790408
142.228790998
142.22879158
142.228792154
142.22879272
142.228793278
142.228793829
142.228794371
142.228794906
142.228795434
142.228795954
142.228796467
142.228796973
142.228797472
142.228797964
142.228798449
142.228798927
142.228799399
142.228799864
142.228800322
142.228800774
142.22880122
142.22880166
142.228802093
142.228802521
142.228802942
142.228803358
142.228803767
142.228804171
142.22880457
142.228804963
142.22880535
142.228805732
142.228806109
142.22880648
142.228806846
142.228807207
142.228807563
142.228807914
142.228808261
142.228808602
142.228808939
142.22880927
142.228809598
142.22880992
142.228810239
142.228810552
142.228810862
142.228811167
142.228811468
142.228811764
142.228812057
142.228812345
142.22881263
142.22881291
142.228813187
142.228813459
142.228813728
142.228813993
142.228814254
142.228814512
142.228814766
142.228815017
142.228815264
142.228815508
142.228815748
142.228815985
142.228816219
142.228816449
142.228816676
142.2288169
142.228817121
142.228817339
142.228817553
142.228817765
142.228817974
142.22881818
142.228818383
142.228818583
142.22881878
142.228818975
142.228819167
142.228819356
142.228819543
142.228819727
142.228819908
142.228820087
142.228820263
142.228820437
142.228820609
142.228820778
142.228820944
142.228821109
142.228821271
142.228821431
142.228821589
142.228821744
142.228821897
142.228822048
142.228822197
142.228822344
142.228822489
142.228822632
142.228822773
142.228822912
142.228823049
142.228823184
142.228823317
142.228823448
142.228823578
142.228823706
142.228823832
142.228823956
142.228824078
142.228824199
142.228824318
142.228824435
142.228824551
142.228824665
142.228824778
142.228824889
142.228824998
142.228825106
142.228825212
142.228825317
142.228825421
142.228825522
142.228825623
142.228825722
142.22882582
142.228825916
142.228826011
142.228826105
142.228826198
142.228826289
142.228826379
142.228826467
142.228826555
142.228826641
142.228826726
142.22882681
142.228826892
142.228826974
142.228827054
142.228827133
142.228827211
142.228827288
142.228827364
142.228827439
142.228827513
142.228827586
142.228827657
142.228827728
142.228827798
142.228827867
142.228827935
142.228828002
142.228828068
142.228828133
142.228828197
142.22882826
142.228828322
142.228828384
142.228828445
142.228828504
142.228828563
142.228828621
142.228828679
142.228828735
142.228828791
142.228828846
142.2288289
142.228828954
142.228829006
142.228829058
142.22882911
142.22882916
142.22882921
142.228829259
142.228829307
142.228829355
142.228829402
142.228829449
142.228829495
142.22882954
142.228829584
142.228829628
142.228829671
142.228829714
142.228829756
142.228829798
142.228829839
142.228829879
142.228829919
142.228829958
142.228829997
142.228830035
142.228830072
142.22883011
142.228830146
142.228830182
142.228830218
142.228830253
142.228830287
142.228830321
142.228830355
142.228830388
142.228830421
142.228830453
142.228830485
142.228830516
142.228830547
142.228830578
142.228830608
142.228830637
142.228830666
142.228830695
142.228830724
142.228830752
142.228830779
142.228830807
142.228830833
142.22883086
142.228830886
142.228830912
142.228830937
142.228830962
142.228830987
142.228831011
142.228831035
142.228831059
142.228831082
142.228831105
142.228831128
142.22883115
142.228831172
142.228831194
142.228831215
142.228831237
142.228831257
142.228831278
142.228831298
142.228831318
142.228831338
142.228831357
142.228831377
142.228831395
142.228831414
142.228831432
142.228831451
142.228831468
142.228831486
142.228831503
142.228831521
142.228831537
142.228831554
142.228831571
142.228831587
142.228831603
142.228831618
142.228831634
142.228831649
142.228831664
142.228831679
142.228831694
142.228831708
142.228831723
142.228831737
142.228831751
142.228831764
142.228831778
142.228831791
142.228831804
142.228831817
142.22883183
142.228831842
142.228831855
142.228831867
142.228831879
142.228831891
142.228831903
142.228831914
142.228831926
142.228831937
142.228831948
142.228831959
142.22883197
142.22883198
142.228831991
142.228832001
142.228832011
142.228832021
142.228832031
142.228832041
142.228832051
142.22883206
142.228832069
142.228832079
142.228832088
142.228832097
142.228832106
142.228832114
142.228832123
142.228832131
142.22883214
142.228832148
142.228832156
142.228832164
142.228832172
142.22883218
142.228832188
142.228832195
142.228832203
142.22883221
142.228832217
142.228832225
142.228832232
142.228832239
142.228832245
142.228832252
142.228832259
142.228832265
142.228832272
142.228832278
142.228832285
142.228832291
142.228832297
142.228832303
142.228832309
142.228832315
142.228832321
142.228832327
142.228832332
142.228832338
142.228832343
142.228832349
142.228832354
142.228832359
142.228832364
142.22883237
142.228832375
142.22883238
142.228832384
142.228832389
142.228832394
142.228832399
142.228832403
142.228832408
142.228832413
142.228832417
142.228832421
142.228832426
142.22883243
142.228832434
142.228832438
142.228832442
142.228832446
142.22883245
142.228832454
142.228832458
142.228832462
142.228832466
142.228832469
142.228832473
142.228832477
142.22883248
142.228832484
142.228832487
142.228832491
142.228832494
142.228832497
142.228832501
142.228832504
142.228832507
142.22883251
142.228832513
142.228832516
142.228832519
142.228832522
142.228832525
142.228832528
142.228832531
142.228832534
142.228832536
142.228832539
142.228832542
142.228832544
142.228832547
142.22883255
142.228832552
142.228832555
142.228832557
142.228832559
142.228832562
142.228832564
142.228832567
142.228832569
142.228832571
142.228832573
142.228832576
142.228832578
142.22883258
142.228832582
142.228832584
142.228832586
142.228832588
142.22883259
142.228832592
142.228832594
142.228832596
142.228832598
142.2288326
142.228832602
142.228832603
142.228832605
142.228832607
142.228832609
142.22883261
142.228832612
142.228832614
142.228832615
142.228832617
142.228832619
142.22883262
142.228832622
142.228832623
142.228832625
142.228832626
142.228832628
142.228832629
142.228832631
142.228832632
142.228832633
142.228832635
142.228832636
142.228832637
142.228832639
142.22883264
142.228832641
142.228832642
142.228832644
142.228832645
142.228832646
142.228832647
142.228832648
142.22883265
142.228832651
142.228832652
142.228832653
142.228832654
142.228832655
142.228832656
142.228832657
142.228832658
142.228832659
142.22883266
142.228832661
142.228832662
142.228832663
142.228832664
142.228832665
142.228832666
142.228832667
142.228832668
142.228832669
142.22883267
142.22883267
142.228832671
142.228832672
142.228832673
142.228832674
142.228832675
142.228832675
142.228832676
142.228832677
142.228832678
142.228832678
142.228832679
142.22883268
142.228832681
142.228832681
142.228832682
142.228832683
142.228832683
142.228832684
142.228832685
142.228832685
142.228832686
142.228832687
142.228832687
142.228832688
142.228832688
142.228832689
142.22883269
142.22883269
142.228832691
142.228832691
142.228832692
142.228832692
142.228832693
142.228832694
142.228832694
142.228832695
142.228832695
142.228832696
142.228832696
142.228832697
142.228832697
142.228832698
142.228832698
142.228832699
142.228832699
142.228832699
142.2288327
142.2288327
142.228832701
142.228832701
142.228832702
142.228832702
142.228832702
142.228832703
142.228832703
142.228832704
142.228832704
142.228832704
142.228832705
142.228832705
142.228832705
142.228832706
142.228832706
142.228832707
142.228832707
142.228832707
142.228832708
142.228832708
142.228832708
142.228832709
142.228832709
142.228832709
142.228832709
142.22883271
142.22883271
142.22883271
142.228832711
142.228832711
142.228832711
142.228832712
142.228832712
142.228832712
142.228832712
142.228832713
142.228832713
142.228832713
142.228832713
142.228832714
142.228832714
142.228832714
142.228832714
142.228832715
142.228832715
142.228832715
142.228832715
142.228832715
142.228832716
142.228832716
142.228832716
142.228832716
142.228832717
142.228832717
142.228832717
142.228832717
142.228832717
142.228832718
142.228832718
142.228832718
142.228832718
142.228832718
142.228832718
142.228832719
142.228832719
142.228832719
142.228832719
142.228832719
142.22883272
142.22883272
142.22883272
142.22883272
142.22883272
142.22883272
142.22883272
142.228832721
142.228832721
142.228832721
142.228832721
142.228832721
142.228832721
142.228832721
142.228832722
142.228832722
142.228832722
142.228832722
142.228832722
142.228832722
142.228832722
142.228832723
142.228832723
142.228832723
142.228832723
142.228832723
142.228832723
142.228832723
142.228832723
142.228832723
142.228832724
142.228832724
142.228832724
142.228832724
142.228832724
142.228832724
142.228832724
142.228832724
142.228832724
142.228832724
142.228832725
142.228832725
142.228832725
142.228832725
142.228832725
142.228832725
142.228832725
142.228832725
142.228832725
142.228832725
142.228832725
142.228832726
142.228832726
142.228832726
142.228832726
142.228832726
142.228832726
142.228832726
142.228832726
142.228832726
142.228832726
142.228832726
142.228832726
142.228832726
142.228832726
142.228832727
142.228832727
142.228832727
142.228832727
142.228832727
142.228832727
142.228832727
142.228832727
142.228832727
142.228832727
142.228832727
142.228832727
142.228832727
142.228832727
142.228832727
142.228832727
142.228832727
142.228832728
142.228832728
142.228832728
142.228832728
142.228832728
142.228832728
142.228832728
142.228832728
142.228832728
142.228832728
142.228832728
142.228832728
142.228832728
142.228832728
142.228832728
142.228832728
142.228832728
142.228832728
142.228832728
142.228832728
142.228832728
142.228832728
142.228832729
142.228832729
142.228832729
142.228832729
142.228832729
142.228832729
142.228832729
142.228832729
142.228832729
142.228832729
142.228832729
142.228832729
142.228832729
142.228832729
142.228832729
142.228832729
142.228832729
142.228832729
142.228832729
142.228832729
142.228832729
142.228832729
142.228832729
142.228832729
142.228832729
142.228832729
142.228832729
142.228832729
142.228832729
142.228832729
142.228832729
142.228832729
142.22883273
142.22883273
142.22883273
142.22883273
142.22883273
142.22883273
142.22883273
142.22883273
142.22883273
142.22883273
142.22883273
142.22883273
142.22883273
142.22883273
142.22883273
142.22883273
142.22883273
142.22883273
142.22883273
142.22883273
142.22883273
142.22883273
142.22883273
142.22883273
142.22883273
142.22883273
142.22883273
142.22883273
142.22883273
142.22883273
142.22883273
142.22883273
142.22883273
142.22883273
142.22883273
142.22883273
142.22883273
142.22883273
142.22883273
142.22883273
142.22883273
142.22883273
142.22883273
142.22883273
142.22883273
142.22883273
142.22883273
142.22883273
142.22883273
142.22883273
142.22883273
142.22883273
142.22883273
142.22883273
142.22883273
142.22883273
142.22883273
142.22883273
142.22883273
142.22883273
142.22883273
142.228832731
142.228832731
142.228832731
142.228832731
142.228832731
142.228832731
142.228832731
142.228832731
142.228832731
142.228832731
142.228832731
142.228832731
142.228832731
142.228832731
142.228832731
142.228832731
142.228832731
142.228832731
142.228832731
142.228832731
142.228832731
142.228832731
142.228832731
142.228832731
142.228832731
142.228832731
142.228832731
142.228832731
142.228832731
142.228832731
142.228832731
142.228832731
142.228832731
142.228832731
142.228832731
142.228832731
142.228832731
142.228832731
142.228832731
142.228832731
142.228832731
142.228832731
142.228832731
142.228832731
142.228832731
142.228832731
142.228832731
142.228832731
142.228832731
142.228832731
142.228832731
142.228832731
142.228832731
142.228832731
142.228832731
142.228832731
142.228832731
142.228832731
142.228832731
142.228832731
142.228832731
142.228832731
142.228832731
142.228832731
142.228832731
142.228832731
142.228832731
142.228832731
142.228832731
142.228832731
142.228832731
142.228832731
142.228832731
142.228832731
142.228832731
142.228832731
142.228832731
142.228832731
142.228832731
142.228832731
142.228832731
142.228832731
142.228832731
142.228832731
142.228832731
142.228832731
142.228832731
142.228832731
142.228832731
142.228832731
142.228832731
142.228832731
142.228832731
142.228832731
142.228832731
142.228832731
142.228832731
142.228832731
142.228832731
142.228832731
142.228832731
142.228832731
142.228832731
142.228832731
142.228832731
142.228832731
142.228832731
142.228832731
142.228832731
142.228832731
142.228832731
142.228832731
142.228832731
142.228832731
142.228832731
142.228832731
142.228832731
142.228832731
142.228832731
142.228832731
142.228832731
142.228832731
142.228832731
142.228832731
142.228832731
142.228832731
142.228832731
142.228832731
142.228832731
142.228832731
142.228832731
142.228832731
142.228832731
142.228832731
142.228832731
142.228832731
142.228832731
142.228832731
142.228832731
142.228832731
142.228832731
142.228832731
142.228832731
142.228832731
142.228832731
142.228832731
142.228832731
142.228832731
142.228832731
142.228832731
142.228832731
142.228832731
142.228832731
142.228832731
142.228832731
142.228832731
142.228832731
142.228832731
142.228832731
142.228832731
142.228832731
142.228832731
142.228832731
142.228832731
142.228832731
142.228832731
142.228832731
142.228832731
142.228832731
142.228832731
142.228832731
142.228832731
142.228832731
142.228832731
142.228832731
142.228832731
142.228832731
142.228832731
142.228832731
142.228832731
142.228832731
142.228832731
142.228832731
142.228832731
142.228832731
142.228832731
142.228832731
142.228832731
142.228832731
142.228832731
142.228832731
142.228832731
142.228832731
142.228832731
142.228832731
142.228832731
142.228832731
142.228832731
142.228832731
142.228832731
142.228832731
142.228832731
142.228832731
142.228832731
142.228832731
142.228832731
142.228832731
142.228832731
142.228832731
142.228832731
142.228832731
142.228832731
142.228832731
142.228832731
142.228832731
142.228832731
142.228832731
142.228832731
142.228832731
142.228832731
142.228832731
142.228832731
142.228832731
142.228832731
142.228832731
142.228832731
142.228832731
142.228832731
142.228832731
142.228832731
142.228832731
142.228832731
142.228832731
142.228832731
142.228832731
142.228832731
142.228832731
142.228832731
142.228832731
142.228832731
142.228832731
142.228832731
142.228832731
142.228832731
142.228832731
142.228832731
142.228832731
142.228832731
142.228832731
142.228832731
142.228832731
142.228832731
142.228832731
142.228832731
142.228832731
142.228832731
142.228832731
142.228832731
142.228832731
142.228832731
142.228832731
142.228832731
142.228832731
142.228832731
142.228832731
142.228832731
142.228832731
142.228832731
142.228832731
142.228832731
142.228832731
142.228832731
142.228832731
142.228832731
142.228832731
142.228832731
142.228832731
142.228832731
142.228832731
142.228832731
142.228832731
142.228832731
142.228832731
142.228832731
142.228832731
142.228832731
142.228832731
142.228832731
142.228832731
142.228832731
142.228832731
142.228832731
142.228832731
142.228832731
142.228832731
142.228832731
142.228832731
142.228832731
142.228832731
142.228832731
142.228832731
142.228832731
142.228832731
142.228832731
142.228832731
142.228832731
142.228832731
142.228832731
142.228832731
142.228832731
142.228832731
142.228832731
