10.5000136689
10.5296260626
10.5592177821
10.588788842
10.6183392568
10.6478690407
10.6773782082
10.7068667738
10.7363347517
10.7657821564
10.7952090022
10.8246153034
10.8540010745
10.8833663298
10.9127110835
10.94203535
10.9713391436
11.0006224786
11.0298853693
11.0591278299
11.0883498747
11.1175515179
11.1467327739
11.1758936568
11.2050341809
11.2341543603
11.2632542093
11.2923337421
11.3213929728
11.3504319157
11.3794505848
11.4084489944
11.4374271586
11.4663850915
11.4953228073
11.52424032
11.5531376438
11.5820147928
11.610871781
11.6397086225
11.6685253314
11.6973219218
11.7260984077
11.7548548031
11.783591122
11.8123073785
11.8410035866
11.8696797603
11.8983359135
11.9269720603
11.9555882145
11.9841843903
12.0127606014
12.0413168619
12.0698531857
12.0983695867
12.1268660788
12.1553426759
12.1837993919
12.2122362406
12.2406532361
12.269050392
12.2974277223
12.3257852408
12.3541229613
12.3824408976
12.4107390637
12.4390174732
12.46727614
12.4955150778
12.5237343004
12.5519338217
12.5801136552
12.6082738149
12.6364143143
12.6645351673
12.6926363876
12.7207179889
12.7487799848
12.776822389
12.8048452153
12.8328484773
12.8608321887
12.888796363
12.916741014
12.9446661553
12.9725718005
13.0004579632
13.028324657
13.0561718955
13.0839996923
13.111808061
13.1395970151
13.1673665681
13.1951167337
13.2228475254
13.2505589566
13.2782510409
13.3059237919
13.3335772229
13.3612113476
13.3888261793
13.4164217316
13.4439980178
13.4715550516
13.4990928462
13.5266114151
13.5541107718
13.5815909297
13.6090519021
13.6364937025
13.6639163442
13.6913198407
13.7187042052
13.7460694512
13.773415592
13.8007426409
13.8280506113
13.8553395164
13.8826093697
13.9098601843
13.9370919737
13.964304751
13.9914985295
14.0186733225
14.0458291433
14.0729660051
14.1000839212
14.1271829047
14.1542629689
14.181324127
14.2083663921
14.2353897776
14.2623942965
14.2893799621
14.3163467875
14.3432947858
14.3702239702
14.3971343539
14.4240259499
14.4508987714
14.4777528314
14.5045881432
14.5314047197
14.5582025741
14.5849817194
14.6117421686
14.638483935
14.6652070313
14.6919114708
14.7185972665
14.7452644313
14.7719129782
14.7985429204
14.8251542706
14.851747042
14.8783212475
14.9048769001
14.9314140127
14.9579325982
14.9844326697
15.0109142399
15.0373773219
15.0638219285
15.0902480727
15.1166557673
15.1430450253
15.1694158594
15.1957682825
15.2221023076
15.2484179474
15.2747152148
15.3009941226
15.3272546836
15.3534969107
15.3797208165
15.4059264141
15.432113716
15.4582827351
15.4844334842
15.5105659759
15.5366802231
15.5627762385
15.5888540348
15.6149136248
15.6409550211
15.6669782364
15.6929832835
15.718970175
15.7449389236
15.7708895419
15.7968220427
15.8227364386
15.8486327421
15.874510966
15.9003711229
15.9262132254
15.952037286
15.9778433175
16.0036313323
16.029401343
16.0551533623
16.0808874026
16.1066034766
16.1323015967
16.1579817755
16.1836440256
16.2092883595
16.2349147895
16.2605233284
16.2861139885
16.3116867823
16.3372417223
16.362778821
16.3882980908
16.4137995442
16.4392831936
16.4647490515
16.4901971302
16.5156274422
16.5410399998
16.5664348156
16.5918119018
16.6171712708
16.642512935
16.6678369069
16.6931431986
16.7184318226
16.7437027912
16.7689561167
16.7941918115
16.8194098878
16.844610358
16.8697932343
16.894958529
16.9201062545
16.9452364229
16.9703490465
16.9954441376
17.0205217084
17.0455817712
17.0706243382
17.0956494215
17.1206570334
17.1456471861
17.1706198918
17.1955751627
17.2205130108
17.2454334485
17.2703364879
17.295222141
17.32009042
17.3449413372
17.3697749045
17.3945911341
17.4193900381
17.4441716286
17.4689359177
17.4936829175
17.51841264
17.5431250973
17.5678203015
17.5924982645
17.6171589985
17.6418025155
17.6664288274
17.6910379464
17.7156298843
17.7402046532
17.7647622651
17.789302732
17.8138260658
17.8383322785
17.8628213821
17.8872933884
17.9117483094
17.9361861571
17.9606069434
17.9850106802
18.0093973793
18.0337670528
18.0581197124
18.08245537
18.1067740376
18.131075727
18.1553604499
18.1796282184
18.2038790442
18.2281129391
18.252329915
18.2765299837
18.3007131569
18.3248794465
18.3490288643
18.3731614221
18.3972771315
18.4213760044
18.4454580526
18.4695232877
18.4935717215
18.5176033658
18.5416182323
18.5656163326
18.5895976785
18.6135622817
18.6375101539
18.6614413067
18.6853557519
18.709253501
18.7331345658
18.7569989579
18.7808466889
18.8046777705
18.8284922143
18.8522900319
18.8760712349
18.8998358349
18.9235838435
18.9473152723
18.9710301329
18.9947284368
19.0184101956
19.0420754208
19.065724124
19.0893563167
19.1129720105
19.1365712169
19.1601539473
19.1837202133
19.2072700264
19.230803398
19.2543203397
19.2778208629
19.301304979
19.3247726996
19.3482240361
19.3716589999
19.3950776024
19.418479855
19.4418657693
19.4652353565
19.4885886282
19.5119255956
19.5352462702
19.5585506633
19.5818387863
19.6051106505
19.6283662674
19.6516056482
19.6748288044
19.6980357471
19.7212264878
19.7444010377
19.7675594082
19.7907016105
19.813827656
19.8369375558
19.8600313214
19.8831089639
19.9061704947
19.9292159248
19.9522452657
19.9752585285
19.9982557245
20.0212368649
20.0442019608
20.0671510235
20.0900840642
20.113001094
20.1359021242
20.1587871659
20.1816562303
20.2045093285
20.2273464717
20.250167671
20.2729729375
20.2957622824
20.3185357168
20.3412932518
20.3640348985
20.386760668
20.4094705713
20.4321646196
20.4548428239
20.4775051953
20.5001517448
20.5227824835
20.5453974224
20.5679965726
20.590579945
20.6131475508
20.6356994008
20.6582355061
20.6807558777
20.7032605265
20.7257494637
20.7482227
20.7706802465
20.7931221141
20.8155483139
20.8379588566
20.8603537533
20.8827330148
20.9050966522
20.9274446762
20.9497770979
20.972093928
20.9943951775
21.0166808572
21.0389509781
21.061205551
21.0834445867
21.1056680961
21.12787609
21.1500685792
21.1722455747
21.1944070872
21.2165531274
21.2386837063
21.2607988346
21.2828985231
21.3049827825
21.3270516237
21.3491050574
21.3711430944
21.3931657454
21.4151730211
21.4371649324
21.4591414898
21.4811027042
21.5030485863
21.5249791467
21.5468943961
21.5687943453
21.5906790049
21.6125483856
21.6344024981
21.656241353
21.678064961
21.6998733327
21.7216664787
21.7434444097
21.7652071364
21.7869546693
21.808687019
21.8304041961
21.8521062113
21.873793075
21.895464798
21.9171213907
21.9387628638
21.9603892277
21.9820004931
22.0035966704
22.0251777702
22.0467438031
22.0682947795
22.0898307099
22.1113516049
22.132857475
22.1543483307
22.1758241823
22.1972850405
22.2187309157
22.2401618183
22.2615777587
22.2829787476
22.3043647951
22.3257359119
22.3470921084
22.3684333948
22.3897597818
22.4110712796
22.4323678986
22.4536496493
22.474916542
22.4961685871
22.5174057949
22.5386281759
22.5598357404
22.5810284986
22.602206461
22.6233696379
22.6445180396
22.6656516764
22.6867705587
22.7078746967
22.7289641007
22.750038781
22.7710987479
22.7921440116
22.8131745825
22.8341904708
22.8551916867
22.8761782404
22.8971501423
22.9181074026
22.9390500314
22.959978039
22.9808914355
23.0017902313
23.0226744364
23.0435440612
23.0643991156
23.08523961
23.1060655545
23.1268769592
23.1476738343
23.16845619
23.1892240363
23.2099773834
23.2307162415
23.2514406206
23.2721505309
23.2928459824
23.3135269853
23.3341935496
23.3548456854
23.3754834028
23.3961067119
23.4167156227
23.4373101452
23.4578902896
23.4784560658
23.4990074839
23.519544554
23.5400672859
23.5605756898
23.5810697756
23.6015495533
23.622015033
23.6424662245
23.662903138
23.6833257833
23.7037341704
23.7241283093
23.7445082099
23.7648738821
23.7852253359
23.8055625813
23.8258856281
23.8461944862
23.8664891656
23.8867696761
23.9070360277
23.9272882301
23.9475262935
23.9677502274
23.987960042
24.0081557469
24.028337352
24.0485048673
24.0686583025
24.0887976675
24.108922972
24.129034226
24.1491314391
24.1692146213
24.1892837822
24.2093389318
24.2293800798
24.2494072359
24.2694204099
24.2894196116
24.3094048508
24.3293761371
24.3493334804
24.3692768904
24.3892063767
24.4091219491
24.4290236174
24.4489113912
24.4687852802
24.4886452942
24.5084914428
24.5283237357
24.5481421825
24.567946793
24.5877375768
24.6075145435
24.6272777028
24.6470270644
24.6667626378
24.6864844327
24.7061924587
24.7258867255
24.7455672426
24.7652340196
24.7848870661
24.8045263918
24.8241520061
24.8437639187
24.8633621392
24.882946677
24.9025175418
24.922074743
24.9416182903
24.9611481931
24.980664461
25.0001671036
25.0196561302
25.0391315505
25.0585933738
25.0780416098
25.0974762679
25.1168973576
25.1363048883
25.1556988696
25.1750793108
25.1944462215
25.213799611
25.2331394888
25.2524658644
25.2717787472
25.2910781466
25.310364072
25.3296365328
25.3488955384
25.3681410983
25.3873732217
25.4065919181
25.4257971969
25.4449890674
25.464167539
25.483332621
25.5024843228
25.5216226537
25.5407476231
25.5598592403
25.5789575146
25.5980424553
25.6171140718
25.6361723733
25.6552173691
25.6742490686
25.6932674809
25.7122726155
25.7312644815
25.7502430882
25.7692084449
25.7881605608
25.8070994452
25.8260251073
25.8449375564
25.8638368016
25.8827228521
25.9015957173
25.9204554063
25.9393019283
25.9581352924
25.976955508
25.9957625841
26.0145565299
26.0333373546
26.0521050674
26.0708596774
26.0896011937
26.1083296256
26.1270449821
26.1457472723
26.1644365054
26.1831126906
26.2017758368
26.2204259533
26.2390630491
26.2576871333
26.2762982149
26.2948963032
26.313481407
26.3320535356
26.3506126979
26.3691589031
26.3876921601
26.406212478
26.4247198658
26.4432143326
26.4616958873
26.4801645391
26.4986202969
26.5170631696
26.5354931664
26.5539102962
26.5723145679
26.5907059906
26.6090845732
26.6274503247
26.645803254
26.6641433701
26.682470682
26.7007851985
26.7190869287
26.7373758814
26.7556520656
26.7739154901
26.7921661639
26.8104040959
26.828629295
26.8468417701
26.86504153
26.8832285836
26.9014029398
26.9195646076
26.9377135956
26.9558499128
26.973973568
26.9920845701
27.0101829279
27.0282686503
27.0463417459
27.0644022238
27.0824500926
27.1004853612
27.1185080383
27.1365181328
27.1545156535
27.1725006091
27.1904730083
27.2084328601
27.2263801731
27.244314956
27.2622372177
27.2801469668
27.2980442122
27.3159289625
27.3338012264
27.3516610127
27.3695083301
27.3873431873
27.405165593
27.4229755559
27.4407730846
27.4585581879
27.4763308744
27.4940911528
27.5118390318
27.52957452
27.547297626
27.5650083586
27.5827067263
27.6003927377
27.6180664016
27.6357277265
27.6533767211
27.6710133939
27.6886377536
27.7062498087
27.7238495679
27.7414370396
27.7590122326
27.7765751554
27.7941258165
27.8116642245
27.829190388
27.8467043154
27.8642060155
27.8816954966
27.8991727673
27.9166378362
27.9340907117
27.9515314024
27.9689599168
27.9863762633
28.0037804505
28.0211724869
28.038552381
28.0559201412
28.0732757759
28.0906192938
28.1079507031
28.1252700124
28.1425772302
28.1598723648
28.1771554247
28.1944264184
28.2116853542
28.2289322405
28.2461670859
28.2633898986
28.2806006872
28.2977994599
28.3149862252
28.3321609915
28.3493237671
28.3664745604
28.3836133798
28.4007402336
28.4178551302
28.4349580779
28.4520490851
28.4691281602
28.4861953113
28.503250547
28.5202938754
28.5373253049
28.5543448439
28.5713525005
28.5883482832
28.6053322001
28.6223042596
28.63926447
28.6562128395
28.6731493764
28.690074089
28.7069869855
28.7238880741
28.7407773631
28.7576548608
28.7745205754
28.7913745151
28.8082166881
28.8250471026
28.8418657669
28.8586726891
28.8754678775
28.8922513402
28.9090230854
28.9257831214
28.9425314562
28.9592680981
28.9759930552
28.9927063357
29.0094079477
29.0260978994
29.0427761989
29.0594428543
29.0760978738
29.0927412655
29.1093730376
29.125993198
29.142601755
29.1591987167
29.175784091
29.1923578862
29.2089201103
29.2254707714
29.2420098776
29.2585374369
29.2750534573
29.291557947
29.308050914
29.3245323664
29.3410023121
29.3574607592
29.3739077158
29.3903431898
29.4067671893
29.4231797223
29.4395807968
29.4559704208
29.4723486022
29.4887153492
29.5050706696
29.5214145714
29.5377470627
29.5540681513
29.5703778453
29.5866761526
29.602963081
29.6192386387
29.6355028335
29.6517556734
29.6679971663
29.68422732
29.7004461426
29.7166536419
29.7328498259
29.7490347024
29.7652082793
29.7813705645
29.797521566
29.8136612915
29.829789749
29.8459069463
29.8620128913
29.8781075919
29.8941910558
29.910263291
29.9263243052
29.9423741064
29.9584127023
29.9744401007
29.9904563096
30.0064613366
30.0224551896
30.0384378764
30.0544094048
30.0703697826
30.0863190176
30.1022571175
30.1181840901
30.1340999432
30.1500046846
30.165898322
30.1817808631
30.1976523158
30.2135126877
30.2293619866
30.2452002202
30.2610273963
30.2768435225
30.2926486066
30.3084426563
30.3242256793
30.3399976833
30.355758676
30.371508665
30.3872476581
30.4029756629
30.4186926871
30.4343987384
30.4500938244
30.4657779528
30.4814511313
30.4971133674
30.5127646688
30.5284050432
30.5440344981
30.5596530413
30.5752606803
30.5908574227
30.6064432762
30.6220182483
30.6375823467
30.6531355788
30.6686779524
30.6842094751
30.6997301542
30.7152399976
30.7307390126
30.7462272069
30.7617045881
30.7771711636
30.792626941
30.8080719279
30.8235061318
30.8389295602
30.8543422207
30.8697441207
30.8851352678
30.9005156695
30.9158853332
30.9312442665
30.9465924769
30.9619299719
30.9772567589
30.9925728454
31.0078782389
31.0231729468
31.0384569767
31.0537303359
31.0689930319
31.0842450722
31.0994864642
31.1147172153
31.129937333
31.1451468247
31.1603456978
31.1755339597
31.1907116178
31.2058786796
31.2210351523
31.2361810435
31.2513163605
31.2664411107
31.2815553015
31.2966589402
31.3117520342
31.3268345909
31.3419066176
31.3569681216
31.3720191104
31.3870595913
31.4020895716
31.4171090586
31.4321180596
31.447116582
31.4621046332
31.4770822203
31.4920493507
31.5070060318
31.5219522707
31.5368880749
31.5518134515
31.5667284079
31.5816329513
31.5965270891
31.6114108284
31.6262841765
31.6411471407
31.6559997283
31.6708419464
31.6856738024
31.7004953034
31.7153064567
31.7301072694
31.744897749
31.7596779024
31.774447737
31.78920726
31.8039564785
31.8186953998
31.833424031
31.8481423793
31.8628504519
31.877548256
31.8922357987
31.9069130873
31.9215801288
31.9362369304
31.9508834993
31.9655198426
31.9801459674
31.994761881
32.0093675903
32.0239631026
32.038548425
32.0531235645
32.0676885283
32.0822433235
32.0967879571
32.1113224364
32.1258467683
32.14036096
32.1548650185
32.1693589509
32.1838427643
32.1983164657
32.2127800622
32.2272335609
32.2416769688
32.2561102929
32.2705335404
32.2849467181
32.2993498332
32.3137428927
32.3281259036
32.3424988729
32.3568618077
32.3712147148
32.3855576014
32.3998904745
32.4142133409
32.4285262078
32.442829082
32.4571219707
32.4714048806
32.4856778189
32.4999407924
32.5141938081
32.528436873
32.5426699941
32.5568931782
32.5711064322
32.5853097633
32.5995031782
32.6136866838
32.6278602872
32.6420239952
32.6561778147
32.6703217527
32.684455816
32.6985800115
32.7126943461
32.7267988267
32.7408934601
32.7549782534
32.7690532132
32.7831183465
32.7971736602
32.8112191611
32.825254856
32.8392807518
32.8532968554
32.8673031735
32.8812997131
32.8952864808
32.9092634837
32.9232307284
32.9371882218
32.9511359707
32.9650739818
32.9790022621
32.9929208183
33.0068296571
33.0207287854
33.03461821
33.0484979376
33.0623679749
33.0762283288
33.0900790061
33.1039200133
33.1177513575
33.1315730451
33.1453850831
33.1591874782
33.172980237
33.1867633663
33.2005368728
33.2143007633
33.2280550444
33.2417997229
33.2555348055
33.2692602989
33.2829762097
33.2966825447
33.3103793105
33.3240665139
33.3377441614
33.3514122598
33.3650708158
33.3787198359
33.3923593269
33.4059892954
33.4196097481
33.4332206916
33.4468221325
33.4604140775
33.4739965332
33.4875695062
33.5011330032
33.5146870307
33.5282315954
33.5417667039
33.5552923628
33.5688085787
33.5823153581
33.5958127077
33.609300634
33.6227791437
33.6362482433
33.6497079393
33.6631582384
33.6765991471
33.6900306719
33.7034528194
33.7168655962
33.7302690088
33.7436630637
33.7570477674
33.7704231266
33.7837891476
33.7971458371
33.8104932016
33.8238312475
33.8371599813
33.8504794097
33.863789539
33.8770903757
33.8903819264
33.9036641975
33.9169371956
33.930200927
33.9434553982
33.9567006158
33.9699365861
33.9831633157
33.996380811
34.0095890783
34.0227881243
34.0359779553
34.0491585777
34.0623299979
34.0754922225
34.0886452578
34.1017891102
34.1149237862
34.1280492921
34.1411656343
34.1542728193
34.1673708535
34.1804597432
34.1935394948
34.2066101147
34.2196716092
34.2327239848
34.2457672478
34.2588014046
34.2718264615
34.2848424249
34.2978493011
34.3108470965
34.3238358174
34.3368154702
34.3497860611
34.3627475965
34.3757000828
34.3886435262
34.4015779331
34.4145033097
34.4274196624
34.4403269975
34.4532253213
34.46611464
34.47899496
34.4918662874
34.5047286287
34.5175819901
34.5304263778
34.5432617982
34.5560882574
34.5689057618
34.5817143175
34.5945139309
34.6073046081
34.6200863555
34.6328591792
34.6456230854
34.6583780805
34.6711241706
34.683861362
34.6965896608
34.7093090733
34.7220196056
34.734721264
34.7474140547
34.7600979838
34.7727730576
34.7854392822
34.7980966638
34.8107452085
34.8233849227
34.8360158123
34.8486378836
34.8612511427
34.8738555958
34.886451249
34.8990381085
34.9116161804
34.9241854709
34.936745986
34.9492977319
34.9618407148
34.9743749407
34.9869004157
34.999417146
35.0119251377
35.0244243969
35.0369149296
35.049396742
35.0618698402
35.0743342302
35.0867899181
35.0992369099
35.1116752119
35.1241048299
35.1365257702
35.1489380387
35.1613416415
35.1737365847
35.1861228742
35.1985005162
35.2108695167
35.2232298817
35.2355816172
35.2479247293
35.2602592239
35.2725851072
35.2849023851
35.2972110636
35.3095111487
35.3218026465
35.3340855628
35.3463599038
35.3586256754
35.3708828836
35.3831315343
35.3953716335
35.4076031873
35.4198262015
35.4320406821
35.4442466352
35.4564440666
35.4686329822
35.4808133881
35.4929852902
35.5051486944
35.5173036067
35.5294500329
35.541587979
35.553717451
35.5658384547
35.577950996
35.5900550809
35.6021507153
35.614237905
35.626316656
35.6383869741
35.6504488653
35.6625023354
35.6745473903
35.6865840358
35.6986122779
35.7106321225
35.7226435753
35.7346466422
35.7466413291
35.7586276419
35.7706055863
35.7825751683
35.7945363936
35.8064892681
35.8184337977
35.8303699881
35.8422978452
35.8542173748
35.8661285827
35.8780314748
35.8899260567
35.9018123344
35.9136903136
35.9255600002
35.9374213998
35.9492745183
35.9611193615
35.9729559352
35.9847842451
35.996604297
36.0084160966
36.0202196498
36.0320149622
36.0438020397
36.055580888
36.0673515128
36.0791139198
36.0908681149
36.1026141037
36.114351892
36.1260814855
36.1378028899
36.1495161109
36.1612211543
36.1729180257
36.1846067309
36.1962872755
36.2079596653
36.219623906
36.2312800032
36.2429279626
36.25456779
36.2661994909
36.2778230711
36.2894385362
36.3010458919
36.3126451439
36.3242362977
36.3358193592
36.3473943338
36.3589612274
36.3705200454
36.3820707936
36.3936134775
36.4051481029
36.4166746753
36.4281932004
36.4397036837
36.4512061309
36.4627005476
36.4741869394
36.485665312
36.4971356708
36.5085980215
36.5200523698
36.5314987211
36.5429370811
36.5543674553
36.5657898493
36.5772042687
36.5886107191
36.600009206
36.611399735
36.6227823116
36.6341569414
36.6455236299
36.6568823828
36.6682332054
36.6795761034
36.6909110823
36.7022381476
36.7135573048
36.7248685595
36.7361719172
36.7474673834
36.7587549636
36.7700346633
36.781306488
36.7925704432
36.8038265344
36.8150747672
36.8263151468
36.837547679
36.8487723691
36.8599892226
36.871198245
36.8823994418
36.8935928184
36.9047783802
36.9159561328
36.9271260816
36.938288232
36.9494425895
36.9605891595
36.9717279475
36.9828589589
36.9939821991
37.0050976735
37.0162053876
37.0273053468
37.0383975564
37.049482022
37.0605587489
37.0716277425
37.0826890083
37.0937425515
37.1047883777
37.1158264921
37.1268569002
37.1378796074
37.148894619
37.1599019404
37.170901577
37.1818935342
37.1928778172
37.2038544315
37.2148233824
37.2257846752
37.2367383154
37.2476843082
37.258622659
37.2695533732
37.280476456
37.2913919128
37.3022997489
37.3131999696
37.3240925803
37.3349775862
37.3458549927
37.3567248051
37.3675870286
37.3784416687
37.3892887305
37.4001282193
37.4109601405
37.4217844994
37.4326013011
37.443410551
37.4542122544
37.4650064165
37.4757930427
37.486572138
37.4973437079
37.5081077575
37.5188642922
37.5296133171
37.5403548376
37.5510888587
37.5618153859
37.5725344242
37.583245979
37.5939500555
37.6046466589
37.6153357943
37.6260174671
37.6366916824
37.6473584455
37.6580177614
37.6686696355
37.679314073
37.689951079
37.7005806586
37.7112028172
37.7218175599
37.7324248918
37.7430248181
37.753617344
37.7642024748
37.7747802154
37.7853505711
37.7959135471
37.8064691484
37.8170173803
37.8275582479
37.8380917564
37.8486179108
37.8591367163
37.869648178
37.8801523011
37.8906490907
37.9011385519
37.9116206898
37.9220955095
37.9325630162
37.943023215
37.9534761108
37.963921709
37.9743600145
37.9847910324
37.9952147678
38.0056312259
38.0160404116
38.0264423301
38.0368369864
38.0472243857
38.0576045329
38.0679774332
38.0783430916
38.0887015131
38.0990527028
38.1093966658
38.1197334071
38.1300629317
38.1403852447
38.1507003512
38.1610082561
38.1713089644
38.1816024813
38.1918888116
38.2021679605
38.212439933
38.222704734
38.2329623686
38.2432128418
38.2534561586
38.2636923239
38.2739213427
38.2841432202
38.2943579611
38.3045655706
38.3147660536
38.324959415
38.3351456599
38.3453247932
38.3554968199
38.3656617449
38.3758195732
38.3859703098
38.3961139596
38.4062505275
38.4163800186
38.4265024376
38.4366177897
38.4467260796
38.4568273124
38.4669214929
38.4770086262
38.487088717
38.4971617704
38.5072277912
38.5172867844
38.5273387548
38.5373837074
38.547421647
38.5574525786
38.567476507
38.5774934372
38.587503374
38.5975063222
38.6075022869
38.6174912729
38.6274732849
38.637448328
38.6474164069
38.6573775266
38.6673316918
38.6772789075
38.6872191785
38.6971525096
38.7070789057
38.7169983716
38.7269109122
38.7368165323
38.7467152368
38.7566070304
38.766491918
38.7763699043
38.7862409944
38.7961051928
38.8059625045
38.8158129343
38.8256564869
38.8354931672
38.84532298
38.85514593
38.8649620221
38.874771261
38.8845736516
38.8943691985
38.9041579066
38.9139397807
38.9237148255
38.9334830458
38.9432444463
38.9529990319
38.9627468073
38.9724877772
38.9822219464
38.9919493196
39.0016699016
39.0113836971
39.0210907108
39.0307909476
39.0404844121
39.050171109
39.0598510431
39.0695242191
39.0791906417
39.0888503157
39.0985032456
39.1081494364
39.1177888926
39.1274216189
39.1370476201
39.1466669009
39.1562794659
39.1658853198
39.1754844674
39.1850769132
39.1946626621
39.2042417185
39.2138140874
39.2233797732
39.2329387806
39.2424911144
39.2520367792
39.2615757796
39.2711081203
39.2806338059
39.2901528411
39.2996652306
39.3091709789
39.3186700907
39.3281625707
39.3376484234
39.3471276536
39.3566002657
39.3660662645
39.3755256546
39.3849784405
39.3944246269
39.4038642184
39.4132972196
39.4227236351
39.4321434695
39.4415567273
39.4509634133
39.4603635319
39.4697570877
39.4791440854
39.4885245295
39.4978984246
39.5072657753
39.5166265861
39.5259808616
39.5353286063
39.5446698249
39.5540045218
39.5633327017
39.572654369
39.5819695284
39.5912781843
39.6005803413
39.609876004
39.6191651768
39.6284478644
39.6377240712
39.6469938018
39.6562570606
39.6655138523
39.6747641812
39.684008052
39.6932454692
39.7024764371
39.7117009605
39.7209190436
39.7301306911
39.7393359075
39.7485346972
39.7577270646
39.7669130144
39.7760925509
39.7852656788
39.7944324023
39.803592726
39.8127466544
39.8218941919
39.831035343
39.8401701122
39.8492985039
39.8584205225
39.8675361726
39.8766454585
39.8857483847
39.8948449556
39.9039351757
39.9130190494
39.9220965812
39.9311677754
39.9402326366
39.949291169
39.9583433772
39.9673892655
39.9764288384
39.9854621002
39.9944890554
40.0035097085
40.0125240636
40.0215321254
40.0305338981
40.0395293862
40.048518594
40.057501526
40.0664781865
40.0754485798
40.0844127105
40.0933705828
40.102322201
40.1112675697
40.1202066931
40.1291395756
40.1380662216
40.1469866353
40.1559008212
40.1648087837
40.173710527
40.1826060554
40.1914953735
40.2003784854
40.2092553954
40.2181261081
40.2269906276
40.2358489582
40.2447011044
40.2535470704
40.2623868605
40.2712204791
40.2800479305
40.2888692189
40.2976843486
40.3064933241
40.3152961495
40.3240928291
40.3328833673
40.3416677683
40.3504460365
40.359218176
40.3679841913
40.3767440865
40.3854978659
40.3942455338
40.4029870945
40.4117225522
40.4204519112
40.4291751757
40.4378923501
40.4466034385
40.4553084452
40.4640073744
40.4727002304
40.4813870175
40.4900677399
40.4987424017
40.5074110073
40.5160735608
40.5247300665
40.5333805287
40.5420249515
40.5506633391
40.5592956957
40.5679220257
40.5765423331
40.5851566222
40.5937648972
40.6023671622
40.6109634216
40.6195536794
40.6281379399
40.6367162072
40.6452884856
40.6538547791
40.6624150921
40.6709694286
40.6795177929
40.6880601891
40.6965966213
40.7051270938
40.7136516107
40.7221701762
40.7306827944
40.7391894694
40.7476902054
40.7561850067
40.7646738772
40.7731568211
40.7816338427
40.7901049459
40.7985701351
40.8070294141
40.8154827873
40.8239302588
40.8323718325
40.8408075128
40.8492373036
40.8576612091
40.8660792334
40.8744913806
40.8828976549
40.8912980602
40.8996926007
40.9080812806
40.9164641038
40.9248410746
40.9332121969
40.9415774748
40.9499369125
40.958290514
40.9666382833
40.9749802247
40.983316342
40.9916466395
40.9999711211
41.0082897909
41.016602653
41.0249097114
41.0332109702
41.0415064334
41.0497961051
41.0580799893
41.0663580901
41.0746304114
41.0828969574
41.0911577321
41.0994127394
41.1076619835
41.1159054683
41.1241431979
41.1323751762
41.1406014074
41.1488218953
41.1570366441
41.1652456577
41.1734489401
41.1816464954
41.1898383275
41.1980244404
41.2062048381
41.2143795246
41.222548504
41.2307117801
41.238869357
41.2470212386
41.2551674289
41.2633079319
41.2714427516
41.2795718919
41.2876953568
41.2958131503
41.3039252762
41.3120317387
41.3201325415
41.3282276888
41.3363171843
41.3444010322
41.3524792362
41.3605518005
41.3686187288
41.3766800251
41.3847356934
41.3927857375
41.4008301615
41.4088689693
41.4169021647
41.4249297516
41.4329517341
41.4409681159
41.4489789011
41.4569840935
41.4649836971
41.4729777156
41.4809661531
41.4889490134
41.4969263005
41.5048980181
41.5128641703
41.5208247608
41.5287797936
41.5367292725
41.5446732015
41.5526115844
41.560544425
41.5684717273
41.5763934951
41.5843097322
41.5922204426
41.6001256301
41.6080252985
41.6159194518
41.6238080936
41.631691228
41.6395688587
41.6474409897
41.6553076246
41.6631687674
41.6710244219
41.6788745919
41.6867192813
41.6945584939
41.7023922334
41.7102205038
41.7180433089
41.7258606524
41.7336725382
41.7414789701
41.7492799518
41.7570754873
41.7648655803
41.7726502345
41.7804294539
41.7882032422
41.7959716031
41.8037345405
41.8114920582
41.8192441599
41.8269908495
41.8347321306
41.8424680071
41.8501984828
41.8579235614
41.8656432467
41.8733575425
41.8810664525
41.8887699804
41.8964681301
41.9041609053
41.9118483097
41.9195303471
41.9272070213
41.9348783359
41.9425442948
41.9502049016
41.9578601602
41.9655100741
41.9731546473
41.9807938833
41.988427786
41.996056359
42.0036796061
42.0112975309
42.0189101373
42.0265174288
42.0341194093
42.0417160825
42.049307452
42.0568935215
42.0644742947
42.0720497754
42.0796199672
42.0871848739
42.0947444991
42.1022988464
42.1098479197
42.1173917225
42.1249302586
42.1324635316
42.1399915452
42.1475143031
42.1550318089
42.1625440664
42.1700510791
42.1775528507
42.1850493849
42.1925406854
42.2000267558
42.2075075998
42.2149832209
42.2224536229
42.2299188094
42.2373787841
42.2448335505
42.2522831123
42.2597274732
42.2671666367
42.2746006066
42.2820293863
42.2894529797
42.2968713902
42.3042846215
42.3116926772
42.3190955609
42.3264932763
42.3338858269
42.3412732163
42.3486554482
42.3560325262
42.3634044538
42.3707712347
42.3781328723
42.3854893705
42.3928407326
42.4001869623
42.4075280633
42.414864039
42.422194893
42.429520629
42.4368412504
42.444156761
42.4514671641
42.4587724635
42.4660726626
42.473367765
42.4806577743
42.4879426941
42.4952225279
42.5024972792
42.5097669515
42.5170315486
42.5242910737
42.5315455307
42.5387949228
42.5460392538
42.5532785271
42.5605127463
42.5677419148
42.5749660363
42.5821851142
42.589399152
42.5966081533
42.6038121217
42.6110110605
42.6182049733
42.6253938637
42.6325777351
42.6397565911
42.6469304351
42.6540992706
42.6612631012
42.6684219303
42.6755757614
42.682724598
42.6898684436
42.6970073017
42.7041411758
42.7112700693
42.7183939858
42.7255129286
42.7326269013
42.7397359073
42.7468399502
42.7539390333
42.7610331601
42.7681223342
42.7752065589
42.7822858377
42.789360174
42.7964295714
42.8034940333
42.810553563
42.8176081641
42.8246578399
42.831702594
42.8387424298
42.8457773507
42.8528073601
42.8598324614
42.8668526581
42.8738679537
42.8808783515
42.8878838549
42.8948844674
42.9018801923
42.9088710332
42.9158569934
42.9228380762
42.9298142852
42.9367856238
42.9437520952
42.9507137029
42.9576704504
42.964622341
42.971569378
42.978511565
42.9854489052
42.9923814021
42.999309059
43.0062318793
43.0131498664
43.0200630237
43.0269713546
43.0338748623
43.0407735503
43.047667422
43.0545564806
43.0614407296
43.0683201724
43.0751948122
43.0820646524
43.0889296965
43.0957899476
43.1026454093
43.1094960847
43.1163419773
43.1231830904
43.1300194274
43.1368509915
43.1436777861
43.1504998146
43.1573170802
43.1641295863
43.1709373362
43.1777403333
43.1845385808
43.191332082
43.1981208404
43.2049048591
43.2116841415
43.2184586909
43.2252285107
43.231993604
43.2387539742
43.2455096247
43.2522605587
43.2590067794
43.2657482903
43.2724850945
43.2792171954
43.2859445962
43.2926673003
43.2993853108
43.3060986312
43.3128072645
43.3195112143
43.3262104836
43.3329050758
43.3395949941
43.3462802418
43.3529608222
43.3596367385
43.3663079939
43.3729745918
43.3796365353
43.3862938278
43.3929464725
43.3995944725
43.4062378313
43.4128765519
43.4195106376
43.4261400918
43.4327649175
43.4393851181
43.4460006968
43.4526116567
43.4592180012
43.4658197334
43.4724168566
43.4790093739
43.4855972887
43.492180604
43.4987593232
43.5053334494
43.5119029858
43.5184679357
43.5250283022
43.5315840886
43.538135298
43.5446819336
43.5512239987
43.5577614964
43.5642944299
43.5708228024
43.577346617
43.5838658771
43.5903805856
43.5968907459
43.6033963611
43.6098974343
43.6163939688
43.6228859677
43.6293734342
43.6358563714
43.6423347825
43.6488086706
43.655278039
43.6617428907
43.668203229
43.674659057
43.6811103777
43.6875571945
43.6939995104
43.7004373285
43.706870652
43.7132994841
43.7197238278
43.7261436863
43.7325590628
43.7389699604
43.7453763821
43.7517783312
43.7581758107
43.7645688237
43.7709573735
43.777341463
43.7837210955
43.790096274
43.7964670016
43.8028332814
43.8091951166
43.8155525102
43.8219054654
43.8282539853
43.8345980728
43.8409377313
43.8472729636
43.853603773
43.8599301624
43.8662521351
43.8725696941
43.8788828424
43.8851915831
43.8914959194
43.8977958542
43.9040913907
43.910382532
43.916669281
43.922951641
43.9292296148
43.9355032057
43.9417724166
43.9480372506
43.9542977108
43.9605538002
43.9668055219
43.9730528789
43.9792958743
43.9855345111
43.9917687923
43.9979987211
44.0042243004
44.0104455333
44.0166624227
44.0228749719
44.0290831837
44.0352870612
44.0414866074
44.0476818254
44.0538727181
44.0600592887
44.06624154
44.0724194752
44.0785930972
44.084762409
44.0909274138
44.0970881144
44.1032445138
44.1093966151
44.1155444213
44.1216879354
44.1278271604
44.1339620992
44.1400927549
44.1462191304
44.1523412287
44.1584590529
44.1645726059
44.1706818906
44.1767869102
44.1828876674
44.1889841654
44.1950764071
44.2011643955
44.2072481335
44.2133276241
44.2194028702
44.2254738749
44.2315406411
44.2376031718
44.2436614698
44.2497155382
44.2557653799
44.2618109979
44.2678523951
44.2738895745
44.279922539
44.2859512915
44.2919758351
44.2979961725
44.3040123068
44.310024241
44.3160319778
44.3220355203
44.3280348714
44.3340300341
44.3400210111
44.3460078056
44.3519904203
44.3579688582
44.3639431222
44.3699132153
44.3758791403
44.3818409002
44.3877984978
44.3937519361
44.399701218
44.4056463464
44.4115873241
44.4175241541
44.4234568392
44.4293853825
44.4353097866
44.4412300546
44.4471461894
44.4530581938
44.4589660706
44.4648698229
44.4707694534
44.476664965
44.4825563607
44.4884436432
44.4943268155
44.5002058804
44.5060808409
44.5119516997
44.5178184597
44.5236811238
44.5295396948
44.5353941757
44.5412445692
44.5470908782
44.5529331056
44.5587712542
44.5646053269
44.5704353265
44.5762612558
44.5820831177
44.5879009151
44.5937146507
44.5995243275
44.6053299481
44.6111315156
44.6169290326
44.6227225021
44.6285119268
44.6342973096
44.6400786534
44.6458559608
44.6516292348
44.6573984781
44.6631636936
44.6689248841
44.6746820523
44.6804352012
44.6861843335
44.691929452
44.6976705595
44.7034076588
44.7091407527
44.714869844
44.7205949355
44.7263160301
44.7320331304
44.7377462392
44.7434553595
44.7491604939
44.7548616452
44.7605588162
44.7662520097
44.7719412285
44.7776264753
44.7833077529
44.7889850641
44.7946584116
44.8003277983
44.8059932269
44.8116547001
44.8173122207
44.8229657915
44.8286154152
44.8342610946
44.8399028324
44.8455406314
44.8511744943
44.856804424
44.8624304231
44.8680524943
44.8736706405
44.8792848643
44.8848951685
44.8905015559
44.8961040291
44.9017025909
44.907297244
44.9128879913
44.9184748352
44.9240577788
44.9296368245
44.9352119752
44.9407832336
44.9463506024
44.9519140842
44.9574736819
44.9630293982
44.9685812357
44.9741291971
44.9796732852
44.9852135026
44.9907498522
44.9962823364
45.0018109582
45.0073357201
45.0128566249
45.0183736752
45.0238868737
45.0293962232
45.0349017263
45.0404033857
45.0459012041
45.0513951841
45.0568853285
45.0623716399
45.067854121
45.0733327745
45.0788076031
45.0842786093
45.0897457959
45.0952091656
45.100668721
45.1061244648
45.1115763996
45.1170245282
45.122468853
45.1279093769
45.1333461025
45.1387790324
45.1442081692
45.1496335157
45.1550550744
45.160472848
45.1658868392
45.1712970506
45.1767034848
45.1821061444
45.1875050322
45.1929001507
45.1982915026
45.2036790905
45.2090629169
45.2144429847
45.2198192963
45.2251918544
45.2305606616
45.2359257206
45.2412870339
45.2466446042
45.2519984341
45.2573485261
45.262694883
45.2680375073
45.2733764015
45.2787115684
45.2840430106
45.2893707305
45.2946947309
45.3000150143
45.3053315833
45.3106444405
45.3159535885
45.3212590299
45.3265607672
45.3318588032
45.3371531403
45.3424437811
45.3477307282
45.3530139842
45.3582935516
45.3635694331
45.3688416312
45.3741101485
45.3793749876
45.3846361509
45.3898936412
45.3951474609
45.4003976126
45.4056440989
45.4108869224
45.4161260855
45.4213615909
45.4265934411
45.4318216386
45.437046186
45.4422670859
45.4474843408
45.4526979532
45.4579079257
45.4631142609
45.4683169612
45.4735160292
45.4787114675
45.4839032785
45.4890914648
45.494276029
45.4994569735
45.504634301
45.5098080138
45.5149781146
45.5201446058
45.5253074901
45.5304667698
45.5356224476
45.5407745259
45.5459230072
45.5510678941
45.5562091891
45.5613468946
45.5664810132
45.5716115474
45.5767384997
45.5818618726
45.5869816686
45.5920978901
45.5972105398
45.60231962
45.6074251332
45.6125270821
45.6176254689
45.6227202963
45.6278115668
45.6328992827
45.6379834466
45.6430640609
45.6481411282
45.653214651
45.6582846316
45.6633510725
45.6684139763
45.6734733454
45.6785291823
45.6835814894
45.6886302693
45.6936755243
45.6987172569
45.7037554696
45.7087901648
45.713821345
45.7188490127
45.7238731703
45.7288938203
45.733910965
45.738924607
45.7439347487
45.7489413926
45.753944541
45.7589441964
45.7639403613
45.7689330381
45.7739222293
45.7789079372
45.7838901643
45.788868913
45.7938441858
45.7988159851
45.8037843133
45.8087491728
45.8137105661
45.8186684955
45.8236229635
45.8285739726
45.8335215251
45.8384656234
45.8434062699
45.8483434671
45.8532772174
45.8582075232
45.8631343868
45.8680578107
45.8729777973
45.877894349
45.8828074682
45.8877171572
45.8926234185
45.8975262545
45.9024256675
45.90732166
45.9122142343
45.9171033928
45.921989138
45.9268714721
45.9317503976
45.9366259168
45.9414980322
45.9463667461
45.9512320609
45.9560939789
45.9609525025
45.9658076341
45.9706593761
45.9755077308
45.9803527006
45.9851942879
45.990032495
45.9948673242
45.999698778
46.0045268587
46.0093515686
46.0141729102
46.0189908857
46.0238054975
46.0286167479
46.0334246393
46.0382291741
46.0430303546
46.0478281831
46.0526226619
46.0574137935
46.0622015801
46.0669860241
46.0717671278
46.0765448935
46.0813193237
46.0860904205
46.0908581863
46.0956226235
46.1003837344
46.1051415213
46.1098959866
46.1146471324
46.1193949612
46.1241394753
46.128880677
46.1336185686
46.1383531524
46.1430844307
46.1478124059
46.1525370802
46.1572584559
46.1619765354
46.1666913209
46.1714028148
46.1761110193
46.1808159367
46.1855175694
46.1902159196
46.1949109896
46.1996027818
46.2042912983
46.2089765415
46.2136585137
46.2183372172
46.2230126541
46.2276848269
46.2323537378
46.2370193891
46.241681783
46.2463409218
46.2509968079
46.2556494434
46.2602988306
46.2649449718
46.2695878693
46.2742275254
46.2788639422
46.2834971221
46.2881270673
46.2927537801
46.2973772627
46.3019975174
46.3066145465
46.3112283521
46.3158389366
46.3204463022
46.3250504511
46.3296513856
46.334249108
46.3388436204
46.3434349251
46.3480230244
46.3526079205
46.3571896156
46.3617681119
46.3663434118
46.3709155174
46.3754844309
46.3800501547
46.3846126908
46.3891720416
46.3937282093
46.398281196
46.402831004
46.4073776356
46.4119210929
46.4164613782
46.4209984936
46.4255324414
46.4300632238
46.4345908431
46.4391153013
46.4436366008
46.4481547437
46.4526697322
46.4571815686
46.461690255
46.4661957936
46.4706981867
46.4751974364
46.4796935449
46.4841865144
46.4886763471
46.4931630453
46.497646611
46.5021270465
46.5066043539
46.5110785355
46.5155495934
46.5200175299
46.524482347
46.5289440469
46.5334026319
46.5378581042
46.5423104658
46.5467597189
46.5512058658
46.5556489086
46.5600888494
46.5645256905
46.568959434
46.573390082
46.5778176368
46.5822421004
46.586663475
46.5910817629
46.5954969661
46.5999090868
46.6043181271
46.6087240893
46.6131269754
46.6175267876
46.621923528
46.6263171988
46.6307078022
46.6350953403
46.6394798151
46.6438612289
46.6482395838
46.6526148819
46.6569871254
46.6613563164
46.665722457
46.6700855494
46.6744455956
46.6788025979
46.6831565582
46.6875074789
46.6918553619
46.6962002094
46.7005420235
46.7048808064
46.7092165601
46.7135492868
46.7178789886
46.7222056676
46.7265293258
46.7308499655
46.7351675887
46.7394821976
46.7437937941
46.7481023805
46.7524079589
46.7567105312
46.7610100997
46.7653066665
46.7696002335
46.773890803
46.778178377
46.7824629576
46.7867445469
46.7910231469
46.7952987599
46.7995713878
46.8038410327
46.8081076968
46.8123713821
46.8166320906
46.8208898245
46.8251445859
46.8293963767
46.8336451992
46.8378910553
46.8421339471
46.8463738768
