4.95135968137
5.10244637424
5.25316346441
5.40351185603
5.55349245105
5.70310614922
5.85235384805
6.00123644291
6.14975482694
6.29790989111
6.4457025242
6.59313361284
6.74020404146
6.88691469235
7.03326644562
7.17926017925
7.32489676907
7.47017708874
7.61510200982
7.7596724017
7.90388913168
8.04775306492
8.19126506446
8.33442599123
8.47723670407
8.61969805969
8.76181091274
8.90357611575
9.04499451917
9.18606697139
9.32679431869
9.46717740531
9.60721707341
9.74691416309
9.88626951241
10.0252839574
10.1639583319
10.3022934679
10.4402901953
10.5779493419
10.7152717336
10.8522581941
10.9889095452
11.1252266068
11.2612101965
11.3968611302
11.5321802216
11.6671682825
11.8018261228
11.9361545501
12.0701543704
12.2038263876
12.3371714035
12.470190218
12.6028836293
12.7352524332
12.8672974239
12.9990193936
13.1304191324
13.2614974286
13.3922550685
13.5226928366
13.6528115154
13.7826118854
13.9120947254
14.0412608121
14.1701109203
14.2986458231
14.4268662916
14.5547730949
14.6823670003
14.8096487733
14.9366191776
15.0632789746
15.1896289244
15.3156697849
15.4414023121
15.5668272605
15.6919453823
15.8167574282
15.941264147
16.0654662856
16.189364589
16.3129598006
16.4362526617
16.5592439121
16.6819342895
16.80432453
16.9264153678
17.0482075353
17.1697017632
17.2908987803
17.4117993137
17.5324040886
17.6527138286
17.7727292554
17.8924510891
18.0118800477
18.1310168478
18.2498622041
18.3684168295
18.4866814353
18.6046567309
18.722343424
18.8397422208
18.9568538253
19.0736789403
19.1902182665
19.3064725031
19.4224423475
19.5381284953
19.6535316406
19.7686524758
19.8834916913
19.9980499762
20.1123280177
20.2263265013
20.3400461109
20.4534875288
20.5666514354
20.6795385096
20.7921494287
20.9044848683
21.0165455021
21.1283320025
21.2398450401
21.3510852838
21.462053401
21.5727500575
21.6831759171
21.7933316425
21.9032178945
22.0128353321
22.1221846132
22.2312663935
22.3400813276
22.4486300683
22.5569132666
22.6649315722
22.7726856331
22.8801760957
22.9874036049
23.0943688039
23.2010723344
23.3075148366
23.4136969489
23.5196193084
23.6252825505
23.7306873091
23.8358342165
23.9407239035
24.0453569993
24.1497341316
24.2538559267
24.357723009
24.4613360018
24.5646955265
24.6678022033
24.7706566507
24.8732594858
24.975611324
25.0777127793
25.1795644643
25.28116699
25.3825209658
25.4836269999
25.5844856987
25.6850976674
25.7854635095
25.885583827
25.9854592206
26.0850902896
26.1844776314
26.2836218425
26.3825235175
26.4811832498
26.5796016313
26.6777792523
26.7757167018
26.8734145674
26.9708734351
27.0680938896
27.1650765141
27.2618218905
27.3583305991
27.4546032189
27.5506403274
27.6464425008
27.7420103137
27.8373443395
27.9324451501
28.0273133161
28.1219494064
28.2163539889
28.3105276299
28.4044708943
28.4981843458
28.5916685464
28.6849240571
28.7779514372
28.8707512449
28.9633240368
29.0556703683
29.1477907933
29.2396858646
29.3313561334
29.4228021496
29.5140244619
29.6050236174
29.695800162
29.7863546404
29.8766875958
29.9667995701
30.0566911039
30.1463627364
30.2358150056
30.3250484481
30.4140635992
30.502860993
30.5914411621
30.6798046379
30.7679519506
30.8558836289
30.9436002003
31.031102191
31.118390126
31.2054645289
31.2923259221
31.3789748267
31.4654117624
31.5516372479
31.6376518003
31.7234559357
31.8090501688
31.8944350132
31.979610981
32.0645785831
32.1493383295
32.2338907284
32.3182362872
32.4023755118
32.486308907
32.5700369763
32.653560222
32.7368791451
32.8199942456
32.9029060219
32.9856149716
33.0681215907
33.1504263742
33.2325298159
33.3144324084
33.3961346428
33.4776370095
33.5589399973
33.6400440939
33.720949786
33.8016575588
33.8821678966
33.9624812823
34.0425981977
34.1225191234
34.202244539
34.2817749226
34.3611107514
34.4402525013
34.5192006471
34.5979556624
34.6765180197
34.7548881902
34.8330666441
34.9110538504
34.988850277
35.0664563905
35.1438726565
35.2210995395
35.2981375027
35.3749870082
35.4516485172
35.5281224894
35.6044093837
35.6805096577
35.7564237679
35.8321521698
35.9076953177
35.9830536647
36.0582276629
36.1332177632
36.2080244157
36.2826480689
36.3570891707
36.4313481675
36.5054255048
36.5793216271
36.6530369776
36.7265719986
36.7999271312
36.8731028155
36.9460994904
37.0189175939
37.0915575628
37.1640198328
37.2363048388
37.3084130142
37.3803447917
37.4521006028
37.5236808781
37.5950860468
37.6663165373
37.7373727771
37.8082551922
37.8789642081
37.9495002487
38.0198637374
38.0900550962
38.1600747462
38.2299231074
38.2996005989
38.3691076387
38.4384446437
38.5076120298
38.5766102122
38.6454396045
38.7141006199
38.7825936701
38.850919166
38.9190775176
38.9870691337
39.0548944223
39.1225537901
39.1900476432
39.2573763863
39.3245404234
39.3915401574
39.4583759903
39.525048323
39.5915575554
39.6579040866
39.7240883146
39.7901106364
39.8559714481
39.9216711448
39.9872101206
40.0525887687
40.1178074813
40.1828666497
40.2477666641
40.3125079139
40.3770907874
40.4415156722
40.5057829546
40.5698930203
40.6338462538
40.6976430389
40.7612837581
40.8247687933
40.8880985253
40.9512733342
41.0142935987
41.0771596971
41.1398720064
41.2024309029
41.2648367618
41.3270899575
41.3891908636
41.4511398524
41.5129372957
41.5745835643
41.6360790278
41.6974240552
41.7586190146
41.819664273
41.8805601967
41.9413071509
42.0019055002
42.062355608
42.1226578369
42.1828125488
42.2428201044
42.3026808639
42.3623951862
42.4219634297
42.4813859516
42.5406631085
42.599795256
42.6587827487
42.7176259406
42.7763251846
42.834880833
42.8932932369
42.9515627468
43.0096897123
43.0676744821
43.1255174039
43.1832188249
43.2407790912
43.298198548
43.3554775399
43.4126164104
43.4696155024
43.5264751577
43.5831957175
43.6397775221
43.6962209108
43.7525262224
43.8086937945
43.8647239641
43.9206170674
43.9763734396
44.0319934152
44.087477328
44.1428255107
44.1980382954
44.2531160133
44.3080589948
44.3628675696
44.4175420664
44.4720828132
44.5264901372
44.5807643648
44.6349058217
44.6889148325
44.7427917213
44.7965368113
44.850150425
44.9036328839
44.9569845089
45.0102056201
45.0632965367
45.1162575772
45.1690890594
45.2217913001
45.2743646156
45.3268093212
45.3791257316
45.4313141606
45.4833749213
45.5353083259
45.5871146861
45.6387943126
45.6903475155
45.741774604
45.7930758867
45.8442516712
45.8953022647
45.9462279733
45.9970291026
46.0477059573
46.0982588415
46.1486880583
46.1989939104
46.2491766995
46.2992367267
46.3491742922
46.3989896957
46.448683236
46.4982552112
46.5477059188
46.5970356552
46.6462447166
46.695333398
46.7443019941
46.7931507984
46.8418801042
46.8904902037
46.9389813885
46.9873539495
47.035608177
47.0837443603
47.1317627883
47.1796637491
47.2274475299
47.2751144175
47.3226646978
47.3700986561
47.4174165769
47.4646187441
47.5117054408
47.5586769495
47.6055335521
47.6522755295
47.6989031623
47.74541673
47.7918165119
47.8381027862
47.8842758305
47.930335922
47.9762833368
48.0221183507
48.0678412387
48.1134522749
48.158951733
48.204339886
48.2496170062
48.2947833652
48.3398392339
48.3847848826
48.429620581
48.474346598
48.518963202
48.5634706606
48.6078692407
48.6521592088
48.6963408306
48.7404143711
48.7843800946
48.828238265
48.8719891454
48.9156329982
48.9591700852
49.0026006676
49.045925006
49.0891433603
49.1322559896
49.1752631528
49.2181651077
49.2609621118
49.3036544217
49.3462422936
49.3887259831
49.4311057448
49.4733818331
49.5155545017
49.5576240034
49.5995905907
49.6414545153
49.6832160283
49.7248753804
49.7664328214
49.8078886006
49.8492429667
49.8904961678
49.9316484514
49.9727000643
50.0136512529
50.0545022627
50.0952533389
50.1359047259
50.1764566677
50.2169094074
50.2572631877
50.2975182507
50.337674838
50.3777331904
50.4176935483
50.4575561512
50.4973212385
50.5369890486
50.5765598196
50.6160337887
50.6554111928
50.6946922682
50.7338772504
50.7729663746
50.8119598753
50.8508579863
50.8896609411
50.9283689723
50.9669823123
51.0055011926
51.0439258444
51.0822564981
51.1204933837
51.1586367306
51.1966867676
51.2346437229
51.2725078243
51.3102792989
51.3479583734
51.3855452737
51.4230402253
51.4604434532
51.4977551817
51.5349756347
51.5721050355
51.6091436068
51.6460915708
51.6829491492
51.7197165631
51.756394033
51.7929817789
51.8294800204
51.8658889765
51.9022088654
51.9384399052
51.9745823131
52.0106363061
52.0466021003
52.0824799115
52.1182699551
52.1539724456
52.1895875972
52.2251156237
52.2605567381
52.2959111531
52.3311790807
52.3663607326
52.4014563197
52.4364660527
52.4713901415
52.5062287956
52.5409822241
52.5756506355
52.6102342377
52.6447332381
52.6791478439
52.7134782613
52.7477246963
52.7818873545
52.8159664407
52.8499621594
52.8838747145
52.9177043095
52.9514511473
52.9851154304
53.0186973607
53.0521971396
53.0856149682
53.1189510469
53.1522055757
53.1853787541
53.2184707811
53.2514818552
53.2844121745
53.3172619365
53.3500313383
53.3827205764
53.415329847
53.4478593456
53.4803092675
53.5126798073
53.5449711592
53.5771835169
53.6093170737
53.6413720222
53.6733485549
53.7052468636
53.7370671396
53.7688095737
53.8004743565
53.8320616779
53.8635717273
53.8950046939
53.9263607661
53.9576401321
53.9888429795
54.0199694956
54.051019867
54.08199428
54.1128929204
54.1437159736
54.1744636246
54.2051360577
54.2357334569
54.2662560059
54.2967038877
54.327077285
54.3573763799
54.3876013544
54.4177523896
54.4478296664
54.4778333654
54.5077636665
54.5376207491
54.5674047926
54.5971159754
54.626754476
54.656320472
54.6858141408
54.7152356594
54.7445852043
54.7738629515
54.8030690767
54.832203755
54.8612671614
54.89025947
54.9191808549
54.9480314896
54.9768115471
55.0055212
55.0341606206
55.0627299808
55.0912294519
55.1196592048
55.1480194102
55.1763102381
55.2045318582
55.23268444
55.2607681522
55.2887831634
55.3167296416
55.3446077544
55.3724176691
55.4001595526
55.4278335712
55.4554398909
55.4829786775
55.510450096
55.5378543114
55.5651914879
55.5924617896
55.6196653801
55.6468024226
55.6738730799
55.7008775143
55.7278158879
55.7546883622
55.7814950986
55.8082362578
55.8349120001
55.8615224858
55.8880678743
55.9145483249
55.9409639966
55.9673150477
55.9936016363
56.0198239202
56.0459820566
56.0720762025
56.0981065144
56.1240731485
56.1499762605
56.1758160058
56.2015925395
56.2273060162
56.2529565901
56.2785444151
56.3040696447
56.3295324321
56.3549329299
56.3802712907
56.4055476663
56.4307622085
56.4559150684
56.481006397
56.5060363448
56.5310050619
56.5559126982
56.580759403
56.6055453255
56.6302706142
56.6549354176
56.6795398836
56.7040841598
56.7285683935
56.7529927314
56.7773573203
56.8016623061
56.8259078348
56.8500940517
56.874221102
56.8982891304
56.9222982813
56.9462486987
56.9701405264
56.9939739075
57.0177489852
57.0414659019
57.0651248001
57.0887258217
57.1122691081
57.1357548008
57.1591830405
57.1825539677
57.2058677228
57.2291244456
57.2523242755
57.2754673518
57.2985538133
57.3215837985
57.3445574455
57.3674748922
57.3903362761
57.4131417343
57.4358914035
57.4585854204
57.4812239209
57.5038070411
57.5263349162
57.5488076815
57.5712254717
57.5935884215
57.6158966648
57.6381503356
57.6603495673
57.6824944932
57.704585246
57.7266219583
57.7486047623
57.7705337898
57.7924091725
57.8142310415
57.8359995278
57.8577147619
57.8793768742
57.9009859945
57.9225422525
57.9440457776
57.9654966986
57.9868951444
58.0082412433
58.0295351233
58.0507769121
58.0719667373
58.0931047259
58.1141910047
58.1352257003
58.1562089388
58.177140846
58.1980215477
58.218851169
58.2396298348
58.2603576699
58.2810347986
58.301661345
58.3222374327
58.3427631852
58.3632387256
58.3836641769
58.4040396614
58.4243653015
58.444641219
58.4648675357
58.4850443728
58.5051718515
58.5252500923
58.5452792159
58.5652593422
58.5851905913
58.6050730827
58.6249069356
58.6446922691
58.6644292018
58.6841178521
58.7037583381
58.7233507777
58.7428952885
58.7623919875
58.7818409919
58.8012424183
58.820596383
58.8399030023
58.8591623918
58.8783746672
58.8975399437
58.9166583362
58.9357299595
58.954754928
58.9737333558
58.9926653567
59.0115510444
59.0303905321
59.0491839328
59.0679313593
59.0866329241
59.1052887393
59.1238989169
59.1424635685
59.1609828055
59.1794567389
59.1978854797
59.2162691383
59.234607825
59.2529016499
59.2711507227
59.2893551528
59.3075150496
59.3256305218
59.3437016783
59.3617286274
59.3797114772
59.3976503357
59.4155453104
59.4333965087
59.4512040377
59.4689680043
59.4866885149
59.5043656759
59.5219995934
59.5395903731
59.5571381205
59.574642941
59.5921049395
59.6095242208
59.6269008893
59.6442350494
59.6615268051
59.67877626
59.6959835176
59.7131486812
59.7302718537
59.7473531379
59.7643926362
59.7813904509
59.7983466838
59.8152614369
59.8321348114
59.8489669087
59.8657578297
59.8825076751
59.8992165455
59.915884541
59.9325117617
59.9490983073
59.9656442773
59.982149771
59.9986148874
60.0150397252
60.031424383
60.0477689591
60.0640735515
60.0803382581
60.0965631764
60.1127484037
60.1288940372
60.1450001737
60.1610669099
60.177094342
60.1930825664
60.2090316788
60.2249417749
60.2408129503
60.2566453
60.2724389192
60.2881939025
60.3039103445
60.3195883394
60.3352279813
60.350829364
60.3663925811
60.381917726
60.3974048917
60.4128541713
60.4282656574
60.4436394425
60.4589756187
60.4742742781
60.4895355125
60.5047594134
60.5199460721
60.5350955798
60.5502080272
60.5652835052
60.5803221041
60.5953239142
60.6102890253
60.6252175274
60.64010951
60.6549650624
60.6697842737
60.6845672328
60.6993140285
60.7140247491
60.728699483
60.7433383181
60.7579413423
60.7725086432
60.7870403082
60.8015364244
60.8159970788
60.8304223582
60.8448123491
60.8591671379
60.8734868105
60.8877714531
60.9020211511
60.9162359902
60.9304160556
60.9445614324
60.9586722054
60.9727484593
60.9867902785
61.0007977472
61.0147709496
61.0287099694
61.0426148902
61.0564857954
61.0703227684
61.084125892
61.097895249
61.1116309222
61.1253329939
61.1390015462
61.1526366612
61.1662384207
61.1798069063
61.1933421993
61.206844381
61.2203135324
61.2337497343
61.2471530672
61.2605236117
61.2738614478
61.2871666556
61.300439315
61.3136795055
61.3268873066
61.3400627975
61.3532060573
61.3663171648
61.3793961986
61.3924432372
61.405458359
61.4184416419
61.4313931638
61.4443130025
61.4572012355
61.47005794
61.4828831933
61.4956770721
61.5084396534
61.5211710136
61.5338712292
61.5465403762
61.5591785308
61.5717857688
61.5843621657
61.596907797
61.609422738
61.6219070637
61.6343608491
61.6467841689
61.6591770975
61.6715397094
61.6838720787
61.6961742793
61.7084463852
61.7206884698
61.7329006067
61.7450828691
61.7572353301
61.7693580625
61.7814511392
61.7935146327
61.8055486152
61.8175531591
61.8295283363
61.8414742187
61.853390878
61.8652783856
61.8771368128
61.8889662308
61.9007667105
61.9125383228
61.9242811383
61.9359952273
61.9476806602
61.9593375071
61.970965838
61.9825657224
61.9941372302
62.0056804306
62.0171953929
62.0286821862
62.0401408794
62.0515715413
62.0629742404
62.0743490451
62.0856960237
62.0970152443
62.1083067746
62.1195706826
62.1308070357
62.1420159014
62.1531973468
62.1643514392
62.1754782453
62.186577832
62.1976502658
62.2086956132
62.2197139404
62.2307053135
62.2416697984
62.252607461
62.2635183669
62.2744025814
62.2852601699
62.2960911976
62.3068957293
62.31767383
62.3284255642
62.3391509966
62.3498501914
62.3605232127
62.3711701247
62.3817909912
62.392385876
62.4029548425
62.4134979542
62.4240152743
62.434506866
62.4449727921
62.4554131155
62.4658278987
62.4762172044
62.4865810947
62.4969196318
62.5072328779
62.5175208947
62.527783744
62.5380214873
62.5482341861
62.5584219015
62.5685846949
62.578722627
62.5888357588
62.5989241508
62.6089878636
62.6190269577
62.6290414931
62.6390315301
62.6489971284
62.658938348
62.6688552484
62.6787478891
62.6886163295
62.6984606288
62.708280846
62.71807704
62.7278492697
62.7375975936
62.7473220702
62.7570227579
62.7666997149
62.7763529991
62.7859826685
62.795588781
62.805171394
62.8147305652
62.8242663517
62.833778811
62.8432679999
62.8527339755
62.8621767945
62.8715965136
62.8809931893
62.8903668779
62.8997176357
62.9090455188
62.9183505831
62.9276328845
62.9368924787
62.9461294211
62.9553437673
62.9645355724
62.9737048917
62.98285178
62.9919762925
63.0010784836
63.0101584081
63.0192161204
63.0282516749
63.0372651258
63.046256527
63.0552259327
63.0641733965
63.0730989722
63.0820027133
63.0908846732
63.0997449053
63.1085834625
63.1174003981
63.1261957648
63.1349696155
63.1437220027
63.152452979
63.1611625967
63.1698509082
63.1785179655
63.1871638205
63.1957885253
63.2043921315
63.2129746907
63.2215362545
63.2300768741
63.2385966009
63.2470954859
63.2555735801
63.2640309344
63.2724675995
63.280883626
63.2892790644
63.2976539651
63.3060083783
63.3143423542
63.3226559427
63.3309491937
63.3392221569
63.3474748821
63.3557074186
63.3639198159
63.3721121233
63.3802843899
63.3884366646
63.3965689966
63.4046814344
63.4127740268
63.4208468223
63.4288998694
63.4369332163
63.4449469114
63.4529410025
63.4609155377
63.4688705649
63.4768061317
63.4847222858
63.4926190746
63.5004965456
63.5083547459
63.5161937227
63.5240135231
63.531814194
63.5395957821
63.5473583341
63.5551018966
63.5628265161
63.5705322389
63.5782191112
63.5858871792
63.5935364888
63.6011670859
63.6087790164
63.6163723257
63.6239470597
63.6315032635
63.6390409827
63.6465602624
63.6540611477
63.6615436836
63.6690079151
63.6764538868
63.6838816434
63.6912912296
63.6986826897
63.7060560682
63.7134114092
63.7207487568
63.7280681551
63.735369648
63.7426532793
63.7499190927
63.7571671318
63.76439744
63.7716100607
63.7788050373
63.7859824128
63.7931422303
63.8002845328
63.8074093631
63.8145167639
63.821606778
63.8286794478
63.8357348157
63.8427729242
63.8497938153
63.8567975313
63.8637841141
63.8707536057
63.8777060478
63.8846414822
63.8915599505
63.8984614941
63.9053461546
63.9122139731
63.9190649909
63.9258992491
63.9327167887
63.9395176506
63.9463018755
63.9530695042
63.9598205774
63.9665551353
63.9732732186
63.9799748675
63.9866601221
63.9933290226
63.9999816091
64.0066179213
64.0132379992
64.0198418824
64.0264296105
64.0330012231
64.0395567596
64.0460962593
64.0526197615
64.0591273053
64.0656189297
64.0720946736
64.078554576
64.0849986755
64.0914270109
64.0978396206
64.1042365433
64.1106178171
64.1169834805
64.1233335716
64.1296681285
64.1359871891
64.1422907915
64.1485789735
64.1548517726
64.1611092267
64.1673513731
64.1735782495
64.179789893
64.1859863411
64.1921676307
64.1983337992
64.2044848833
64.2106209201
64.2167419464
64.2228479987
64.2289391139
64.2350153284
64.2410766787
64.2471232012
64.253154932
64.2591719075
64.2651741637
64.2711617366
64.2771346621
64.283092976
64.2890367142
64.2949659122
64.3008806056
64.30678083
64.3126666207
64.318538013
64.3243950421
64.3302377432
64.3360661513
64.3418803015
64.3476802284
64.3534659671
64.3592375521
64.3649950182
64.3707383997
64.3764677313
64.3821830472
64.3878843817
64.3935717692
64.3992452435
64.4049048389
64.4105505893
64.4161825284
64.4218006902
64.4274051083
64.4329958164
64.4385728479
64.4441362363
64.4496860151
64.4552222174
64.4607448766
64.4662540257
64.4717496978
64.4772319259
64.4827007428
64.4881561814
64.4935982743
64.4990270543
64.5044425539
64.5098448056
64.5152338418
64.5206096948
64.5259723968
64.5313219801
64.5366584768
64.5419819188
64.5472923381
64.5525897665
64.5578742359
64.5631457779
64.5684044241
64.5736502062
64.5788831555
64.5841033035
64.5893106814
64.5945053206
64.5996872521
64.6048565071
64.6100131166
64.6151571114
64.6202885226
64.6254073808
64.6305137167
64.6356075611
64.6406889444
64.6457578971
64.6508144497
64.6558586325
64.6608904757
64.6659100095
64.6709172641
64.6759122694
64.6808950555
64.6858656522
64.6908240893
64.6957703967
64.7007046039
64.7056267406
64.7105368363
64.7154349205
64.7203210225
64.7251951716
64.7300573971
64.7349077282
64.739746194
64.7445728234
64.7493876455
64.7541906891
64.758981983
64.763761556
64.7685294368
64.7732856539
64.7780302359
64.7827632112
64.7874846083
64.7921944555
64.796892781
64.801579613
64.8062549796
64.8109189089
64.8155714288
64.8202125673
64.8248423522
64.8294608113
64.8340679722
64.8386638627
64.8432485103
64.8478219425
64.8523841867
64.8569352703
64.8614752206
64.8660040649
64.8705218302
64.8750285438
64.8795242326
64.8840089237
64.8884826438
64.8929454199
64.8973972788
64.9018382471
64.9062683514
64.9106876185
64.9150960746
64.9194937464
64.9238806602
64.9282568423
64.932622319
64.9369771164
64.9413212607
64.945654778
64.9499776942
64.9542900352
64.958591827
64.9628830953
64.967163866
64.9714341646
64.9756940167
64.9799434481
64.984182484
64.9884111501
64.9926294715
64.9968374737
65.0010351819
65.0052226212
65.0093998169
65.0135667938
65.0177235772
65.0218701918
65.0260066625
65.0301330142
65.0342492717
65.0383554595
65.0424516025
65.046537725
65.0506138517
65.0546800069
65.0587362152
65.0627825007
65.0668188879
65.0708454009
65.0748620638
65.0788689008
65.0828659358
65.086853193
65.0908306961
65.0947984691
65.0987565357
65.1027049197
65.1066436448
65.1105727347
65.1144922128
65.1184021027
65.1223024279
65.1261932117
65.1300744775
65.1339462486
65.1378085482
65.1416613995
65.1455048255
65.1493388494
65.1531634942
65.1569787827
65.1607847379
65.1645813826
65.1683687396
65.1721468316
65.1759156813
65.1796753113
65.1834257441
65.1871670022
65.1908991081
65.1946220842
65.1983359527
65.2020407361
65.2057364564
65.209423136
65.2131007968
65.216769461
65.2204291505
65.2240798874
65.2277216934
65.2313545906
65.2349786006
65.2385937452
65.2422000461
65.2457975249
65.2493862032
65.2529661025
65.2565372444
65.2600996502
65.2636533413
65.267198339
65.2707346646
65.2742623393
65.2777813843
65.2812918206
65.2847936694
65.2882869516
65.2917716882
65.2952479001
65.2987156082
65.3021748333
65.305625596
65.3090679172
65.3125018174
65.3159273173
65.3193444375
65.3227531983
65.3261536203
65.3295457238
65.3329295293
65.336305057
65.3396723271
65.3430313599
65.3463821756
65.3497247941
65.3530592356
65.3563855201
65.3597036675
65.3630136977
65.3663156306
65.369609486
65.3728952837
65.3761730433
65.3794427846
65.3827045271
65.3859582904
65.3892040941
65.3924419576
65.3956719002
65.3988939415
65.4021081008
65.4053143972
65.4085128501
65.4117034787
65.414886302
65.4180613392
65.4212286093
65.4243881313
65.4275399242
65.4306840069
65.4338203983
65.4369491171
65.4400701821
65.4431836121
65.4462894257
65.4493876416
65.4524782783
65.4555613544
65.4586368884
65.4617048987
65.4647654038
65.467818422
65.4708639716
65.4739020708
65.476932738
65.4799559913
65.4829718488
65.4859803286
65.4889814488
65.4919752274
65.4949616823
65.4979408314
65.5009126927
65.5038772839
65.5068346229
65.5097847273
65.5127276149
65.5156633033
65.5185918102
65.521513153
65.5244273494
65.5273344169
65.5302343727
65.5331272345
65.5360130194
65.5388917448
65.5417634281
65.5446280863
65.5474857368
65.5503363965
65.5531800828
65.5560168125
65.5588466028
65.5616694705
65.5644854327
65.5672945062
65.5700967079
65.5728920546
65.575680563
65.5784622499
65.581237132
65.5840052259
65.5867665482
65.5895211155
65.5922689443
65.5950100512
65.5977444524
65.6004721646
65.6031932039
65.6059075867
65.6086153294
65.6113164482
65.6140109592
65.6166988786
65.6193802226
65.6220550072
65.6247232485
65.6273849625
65.6300401652
65.6326888725
65.6353311002
65.6379668643
65.6405961805
65.6432190646
65.6458355324
65.6484455995
65.6510492816
65.6536465944
65.6562375533
65.658822174
65.661400472
65.6639724627
65.6665381615
65.6690975839
65.6716507451
65.6741976606
65.6767383456
65.6792728153
65.6818010849
65.6843231697
65.6868390847
65.689348845
65.6918524657
65.6943499618
65.6968413483
65.6993266401
65.7018058522
65.7042789993
65.7067460965
65.7092071583
65.7116621997
65.7141112354
65.71655428
65.7189913481
65.7214224545
65.7238476137
65.7262668402
65.7286801485
65.7310875533
65.7334890687
65.7358847094
65.7382744896
65.7406584237
65.743036526
65.7454088108
65.7477752923
65.7501359846
65.752490902
65.7548400586
65.7571834684
65.7595211456
65.7618531041
65.7641793579
65.7664999211
65.7688148074
65.7711240309
65.7734276053
65.7757255445
65.7780178623
65.7803045724
65.7825856885
65.7848612243
65.7871311935
65.7893956097
65.7916544864
65.7939078373
65.7961556758
65.7983980154
65.8006348696
65.8028662518
65.8050921754
65.8073126537
65.8095277
65.8117373277
65.81394155
65.8161403801
65.8183338313
65.8205219166
65.8227046492
65.8248820422
65.8270541086
65.8292208615
65.8313823139
65.8335384788
65.835689369
65.8378349976
65.8399753772
65.8421105209
65.8442404414
65.8463651515
65.8484846639
65.8505989914
65.8527081465
65.8548121421
65.8569109907
65.8590047049
65.8610932972
65.8631767802
65.8652551664
65.8673284682
65.8693966982
65.8714598686
65.8735179919
65.8755710805
65.8776191465
65.8796622024
65.8817002604
65.8837333327
65.8857614315
65.887784569
65.8898027572
65.8918160084
65.8938243346
65.8958277478
65.8978262601
65.8998198834
65.9018086298
65.903792511
65.9057715391
65.907745726
65.9097150834
65.9116796231
65.913639357
65.9155942968
65.9175444543
65.9194898411
65.9214304689
65.9233663493
65.9252974941
65.9272239146
65.9291456226
65.9310626295
65.9329749469
65.9348825861
65.9367855587
65.9386838761
65.9405775496
65.9424665907
65.9443510105
65.9462308206
65.948106032
65.9499766562
65.9518427042
65.9537041874
65.9555611168
65.9574135036
65.9592613589
65.9611046938
65.9629435194
65.9647778467
65.9666076866
65.9684330503
65.9702539485
65.9720703923
65.9738823925
65.9756899601
65.9774931058
65.9792918405
65.9810861749
65.9828761199
65.9846616861
65.9864428843
65.9882197252
65.9899922194
65.9917603775
65.9935242103
65.9952837281
65.9970389417
65.9987898615
66.000536498
66.0022788617
66.0040169631
66.0057508126
66.0074804206
66.0092057974
66.0109269535
66.0126438991
66.0143566445
66.0160652001
66.017769576
66.0194697826
66.0211658299
66.0228577282
66.0245454876
66.0262291182
66.0279086302
66.0295840336
66.0312553385
66.0329225548
66.0345856927
66.036244762
66.0378997728
66.0395507349
66.0411976583
66.0428405528
66.0444794283
66.0461142947
66.0477451616
66.049372039
66.0509949366
66.0526138641
66.0542288312
66.0558398476
66.057446923
66.059050067
66.0606492892
66.0622445993
66.0638360068
66.0654235212
66.0670071521
66.068586909
66.0701628013
66.0717348385
66.07330303
66.0748673853
66.0764279137
66.0779846246
66.0795375274
66.0810866312
66.0826319455
66.0841734795
66.0857112425
66.0872452436
66.0887754921
66.0903019972
66.091824768
66.0933438136
66.0948591432
66.0963707659
66.0978786907
66.0993829266
66.1008834828
66.1023803681
66.1038735917
66.1053631623
66.106849089
66.1083313808
66.1098100463
66.1112850947
66.1127565346
66.114224375
66.1156886246
66.1171492921
66.1186063865
66.1200599164
66.1215098905
66.1229563176
66.1243992063
66.1258385652
66.127274403
66.1287067284
66.1301355499
66.131560876
66.1329827154
66.1344010765
66.1358159679
66.1372273981
66.1386353755
66.1400399086
66.1414410057
66.1428386754
66.1442329259
66.1456237657
66.1470112031
66.1483952464
66.149775904
66.151153184
66.1525270948
66.1538976446
66.1552648417
66.1566286941
66.1579892102
66.1593463981
66.1607002659
66.1620508217
66.1633980736
66.1647420298
66.1660826983
66.1674200871
66.1687542042
66.1700850577
66.1714126556
66.1727370057
66.1740581161
66.1753759947
66.1766906493
66.178002088
66.1793103184
66.1806153485
66.1819171862
66.1832158391
66.1845113152
66.1858036222
66.1870927677
66.1883787597
66.1896616058
66.1909413136
66.1922178909
66.1934913452
66.1947616844
66.1960289159
66.1972930474
66.1985540865
66.1998120407
66.2010669175
66.2023187246
66.2035674693
66.2048131593
66.206055802
66.2072954047
66.2085319751
66.2097655204
66.2109960481
66.2122235656
66.2134480802
66.2146695992
66.2158881301
66.2171036801
66.2183162565
66.2195258666
66.2207325176
66.2219362168
66.2231369714
66.2243347886
66.2255296755
66.2267216395
66.2279106875
66.2290968267
66.2302800644
66.2314604074
66.232637863
66.2338124382
66.2349841401
66.2361529756
66.2373189518
66.2384820756
66.2396423541
66.2407997943
66.241954403
66.2431061872
66.2442551538
66.2454013096
66.2465446617
66.2476852167
66.2488229816
66.2499579632
66.2510901684
66.2522196038
66.2533462762
66.2544701925
66.2555913594
66.2567097835
66.2578254717
66.2589384306
66.2600486668
66.2611561871
66.262260998
66.2633631063
66.2644625184
66.2655592411
66.2666532809
66.2677446443
66.268833338
66.2699193683
66.2710027419
66.2720834653
66.2731615449
66.2742369872
66.2753097986
66.2763799857
66.2774475547
66.2785125121
66.2795748644
66.2806346178
66.2816917788
66.2827463536
66.2837983486
66.2848477701
66.2858946245
66.2869389179
66.2879806566
66.289019847
66.2900564952
66.2910906075
66.29212219
66.2931512489
66.2941777905
66.2952018208
66.2962233461
66.2972423724
66.2982589059
66.2992729526
66.3002845187
66.3012936102
66.3023002331
66.3033043936
66.3043060975
66.305305351
66.3063021601
66.3072965306
66.3082884687
66.3092779801
66.3102650709
66.3112497471
66.3122320143
66.3132118787
66.3141893461
66.3151644222
66.3161371131
66.3171074244
66.3180753621
66.3190409319
66.3200041397
66.3209649911
66.3219234921
66.3228796482
66.3238334654
66.3247849492
66.3257341053
66.3266809396
66.3276254577
66.3285676651
66.3295075677
66.3304451709
66.3313804805
66.3323135021
66.3332442412
66.3341727035
66.3350988945
66.3360228197
66.3369444847
66.3378638951
66.3387810563
66.3396959739
66.3406086533
66.3415191001
66.3424273196
66.3433333173
66.3442370987
66.3451386692
66.3460380342
66.346935199
66.3478301691
66.3487229499
66.3496135467
66.3505019648
66.3513882096
66.3522722863
66.3531542003
66.354033957
66.3549115614
66.355787019
66.356660335
66.3575315146
66.358400563
66.3592674854
66.3601322872
66.3609949733
66.3618555491
66.3627140196
66.3635703901
66.3644246656
66.3652768514
66.3661269524
66.3669749738
66.3678209207
66.3686647982
66.3695066113
66.3703463651
66.3711840646
66.3720197149
66.3728533209
66.3736848876
66.3745144201
66.3753419233
66.3761674022
66.3769908617
66.3778123068
66.3786317424
66.3794491734
66.3802646048
66.3810780413
66.381889488
66.3826989496
66.383506431
66.3843119371
66.3851154727
66.3859170426
66.3867166516
66.3875143045
66.3883100062
66.3891037613
66.3898955747
66.390685451
66.3914733951
66.3922594117
66.3930435054
66.393825681
66.3946059431
66.3953842965
66.3961607458
66.3969352957
66.3977079508
66.3984787158
66.3992475953
66.4000145938
66.4007797161
66.4015429666
66.40230435
66.4030638708
66.4038215336
66.404577343
66.4053313034
66.4060834194
66.4068336955
66.4075821362
66.408328746
66.4090735294
66.4098164908
66.4105576347
66.4112969655
66.4120344878
66.4127702058
66.4135041241
66.4142362469
66.4149665788
66.4156951241
66.4164218871
66.4171468723
66.4178700839
66.4185915263
66.4193112039
66.4200291209
66.4207452817
66.4214596906
66.4221723518
66.4228832696
66.4235924483
66.4242998922
66.4250056054
66.4257095922
66.4264118569
66.4271124037
66.4278112366
66.4285083601
66.4292037782
66.429897495
66.4305895149
66.4312798418
66.43196848
66.4326554336
66.4333407067
66.4340243034
66.4347062279
66.4353864841
66.4360650763
66.4367420084
66.4374172845
66.4380909087
66.4387628851
66.4394332175
66.4401019102
66.440768967
66.441434392
66.4420981892
66.4427603625
66.443420916
66.4440798535
66.4447371791
66.4453928967
66.4460470102
66.4466995236
66.4473504407
66.4479997655
66.4486475018
66.4492936536
66.4499382247
66.450581219
66.4512226403
66.4518624925
66.4525007795
66.453137505
66.4537726729
66.454406287
66.4550383511
66.455668869
66.4562978444
66.4569252812
66.4575511831
66.4581755538
66.4587983972
66.4594197168
66.4600395166
66.4606578001
66.4612745712
66.4618898334
66.4625035905
66.4631158462
66.4637266042
66.464335868
66.4649436414
66.465549928
66.4661547315
66.4667580554
66.4673599034
66.4679602791
66.4685591861
66.469156628
66.4697526084
66.4703471309
66.4709401989
66.4715318162
66.4721219862
66.4727107124
66.4732979985
66.4738838479
66.4744682641
66.4750512506
66.4756328111
66.4762129488
66.4767916673
66.4773689702
66.4779448608
66.4785193425
66.479092419
66.4796640935
66.4802343695
66.4808032505
66.4813707398
66.4819368408
66.4825015571
66.4830648918
66.4836268485
66.4841874304
66.4847466411
66.4853044837
66.4858609616
66.4864160783
66.486969837
66.487522241
66.4880732937
66.4886229983
66.4891713582
66.4897183767
66.4902640569
66.4908084023
66.4913514161
66.4918931015
66.4924334617
66.4929725001
66.4935102198
66.4940466242
66.4945817163
66.4951154994
66.4956479767
66.4961791514
66.4967090267
66.4972376058
66.4977648919
66.498290888
66.4988155974
66.4993390232
66.4998611685
66.5003820365
66.5009016303
66.5014199531
66.5019370078
66.5024527977
66.5029673258
66.5034805953
66.5039926091
66.5045033704
66.5050128822
66.5055211476
66.5060281696
66.5065339513
66.5070384958
66.5075418059
66.5080438848
66.5085447355
66.5090443609
66.5095427641
66.5100399481
66.5105359158
66.5110306703
66.5115242144
66.5120165511
66.5125076835
66.5129976144
66.5134863468
66.5139738836
66.5144602277
66.5149453821
66.5154293497
66.5159121333
66.5163937359
66.5168741604
66.5173534096
66.5178314864
66.5183083937
66.5187841344
66.5192587112
66.5197321271
66.5202043849
66.5206754874
66.5211454374
66.5216142378
66.5220818914
66.522548401
66.5230137693
66.5234779992
66.5239410935
66.5244030549
66.5248638862
66.5253235902
66.5257821696
66.5262396272
66.5266959657
66.5271511878
66.5276052964
66.5280582941
66.5285101836
66.5289609676
66.5294106489
66.5298592302
66.5303067141
66.5307531033
66.5311984005
66.5316426084
66.5320857296
66.5325277668
66.5329687227
66.5334085998
66.5338474009
66.5342851286
66.5347217854
66.535157374
66.5355918971
66.5360253572
66.5364577569
66.5368890989
66.5373193856
66.5377486198
66.5381768039
66.5386039405
66.5390300323
66.5394550817
66.5398790913
66.5403020636
66.5407240012
66.5411449067
66.5415647825
66.5419836311
66.5424014551
66.5428182571
66.5432340393
66.5436488045
66.544062555
66.5444752934
66.544887022
66.5452977435
66.5457074602
66.5461161747
66.5465238893
66.5469306065
66.5473363287
66.5477410585
66.5481447981
66.5485475501
66.5489493168
66.5493501007
66.5497499042
66.5501487296
66.5505465794
66.5509434559
66.5513393616
66.5517342987
66.5521282697
66.5525212769
66.5529133228
66.5533044095
66.5536945396
66.5540837153
66.5544719389
66.5548592128
66.5552455394
66.5556309209
66.5560153596
66.5563988578
66.556781418
66.5571630422
66.5575437329
66.5579234923
66.5583023227
66.5586802264
66.5590572056
66.5594332626
66.5598083997
66.5601826191
66.560555923
66.5609283137
66.5612997934
66.5616703644
66.5620400289
66.562408789
66.5627766471
66.5631436052
66.5635096657
66.5638748307
66.5642391023
66.5646024829
66.5649649745
66.5653265794
66.5656872997
66.5660471375
66.5664060951
66.5667641745
66.567121378
66.5674777077
66.5678331657
66.5681877541
66.5685414751
66.5688943308
66.5692463233
66.5695974547
66.5699477271
66.5702971427
66.5706457035
66.5709934116
66.5713402692
66.5716862782
66.5720314407
66.5723757589
66.5727192348
66.5730618705
66.5734036679
66.5737446293
66.5740847565
66.5744240517
66.5747625169
66.575100154
66.5754369652
66.5757729525
66.5761081179
66.5764424633
66.5767759909
66.5771087025
66.5774406002
66.577771686
66.5781019619
66.5784314298
66.5787600917
66.5790879496
66.5794150055
66.5797412613
66.580066719
66.5803913806
66.5807152479
66.5810383229
66.5813606076
66.5816821039
66.5820028138
66.582322739
66.5826418817
66.5829602436
66.5832778267
66.5835946329
66.5839106641
66.5842259223
66.5845404091
66.5848541267
66.5851670768
66.5854792614
66.5857906822
66.5861013413
66.5864112403
66.5867203813
66.587028766
66.5873363963
66.5876432741
66.5879494011
66.5882547793
66.5885594104
66.5888632963
66.5891664388
66.5894688397
66.5897705009
66.5900714241
66.5903716112
66.5906710639
66.5909697841
66.5912677735
66.5915650339
66.5918615672
66.592157375
66.5924524592
66.5927468216
66.5930404638
66.5933333878
66.5936255951
66.5939170876
66.5942078671
66.5944979352
66.5947872937
66.5950759443
66.5953638889
66.595651129
66.5959376665
66.596223503
66.5965086402
66.59679308
66.5970768239
66.5973598737
66.597642231
66.5979238977
66.5982048753
66.5984851655
66.5987647701
66.5990436907
66.5993219289
66.5995994865
66.5998763651
66.6001525664
66.600428092
66.6007029436
66.6009771228
66.6012506313
66.6015234708
66.6017956427
66.6020671489
66.6023379909
66.6026081703
66.6028776888
66.603146548
66.6034147494
66.6036822948
66.6039491856
66.6042154236
66.6044810102
66.6047459472
66.605010236
66.6052738784
66.6055368757
66.6057992297
66.6060609419
66.6063220139
66.6065824473
66.6068422435
66.6071014042
66.6073599309
66.6076178251
66.6078750885
66.6081317226
66.6083877288
66.6086431088
66.608897864
66.6091519961
66.6094055064
66.6096583966
66.6099106681
66.6101623225
66.6104133613
66.610663786
66.6109135981
66.611162799
66.6114113904
66.6116593736
66.6119067501
66.6121535215
66.6123996893
66.6126452548
66.6128902196
66.6131345852
66.6133783529
66.6136215243
66.6138641009
66.6141060841
66.6143474752
66.6145882759
66.6148284875
66.6150681115
66.6153071493
66.6155456023
66.615783472
66.6160207598
66.6162574671
66.6164935954
66.616729146
66.6169641204
66.61719852
66.6174323462
66.6176656003
66.6178982839
66.6181303983
66.6183619448
66.6185929249
66.6188233399
66.6190531913
66.6192824804
66.6195112086
66.6197393772
66.6199669877
66.6201940414
66.6204205397
66.6206464838
66.6208718753
66.6210967153
66.6213210054
66.6215447467
66.6217679407
66.6219905888
66.6222126921
66.6224342521
66.6226552702
66.6228757475
66.6230956855
66.6233150855
66.6235339487
66.6237522766
66.6239700703
66.6241873313
66.6244040608
66.62462026
66.6248359304
66.6250510733
66.6252656898
66.6254797813
66.625693349
66.6259063943
66.6261189185
66.6263309227
66.6265424083
66.6267533766
66.6269638288
66.6271737661
66.6273831899
66.6275921013
66.6278005017
66.6280083923
66.6282157744
66.6284226491
66.6286290177
66.6288348815
66.6290402417
66.6292450995
66.6294494562
66.629653313
66.6298566711
66.6300595316
66.630261896
66.6304637653
66.6306651407
66.6308660236
66.631066415
66.6312663162
66.6314657284
66.6316646528
66.6318630905
66.6320610428
66.6322585109
66.6324554958
66.6326519989
66.6328480213
66.6330435642
66.6332386287
66.633433216
66.6336273274
66.6338209638
66.6340141266
66.6342068168
66.6343990357
66.6345907843
66.6347820638
66.6349728755
66.6351632203
66.6353530995
66.6355425142
66.6357314656
66.6359199547
66.6361079827
66.6362955507
66.6364826599
66.6366693114
66.6368555063
66.6370412456
66.6372265306
66.6374113624
66.637595742
66.6377796705
66.6379631491
66.6381461789
66.6383287609
66.6385108962
66.638692586
66.6388738314
66.6390546333
66.639234993
66.6394149114
66.6395943898
66.639773429
66.6399520303
66.6401301947
66.6403079232
66.6404852169
66.640662077
66.6408385043
66.6410145001
66.6411900654
66.6413652011
66.6415399085
66.6417141884
66.641888042
66.6420614703
66.6422344744
66.6424070552
66.6425792138
66.6427509513
66.6429222687
66.643093167
66.6432636472
66.6434337104
66.6436033575
66.6437725897
66.6439414078
66.644109813
66.6442778062
66.6444453884
66.6446125607
66.644779324
66.6449456794
66.6451116278
66.6452771703
66.6454423078
66.6456070413
66.6457713718
66.6459353004
66.6460988279
66.6462619554
66.6464246838
66.6465870141
66.6467489474
66.6469104845
66.6470716264
66.6472323741
66.6473927286
66.6475526908
66.6477122617
66.6478714423
66.6480302334
66.6481886361
66.6483466513
66.6485042799
66.648661523
66.6488183813
66.648974856
66.6491309478
66.6492866579
66.649441987
66.6495969361
66.6497515062
66.6499056981
66.6500595129
66.6502129513
66.6503660145
66.6505187031
66.6506710183
66.6508229608
66.6509745317
66.6511257318
66.6512765619
66.6514270232
66.6515771163
66.6517268423
66.651876202
66.6520251963
66.6521738261
66.6523220923
66.6524699959
66.6526175376
66.6527647184
66.6529115391
66.6530580007
66.653204104
66.6533498499
66.6534952392
66.6536402729
66.6537849518
66.6539292767
66.6540732486
66.6542168683
66.6543601366
66.6545030545
66.6546456228
66.6547878423
66.6549297138
66.6550712384
66.6552124167
66.6553532496
66.6554937381
66.6556338828
66.6557736847
66.6559131446
66.6560522634
66.6561910418
66.6563294808
66.6564675811
66.6566053435
66.6567427689
66.6568798582
66.6570166121
66.6571530314
66.6572891171
66.6574248698
66.6575602904
66.6576953798
66.6578301387
66.6579645679
66.6580986683
66.6582324406
66.6583658857
66.6584990043
66.6586317973
66.6587642654
66.6588964095
66.6590282303
66.6591597287
66.6592909053
66.6594217611
66.6595522967
66.659682513
66.6598124108
66.6599419908
66.6600712538
66.6602002006
66.660328832
66.6604571487
66.6605851514
66.6607128411
66.6608402184
66.6609672841
66.6610940389
66.6612204837
66.6613466191
66.661472446
66.661597965
66.6617231771
66.6618480828
66.6619726829
66.6620969782
66.6622209695
66.6623446575
66.6624680429
66.6625911264
66.6627139088
66.6628363909
66.6629585734
66.6630804569
66.6632020423
66.6633233303
66.6634443216
66.6635650168
66.6636854168
66.6638055223
66.663925334
66.6640448526
66.6641640788
66.6642830133
66.6644016569
66.6645200103
66.6646380741
66.6647558491
66.664873336
66.6649905355
66.6651074482
66.665224075
66.6653404165
66.6654564734
66.6655722463
66.6656877361
66.6658029433
66.6659178687
66.6660325129
66.6661468767
66.6662609607
66.6663747657
66.6664882922
66.6666015411
66.6667145128
66.6668272083
66.666939628
66.6670517727
66.6671636431
66.6672752398
66.6673865635
66.6674976149
66.6676083946
66.6677189034
66.6678291418
66.6679391105
66.6680488102
66.6681582415
66.6682674051
66.6683763017
66.6684849319
66.6685932964
66.6687013957
66.6688092306
66.6689168018
66.6690241097
66.6691311552
66.6692379388
66.6693444612
66.669450723
66.6695567248
66.6696624673
66.6697679512
66.669873177
66.6699781454
66.670082857
66.6701873125
66.6702915124
66.6703954574
66.6704991482
66.6706025852
66.6707057693
66.6708087009
66.6709113808
66.6710138094
66.6711159875
66.6712179156
66.6713195943
66.6714210244
66.6715222063
66.6716231407
66.6717238281
66.6718242693
66.6719244647
66.6720244151
66.6721241209
66.6722235828
66.6723228014
66.6724217773
66.6725205111
66.6726190033
66.6727172546
66.6728152656
66.6729130367
66.6730105687
66.6731078621
66.6732049175
66.6733017355
66.6733983166
66.6734946615
66.6735907707
66.6736866447
66.6737822843
66.6738776898
66.673972862
66.6740678014
66.6741625085
66.6742569839
66.6743512282
66.674445242
66.6745390257
66.6746325801
66.6747259056
66.6748190028
66.6749118722
66.6750045145
66.6750969301
66.6751891196
66.6752810837
66.6753728227
66.6754643374
66.6755556281
66.6756466956
66.6757375402
66.6758281627
66.6759185634
66.676008743
66.676098702
66.6761884409
66.6762779603
66.6763672607
66.6764563426
66.6765452067
66.6766338533
66.6767222831
66.6768104965
66.6768984942
66.6769862766
66.6770738443
66.6771611977
66.6772483374
66.677335264
66.6774219779
66.6775084797
66.6775947699
66.677680849
66.6777667175
66.677852376
66.6779378249
66.6780230648
66.6781080962
66.6781929195
66.6782775354
66.6783619442
66.6784461466
66.6785301429
66.6786139338
66.6786975198
66.6787809012
66.6788640787
66.6789470527
66.6790298237
66.6791123922
66.6791947588
66.6792769238
66.6793588879
66.6794406514
66.6795222149
66.6796035789
66.6796847439
66.6797657103
66.6798464786
66.6799270494
66.680007423
66.6800876001
66.680167581
66.6802473662
66.6803269563
66.6804063516
66.6804855528
66.6805645602
66.6806433743
66.6807219956
66.6808004246
66.6808786617
66.6809567074
66.6810345622
66.6811122266
66.6811897009
66.6812669857
66.6813440815
66.6814209887
66.6814977077
66.6815742391
66.6816505832
66.6817267406
66.6818027117
66.6818784969
66.6819540967
66.6820295116
66.682104742
66.6821797884
66.6822546512
66.6823293309
66.6824038278
66.6824781425
66.6825522755
66.682626227
66.6826999977
66.6827735879
66.6828469981
66.6829202287
66.6829932801
66.6830661529
66.6831388474
66.683211364
66.6832837032
66.6833558655
66.6834278513
66.6834996609
66.6835712949
66.6836427537
66.6837140376
66.6837851472
66.6838560828
66.6839268449
66.6839974338
66.6840678501
66.6841380941
66.6842081663
66.6842780671
66.6843477969
66.6844173561
66.6844867451
66.6845559644
66.6846250144
66.6846938954
66.684762608
66.6848311524
66.6848995292
66.6849677387
66.6850357813
66.6851036575
66.6851713676
66.6852389121
66.6853062914
66.6853735058
66.6854405558
66.6855074418
66.6855741642
66.6856407233
66.6857071196
66.6857733535
66.6858394254
66.6859053356
66.6859710846
66.6860366728
66.6861021005
66.6861673681
66.6862324761
66.6862974248
66.6863622147
66.686426846
66.6864913192
66.6865556348
66.6866197929
66.6866837941
66.6867476388
66.6868113273
66.68687486
66.6869382372
66.6870014594
66.687064527
66.6871274403
66.6871901996
66.6872528055
66.6873152581
66.6873775581
66.6874397056
66.687501701
66.6875635449
66.6876252374
66.687686779
66.6877481701
66.6878094109
66.687870502
66.6879314436
66.6879922362
66.68805288
66.6881133754
66.6881737229
66.6882339228
66.6882939754
66.688353881
66.6884136402
66.6884732531
66.6885327202
66.6885920419
66.6886512184
66.6887102501
66.6887691375
66.6888278808
66.6888864804
66.6889449366
66.6890032498
66.6890614204
66.6891194487
66.689177335
66.6892350798
66.6892926832
66.6893501458
66.6894074677
66.6894646495
66.6895216913
66.6895785937
66.6896353568
66.689691981
66.6897484668
66.6898048144
66.6898610241
66.6899170963
66.6899730313
66.6900288295
66.6900844913
66.6901400168
66.6901954065
66.6902506607
66.6903057798
66.690360764
66.6904156137
66.6904703292
66.6905249109
66.690579359
66.690633674
66.6906878561
66.6907419056
66.6907958229
66.6908496084
66.6909032622
66.6909567848
66.6910101765
66.6910634375
66.6911165683
66.691169569
66.6912224402
66.691275182
66.6913277947
66.6913802788
66.6914326345
66.691484862
66.6915369619
66.6915889342
66.6916407795
66.6916924979
66.6917440898
66.6917955555
66.6918468952
66.6918981094
66.6919491983
66.6920001622
66.6920510015
66.6921017164
66.6921523072
66.6922027743
66.6922531179
66.6923033383
66.6923534359
66.6924034109
66.6924532637
66.6925029945
66.6925526037
66.6926020915
66.6926514583
66.6927007043
66.6927498298
66.6927988351
66.6928477206
66.6928964865
66.692945133
66.6929936606
66.6930420695
66.6930903599
66.6931385322
66.6931865867
66.6932345236
66.6932823432
66.6933300459
66.6933776318
66.6934251014
66.6934724548
66.6935196924
66.6935668144
66.6936138212
66.693660713
66.69370749
66.6937541526
66.6938007011
66.6938471357
66.6938934567
66.6939396644
66.6939857591
66.6940317409
66.6940776104
66.6941233676
66.6941690128
66.6942145464
66.6942599686
66.6943052797
66.69435048
66.6943955697
66.694440549
66.6944854184
66.6945301779
66.694574828
66.6946193689
66.6946638008
66.694708124
66.6947523388
66.6947964454
66.6948404441
66.6948843352
66.6949281189
66.6949717955
66.6950153652
66.6950588284
66.6951021853
66.6951454361
66.695188581
66.6952316205
66.6952745546
66.6953173837
66.6953601081
66.6954027279
66.6954452435
66.695487655
66.6955299629
66.6955721672
66.6956142682
66.6956562663
66.6956981617
66.6957399545
66.6957816451
66.6958232337
66.6958647206
66.695906106
66.6959473902
66.6959885734
66.6960296558
66.6960706377
66.6961115194
66.696152301
66.6961929829
66.6962335653
66.6962740484
66.6963144324
66.6963547177
66.6963949044
66.6964349928
66.6964749832
66.6965148757
66.6965546706
66.6965943682
66.6966339687
66.6966734722
66.6967128792
66.6967521898
66.6967914041
66.6968305226
66.6968695454
66.6969084727
66.6969473047
66.6969860418
66.6970246841
66.6970632319
66.6971016854
66.6971400448
66.6971783104
66.6972164824
66.6972545609
66.6972925464
66.6973304389
66.6973682387
66.6974059461
66.6974435612
66.6974810843
66.6975185155
66.6975558553
66.6975931037
66.6976302609
66.6976673273
66.697704303
66.6977411882
66.6977779832
66.6978146882
66.6978513034
66.697887829
66.6979242653
66.6979606125
66.6979968707
66.6980330402
66.6980691213
66.698105114
66.6981410188
66.6981768357
66.698212565
66.6982482068
66.6982837615
66.6983192292
66.6983546102
66.6983899046
66.6984251126
66.6984602345
66.6984952705
66.6985302208
66.6985650856
66.6985998651
66.6986345596
66.6986691691
66.698703694
66.6987381344
66.6987724906
66.6988067628
66.6988409511
66.6988750557
66.6989090769
66.6989430149
66.6989768699
66.6990106421
66.6990443316
66.6990779388
66.6991114637
66.6991449066
66.6991782677
66.6992115472
66.6992447452
66.6992778621
66.6993108979
66.699343853
66.6993767274
66.6994095214
66.6994422351
66.6994748689
66.6995074228
66.6995398971
66.6995722919
66.6996046075
66.699636844
66.6996690017
66.6997010807
66.6997330812
66.6997650034
66.6997968476
66.6998286139
66.6998603024
66.6998919134
66.6999234471
66.6999549037
66.6999862833
66.7000175861
66.7000488124
66.7000799622
66.7001110359
66.7001420336
66.7001729554
66.7002038016
66.7002345723
66.7002652678
66.7002958881
66.7003264336
66.7003569043
66.7003873005
66.7004176223
66.70044787
66.7004780436
66.7005081435
66.7005381697
66.7005681225
66.7005980019
66.7006278083
66.7006575418
66.7006872025
66.7007167907
66.7007463065
66.7007757501
66.7008051217
66.7008344214
66.7008636495
66.700892806
66.7009218912
66.7009509053
66.7009798484
66.7010087206
66.7010375223
66.7010662535
66.7010949144
66.7011235052
