-4.24241631951
-3.78584850612
-3.33435972023
-2.88789346087
-2.44639385561
-2.0098056536
-1.57807421856
-1.15114552205
-0.728966136658
-0.311483229294
0.101355445378
0.509601551502
0.913306178493
1.31251984743
1.70729251736
2.0976735916
2.48371192386
2.8654558244
3.24295306603
3.61625089016
3.98539601264
4.35043462964
4.71141242343
5.06837456809
5.42136573519
5.77043009932
6.11561134368
6.45695266551
6.79449678153
7.12828593323
7.45836189221
7.7847659654
8.10753900018
8.42672138957
8.74235307721
9.05447356241
9.36312190508
9.66833673059
9.97015623465
10.2686181881
10.5637599414
10.8556184299
11.1442301777
11.4296313028
11.7118575213
11.990944152
12.2669261208
12.5398379652
12.8097138384
13.0765875135
13.3404923882
13.6014614884
13.8595274728
14.1147226368
14.3670789163
14.6166278922
14.8634007939
15.1074285036
15.3487415596
15.5873701609
15.8233441703
16.0566931184
16.2874462073
16.5156323145
16.7412799958
16.9644174898
17.1850727205
17.4032733018
17.6190465398
17.8324194374
18.0434186968
18.2520707231
18.4584016279
18.6624372322
18.8642030698
19.0637243903
19.2610261626
19.4561330778
19.6490695522
19.8398597306
20.0285274893
20.2150964387
20.3995899269
20.5820310419
20.7624426152
20.9408472241
21.1172671949
21.2917246053
21.4642412876
21.6348388311
21.8035385852
21.9703616614
22.1353289367
22.2984610555
22.459778433
22.6193012569
22.7770494906
22.9330428751
23.0873009321
23.239842966
23.3906880665
23.5398551109
23.6873627665
23.8332294929
23.9774735444
24.1201129723
24.261165627
24.4006491603
24.5385810278
24.6749784906
24.8098586182
24.9432382898
25.0751341972
25.2055628461
25.3345405591
25.4620834767
25.5882075603
25.7129285933
25.836262184
25.9582237666
26.0788286039
26.1980917889
26.3160282465
26.4326527358
26.5479798516
26.6620240264
26.774799532
26.8863204816
26.9966008313
27.105654382
27.2134947812
27.3201355242
27.4255899566
27.5298712752
27.6329925303
27.7349666268
27.8358063262
27.9355242478
28.0341328707
28.1316445352
28.2280714443
28.3234256651
28.4177191307
28.5109636412
28.6031708657
28.6943523432
28.7845194847
28.8736835738
28.9618557689
29.0490471043
29.1352684914
29.2205307201
29.3048444607
29.3882202643
29.4706685649
29.5521996805
29.6328238141
29.7125510553
29.7913913815
29.8693546591
29.9464506446
30.0226889861
30.0980792244
30.1726307942
30.2463530249
30.3192551426
30.3913462704
30.4626354302
30.5331315432
30.6028434316
30.6717798195
30.7399493338
30.8073605055
30.8740217706
30.9399414713
31.0051278572
31.0695890859
31.1333332243
31.1963682495
31.2587020501
31.3203424266
31.381297093
31.4415736774
31.501179723
31.5601226891
31.6184099521
31.6760488062
31.7330464647
31.7894100603
31.8451466466
31.9002631988
31.9547666142
32.0086637137
32.0619612422
32.1146658694
32.166784191
32.2183227294
32.2692879342
32.3196861834
32.369523784
32.4188069729
32.4675419176
32.5157347169
32.5633914019
32.6105179365
32.6571202182
32.7032040791
32.7487752862
32.7938395426
32.8384024877
32.8824696983
32.926046689
32.9691389134
33.0117517641
33.0538905739
33.0955606161
33.1367671055
33.1775151988
33.2178099955
33.257656538
33.2970598131
33.3360247516
33.37455623
33.41265907
33.4503380402
33.4875978556
33.5244431793
33.560878622
33.5969087436
33.6325380529
33.6677710087
33.7026120203
33.7370654476
33.7711356024
33.8048267484
33.8381431017
33.8710888317
33.9036680613
33.9358848677
33.9677432825
33.9992472926
34.0304008406
34.0612078252
34.0916721015
34.1217974821
34.1515877369
34.1810465941
34.2101777401
34.2389848206
34.2674714405
34.2956411649
34.323497519
34.3510439888
34.3782840215
34.4052210262
34.4318583738
34.4581993977
34.4842473945
34.5100056238
34.5354773092
34.5606656382
34.585573763
34.6102048007
34.6345618337
34.6586479102
34.6824660443
34.7060192168
34.7293103752
34.7523424342
34.7751182761
34.7976407513
34.8199126782
34.841936844
34.863716005
34.8852528865
34.906550184
34.9276105625
34.9484366576
34.9690310756
34.9893963938
35.0095351607
35.0294498966
35.0491430937
35.0686172165
35.087874702
35.1069179602
35.1257493742
35.1443713006
35.16278607
35.1809959867
35.1990033296
35.2168103522
35.234419283
35.2518323256
35.2690516592
35.2860794386
35.3029177947
35.3195688348
35.3360346426
35.3523172788
35.3684187809
35.384341164
35.4000864208
35.4156565215
35.4310534147
35.4462790273
35.4613352645
35.4762240107
35.490947129
35.5055064619
35.5199038315
35.5341410395
35.5482198676
35.5621420776
35.5759094119
35.5895235933
35.6029863256
35.6162992935
35.629464163
35.6424825818
35.6553561789
35.6680865654
35.6806753344
35.6931240613
35.705434304
35.7176076031
35.729645482
35.7415494471
35.7533209881
35.7649615782
35.7764726741
35.7878557163
35.7991121295
35.8102433221
35.8212506873
35.8321356026
35.84289943
35.8535435167
35.8640691947
35.8744777812
35.8847705788
35.8949488755
35.9050139451
35.9149670472
35.9248094274
35.9345423173
35.944166935
35.9536844849
35.9630961581
35.9724031324
35.9816065725
35.9907076302
35.9997074443
36.0086071413
36.0174078348
36.0261106261
36.0347166044
36.0432268466
36.0516424178
36.0599643711
36.0681937479
36.0763315782
36.0843788802
36.0923366611
36.1002059167
36.1079876319
36.1156827804
36.1232923253
36.1308172187
36.1382584026
36.1456168079
36.1528933557
36.1600889565
36.1672045108
36.1742409091
36.1811990319
36.18807975
36.1948839244
36.2016124068
36.208266039
36.2148456538
36.2213520745
36.2277861155
36.2341485818
36.2404402697
36.2466619666
36.252814451
36.258898493
36.2649148538
36.2708642865
36.2767475354
36.282565337
36.2883184192
36.294007502
36.2996332974
36.3051965094
36.3106978341
36.3161379601
36.3215175682
36.3268373315
36.3320979158
36.3372999795
36.3424441735
36.3475311416
36.3525615204
36.3575359395
36.3624550212
36.3673193813
36.3721296285
36.3768863648
36.3815901853
36.3862416789
36.3908414275
36.3953900068
36.3998879861
36.4043359282
36.4087343898
36.4130839213
36.417385067
36.4216383651
36.4258443481
36.4300035421
36.4341164677
36.4381836397
36.4422055669
36.4461827528
36.4501156949
36.4540048856
36.4578508115
36.461653954
36.4654147888
36.4691337868
36.4728114133
36.4764481285
36.4800443875
36.4836006405
36.4871173324
36.4905949033
36.4940337885
36.4974344182
36.5007972181
36.504122609
36.507411007
36.5106628236
36.5138784659
36.5170583362
36.5202028324
36.5233123481
36.5263872724
36.5294279902
36.5324348819
36.5354083238
36.538348688
36.5412563426
36.5441316514
36.5469749741
36.5497866667
36.552567081
36.555316565
36.5580354627
36.5607241144
36.5633828565
36.5660120218
36.5686119394
36.5711829344
36.5737253288
36.5762394407
36.5787255847
36.5811840719
36.58361521
36.5860193032
36.5883966524
36.5907475551
36.5930723054
36.5953711945
36.5976445098
36.5998925359
36.6021155542
36.6043138428
36.6064876769
36.6086373284
36.6107630664
36.6128651569
36.614943863
36.6169994448
36.6190321596
36.6210422617
36.6230300027
36.6249956313
36.6269393935
36.6288615327
36.6307622892
36.6326419011
36.6345006034
36.6363386289
36.6381562075
36.6399535667
36.6417309314
36.643488524
36.6452265646
36.6469452705
36.648644857
36.6503255366
36.6519875197
36.6536310143
36.6552562261
36.6568633584
36.6584526124
36.6600241869
36.6615782787
36.6631150822
36.6646347897
36.6661375915
36.6676236755
36.6690932278
36.6705464322
36.6719834707
36.673404523
36.6748097671
36.6761993786
36.6775735317
36.6789323981
36.680276148
36.6816049496
36.682918969
36.6842183709
36.6855033177
36.6867739703
36.6880304877
36.6892730271
36.6905017441
36.6917167924
36.692918324
36.6941064894
36.6952814372
36.6964433144
36.6975922665
36.6987284372
36.6998519687
36.7009630016
36.7020616751
36.7031481264
36.7042224917
36.7052849054
36.7063355004
36.7073744081
36.7084017587
36.7094176807
36.7104223012
36.7114157459
36.7123981391
36.7133696039
36.7143302617
36.7152802328
36.7162196361
36.7171485892
36.7180672082
36.7189756082
36.7198739027
36.7207622044
36.7216406242
36.7225092722
36.723368257
36.7242176862
36.725057666
36.7258883015
36.7267096968
36.7275219545
36.7283251764
36.729119463
36.7299049136
36.7306816266
36.7314496992
36.7322092274
36.7329603064
36.7337030301
36.7344374914
36.7351637824
36.7358819938
36.7365922155
36.7372945365
36.7379890447
36.7386758268
36.739354969
36.7400265561
36.7406906722
36.7413474005
36.7419968231
36.7426390212
36.7432740754
36.7439020649
36.7445230685
36.7451371637
36.7457444276
36.7463449361
36.7469387642
36.7475259864
36.7481066762
36.7486809061
36.7492487481
36.7498102732
36.7503655516
36.750914653
36.751457646
36.7519945985
36.7525255777
36.7530506502
36.7535698815
36.7540833368
36.7545910801
36.7550931752
36.7555896847
36.7560806709
36.7565661952
36.7570463183
36.7575211004
36.7579906008
36.7584548784
36.7589139911
36.7593679965
36.7598169514
36.7602609119
36.7606999337
36.7611340716
36.76156338
36.7619879126
36.7624077226
36.7628228624
36.7632333841
36.763639339
36.7640407779
36.764437751
36.7648303081
36.7652184982
36.76560237
36.7659819714
36.76635735
