-3.05849789071
-2.99009909028
-2.92188774687
-2.85386334673
-2.78602537752
-2.71837332829
-2.65090668951
-2.58362495303
-2.51652761209
-2.44961416134
-2.38288409679
-2.31633691585
-2.2499721173
-2.1837892013
-2.11778766936
-2.05196702438
-1.9863267706
-1.92086641365
-1.85558546048
-1.79048341942
-1.72555980013
-1.66081411362
-1.59624587223
-1.53185458966
-1.46763978092
-1.40360096235
-1.33973765164
-1.27604936777
-1.21253563106
-1.14919596313
-1.08602988693
-1.02303692671
-0.960216608
-0.897568457667
-0.835092003852
-0.772786775996
-0.710652304829
-0.648688122368
-0.586893761911
-0.525268758035
-0.463812646594
-0.402524964713
-0.341405250786
-0.280453044472
-0.219667886692
-0.159049319624
-0.0985968867024
-0.0383101326113
0.0218113967164
0.0817681541036
0.141560591132
0.201189158146
0.260654304256
0.31995647734
0.379096124051
0.438073689816
0.496889618842
0.555544354118
0.614038337419
0.67237200931
0.730545809148
0.788560175087
0.846415544078
0.904112351875
0.96165103304
1.01903202094
1.07625574776
1.1333226445
1.19023314097
1.2469876658
1.30358664647
1.36003050927
1.41631967931
1.47245458057
1.52843563582
1.58426326671
1.63993789373
1.6954599362
1.75082981231
1.80604793908
1.86111473241
1.91603060705
1.97079597662
2.02541125359
2.07987684933
2.13419317404
2.18836063684
2.24237964569
2.29625060746
2.3499739279
2.40355001164
2.45697926219
2.51026208199
2.56339887234
2.61639003346
2.66923596446
2.72193706338
2.77449372715
2.8269063516
2.87917533151
2.93130106056
2.98328393133
3.03512433536
3.0868226631
3.13837930393
3.18979464616
3.24106907704
3.29220298277
3.34319674846
3.3940507582
3.44476539501
3.49534104086
3.54577807667
3.59607688232
3.64623783667
3.6962613175
3.74614770158
3.79589736466
3.84551068143
3.89498802556
3.94432976972
3.99353628553
4.04260794362
4.09154511356
4.14034816396
4.18901746238
4.23755337539
4.28595626856
4.33422650644
4.3823644526
4.4303704696
4.47824491901
4.52598816141
4.5736005564
4.62108246258
4.66843423758
4.71565623804
4.76274881962
4.80971233702
4.85654714395
4.90325359317
4.94983203646
4.99628282465
5.04260630757
5.08880283415
5.13487275231
5.18081640905
5.2266341504
5.27232632146
5.31789326637
5.36333532833
5.4086528496
5.45384617151
5.49891563443
5.54386157782
5.58868434022
5.6333842592
5.67796167145
5.7224169127
5.7667503178
5.81096222064
5.85505295423
5.89902285064
5.94287224105
5.98660145572
6.03021082402
6.07370067439
6.1170713344
6.1603231307
6.20345638905
6.24647143434
6.28936859053
6.33214818073
6.37481052713
6.41735595106
6.45978477297
6.50209731242
6.5442938881
6.58637481783
6.62834041854
6.67019100632
6.71192689638
6.75354840306
6.79505583984
6.83644951936
6.87772975338
6.91889685282
6.95995112773
7.00089288733
7.04172243998
7.08244009321
7.12304615369
7.16354092726
7.20392471891
7.24419783281
7.28436057229
7.32441323984
7.36435613714
7.40418956502
7.4439138235
7.48352921177
7.52303602822
7.56243457039
7.60172513504
7.64090801808
7.67998351464
7.71895191902
7.75781352473
7.79656862446
7.83521751012
7.87376047278
7.91219780276
7.95052978955
7.98875672187
8.02687888762
8.06489657394
8.10281006717
8.14061965287
8.17832561581
8.21592823998
8.2534278086
8.29082460411
8.32811890817
8.36531100167
8.40240116475
8.43938967674
8.47627681626
8.51306286111
8.54974808836
8.58633277433
8.62281719456
8.65920162384
8.69548633621
8.73167160496
8.76775770263
8.80374490101
8.83963347116
8.87542368338
8.91111580722
8.94671011153
8.98220686437
9.01760633312
9.0529087844
9.08811448408
9.12322369734
9.15823668861
9.1931537216
9.22797505929
9.26270096397
9.29733169716
9.33186751972
9.36630869174
9.40065547264
9.43490812111
9.46906689513
9.50313205198
9.53710384823
9.57098253975
9.60476838171
9.63846162857
9.6720625341
9.70557135139
9.73898833281
9.77231373005
9.80554779411
9.83869077531
9.87174292326
9.90470448692
9.93757571453
9.97035685369
10.0030481513
10.0356498536
10.068162206
10.1005854536
10.1329198405
10.1651656102
10.1973230056
10.2293922689
10.2613736416
10.2932673647
10.3250736783
10.356792822
10.3884250347
10.4199705546
10.4514296194
10.4828024659
10.5140893305
10.5452904489
10.576406056
10.6074363861
10.6383816731
10.6692421499
10.700018049
10.7307096022
10.7613170407
10.7918405949
10.8222804949
10.8526369698
10.8829102483
10.9131005583
10.9432081274
10.9732331823
11.003175949
11.0330366532
11.0628155197
11.0925127727
11.1221286361
11.1516633329
11.1811170854
11.2104901156
11.2397826446
11.2689948931
11.2981270812
11.3271794281
11.3561521528
11.3850454735
11.4138596078
11.4425947727
11.4712511846
11.4998290593
11.5283286122
11.5567500578
11.5850936103
11.6133594831
11.641547889
11.6696590405
11.6976931492
11.7256504263
11.7535310823
11.7813353273
11.8090633706
11.8367154211
11.8642916871
11.8917923763
11.9192176957
11.946567852
11.9738430512
12.0010434987
12.0281693993
12.0552209573
12.0821983766
12.1091018602
12.1359316109
12.1626878307
12.1893707211
12.2159804831
12.2425173171
12.268981423
12.2953730001
12.3216922472
12.3479393625
12.3741145437
12.4002179879
12.4262498918
12.4522104514
12.4780998622
12.5039183193
12.5296660171
12.5553431496
12.58094991
12.6064864913
12.6319530859
12.6573498855
12.6826770814
12.7079348644
12.7331234247
12.758242952
12.7832936355
12.8082756639
12.8331892254
12.8580345076
12.8828116977
12.9075209821
12.9321625472
12.9567365783
12.9812432607
13.005682779
13.0300553171
13.0543610586
13.0786001867
13.1027728839
13.1268793322
13.1509197132
13.174894208
13.1988029972
13.2226462608
13.2464241784
13.2701369291
13.2937846915
13.3173676437
13.3408859634
13.3643398276
13.387729413
13.4110548959
13.4343164517
13.4575142559
13.480648483
13.5037193074
13.5267269027
13.5496714424
13.5725530991
13.5953720453
13.6181284528
13.640822493
13.6634543368
13.6860241547
13.7085321167
13.7309783922
13.7533631505
13.77568656
13.7979487889
13.8201500048
13.8422903751
13.8643700664
13.886389245
13.9083480768
13.9302467272
13.9520853611
13.973864143
13.9955832369
14.0172428065
14.0388430148
14.0603840245
14.0818659979
14.1032890967
14.1246534825
14.1459593159
14.1672067576
14.1883959675
14.2095271052
14.2306003299
14.2516158004
14.2725736748
14.2934741111
14.3143172667
14.3351032985
14.3558323631
14.3765046166
14.3971202148
14.4176793129
14.4381820657
14.4586286277
14.4790191529
14.4993537948
14.5196327066
14.5398560411
14.5600239506
14.5801365869
14.6001941015
14.6201966456
14.6401443697
14.6600374242
14.6798759588
14.6996601229
14.7193900657
14.7390659356
14.7586878808
14.7782560493
14.7977705882
14.8172316447
14.8366393653
14.8559938962
14.8752953831
14.8945439714
14.9137398061
14.9328830318
14.9519737927
14.9710122325
14.9899984947
15.0089327222
15.0278150576
15.0466456432
15.0654246208
15.0841521319
15.1028283174
15.1214533181
15.1400272742
15.1585503256
15.1770226119
15.1954442721
15.2138154451
15.2321362692
15.2504068823
15.2686274221
15.2867980258
15.3049188303
15.322989972
15.3410115872
15.3589838114
15.37690678
15.3947806282
15.4126054904
15.4303815009
15.4481087937
15.4657875021
15.4834177595
15.5009996986
15.5185334517
15.536019151
15.5534569281
15.5708469145
15.588189241
15.6054840383
15.6227314367
15.639931566
15.6570845558
15.6741905353
15.6912496333
15.7082619784
15.7252276986
15.7421469218
15.7590197753
15.7758463862
15.7926268814
15.8093613871
15.8260500295
15.8426929341
15.8592902264
15.8758420314
15.8923484737
15.9088096776
15.9252257672
15.9415968661
15.9579230975
15.9742045846
15.9904414497
16.0066338154
16.0227818035
16.0388855356
16.0549451331
16.0709607168
16.0869324075
16.1028603254
16.1187445905
16.1345853225
16.1503826405
16.1661366637
16.1818475106
16.1975152997
16.2131401488
16.2287221758
16.2442614978
16.2597582321
16.2752124953
16.2906244038
16.3059940737
16.3213216207
16.3366071603
16.3518508077
16.3670526775
16.3822128844
16.3973315426
16.4124087657
16.4274446676
16.4424393613
16.4573929598
16.4723055758
16.4871773216
16.5020083091
16.5167986502
16.5315484561
16.546257838
16.5609269067
16.5755557726
16.5901445459
16.6046933365
16.6192022541
16.6336714078
16.6481009066
16.6624908593
16.6768413742
16.6911525593
16.7054245226
16.7196573714
16.733851213
16.7480061543
16.7621223019
16.776199762
16.7902386408
16.804239044
16.8182010771
16.8321248451
16.8460104529
16.8598580052
16.8736676062
16.88743936
16.9011733703
16.9148697404
16.9285285737
16.9421499729
16.9557340406
16.9692808792
16.9827905906
16.9962632767
17.009699039
17.0230979785
17.0364601962
17.0497857928
17.0630748687
17.0763275239
17.0895438582
17.1027239712
17.1158679621
17.12897593
17.1420479736
17.1550841913
17.1680846813
17.1810495415
17.1939788697
17.2068727631
17.2197313188
17.2325546338
17.2453428047
17.2580959276
17.2708140987
17.2834974138
17.2961459684
17.3087598578
17.3213391769
17.3338840206
17.3463944832
17.3588706591
17.3713126422
17.3837205261
17.3960944045
17.4084343704
17.4207405167
17.4330129363
17.4452517215
17.4574569645
17.4696287572
17.4817671914
17.4938723583
17.5059443493
17.5179832552
17.5299891666
17.5419621741
17.5539023678
17.5658098377
17.5776846733
17.5895269642
17.6013367996
17.6131142684
17.6248594592
17.6365724607
17.6482533609
17.6599022479
17.6715192094
17.6831043329
17.6946577056
17.7061794146
17.7176695467
17.7291281884
17.7405554259
17.7519513455
17.7633160328
17.7746495735
17.785952053
17.7972235564
17.8084641685
17.8196739741
17.8308530576
17.8420015031
17.8531193946
17.864206816
17.8752638506
17.8862905818
17.8972870925
17.9082534658
17.919189784
17.9300961297
17.9409725849
17.9518192316
17.9626361514
17.9734234259
17.9841811362
17.9949093635
18.0056081884
18.0162776917
18.0269179536
18.0375290543
18.0481110737
18.0586640915
18.0691881872
18.07968344
18.0901499291
18.1005877332
18.110996931
18.1213776008
18.1317298208
18.1420536691
18.1523492233
18.1626165611
18.1728557597
18.1830668962
18.1932500476
18.2034052906
18.2135327017
18.223632357
18.2337043328
18.2437487049
18.2537655488
18.2637549401
18.273716954
18.2836516656
18.2935591495
18.3034394806
18.3132927332
18.3231189814
18.3329182994
18.3426907609
18.3524364395
18.3621554086
18.3718477415
18.3815135111
18.3911527902
18.4007656515
18.4103521673
18.4199124098
18.4294464511
18.4389543629
18.4484362169
18.4578920845
18.4673220368
18.476726145
18.4861044798
18.4954571119
18.5047841118
18.5140855496
18.5233614955
18.5326120192
18.5418371905
18.5510370789
18.5602117537
18.5693612838
18.5784857384
18.587585186
18.5966596952
18.6057093344
18.6147341717
18.6237342752
18.6327097125
18.6416605513
18.650586859
18.6594887028
18.6683661498
18.6772192669
18.6860481207
18.6948527777
18.7036333042
18.7123897664
18.7211222303
18.7298307615
18.7385154257
18.7471762883
18.7558134145
18.7644268694
18.7730167179
18.7815830246
18.790125854
18.7986452706
18.8071413385
18.8156141216
18.8240636839
18.8324900888
18.8408933999
18.8492736806
18.8576309938
18.8659654026
18.8742769697
18.8825657577
18.890831829
18.899075246
18.9072960707
18.915494365
18.9236701906
18.9318236092
18.9399546821
18.9480634707
18.9561500359
18.9642144386
18.9722567397
18.9802769997
18.9882752789
18.9962516377
19.0042061361
19.0121388341
19.0200497912
19.0279390673
19.0358067216
19.0436528134
19.0514774019
19.0592805459
19.0670623043
19.0748227356
19.0825618983
19.0902798507
19.0979766508
19.1056523568
19.1133070264
19.1209407172
19.1285534867
19.1361453923
19.1437164912
19.1512668404
19.1587964967
19.1663055169
19.1737939575
19.1812618749
19.1887093254
19.196136365
19.2035430498
19.2109294354
19.2182955776
19.2256415317
19.2329673532
19.2402730972
19.2475588187
19.2548245726
19.2620704137
19.2692963964
19.2765025753
19.2836890045
19.2908557383
19.2980028306
19.3051303353
19.3122383059
19.3193267961
19.3263958593
19.3334455487
19.3404759173
19.3474870182
19.3544789041
19.3614516277
19.3684052415
19.3753397979
19.3822553492
19.3891519473
19.3960296443
19.402888492
19.409728542
19.4165498458
19.4233524548
19.4301364203
19.4369017933
19.4436486248
19.4503769656
19.4570868664
19.4637783777
19.4704515499
19.4771064334
19.4837430781
19.4903615341
19.4969618513
19.5035440793
19.5101082678
19.5166544661
19.5231827236
19.5296930895
19.5361856127
19.5426603422
19.5491173267
19.555556615
19.5619782554
19.5683822964
19.5747687861
19.5811377727
19.5874893042
19.5938234283
19.6001401929
19.6064396454
19.6127218334
19.618986804
19.6252346046
19.6314652822
19.6376788837
19.6438754559
19.6500550455
19.656217699
19.6623634628
19.6684923832
19.6746045065
19.6806998786
19.6867785454
19.6928405527
19.6988859461
19.7049147713
19.7109270736
19.7169228983
19.7229022906
19.7288652954
19.7348119578
19.7407423224
19.746656434
19.7525543371
19.7584360762
19.7643016954
19.7701512391
19.7759847512
19.7818022757
19.7876038564
19.7933895371
19.7991593612
19.8049133723
19.8106516136
19.8163741285
19.8220809599
19.827772151
19.8334477444
19.8391077831
19.8447523096
19.8503813665
19.8559949961
19.8615932407
19.8671761425
19.8727437435
19.8782960857
19.8838332109
19.8893551607
19.8948619769
19.9003537008
19.9058303738
19.9112920372
19.9167387321
19.9221704995
19.9275873803
19.9329894154
19.9383766455
19.943749111
19.9491068525
19.9544499102
19.9597783246
19.9650921357
19.9703913834
19.9756761078
19.9809463486
19.9862021456
19.9914435383
19.9966705661
20.0018832685
20.0070816847
20.0122658539
20.0174358152
20.0225916073
20.0277332693
20.0328608398
20.0379743574
20.0430738606
20.048159388
20.0532309776
20.0582886679
20.0633324968
20.0683625023
20.0733787224
20.0783811947
20.0833699571
20.088345047
20.0933065019
20.0982543593
20.1031886563
20.1081094301
20.1130167178
20.1179105564
20.1227909827
20.1276580334
20.1325117453
20.1373521549
20.1421792986
20.1469932128
20.1517939338
20.1565814977
20.1613559405
20.1661172983
20.1708656069
20.175600902
20.1803232194
20.1850325946
20.189729063
20.19441266
20.199083421
20.2037413811
20.2083865753
20.2130190387
20.2176388061
20.2222459124
20.2268403922
20.2314222802
20.2359916108
20.2405484185
20.2450927376
20.2496246023
20.2541440468
20.258651105
20.263145811
20.2676281986
20.2720983016
20.2765561536
20.2810017881
20.2854352388
20.2898565389
20.2942657218
20.2986628207
20.3030478687
20.3074208988
20.311781944
20.3161310371
20.3204682108
20.3247934979
20.3291069309
20.3334085423
20.3376983645
20.3419764298
20.3462427704
20.3504974185
20.3547404061
20.3589717652
20.3631915276
20.3673997251
20.3715963894
20.3757815522
20.3799552449
20.384117499
20.3882683458
20.3924078166
20.3965359425
20.4006527547
20.4047582842
20.4088525619
20.4129356186
20.4170074851
20.421068192
20.42511777
20.4291562495
20.4331836609
20.4372000347
20.4412054009
20.4451997899
20.4491832317
20.4531557562
20.4571173934
20.4610681732
20.4650081253
20.4689372794
20.4728556651
20.4767633118
20.4806602491
20.4845465062
20.4884221124
20.492287097
20.4961414891
20.4999853176
20.5038186115
20.5076413997
20.511453711
20.515255574
20.5190470176
20.5228280701
20.52659876
20.5303591159
20.5341091659
20.5378489384
20.5415784614
20.5452977632
20.5490068716
20.5527058147
20.5563946203
20.5600733162
20.5637419301
20.5674004896
20.5710490222
20.5746875556
20.5783161169
20.5819347337
20.5855434331
20.5891422424
20.5927311886
20.5963102987
20.5998795998
20.6034391186
20.6069888821
20.6105289169
20.6140592498
20.6175799072
20.6210909157
20.6245923019
20.6280840919
20.6315663122
20.6350389889
20.6385021483
20.6419558164
20.6454000191
20.6488347825
20.6522601325
20.6556760948
20.6590826951
20.6624799591
20.6658679124
20.6692465806
20.672615989
20.675976163
20.679327128
20.6826689091
20.6860015317
20.6893250206
20.6926394011
20.695944698
20.6992409363
20.7025281407
20.705806336
20.709075547
20.7123357983
20.7155871143
20.7188295196
20.7220630386
20.7252876957
20.7285035151
20.7317105211
20.7349087379
20.7380981894
20.7412788998
20.744450893
20.7476141928
20.7507688232
20.7539148078
20.7570521704
20.7601809346
20.763301124
20.766412762
20.7695158721
20.7726104777
20.775696602
20.7787742684
20.7818435
20.7849043199
20.7879567511
20.7910008167
20.7940365396
20.7970639427
20.8000830487
20.8030938804
20.8060964605
20.8090908116
20.8120769562
20.8150549168
20.8180247159
20.8209863758
20.8239399189
20.8268853673
20.8298227433
20.832752069
20.8356733664
20.8385866576
20.8414919645
20.8443893089
20.8472787128
20.8501601978
20.8530337857
20.855899498
20.8587573565
20.8616073826
20.8644495978
20.8672840235
20.870110681
20.8729295916
20.8757407766
20.8785442571
20.8813400543
20.8841281891
20.8869086827
20.8896815559
20.8924468297
20.8952045248
20.897954662
20.9006972621
20.9034323457
20.9061599334
20.9088800457
20.9115927031
20.9142979262
20.9169957351
20.9196861503
20.922369192
20.9250448805
20.9277132358
20.9303742781
20.9330280275
20.9356745038
20.9383137271
20.9409457172
20.9435704939
20.9461880771
20.9487984864
20.9514017414
20.9539978619
20.9565868673
20.9591687771
20.9617436109
20.9643113879
20.9668721276
20.9694258492
20.9719725719
20.9745123149
20.9770450975
20.9795709385
20.9820898571
20.9846018723
20.9871070028
20.9896052678
20.9920966858
20.9945812757
20.9970590563
20.9995300461
21.0019942639
21.004451728
21.0069024572
21.0093464697
21.0117837841
21.0142144186
21.0166383916
21.0190557214
21.0214664261
21.023870524
21.026268033
21.0286589713
21.0310433569
21.0334212078
21.0357925417
21.0381573767
21.0405157306
21.0428676209
21.0452130656
21.0475520823
21.0498846885
21.0522109019
21.05453074
21.0568442201
21.0591513599
21.0614521766
21.0637466876
21.0660349101
21.0683168614
21.0705925587
21.0728620191
21.0751252597
21.0773822976
21.0796331497
21.081877833
21.0841163644
21.0863487608
21.088575039
21.0907952158
21.0930093078
21.0952173318
21.0974193044
21.0996152421
21.1018051616
21.1039890792
21.1061670115
21.1083389749
21.1105049856
21.1126650601
21.1148192146
21.1169674653
21.1191098284
21.1212463201
21.1233769564
21.1255017533
21.127620727
21.1297338932
21.1318412681
21.1339428673
21.1360387068
21.1381288024
21.1402131697
21.1422918245
21.1443647825
21.1464320592
21.1484936703
21.1505496311
21.1525999574
21.1546446644
21.1566837675
21.1587172823
21.1607452238
21.1627676075
21.1647844486
21.1667957622
21.1688015635
21.1708018676
21.1727966895
21.1747860444
21.1767699471
21.1787484127
21.180721456
21.1826890919
21.1846513352
21.1866082006
21.188559703
21.190505857
21.1924466773
21.1943821784
21.1963123751
21.1982372817
21.2001569129
21.202071283
21.2039804066
21.2058842978
21.2077829712
21.209676441
21.2115647215
21.2134478268
21.2153257712
21.2171985689
21.2190662338
21.2209287802
21.2227862219
21.2246385731
21.2264858476
21.2283280594
21.2301652223
21.2319973503
21.233824457
21.2356465562
21.2374636617
21.2392757872
21.2410829463
21.2428851525
21.2446824196
21.246474761
21.2482621902
21.2500447207
21.251822366
21.2535951393
21.255363054
21.2571261236
21.2588843612
21.26063778
21.2623863934
21.2641302145
21.2658692563
21.267603532
21.2693330547
21.2710578374
21.2727778931
21.2744932347
21.2762038751
21.2779098273
21.2796111041
21.2813077183
21.2829996826
21.2846870099
21.2863697128
21.288047804
21.2897212961
21.2913902018
21.2930545336
21.2947143041
21.2963695257
21.298020211
21.2996663723
21.301308022
21.3029451726
21.3045778363
21.3062060254
21.3078297523
21.3094490291
21.311063868
21.3126742812
21.3142802809
21.315881879
21.3174790878
21.3190719192
21.3206603851
21.3222444977
21.3238242687
21.3253997102
21.3269708339
21.3285376517
21.3301001755
21.3316584169
21.3332123877
21.3347620996
21.3363075643
21.3378487935
21.3393857987
21.3409185914
21.3424471834
21.343971586
21.3454918107
21.3470078691
21.3485197725
21.3500275322
21.3515311598
21.3530306664
21.3545260634
21.3560173621
21.3575045736
21.3589877092
21.36046678
21.3619417973
21.363412772
21.3648797153
21.3663426383
21.3678015518
21.369256467
21.3707073948
21.3721543462
21.3735973319
21.3750363629
21.3764714501
21.3779026041
21.3793298359
21.3807531562
21.3821725756
21.3835881049
21.3849997547
21.3864075357
21.3878114585
21.3892115336
21.3906077715
21.3920001829
21.3933887782
21.3947735679
21.3961545623
21.3975317719
21.398905207
21.4002748781
21.4016407953
21.4030029691
21.4043614096
21.4057161271
21.4070671318
21.4084144339
21.4097580435
21.4110979707
21.4124342257
21.4137668185
21.4150957591
21.4164210575
21.4177427238
21.4190607678
21.4203751996
21.4216860289
21.4229932658
21.4242969199
21.4255970012
21.4268935195
21.4281864844
21.4294759058
21.4307617933
21.4320441567
21.4333230055
21.4345983495
21.4358701982
21.4371385612
21.4384034481
21.4396648684
21.4409228316
21.4421773471
21.4434284244
21.444676073
21.4459203022
21.4471611215
21.44839854
21.4496325673
21.4508632125
21.4520904849
21.4533143939
21.4545349485
21.455752158
21.4569660316
21.4581765784
21.4593838074
21.4605877279
21.4617883489
21.4629856794
21.4641797284
21.465370505
21.4665580181
21.4677422766
21.4689232895
21.4701010656
21.4712756139
21.4724469431
21.4736150622
21.4747799798
21.4759417048
21.4771002459
21.4782556119
21.4794078114
21.4805568532
21.4817027458
21.482845498
21.4839851183
21.4851216152
21.4862549974
21.4873852735
21.4885124518
21.489636541
21.4907575494
21.4918754855
21.4929903577
21.4941021745
21.4952109442
21.4963166751
21.4974193756
21.498519054
21.4996157186
21.5007093776
21.5018000393
21.5028877118
21.5039724034
21.5050541223
21.5061328765
21.5072086743
21.5082815237
21.5093514327
21.5104184096
21.5114824622
21.5125435986
21.5136018269
21.5146571549
21.5157095906
21.5167591419
21.5178058169
21.5188496232
21.5198905688
21.5209286616
21.5219639093
21.5229963198
21.5240259008
21.5250526601
21.5260766054
21.5270977444
21.5281160849
21.5291316344
21.5301444006
21.5311543913
21.5321616139
21.533166076
21.5341677853
21.5351667493
21.5361629754
21.5371564712
21.5381472443
21.5391353019
21.5401206516
21.5411033009
21.542083257
21.5430605275
21.5440351195
21.5450070406
21.545976298
21.5469428989
21.5479068508
21.5488681608
21.5498268362
21.5507828842
21.551736312
21.5526871268
21.5536353358
21.554580946
21.5555239647
21.5564643989
21.5574022557
21.5583375421
21.5592702653
21.5602004322
21.5611280498
21.5620531251
21.5629756652
21.5638956769
21.5648131672
21.5657281429
21.566640611
21.5675505784
21.5684580519
21.5693630383
21.5702655444
21.5711655771
21.5720631432
21.5729582493
21.5738509022
21.5747411087
21.5756288755
21.5765142092
21.5773971165
21.5782776041
21.5791556785
21.5800313465
21.5809046146
21.5817754893
21.5826439773
21.5835100851
21.5843738192
21.5852351861
21.5860941923
21.5869508442
21.5878051484
21.5886571112
21.5895067391
21.5903540385
21.5911990157
21.5920416771
21.5928820291
21.593720078
21.5945558301
21.5953892917
21.596220469
21.5970493684
21.5978759961
21.5987003583
21.5995224612
21.600342311
21.6011599138
21.601975276
21.6027884035
21.6035993025
21.6044079791
21.6052144394
21.6060186895
21.6068207354
21.6076205832
21.6084182389
21.6092137085
21.610006998
21.6107981134
21.6115870606
21.6123738455
21.6131584742
21.6139409525
21.6147212863
21.6154994815
21.6162755439
21.6170494794
21.6178212938
21.6185909929
21.6193585826
21.6201240686
21.6208874566
21.6216487525
21.6224079619
21.6231650906
21.6239201443
21.6246731286
21.6254240493
21.626172912
21.6269197223
21.6276644858
21.6284072082
21.6291478951
21.629886552
21.6306231845
21.6313577982
21.6320903985
21.6328209911
21.6335495813
21.6342761748
21.6350007769
21.6357233931
21.6364440289
21.6371626897
21.6378793809
21.6385941079
21.639306876
21.6400176908
21.6407265574
21.6414334813
21.6421384677
21.6428415221
21.6435426496
21.6442418555
21.6449391452
21.6456345239
21.6463279967
21.647019569
21.647709246
21.6483970328
21.6490829346
21.6497669566
21.6504491039
21.6511293817
21.6518077951
21.6524843492
21.6531590491
21.6538318999
21.6545029067
21.6551720744
21.6558394082
21.6565049131
21.6571685941
21.6578304561
21.6584905042
21.6591487434
21.6598051785
21.6604598146
21.6611126566
21.6617637094
21.6624129778
21.6630604669
21.6637061814
21.6643501262
21.6649923062
21.6656327262
21.666271391
21.6669083055
21.6675434744
21.6681769026
21.6688085947
21.6694385556
21.67006679
21.6706933027
21.6713180983
21.6719411815
21.6725625571
21.6731822297
21.673800204
21.6744164847
21.6750310763
21.6756439836
21.6762552111
21.6768647634
21.6774726452
21.678078861
21.6786834154
21.6792863129
21.6798875581
21.6804871554
21.6810851095
21.6816814248
21.6822761058
21.682869157
21.6834605829
21.6840503878
21.6846385763
21.6852251528
21.6858101217
21.6863934874
21.6869752543
21.6875554268
21.6881340093
21.688711006
21.6892864214
21.6898602598
21.6904325255
21.6910032228
21.6915723561
21.6921399295
21.6927059475
21.6932704141
21.6938333338
21.6943947107
21.6949545491
21.6955128531
21.6960696271
21.6966248751
21.6971786014
21.6977308101
21.6982815054
21.6988306914
21.6993783723
21.6999245522
21.7004692352
21.7010124255
21.701554127
21.7020943439
21.7026330803
21.7031703402
21.7037061277
21.7042404467
21.7047733014
21.7053046957
21.7058346337
21.7063631192
21.7068901564
21.7074157492
21.7079399014
21.7084626172
21.7089839004
21.7095037549
21.7100221847
21.7105391937
21.7110547857
21.7115689647
21.7120817345
21.712593099
21.713103062
21.7136116273
21.7141187989
21.7146245805
21.7151289759
21.715631989
21.7161336234
21.7166338831
21.7171327717
21.7176302931
21.7181264509
21.7186212489
21.7191146909
21.7196067805
21.7200975214
21.7205869175
21.7210749722
21.7215616894
21.7220470726
21.7225311256
21.723013852
21.7234952554
21.7239753394
21.7244541077
21.7249315638
21.7254077114
21.7258825541
21.7263560954
21.7268283388
21.727299288
21.7277689466
21.7282373179
21.7287044056
21.7291702132
21.7296347441
21.730098002
21.7305599902
21.7310207123
21.7314801717
21.7319383719
21.7323953163
21.7328510084
21.7333054516
21.7337586493
21.734210605
