7.90399231692
8.22971495203
8.55486248132
8.87943592021
9.20343628233
9.52686457953
9.84972182186
10.1720090176
10.4937271732
10.8148772934
11.1354603812
11.4554774377
11.7749294623
12.0938174527
12.4121424047
12.7299053125
13.0471071683
13.3637489629
13.6798316851
13.995356322
14.310323859
14.6247352796
14.9385915659
15.2518936979
15.5646426542
15.8768394113
16.1884849443
16.4995802265
16.8101262293
17.1201239226
17.4295742745
17.7384782515
18.0468368182
18.3546509375
18.6619215709
18.9686496779
19.2748362163
19.5804821425
19.8855884109
20.1901559744
20.494185784
20.7976787894
21.1006359383
21.4030581767
21.7049464493
22.0063016986
22.307124866
22.6074168908
22.9071787109
23.2064112623
23.5051154796
23.8032922956
24.1009426415
24.3980674469
24.6946676397
24.9907441462
25.2862978909
25.5813297969
25.8758407856
26.1698317766
26.4633036883
26.7562574369
27.0486939375
27.3406141033
27.6320188459
27.9229090754
28.2132857003
28.5031496273
28.7925017617
29.0813430072
29.3696742657
29.6574964378
29.9448104223
30.2316171164
30.5179174159
30.8037122149
31.0890024058
31.3737888796
31.6580725258
31.9418542321
32.2251348848
32.5079153685
32.7901965663
33.0719793598
33.3532646291
33.6340532525
33.9143461069
34.1941440677
34.4734480087
34.7522588021
35.0305773187
35.3084044276
35.5857409966
35.8625878915
36.1389459772
36.4148161166
36.6901991713
36.9650960012
37.2395074649
37.5134344194
37.7868777201
38.0598382209
38.3323167743
38.6043142313
38.8758314413
39.1468692522
39.4174285105
39.6875100611
39.9571147475
40.2262434116
40.494896894
40.7630760335
41.0307816678
41.2980146329
41.5647757632
41.831065892
42.0968858508
42.3622364698
42.6271185776
42.8915330015
43.1554805672
43.418962099
43.6819784198
43.944530351
44.2066187124
44.4682443227
44.7294079988
44.9901105563
45.2503528095
45.510135571
45.7694596521
46.0283258627
46.2867350112
46.5446879046
46.8021853486
47.0592281472
47.3158171032
47.5719530179
47.8276366912
48.0828689216
48.3376505062
48.5919822407
48.8458649193
49.0992993349
49.352286279
49.6048265416
49.8569209113
50.1085701756
50.3597751203
50.6105365298
50.8608551874
51.1107318747
51.3601673721
51.6091624586
51.8577179117
52.1058345077
52.3535130216
52.6007542266
52.8475588951
53.0939277977
53.3398617039
53.5853613816
53.8304275976
54.0750611173
54.3192627045
54.563033122
54.8063731309
55.0492834914
55.2917649618
55.5338182996
55.7754442607
56.0166435995
56.2574170695
56.4977654225
56.7376894091
56.9771897785
57.2162672788
57.4549226566
57.6931566572
57.9309700245
58.1683635013
58.405337829
58.6418937475
58.8780319957
59.113753311
59.3490584296
59.5839480862
59.8184230145
60.0524839467
60.2861316138
60.5193667455
60.7521900701
60.9846023147
61.2166042051
61.448196466
61.6793798205
61.9101549906
62.140522697
62.3704836591
62.6000385952
62.8291882221
63.0579332554
63.2862744095
63.5142123975
63.7417479312
63.9688817212
64.1956144769
64.4219469063
64.6478797163
64.8734136124
65.098549299
65.3232874791
65.5476288546
65.7715741262
65.9951239932
66.2182791537
66.4410403046
66.6634081417
66.8853833593
67.1069666507
67.3281587079
67.5489602216
67.7693718815
67.9893943758
68.2090283916
68.428274615
68.6471337305
68.8656064217
69.0836933708
69.301395259
69.5187127661
69.7356465707
69.9521973504
70.1683657815
70.3841525389
70.5995582967
70.8145837275
71.0292295028
71.2434962931
71.4573847673
71.6708955935
71.8840294385
72.0967869678
72.309168846
72.5211757363
72.7328083007
72.9440672002
73.1549530945
73.3654666423
73.5756085009
73.7853793267
73.9947797747
74.2038104988
74.412472152
74.6207653857
74.8286908506
75.0362491959
75.2434410699
75.4502671196
75.6567279909
75.8628243285
76.0685567762
76.2739259764
76.4789325705
76.6835771987
76.8878605001
77.0917831127
77.2953456732
77.4985488175
77.7013931802
77.9038793946
78.1060080932
78.3077799072
78.5091954667
78.7102554008
78.9109603373
79.1113109031
79.3113077237
79.5109514239
79.7102426271
79.9091819557
80.1077700309
80.3060074729
80.5038949009
80.7014329328
80.8986221855
81.0954632748
81.2919568155
81.4881034213
81.6839037046
81.8793582769
82.0744677487
82.2692327292
82.4636538268
82.6577316485
82.8514668005
83.0448598878
83.2379115144
83.4306222831
83.6229927958
83.8150236533
84.0067154552
84.1980688002
84.389084286
84.5797625089
84.7701040646
84.9601095474
85.1497795507
85.3391146669
85.5281154873
85.716782602
85.9051166003
86.0931180703
86.2807875992
86.4681257731
86.655133177
86.8418103949
87.0281580098
87.2141766036
87.3998667574
87.585229051
87.7702640632
87.954972372
88.1393545541
88.3234111855
88.5071428408
88.6905500939
88.8736335176
89.0563936836
89.2388311627
89.4209465246
89.602740338
89.7842131708
89.9653655895
90.1461981601
90.3267114471
90.5069060144
90.6867824246
90.8663412396
91.04558302
91.2245083257
91.4031177154
91.5814117469
91.7593909771
91.9370559616
92.1144072555
92.2914454125
92.4681709855
92.6445845265
92.8206865863
92.996477715
93.1719584615
93.3471293738
93.521990999
93.6965438832
93.8707885715
94.0447256081
94.2183555361
94.3916788978
94.5646962345
94.7374080865
94.9098149932
95.081917493
95.2537161234
95.4252114209
95.596403921
95.7672941585
95.9378826669
96.1081699791
96.2781566267
96.4478431408
96.6172300512
96.7863178869
96.9551071759
97.1235984454
97.2917922216
97.4596890297
97.6272893941
97.7945938382
97.9616028845
98.1283170545
98.2947368688
98.4608628473
98.6266955086
98.7922353708
98.9574829507
99.1224387645
99.2871033272
99.4514771532
99.6155607557
99.7793546472
99.9428593392
100.106075342
100.269003166
100.43164332
100.593996311
100.756062647
100.917842834
101.079337376
101.240546779
101.401471546
101.562112178
101.722469179
101.882543049
102.042334287
102.201843394
102.361070866
102.520017201
102.678682895
102.837068445
102.995174344
103.153001087
103.310549166
103.467819073
103.624811299
103.781526336
103.937964671
104.094126795
104.250013193
104.405624354
104.560960763
104.716022906
104.870811265
105.025326326
105.179568571
105.33353848
105.487236536
105.640663217
105.793819004
105.946704374
106.099319805
106.251665774
106.403742756
106.555551226
106.707091659
106.858364527
107.009370303
107.160109459
107.310582465
107.460789791
107.610731907
107.760409281
107.909822379
108.058971669
108.207857617
108.356480687
108.504841343
108.65294005
108.800777269
108.948353462
109.095669089
109.242724612
109.38952049
109.53605718
109.68233514
109.828354827
109.974116698
110.119621207
110.264868809
110.409859957
110.554595105
110.699074703
110.843299204
110.987269058
111.130984715
111.274446622
111.417655229
111.560610983
111.703314329
111.845765714
111.987965582
112.129914378
112.271612545
112.413060526
112.554258761
112.695207692
112.83590776
112.976359404
113.116563061
113.256519171
113.39622817
113.535690495
113.674906581
113.813876862
113.952601774
114.091081748
114.229317218
114.367308615
114.50505637
114.642560914
114.779822676
114.916842084
115.053619566
115.19015555
115.326450461
115.462504727
115.59831877
115.733893017
115.869227889
116.00432381
116.139181201
116.273800484
116.408182079
116.542326406
116.676233884
116.80990493
116.943339963
117.076539399
117.209503654
117.342233143
117.474728281
117.606989481
117.739017157
117.870811721
118.002373584
118.133703158
118.264800852
118.395667076
118.526302239
118.656706748
118.786881012
118.916825435
119.046540425
119.176026386
119.305283722
119.434312838
119.563114136
119.691688019
119.820034887
119.948155143
120.076049185
120.203717414
120.331160228
120.458378025
120.585371202
120.712140157
120.838685284
120.965006979
121.091105637
121.216981651
121.342635415
121.46806732
121.593277759
121.718267123
121.843035802
121.967584185
122.091912662
122.216021621
122.339911449
122.463582534
122.587035261
122.710270016
122.833287184
122.956087149
123.078670295
123.201037005
123.32318766
123.445122642
123.566842332
123.68834711
123.809637355
123.930713447
124.051575763
124.17222468
124.292660577
124.412883828
124.532894809
124.652693895
124.772281461
124.891657878
125.010823522
125.129778762
125.248523972
125.367059521
125.485385781
125.60350312
125.721411908
125.839112512
125.9566053
126.07389064
126.190968897
126.307840437
126.424505625
126.540964825
126.657218401
126.773266717
126.889110134
127.004749015
127.12018372
127.23541461
127.350442045
127.465266383
127.579887985
127.694307207
127.808524407
127.922539942
128.036354167
128.149967438
128.263380111
128.376592538
128.489605074
128.602418072
128.715031884
128.827446861
128.939663355
129.051681717
129.163502295
129.275125439
129.386551498
129.49778082
129.608813752
129.719650641
129.830291833
129.940737673
130.050988507
130.161044679
130.270906532
130.380574409
130.490048654
130.599329608
130.708417611
130.817313006
130.926016132
131.034527328
131.142846933
131.250975286
131.358912725
131.466659585
131.574216205
131.681582919
131.788760063
131.895747973
132.002546981
132.109157421
132.215579627
132.32181393
132.427860663
132.533720157
132.639392742
132.744878748
132.850178504
132.955292341
133.060220585
133.164963565
133.269521607
133.373895038
133.478084185
133.582089371
133.685910924
133.789549165
133.89300442
133.996277011
134.099367261
134.202275492
134.305002024
134.40754718
134.509911278
134.61209464
134.714097583
134.815920427
134.91756349
135.019027088
135.120311539
135.221417159
135.322344264
135.423093169
135.523664189
135.624057637
135.724273828
135.824313074
135.924175687
136.023861981
136.123372265
136.22270685
136.321866047
136.420850166
136.519659516
136.618294404
136.71675514
136.815042031
136.913155383
137.011095504
137.108862698
137.206457272
137.303879529
137.401129775
137.498208313
137.595115446
137.691851477
137.788416708
137.88481144
137.981035975
138.077090613
138.172975653
138.268691397
138.364238141
138.459616186
138.554825828
138.649867365
138.744741093
138.83944731
138.933986311
139.02835839
139.122563844
139.216602965
139.310476048
139.404183386
139.497725271
139.591101996
139.684313852
139.777361131
139.870244122
139.962963116
140.055518403
140.147910271
140.24013901
140.332204906
140.424108249
140.515849324
140.607428418
140.698845817
140.790101807
140.881196672
140.972130698
141.062904167
141.153517365
141.243970573
141.334264073
141.424398149
141.514373082
141.604189152
141.69384664
141.783345826
141.872686989
141.96187041
142.050896365
142.139765133
142.228476991
142.317032218
142.405431088
142.493673879
142.581760866
142.669692323
142.757468526
142.845089749
142.932556265
143.019868348
143.107026269
143.194030302
143.280880718
143.367577789
143.454121784
143.540512974
143.62675163
143.71283802
143.798772413
143.884555078
143.970186282
144.055666294
144.140995379
144.226173804
144.311201836
144.39607974
144.480807781
144.565386223
144.649815331
144.734095369
144.818226599
144.902209284
144.986043687
145.06973007
145.153268693
145.236659818
145.319903705
145.403000614
145.485950805
145.568754536
145.651412066
145.733923654
145.816289557
145.898510032
145.980585336
146.062515725
146.144301456
146.225942783
146.307439962
146.388793247
146.470002892
146.55106915
146.631992276
146.712772522
146.793410139
146.87390538
146.954258496
147.034469739
147.114539357
147.194467603
147.274254725
147.353900972
147.433406593
147.512771837
147.591996951
147.671082183
147.75002778
147.828833988
147.907501053
147.986029221
148.064418737
148.142669847
148.220782794
148.298757822
148.376595176
148.454295097
148.531857829
148.609283614
148.686572693
148.763725309
148.840741701
148.917622111
148.994366779
149.070975944
149.147449845
149.223788722
149.299992813
149.376062355
149.451997586
149.527798744
149.603466065
149.678999786
149.754400142
149.829667369
149.904801702
149.979803375
150.054672623
150.129409679
150.204014778
150.278488151
150.352830032
150.427040653
150.501120245
150.57506904
150.648887269
150.722575162
150.796132949
150.869560861
150.942859126
151.016027973
151.089067632
151.161978329
151.234760293
151.30741375
151.379938929
151.452336055
151.524605354
151.596747053
151.668761376
151.740648548
151.812408794
151.884042338
151.955549403
152.026930214
152.098184992
152.169313961
152.240317342
152.311195358
152.381948229
152.452576177
152.523079422
152.593458184
152.663712683
152.733843139
152.80384977
152.873732796
152.943492434
153.013128902
153.082642418
153.152033198
153.22130146
153.290447421
153.359471294
153.428373298
153.497153645
153.565812552
153.634350233
153.702766902
153.771062772
153.839238056
153.907292969
153.975227721
154.043042526
154.110737595
154.178313139
154.24576937
154.313106499
154.380324734
154.447424288
154.514405368
154.581268184
154.648012945
154.71463986
154.781149136
154.847540982
154.913815604
154.979973209
155.046014005
155.111938197
155.177745991
155.243437593
155.309013207
155.37447304
155.439817294
155.505046175
155.570159886
155.63515863
155.70004261
155.764812029
155.829467089
155.894007993
155.95843494
156.022748134
156.086947774
156.151034062
156.215007197
156.278867379
156.342614807
156.406249681
156.469772199
156.53318256
156.596480962
156.659667602
156.722742678
156.785706387
156.848558924
156.911300488
156.973931273
157.036451476
157.09886129
157.161160912
157.223350536
157.285430357
157.347400567
157.40926136
157.47101293
157.53265547
157.594189172
157.655614228
157.71693083
157.77813917
157.839239438
157.900231826
157.961116524
158.021893722
158.08256361
158.143126377
158.203582213
158.263931306
158.324173845
158.384310018
158.444340012
158.504264016
158.564082216
158.6237948
158.683401953
158.742903861
158.802300712
158.861592689
158.920779979
158.979862766
159.038841234
159.097715569
159.156485953
159.21515257
159.273715604
159.332175237
159.390531651
159.44878503
159.506935555
159.564983408
159.62292877
159.680771821
159.738512743
159.796151716
159.85368892
159.911124535
159.968458739
160.025691712
160.082823633
160.13985468
160.196785032
160.253614865
160.310344358
160.366973688
160.423503031
160.479932564
160.536262464
160.592492905
160.648624065
160.704656117
160.760589238
160.816423602
160.872159382
160.927796754
160.983335891
161.038776966
161.094120153
161.149365624
161.204513552
161.259564109
161.314517468
161.369373799
161.424133273
161.478796063
161.533362339
161.587832271
161.642206029
161.696483783
161.750665702
161.804751956
161.858742714
161.912638145
161.966438415
162.020143695
162.073754151
162.12726995
162.18069126
162.234018248
162.287251081
162.340389924
162.393434943
162.446386304
162.499244173
162.552008714
162.604680093
162.657258473
162.70974402
162.762136896
162.814437266
162.866645293
162.918761139
162.970784969
163.022716943
163.074557225
163.126305976
163.177963358
163.229529532
163.281004659
163.3323889
163.383682416
163.434885366
163.48599791
163.537020209
163.587952422
163.638794706
163.689547222
163.740210128
163.790783582
163.841267742
163.891662766
163.94196881
163.992186033
164.042314591
164.09235464
164.142306337
164.192169837
164.241945297
164.291632872
164.341232717
164.390744988
164.440169837
164.489507421
164.538757893
164.587921406
164.636998115
164.685988173
164.734891733
164.783708946
164.832439967
164.881084947
164.929644037
164.97811739
165.026505157
165.07480749
165.123024538
165.171156452
165.219203384
165.267165482
165.315042897
165.362835778
165.410544275
165.458168536
165.50570871
165.553164946
165.600537391
165.647826195
165.695031504
165.742153465
165.789192227
165.836147936
165.883020738
165.92981078
165.976518208
166.023143168
166.069685806
166.116146267
166.162524695
166.208821237
166.255036036
166.301169236
166.347220983
166.393191419
166.439080688
166.484888934
166.530616299
166.576262926
166.621828959
166.667314539
166.712719808
166.758044908
166.803289981
166.848455168
166.893540609
166.938546447
166.98347282
167.028319871
167.073087738
167.117776561
167.162386481
167.206917636
167.251370165
167.295744208
167.340039903
167.384257387
167.4283968
167.472458279
167.516441962
167.560347986
167.604176488
167.647927605
167.691601473
167.73519823
167.778718011
167.822160952
167.86552719
167.908816858
167.952030092
167.995167029
168.038227801
168.081212544
168.124121391
168.166954478
168.209711937
168.252393902
168.295000507
168.337531884
168.379988166
168.422369486
168.464675977
168.50690777
168.549064997
168.59114779
168.63315628
168.675090599
168.716950878
168.758737246
168.800449836
168.842088776
168.883654197
168.925146229
168.966565002
169.007910644
169.049183285
169.090383054
169.13151008
169.17256449
169.213546413
169.254455978
169.295293311
169.336058541
169.376751794
169.417373198
169.457922879
169.498400965
169.538807582
169.579142855
169.619406911
169.659599876
169.699721875
169.739773033
169.779753476
169.819663327
169.859502713
169.899271758
169.938970584
169.978599318
170.018158081
170.057646999
170.097066194
170.136415788
170.175695906
170.21490667
170.254048203
170.293120625
170.33212406
170.37105863
170.409924456
170.448721658
170.48745036
170.52611068
170.564702741
170.603226663
170.641682565
170.680070569
170.718390794
170.756643359
170.794828384
170.832945989
170.870996292
170.908979412
170.946895468
170.984744579
171.022526862
171.060242435
171.097891417
171.135473924
171.172990074
171.210439985
171.247823774
171.285141556
171.322393449
171.359579568
171.396700031
171.433754953
171.470744449
171.507668636
171.544527628
171.581321541
171.618050489
171.654714588
171.691313951
171.727848694
171.764318929
171.800724772
171.837066335
171.873343733
171.909557078
171.945706484
171.981792063
172.017813928
172.053772192
172.089666967
172.125498366
172.161266499
172.196971479
172.232613417
172.268192424
172.303708613
172.339162092
172.374552974
172.409881369
172.445147387
172.480351138
172.515492732
172.55057228
172.585589889
172.620545671
172.655439733
172.690272186
172.725043137
172.759752696
172.79440097
172.828988068
172.863514099
172.897979169
172.932383386
172.966726859
173.001009693
173.035231997
173.069393877
173.103495439
173.137536791
173.171518038
173.205439287
173.239300643
173.273102213
173.306844102
173.340526415
173.374149258
173.407712735
173.441216951
173.474662012
173.50804802
173.541375082
173.5746433
173.607852778
173.641003621
173.674095932
173.707129814
173.740105371
173.773022704
173.805881918
173.838683115
173.871426397
173.904111866
173.936739625
173.969309776
174.001822419
174.034277657
174.066675591
174.099016323
174.131299953
174.163526581
174.19569631
174.227809238
174.259865467
174.291865097
174.323808227
174.355694957
174.387525387
174.419299616
174.451017744
174.482679869
174.514286091
174.545836507
174.577331217
174.60877032
174.640153912
174.671482093
174.702754959
174.73397261
174.765135141
174.796242651
174.827295237
174.858292995
174.889236023
174.920124416
174.950958272
174.981737687
175.012462757
175.043133578
175.073750245
175.104312855
175.134821502
175.165276283
175.195677291
175.226024623
175.256318372
175.286558634
175.316745503
175.346879073
175.376959438
175.406986692
175.436960929
175.466882243
175.496750727
175.526566474
175.556329578
175.586040131
175.615698226
175.645303956
175.674857413
175.704358689
175.733807877
175.763205069
175.792550356
175.821843831
175.851085583
175.880275706
175.90941429
175.938501426
175.967537204
175.996521717
176.025455053
176.054337303
176.083168559
176.111948909
176.140678443
176.169357252
176.197985424
176.22656305
176.255090218
176.283567018
176.311993538
176.340369868
176.368696095
176.396972309
176.425198598
176.453375049
176.481501751
176.509578792
176.537606259
176.565584239
176.593512822
176.621392092
176.649222138
176.677003047
176.704734904
176.732417798
176.760051813
176.787637037
176.815173556
176.842661456
176.870100822
176.89749174
176.924834296
176.952128576
176.979374663
177.006572644
177.033722604
177.060824626
177.087878797
177.1148852
177.141843919
177.16875504
177.195618645
177.222434819
177.249203646
177.275925209
177.302599591
177.329226876
177.355807148
177.382340488
177.40882698
177.435266707
177.461659752
177.488006195
177.514306121
177.540559611
177.566766747
177.59292761
177.619042284
177.645110848
177.671133385
177.697109976
177.723040702
177.748925643
177.774764882
177.800558497
177.826306571
177.852009183
177.877666414
177.903278344
177.928845053
177.95436662
177.979843125
178.005274649
178.03066127
178.056003067
178.08130012
178.106552508
178.13176031
178.156923603
178.182042468
178.207116982
178.232147224
178.257133272
178.282075203
178.306973096
178.331827029
178.356637079
178.381403324
178.40612584
178.430804706
178.455439998
178.480031793
178.504580168
178.529085199
178.553546964
178.577965539
178.602340999
178.626673421
178.650962881
178.675209455
178.699413219
178.723574247
178.747692616
178.771768401
178.795801677
178.819792519
178.843741003
178.867647202
178.891511191
178.915333045
178.939112839
178.962850647
178.986546542
179.010200599
179.033812892
179.057383495
179.08091248
179.104399922
179.127845893
179.151250468
179.174613719
179.197935719
179.221216541
179.244456258
179.267654941
179.290812665
179.313929501
179.33700552
179.360040797
179.383035401
179.405989405
179.428902881
179.451775901
179.474608535
179.497400855
179.520152932
179.542864837
179.565536642
179.588168416
179.610760232
179.633312158
179.655824266
179.678296626
179.700729308
179.723122383
179.745475919
179.767789987
179.790064657
179.812299998
179.83449608
179.856652972
179.878770742
179.900849461
179.922889197
179.944890019
179.966851996
179.988775196
180.010659687
180.032505539
180.054312819
180.076081596
180.097811937
180.11950391
180.141157583
180.162773023
180.184350299
180.205889477
180.227390626
180.248853811
180.270279099
180.291666559
180.313016257
180.334328258
180.355602631
180.376839441
180.398038755
180.419200638
180.440325158
180.461412379
180.482462368
180.50347519
180.524450912
180.545389598
180.566291315
180.587156126
180.607984098
180.628775296
180.649529784
180.670247627
180.69092889
180.711573638
180.732181935
180.752753845
180.773289432
180.793788762
180.814251897
180.834678902
180.85506984
180.875424775
180.895743771
180.916026892
180.9362742
180.956485758
180.97666163
180.99680188
181.016906569
181.03697576
181.057009517
181.077007902
181.096970976
181.116898804
181.136791446
181.156648965
181.176471423
181.196258882
181.216011404
181.23572905
181.255411882
181.275059961
181.294673349
181.314252107
181.333796296
181.353305978
181.372781212
181.392222061
181.411628584
181.431000842
181.450338896
181.469642806
181.488912633
181.508148436
181.527350276
181.546518213
181.565652306
181.584752615
181.6038192
181.622852121
181.641851437
181.660817206
181.67974949
181.698648346
181.717513833
181.736346011
181.755144938
181.773910674
181.792643276
181.811342803
181.830009314
181.848642866
181.867243519
181.885811329
181.904346356
181.922848657
181.941318289
181.959755311
181.978159781
181.996531754
182.014871289
182.033178444
182.051453275
182.069695839
182.087906194
182.106084396
182.124230502
182.142344569
182.160426652
182.17847681
182.196495098
182.214481572
182.232436288
182.250359304
182.268250673
182.286110454
182.3039387
182.321735468
182.339500814
182.357234793
182.37493746
182.392608871
182.41024908
182.427858144
182.445436116
182.462983053
182.480499007
182.497984035
182.515438191
182.53286153
182.550254105
182.567615971
182.584947183
182.602247794
182.619517859
182.636757431
182.653966565
182.671145313
182.68829373
182.70541187
182.722499785
182.739557529
182.756585155
182.773582717
182.790550268
182.80748786
182.824395546
182.84127338
182.858121414
182.874939701
182.891728292
182.908487241
182.9252166
182.941916421
182.958586757
182.975227659
182.991839179
183.008421369
183.024974281
183.041497967
183.057992478
183.074457866
183.090894182
183.107301478
183.123679805
183.140029213
183.156349755
183.17264148
183.18890444
183.205138686
183.221344268
183.237521237
183.253669644
183.269789538
183.285880971
183.301943992
183.317978652
183.333985
183.349963087
183.365912963
183.381834677
183.39772828
183.41359382
183.429431347
183.445240911
183.461022562
183.476776347
183.492502318
183.508200522
183.523871009
183.539513828
183.555129027
183.570716655
183.586276762
183.601809395
183.617314603
183.632792435
183.648242939
183.663666163
183.679062155
183.694430963
183.709772636
183.725087221
183.740374766
183.755635319
183.770868927
183.786075639
183.801255501
183.816408561
183.831534867
183.846634465
183.861707402
183.876753727
183.891773485
183.906766724
183.92173349
183.93667383
183.951587792
183.966475421
183.981336763
183.996171867
184.010980776
184.025763539
184.040520201
184.055250808
184.069955406
184.084634042
184.09928676
184.113913607
184.128514629
184.14308987
184.157639377
184.172163195
184.186661369
184.201133945
184.215580967
184.230002482
184.244398533
184.258769166
184.273114426
184.287434358
184.301729006
184.315998415
184.330242629
184.344461693
184.358655652
184.372824549
184.38696843
184.401087337
184.415181316
184.42925041
184.443294663
184.457314119
184.471308822
184.485278816
184.499224143
184.513144849
184.527040975
184.540912567
184.554759666
184.568582316
184.58238056
184.596154442
184.609904004
184.62362929
184.637330342
184.651007203
184.664659915
184.678288522
184.691893066
184.705473589
184.719030135
184.732562744
184.746071459
184.759556324
184.773017379
184.786454666
184.799868229
184.813258108
184.826624345
184.839966983
184.853286062
184.866581625
184.879853713
184.893102367
184.906327629
184.91952954
184.932708141
184.945863474
184.95899558
184.972104499
184.985190272
184.998252941
185.011292546
185.024309127
185.037302727
185.050273384
185.06322114
185.076146035
185.08904811
185.101927404
185.114783958
185.127617812
185.140429007
185.153217581
185.165983576
185.17872703
185.191447985
185.204146479
185.216822552
185.229476243
185.242107593
185.254716641
185.267303426
185.279867987
185.292410364
185.304930595
185.317428721
185.329904779
185.34235881
185.354790851
185.367200941
185.37958912
185.391955426
185.404299898
185.416622574
185.428923493
185.441202693
185.453460212
185.465696089
185.477910362
185.490103069
185.502274249
185.514423938
185.526552176
185.538659
185.550744447
185.562808556
185.574851364
185.58687291
185.598873229
185.610852361
185.622810341
185.634747209
185.646663
185.658557752
185.670431503
185.682284289
185.694116147
185.705927114
185.717717228
185.729486525
185.741235042
185.752962815
185.764669881
185.776356277
185.788022039
185.799667203
185.811291807
185.822895885
185.834479475
185.846042613
185.857585335
185.869107676
185.880609673
185.892091362
185.903552779
185.914993959
185.926414938
185.937815752
185.949196436
185.960557026
185.971897557
185.983218066
185.994518586
186.005799154
186.017059804
186.028300573
186.039521494
186.050722604
186.061903936
186.073065526
186.084207409
186.09532962
186.106432193
186.117515163
186.128578564
186.139622431
186.1506468
186.161651703
186.172637175
186.183603252
186.194549966
186.205477352
186.216385445
186.227274278
186.238143885
186.248994301
186.259825559
186.270637692
186.281430736
186.292204723
186.302959687
186.313695662
186.324412681
186.335110778
186.345789986
186.356450338
186.367091868
186.37771461
186.388318595
186.398903857
186.40947043
186.420018347
186.430547639
186.441058341
186.451550485
186.462024103
186.472479229
186.482915895
186.493334134
186.503733977
186.514115459
186.524478611
186.534823465
186.545150054
186.555458411
186.565748566
186.576020553
186.586274403
186.596510149
186.606727822
186.616927455
186.627109078
186.637272725
186.647418427
186.657546215
186.667656121
186.677748177
186.687822414
186.697878863
186.707917557
186.717938525
186.727941801
186.737927415
186.747895397
186.75784578
186.767778594
186.77769387
186.78759164
186.797471934
186.807334783
186.817180218
186.827008269
186.836818968
186.846612345
186.85638843
186.866147254
186.875888848
186.885613241
186.895320465
186.90501055
186.914683525
186.924339422
186.93397827
186.943600099
186.95320494
186.962792822
186.972363775
186.98191783
186.991455015
187.000975362
187.010478899
187.019965656
187.029435664
187.03888895
187.048325546
187.05774548
187.067148782
187.076535481
187.085905607
187.095259189
187.104596256
187.113916837
187.123220961
187.132508657
187.141779955
187.151034883
187.160273471
187.169495746
187.178701739
187.187891477
187.197064989
187.206222304
187.215363451
187.224488458
187.233597354
187.242690166
187.251766924
187.260827656
187.26987239
187.278901154
187.287913977
187.296910887
187.305891911
187.314857078
187.323806416
187.332739953
187.341657716
187.350559734
187.359446035
187.368316645
187.377171593
187.386010907
187.394834613
187.40364274
187.412435316
187.421212367
187.42997392
187.438720004
187.447450646
187.456165873
187.464865712
187.47355019
187.482219335
187.490873173
187.499511731
187.508135037
187.516743118
187.525336
187.53391371
187.542476274
187.551023721
187.559556076
187.568073366
187.576575617
187.585062857
187.593535112
187.601992407
187.61043477
187.618862227
187.627274804
187.635672528
187.644055424
187.65242352
187.66077684
187.669115412
187.67743926
187.685748412
187.694042893
187.702322729
187.710587946
187.718838569
187.727074625
187.735296139
187.743503137
187.751695644
187.759873687
187.76803729
187.776186479
187.78432128
187.792441717
187.800547817
187.808639605
187.816717105
187.824780344
187.832829346
187.840864136
187.84888474
187.856891183
187.864883489
187.872861683
187.880825791
187.888775837
187.896711847
187.904633844
187.912541854
187.920435902
187.928316011
187.936182208
187.944034515
187.951872958
187.959697561
187.967508349
187.975305346
187.983088577
187.990858065
187.998613835
188.006355911
188.014084317
188.021799078
188.029500218
188.03718776
188.044861729
188.052522149
188.060169043
188.067802435
188.07542235
188.08302881
188.090621841
188.098201465
188.105767706
188.113320588
188.120860135
188.128386369
188.135899315
188.143398996
188.150885435
188.158358655
188.165818681
188.173265535
188.180699241
188.188119822
188.1955273
188.2029217
188.210303044
188.217671355
188.225026657
188.232368972
188.239698323
188.247014733
188.254318225
188.261608821
188.268886546
188.27615142
188.283403467
188.29064271
188.297869171
188.305082873
188.312283838
188.319472089
188.326647648
188.333810538
188.34096078
188.348098398
188.355223414
188.362335849
188.369435727
188.376523069
188.383597897
188.390660233
188.3977101
188.40474752
188.411772514
188.418785105
188.425785314
188.432773163
188.439748674
188.446711869
188.45366277
188.460601398
188.467527774
188.474441922
188.481343861
188.488233615
188.495111203
188.501976649
188.508829972
188.515671195
188.522500339
188.529317425
188.536122475
188.542915509
188.54969655
188.556465618
188.563222734
188.569967919
188.576701195
188.583422583
188.590132103
188.596829776
188.603515624
188.610189667
188.616851926
188.623502422
188.630141176
188.636768208
188.64338354
188.649987191
188.656579182
188.663159535
188.669728269
188.676285405
188.682830963
188.689364965
188.69588743
188.702398378
188.708897831
188.715385808
188.72186233
188.728327417
188.734781088
188.741223365
188.747654267
188.754073815
188.760482028
188.766878926
188.77326453
188.779638859
188.786001934
188.792353773
188.798694398
188.805023828
188.811342082
188.81764918
188.823945142
188.830229989
188.836503738
188.84276641
188.849018025
188.855258601
188.861488159
188.867706718
188.873914297
188.880110916
188.886296594
188.892471351
188.898635205
188.904788176
188.910930283
188.917061545
188.923181982
188.929291613
188.935390456
188.941478531
188.947555856
188.953622451
188.959678335
188.965723526
188.971758044
188.977781907
188.983795134
188.989797744
188.995789756
189.001771188
189.007742059
189.013702388
189.019652192
189.025591492
189.031520305
189.03743865
189.043346546
189.04924401
189.055131061
189.061007718
189.066873999
189.072729923
189.078575507
189.08441077
189.09023573
189.096050405
189.101854814
189.107648974
189.113432904
189.119206621
189.124970145
189.130723492
189.136466681
189.142199729
189.147922655
189.153635477
189.159338211
189.165030877
189.170713492
189.176386073
189.182048639
189.187701206
189.193343793
189.198976418
189.204599097
189.210211849
189.215814691
189.22140764
189.226990714
189.232563931
189.238127307
189.24368086
189.249224608
189.254758568
189.260282756
189.265797191
189.27130189
189.276796869
189.282282147
189.287757739
189.293223663
189.298679937
189.304126576
189.3095636
189.314991023
189.320408863
189.325817138
189.331215863
189.336605057
189.341984735
189.347354914
189.352715612
189.358066845
189.363408629
189.368740982
189.37406392
189.379377459
189.384681617
189.38997641
189.395261854
189.400537966
189.405804762
189.411062259
189.416310473
189.421549421
189.426779118
189.431999582
189.437210829
189.442412874
189.447605735
189.452789427
189.457963966
189.463129369
189.468285652
189.473432831
189.478570921
189.48369994
189.488819903
189.493930826
189.499032725
189.504125616
189.509209514
189.514284437
189.519350398
189.524407416
189.529455504
189.53449468
189.539524958
189.544546354
189.549558885
189.554562565
189.559557411
189.564543437
189.56952066
189.574489095
189.579448758
189.584399664
189.589341828
189.594275267
189.599199994
189.604116027
189.609023379
189.613922067
189.618812106
189.62369351
189.628566296
189.633430479
189.638286073
189.643133094
189.647971556
189.652801476
189.657622868
189.662435747
189.667240129
189.672036027
189.676823458
189.681602436
189.686372977
189.691135094
189.695888803
189.700634118
189.705371056
189.710099629
189.714819854
189.719531744
189.724235315
189.728930581
189.733617558
189.738296258
189.742966698
189.747628892
189.752282853
189.756928598
189.76156614
189.766195494
189.770816674
189.775429695
189.780034571
189.784631316
189.789219945
189.793800472
189.798372912
189.802937279
189.807493587
189.812041849
189.816582082
189.821114298
189.825638512
189.830154737
189.834662989
189.839163281
189.843655627
189.848140041
189.852616537
189.857085129
189.861545832
189.865998658
189.870443623
189.874880739
189.879310021
189.883731483
189.888145138
189.892551
189.896949083
189.901339401
189.905721966
189.910096794
189.914463898
189.918823291
189.923174986
189.927518999
189.931855341
189.936184027
189.94050507
189.944818484
189.949124282
189.953422477
189.957713084
189.961996114
189.966271583
189.970539502
189.974799886
189.979052748
189.983298101
189.987535958
189.991766333
189.995989238
190.000204687
190.004412693
190.00861327
190.01280643
190.016992186
190.021170552
190.02534154
190.029505164
190.033661437
190.037810371
190.041951979
190.046086275
190.050213271
190.054332981
190.058445417
190.062550591
190.066648518
190.070739209
190.074822677
190.078898936
190.082967997
190.087029874
190.091084579
190.095132125
190.099172525
190.10320579
190.107231935
190.11125097
190.11526291
190.119267766
190.123265551
190.127256277
190.131239957
190.135216604
190.139186229
190.143148845
190.147104465
190.1510531
190.154994764
190.158929468
190.162857225
190.166778047
190.170691946
190.174598935
190.178499026
190.18239223
190.18627856
190.190158029
190.194030648
190.197896429
190.201755385
190.205607527
190.209452868
190.213291419
190.217123193
190.220948201
190.224766456
190.228577969
190.232382753
190.236180818
190.239972178
190.243756844
190.247534827
190.251306139
190.255070793
190.2588288
190.262580172
190.26632492
190.270063056
190.273794592
190.27751954
190.281237911
190.284949716
190.288654968
190.292353678
190.296045857
190.299731517
190.303410669
190.307083326
190.310749498
190.314409197
190.318062434
190.321709221
190.325349569
190.32898349
190.332610994
190.336232094
190.3398468
190.343455124
190.347057076
190.350652669
190.354241914
190.357824821
190.361401403
190.364971669
190.368535632
190.372093302
190.37564469
190.379189808
190.382728667
190.386261277
190.38978765
190.393307797
190.396821728
190.400329455
190.403830989
190.40732634
190.41081552
190.414298539
190.417775409
190.42124614
190.424710742
190.428169228
190.431621607
190.43506789
190.438508089
190.441942213
190.445370274
190.448792283
190.452208249
190.455618184
190.459022098
190.462420003
190.465811907
190.469197823
190.472577761
190.475951731
190.479319744
190.48268181
190.48603794
190.489388144
190.492732433
190.496070817
190.499403307
190.502729913
190.506050646
190.509365515
190.512674531
190.515977705
190.519275047
190.522566567
190.525852275
190.529132182
190.532406298
190.535674633
190.538937197
190.542194001
190.545445054
190.548690367
190.55192995
190.555163814
190.558391967
190.561614421
190.564831185
190.56804227
190.571247685
190.57444744
190.577641546
190.580830012
190.584012848
190.587190065
190.590361672
190.593527679
190.596688096
190.599842933
190.6029922
190.606135906
190.609274062
190.612406677
190.615533761
190.618655323
190.621771374
190.624881923
190.62798698
190.631086555
190.634180657
190.637269296
190.640352482
190.643430223
190.646502531
190.649569414
190.652630882
190.655686945
190.658737612
190.661782892
190.664822796
190.667857332
190.670886511
190.673910341
190.676928832
190.679941993
190.682949834
190.685952365
190.688949594
190.691941532
190.694928186
190.697909567
190.700885685
190.703856547
190.706822164
190.709782545
190.712737699
190.715687636
190.718632363
190.721571892
190.72450623
190.727435387
190.730359373
190.733278196
190.736191865
190.73910039
190.74200378
190.744902043
190.747795189
190.750683226
190.753566165
190.756444013
190.75931678
190.762184475
190.765047107
190.767904684
190.770757215
190.773604711
190.776447178
190.779284627
190.782117066
190.784944504
190.78776695
190.790584412
190.7933969
190.796204422
190.799006987
190.801804603
190.80459728
190.807385026
190.81016785
190.812945761
190.815718767
190.818486877
190.821250099
190.824008442
190.826761916
190.829510527
190.832254286
190.8349932
190.837727278
190.840456529
190.843180961
190.845900583
190.848615403
190.851325429
190.854030671
190.856731136
190.859426833
190.86211777
190.864803956
190.8674854
190.870162109
190.872834092
190.875501357
190.878163913
190.880821767
190.883474929
190.886123407
190.888767208
190.891406341
190.894040814
190.896670636
190.899295815
190.901916359
190.904532275
190.907143573
190.909750261
190.912352345
190.914949836
190.91754274
190.920131067
190.922714823
190.925294017
190.927868657
190.930438752
190.933004308
190.935565335
190.93812184
190.940673831
190.943221317
190.945764304
190.948302801
190.950836817
190.953366358
190.955891433
190.958412049
190.960928216
190.963439939
190.965947228
190.96845009
190.970948532
190.973442564
190.975932191
190.978417423
190.980898267
190.983374731
190.985846823
190.988314549
190.990777918
190.993236938
190.995691617
190.998141961
191.000587979
191.003029678
191.005467065
191.00790015
191.010328938
191.012753438
191.015173658
191.017589604
191.020001284
191.022408706
191.024811878
191.027210807
191.0296055
191.031995964
191.034382209
191.03676424
191.039142065
191.041515691
191.043885127
191.046250379
191.048611456
191.050968363
191.053321109
191.055669701
191.058014146
191.060354451
191.062690625
191.065022673
191.067350605
191.069674426
191.071994143
191.074309766
191.076621299
191.078928751
191.08123213
191.083531441
191.085826692
191.088117891
191.090405045
191.09268816
191.094967244
191.097242304
191.099513348
191.101780381
191.104043412
191.106302446
191.108557493
191.110808558
191.113055648
191.11529877
191.117537933
191.119773141
191.122004403
191.124231726
191.126455116
191.12867458
191.130890125
191.133101759
191.135309487
191.137513318
191.139713258
191.141909313
191.14410149
191.146289798
191.148474241
191.150654828
191.152831564
191.155004457
191.157173514
191.159338741
191.161500144
191.163657732
191.16581151
191.167961485
191.170107665
191.172250055
191.174388662
191.176523493
191.178654555
191.180781854
191.182905397
191.185025191
191.187141242
191.189253557
191.191362142
191.193467005
191.195568151
191.197665587
191.19975932
191.201849356
191.203935701
191.206018364
191.208097348
191.210172663
191.212244312
191.214312305
191.216376645
191.218437341
191.220494399
191.222547824
191.224597624
191.226643805
191.228686373
191.230725335
191.232760696
191.234792464
191.236820644
191.238845244
191.240866269
191.242883725
191.244897619
191.246907958
191.248914747
191.250917992
191.252917701
191.254913879
191.256906532
191.258895668
191.260881291
191.262863408
191.264842025
191.266817149
191.268788786
191.270756942
191.272721622
191.274682834
191.276640582
191.278594875
191.280545716
191.282493113
191.284437072
191.286377598
191.288314698
191.290248378
191.292178644
191.294105502
191.296028957
191.297949017
191.299865686
191.301778971
191.303688878
191.305595413
191.307498582
191.30939839
191.311294844
191.313187949
191.315077712
191.316964139
191.318847234
191.320727005
191.322603457
191.324476596
191.326346427
191.328212957
191.330076191
191.331936136
191.333792797
191.335646179
191.337496289
191.339343132
191.341186715
191.343027043
191.344864121
191.346697955
191.348528552
191.350355916
191.352180055
191.354000972
191.355818674
191.357633167
191.359444456
191.361252547
191.363057446
191.364859158
191.366657688
191.368453044
191.370245229
191.37203425
191.373820112
191.375602821
191.377382382
191.379158802
191.380932084
191.382702236
191.384469263
191.386233169
191.387993961
191.389751645
191.391506224
191.393257706
191.395006096
191.396751398
191.398493619
191.400232763
191.401968837
191.403701846
191.405431795
191.407158689
191.408882535
191.410603337
191.4123211
191.41403583
191.415747533
191.417456214
191.419161878
191.42086453
191.422564176
191.424260821
191.42595447
191.427645129
191.429332803
191.431017497
191.432699217
191.434377967
191.436053753
191.43772658
191.439396454
191.44106338
191.442727362
191.444388406
191.446046517
191.447701701
191.449353963
191.451003307
191.452649739
191.454293264
191.455933887
191.457571613
191.459206448
191.460838396
191.462467463
191.464093654
191.465716973
191.467337426
191.468955018
191.470569754
191.472181639
191.473790678
191.475396875
191.477000237
191.478600768
191.480198473
191.481793358
191.483385426
191.484974683
191.486561134
191.488144784
191.489725638
191.4913037
191.492878977
191.494451472
191.49602119
191.497588137
191.499152318
191.500713736
191.502272398
191.503828308
191.50538147
191.506931891
191.508479573
191.510024523
191.511566746
191.513106245
191.514643026
191.516177094
191.517708453
191.519237108
191.520763065
191.522286327
191.523806899
191.525324787
191.526839995
191.528352527
191.529862389
191.531369585
191.53287412
191.534375998
191.535875225
191.537371804
191.538865741
191.540357041
191.541845707
191.543331745
191.544815159
191.546295954
191.547774134
191.549249705
191.55072267
191.552193034
191.553660803
191.555125979
191.556588569
191.558048577
191.559506006
191.560960863
191.56241315
191.563862873
191.565310037
191.566754646
191.568196704
191.569636215
191.571073185
191.572507618
191.573939519
191.575368891
191.576795739
191.578220068
191.579641882
191.581061186
191.582477984
191.58389228
191.585304079
191.586713386
191.588120204
191.589524538
191.590926393
191.592325772
191.593722681
191.595117123
191.596509103
191.597898626
191.599285695
191.600670315
191.60205249
191.603432225
191.604809524
191.606184391
191.607556831
191.608926847
191.610294444
191.611659627
191.613022399
191.614382765
191.61574073
191.617096296
191.618449469
191.619800253
191.621148652
191.62249467
191.623838312
191.625179581
191.626518482
191.627855019
191.629189196
191.630521018
191.631850488
191.633177611
191.63450239
191.635824831
191.637144936
191.638462711
191.639778159
191.641091284
191.642402091
191.643710583
191.645016765
191.646320641
191.647622215
191.648921491
191.650218472
191.651513164
191.652805569
191.654095693
191.655383539
191.656669111
191.657952413
191.65923345
191.660512224
191.661788741
191.663063003
191.664335016
191.665604783
191.666872308
191.668137595
191.669400649
191.670661471
191.671920068
191.673176443
191.674430599
191.675682541
191.676932273
191.678179798
191.67942512
191.680668243
191.681909172
191.683147909
191.68438446
191.685618827
191.686851014
191.688081027
191.689308867
191.690534539
191.691758048
191.692979396
191.694198587
191.695415626
191.696630516
191.697843261
191.699053865
191.700262332
191.701468664
191.702672867
191.703874943
191.705074898
191.706272733
191.707468453
191.708662063
191.709853565
191.711042963
191.712230261
191.713415462
191.714598571
191.715779592
191.716958526
191.71813538
191.719310155
191.720482856
191.721653487
191.722822051
191.723988551
191.725152992
191.726315377
191.72747571
191.728633994
191.729790232
191.73094443
191.732096589
191.733246714
191.734394809
191.735540876
191.73668492
191.737826943
191.738966951
191.740104945
191.741240931
191.74237491
191.743506888
191.744636866
191.74576485
191.746890842
191.748014846
191.749136865
191.750256904
191.751374964
191.752491051
191.753605167
191.754717316
191.755827501
191.756935726
191.758041994
191.75914631
191.760248675
191.761349094
191.76244757
191.763544106
191.764638707
191.765731374
191.766822113
191.767910926
191.768997816
191.770082787
191.771165842
191.772246986
191.77332622
191.774403549
191.775478975
191.776552503
191.777624136
191.778693876
191.779761728
191.780827694
191.781891778
191.782953983
191.784014312
191.78507277
191.786129359
191.787184082
191.788236943
191.789287945
191.790337091
191.791384385
191.79242983
191.793473429
191.794515185
191.795555102
191.796593183
191.797629431
191.798663849
191.799696441
191.80072721
191.801756158
191.802783291
191.803808609
191.804832117
191.805853818
191.806873715
191.807891812
191.80890811
191.809922615
191.810935328
191.811946253
191.812955393
191.813962751
191.814968331
191.815972135
191.816974167
191.81797443
191.818972926
191.81996966
191.820964634
191.821957851
191.822949314
191.823939027
191.824926992
191.825913213
191.826897692
191.827880434
191.82886144
191.829840714
191.830818259
191.831794078
191.832768175
191.833740551
191.83471121
191.835680156
191.836647391
191.837612918
191.83857674
191.83953886
191.840499282
191.841458008
191.842415041
191.843370385
191.844324042
191.845276014
191.846226307
191.847174921
191.84812186
191.849067127
191.850010726
191.850952658
191.851892927
191.852831536
191.853768488
191.854703786
191.855637432
191.856569429
191.857499781
191.858428491
191.85935556
191.860280993
191.861204792
191.86212696
191.863047499
191.863966413
191.864883705
191.865799377
191.866713433
191.867625874
191.868536705
191.869445927
191.870353544
191.871259558
191.872163973
191.873066791
191.873968014
191.874867647
191.875765691
191.87666215
191.877557026
191.878450321
191.87934204
191.880232184
191.881120756
191.88200776
191.882893197
191.883777071
191.884659384
191.88554014
191.88641934
191.887296989
191.888173087
191.889047639
191.889920646
191.890792113
191.89166204
191.892530431
191.89339729
191.894262617
191.895126417
191.895988692
191.896849444
191.897708676
191.898566392
191.899422593
191.900277282
191.901130462
191.901982136
191.902832306
191.903680975
191.904528145
191.90537382
191.906218001
191.907060692
191.907901896
191.908741613
191.909579849
191.910416604
191.911251882
191.912085685
191.912918016
191.913748877
191.914578271
191.915406201
191.916232669
191.917057678
191.91788123
191.918703328
191.919523975
191.920343172
191.921160924
191.921977231
191.922792097
191.923605524
191.924417515
191.925228073
191.926037199
191.926844897
191.927651168
191.928456016
191.929259443
191.930061451
191.930862044
191.931661222
191.93245899
191.933255349
191.934050302
191.934843852
191.935636
191.93642675
191.937216103
191.938004063
191.938790632
191.939575812
191.940359605
191.941142015
191.941923043
191.942702692
191.943480964
191.944257863
191.945033389
191.945807547
191.946580337
191.947351763
191.948121827
191.948890532
191.949657879
191.950423871
191.951188511
191.951951801
191.952713743
191.953474339
191.954233593
191.954991506
191.955748081
191.956503321
191.957257226
191.958009801
191.958761047
191.959510966
191.960259562
191.961006835
191.961752789
191.962497426
191.963240749
191.963982759
191.964723459
191.965462851
191.966200937
191.96693772
191.967673203
191.968407387
191.969140274
191.969871868
191.97060217
191.971331182
191.972058907
191.972785347
191.973510505
191.974234382
191.974956982
191.975678305
191.976398355
191.977117133
191.977834643
191.978550885
191.979265863
191.979979579
191.980692034
191.981403231
191.982113173
191.982821861
191.983529298
191.984235486
191.984940427
191.985644123
191.986346577
191.987047791
191.987747766
191.988446506
191.989144011
191.989840286
191.990535331
191.991229149
191.991921741
191.992613111
191.99330326
191.993992191
191.994679905
191.995366405
191.996051693
191.996735771
191.997418641
191.998100305
191.998780766
191.999460026
192.000138086
192.000814949
192.001490616
192.002165091
192.002838375
192.00351047
192.004181379
192.004851103
192.005519644
192.006187005
192.006853188
192.007518194
192.008182026
192.008844687
192.009506177
192.010166499
192.010825656
192.011483648
192.012140479
192.01279615
192.013450663
192.014104021
192.014756225
192.015407278
192.016057181
192.016705937
192.017353547
192.018000014
192.018645339
192.019289525
192.019932573
192.020574486
192.021215266
192.021854914
192.022493433
192.023130825
192.023767091
192.024402234
192.025036255
192.025669157
192.026300941
192.02693161
192.027561166
192.02818961
192.028816944
192.02944317
192.030068291
192.030692309
192.031315224
192.031937039
192.032557757
192.033177379
192.033795906
192.034413342
192.035029687
192.035644945
192.036259116
192.036872202
192.037484206
192.038095129
192.038704974
192.039313742
192.039921435
192.040528055
192.041133604
192.041738084
192.042341497
192.042943844
192.043545128
192.04414535
192.044744512
192.045342617
192.045939665
192.046535659
192.047130601
192.047724493
192.048317335
192.048909132
192.049499883
192.050089591
192.050678258
192.051265885
192.051852475
192.05243803
192.05302255
192.053606039
192.054188497
192.054769927
192.05535033
192.055929708
192.056508064
192.057085398
192.057661713
192.05823701
192.058811292
192.05938456
192.059956815
192.06052806
192.061098297
192.061667526
192.062235751
192.062802972
192.063369192
192.063934412
192.064498634
192.06506186
192.065624092
192.066185331
192.066745578
192.067304837
192.067863108
192.068420394
192.068976695
192.069532014
192.070086353
192.070639713
192.071192096
192.071743504
192.072293938
192.072843401
192.073391893
192.073939416
192.074485973
192.075031565
192.075576194
192.076119861
192.076662568
192.077204317
192.077745109
