7.35431983149
7.44118561291
7.52798268886
7.61471111366
7.70137094162
7.78796222699
7.87448502399
7.96093938679
8.04732536951
8.13364302624
8.21989241101
8.30607357784
8.39218658067
8.47823147342
8.56420830996
8.65011714411
8.73595802967
8.82173102037
8.90743616993
8.99307353198
9.07864316016
9.16414510803
9.24957942913
9.33494617694
9.42024540491
9.50547716644
9.5906415149
9.67573850361
9.76076818584
9.84573061483
9.93062584376
10.0154539258
10.1002149141
10.1849088616
10.2695358214
10.3540958465
10.4385889899
10.5230153044
10.6073748428
10.6916676581
10.7758938029
10.8600533301
10.9441462922
11.028172742
11.112132732
11.1960263149
11.2798535431
11.3636144691
11.4473091454
11.5309376244
11.6144999584
11.6979961997
11.7814264006
11.8647906134
11.9480888902
12.0313212833
12.1144878446
12.1975886263
12.2806236804
12.3635930589
12.4464968137
12.5293349967
12.6121076599
12.6948148549
12.7774566337
12.8600330479
12.9425441493
13.0249899894
13.10737062
13.1896860926
13.2719364587
13.3541217698
13.4362420774
13.5182974329
13.6002878877
13.6822134931
13.7640743003
13.8458703607
13.9276017255
14.0092684458
14.0908705727
14.1724081574
14.2538812509
14.3352899041
14.4166341682
14.4979140939
14.5791297323
14.660281134
14.74136835
14.822391431
14.9033504277
14.9842453909
15.0650763711
15.145843419
15.2265465851
15.30718592
15.3877614742
15.468273298
15.548721442
15.6291059564
15.7094268917
15.789684298
15.8698782256
15.9500087248
16.0300758457
16.1100796385
16.1900201531
16.2698974398
16.3497115484
16.429462529
16.5091504315
16.5887753057
16.6683372016
16.7478361689
16.8272722574
16.9066455169
16.985955997
17.0652037474
17.1443888178
17.2235112576
17.3025711164
17.3815684437
17.4605032891
17.5393757018
17.6181857313
17.6969334269
17.775618838
17.8542420137
17.9328030034
18.0113018561
18.0897386211
18.1681133474
18.2464260842
18.3246768804
18.402865785
18.4809928471
18.5590581154
18.6370616389
18.7150034665
18.7928836468
18.8707022288
18.948459261
19.0261547922
19.103788871
19.181361546
19.2588728659
19.336322879
19.413711634
19.4910391792
19.5683055631
19.645510834
19.7226550404
19.7997382304
19.8767604523
19.9537217545
20.0306221849
20.1074617919
20.1842406235
20.2609587277
20.3376161527
20.4142129463
20.4907491566
20.5672248315
20.6436400188
20.7199947665
20.7962891222
20.8725231338
20.9486968489
21.0248103154
21.1008635808
21.1768566927
21.2527896988
21.3286626465
21.4044755834
21.480228557
21.5559216146
21.6315548037
21.7071281715
21.7826417655
21.8580956329
21.9334898209
22.0088243768
22.0840993477
22.1593147807
22.2344707229
22.3095672214
22.3846043232
22.4595820753
22.5345005246
22.609359718
22.6841597024
22.7589005246
22.8335822314
22.9082048696
22.9827684859
23.057273127
23.1317188395
23.20610567
23.2804336651
23.3547028713
23.4289133352
23.5030651032
23.5771582217
23.651192737
23.7251686957
23.7990861439
23.872945128
23.9467456941
24.0204878886
24.0941717575
24.1677973471
24.2413647033
24.3148738722
24.3883249
24.4617178325
24.5350527157
24.6083295956
24.6815485179
24.7547095286
24.8278126734
24.9008579981
24.9738455485
25.0467753703
25.119647509
25.1924620104
25.2652189199
25.3379182833
25.4105601459
25.4831445533
25.5556715509
25.6281411841
25.7005534983
25.7729085388
25.8452063509
25.9174469799
25.989630471
26.0617568694
26.1338262203
26.2058385688
26.2777939599
26.3496924387
26.4215340503
26.4933188396
26.5650468515
26.636718131
26.708332723
26.7798906722
26.8513920234
26.9228368216
26.9942251112
27.0655569372
27.136832344
27.2080513764
27.2792140789
27.3503204961
27.4213706725
27.4923646526
27.5633024809
27.6341842016
27.7050098593
27.7757794983
27.8464931629
27.9171508973
27.9877527457
28.0582987525
28.1287889617
28.1992234175
28.269602164
28.3399252452
28.4101927052
28.480404588
28.5505609375
28.6206617976
28.6907072123
28.7606972254
28.8306318806
28.9005112219
28.9703352929
29.0401041374
29.109817799
29.1794763215
29.2490797483
29.318628123
29.3881214893
29.4575598907
29.5269433705
29.5962719723
29.6655457394
29.7347647152
29.8039289431
29.8730384664
29.9420933282
30.0110935719
30.0800392407
30.1489303777
30.2177670261
30.2865492289
30.3552770292
30.4239504701
30.4925695945
30.5611344454
30.6296450657
30.6981014983
30.7665037862
30.834851972
30.9031460986
30.9713862088
31.0395723452
31.1077045506
31.1757828677
31.2438073389
31.3117780071
31.3796949145
31.447558104
31.5153676178
31.5831234984
31.6508257883
31.7184745299
31.7860697655
31.8536115374
31.921099888
31.9885348594
32.0559164939
32.1232448337
32.1905199209
32.2577417977
32.3249105061
32.3920260882
32.459088586
32.5260980414
32.5930544966
32.6599579933
32.7268085735
32.7936062789
32.8603511515
32.927043233
32.9936825652
33.0602691898
33.1268031485
33.1932844828
33.2597132346
33.3260894453
33.3924131565
33.4586844097
33.5249032465
33.5910697082
33.6571838364
33.7232456723
33.7892552574
33.855212633
33.9211178403
33.9869709207
34.0527719154
34.1185208655
34.1842178123
34.2498627968
34.3154558602
34.3809970435
34.4464863877
34.511923934
34.5773097231
34.6426437962
34.707926194
34.7731569574
34.8383361273
34.9034637445
34.9685398498
35.0335644839
35.0985376875
35.1634595013
35.228329966
35.2931491221
35.3579170103
35.422633671
35.4872991448
35.5519134723
35.6164766938
35.6809888497
35.7454499805
35.8098601266
35.8742193281
35.9385276255
36.002785059
36.0669916689
36.1311474952
36.1952525783
36.2593069581
36.3233106749
36.3872637687
36.4511662796
36.5150182475
36.5788197124
36.6425707143
36.7062712931
36.7699214886
36.8335213408
36.8970708894
36.9605701742
37.024019235
37.0874181115
37.1507668434
37.2140654703
37.2773140319
37.3405125678
37.4036611176
37.4667597207
37.5298084168
37.5928072452
37.6557562454
37.7186554568
37.7815049188
37.8443046708
37.907054752
37.9697552018
38.0324060594
38.095007364
38.1575591548
38.2200614711
38.2825143518
38.3449178362
38.4072719632
38.469576772
38.5318323015
38.5940385907
38.6561956786
38.718303604
38.7803624059
38.8423721231
38.9043327945
38.9662444588
39.0281071547
39.0899209211
39.1516857966
39.2134018199
39.2750690296
39.3366874643
39.3982571627
39.4597781632
39.5212505044
39.5826742247
39.6440493627
39.7053759567
39.7666540452
39.8278836665
39.8890648589
39.9501976607
40.0112821103
40.0723182458
40.1333061055
40.1942457276
40.2551371502
40.3159804114
40.3767755493
40.4375226021
40.4982216076
40.558872604
40.6194756292
40.6800307211
40.7405379177
40.8009972568
40.8614087763
40.921772514
40.9820885077
41.0423567952
41.1025774141
41.1627504023
41.2228757973
41.2829536369
41.3429839585
41.4029667999
41.4629021986
41.522790192
41.5826308178
41.6424241132
41.7021701159
41.7618688632
41.8215203924
41.881124741
41.9406819461
42.0001920452
42.0596550755
42.1190710742
42.1784400784
42.2377621255
42.2970372525
42.3562654965
42.4154468946
42.4745814838
42.5336693013
42.5927103839
42.6517047686
42.7106524925
42.7695535923
42.8284081049
42.8872160673
42.9459775162
43.0046924884
43.0633610207
43.1219831498
43.1805589124
43.2390883452
43.2975714848
43.3560083678
43.4143990309
43.4727435105
43.5310418432
43.5892940656
43.647500214
43.705660325
43.7637744349
43.8218425801
43.879864797
43.9378411219
43.9957715911
44.0536562408
44.1114951074
44.169288227
44.2270356357
44.2847373699
44.3423934655
44.4000039587
44.4575688855
44.5150882821
44.5725621843
44.6299906282
44.6873736498
44.7447112849
44.8020035695
44.8592505394
44.9164522305
44.9736086785
45.0307199194
45.0877859887
45.1448069224
45.2017827559
45.2587135251
45.3155992656
45.3724400129
45.4292358028
45.4859866706
45.542692652
45.5993537825
45.6559700975
45.7125416325
45.7690684228
45.825550504
45.8819879113
45.9383806801
45.9947288457
46.0510324434
46.1072915084
46.163506076
46.2196761812
46.2758018594
46.3318831457
46.387920075
46.4439126827
46.4998610036
46.5557650728
46.6116249254
46.6674405963
46.7232121204
46.7789395327
46.834622868
46.8902621612
46.9458574472
47.0014087607
47.0569161366
47.1123796095
47.1677992143
47.2231749855
47.278506958
47.3337951662
47.3890396449
47.4442404286
47.4993975519
47.5545110493
47.6095809553
47.6646073044
47.7195901311
47.7745294697
47.8294253547
47.8842778205
47.9390869013
47.9938526315
48.0485750453
48.1032541772
48.1578900612
48.2124827315
48.2670322225
48.3215385681
48.3760018026
48.43042196
48.4847990745
48.53913318
48.5934243105
48.6476725001
48.7018777828
48.7560401923
48.8101597628
48.864236528
48.9182705219
48.9722617781
49.0262103306
49.0801162131
49.1339794594
49.1878001032
49.2415781782
49.295313718
49.3490067563
49.4026573267
49.4562654629
49.5098311983
49.5633545665
49.616835601
49.6702743353
49.7236708029
49.7770250371
49.8303370714
49.8836069392
49.9368346738
49.9900203086
50.0431638768
50.0962654117
50.1493249465
50.2023425146
50.255318149
50.3082518829
50.3611437495
50.4139937819
50.4668020132
50.5195684764
50.5722932046
50.6249762308
50.677617588
50.7302173091
50.782775427
50.8352919747
50.8877669851
50.940200491
50.9925925251
51.0449431205
51.0972523097
51.1495201255
51.2017466008
51.2539317681
51.3060756602
51.3581783096
51.4102397491
51.4622600112
51.5142391284
51.5661771334
51.6180740586
51.6699299366
51.7217447997
51.7735186805
51.8252516113
51.8769436245
51.9285947526
51.9802050278
52.0317744824
52.0833031488
52.1347910592
52.1862382458
52.2376447409
52.2890105766
52.3403357851
52.3916203985
52.4428644489
52.4940679684
52.5452309891
52.596353543
52.6474356622
52.6984773785
52.7494787239
52.8004397305
52.85136043
52.9022408543
52.9530810354
53.0038810051
53.0546407951
53.1053604372
53.1560399632
53.2066794049
53.2572787938
53.3078381618
53.3583575404
53.4088369612
53.459276456
53.5096760563
53.5600357935
53.6103556993
53.6606358052
53.7108761426
53.761076743
53.8112376378
53.8613588584
53.9114404362
53.9614824026
54.0114847889
54.0614476263
54.1113709463
54.1612547799
54.2110991585
54.2609041133
54.3106696755
54.3603958761
54.4100827464
54.4597303174
54.5093386203
54.558907686
54.6084375457
54.6579282302
54.7073797708
54.7567921981
54.8061655433
54.8554998373
54.9047951108
54.9540513948
55.0032687201
55.0524471176
55.101586618
55.150687252
55.1997490505
55.2487720441
55.2977562635
55.3467017395
55.3956085025
55.4444765834
55.4933060126
55.5420968207
55.5908490383
55.6395626959
55.688237824
55.7368744531
55.7854726136
55.834032336
55.8825536506
55.9310365878
55.979481178
56.0278874515
56.0762554387
56.1245851697
56.1728766749
56.2211299845
56.2693451287
56.3175221377
56.3656610416
56.4137618706
56.4618246549
56.5098494244
56.5578362093
56.6057850396
56.6536959454
56.7015689565
56.7494041031
56.797201415
56.8449609221
56.8926826545
56.9403666419
56.9880129142
57.0356215012
57.0831924328
57.1307257387
57.1782214486
57.2256795924
57.2731001998
57.3204833003
57.3678289237
57.4151370997
57.4624078578
57.5096412276
57.5568372388
57.6039959208
57.6511173032
57.6982014155
57.7452482872
57.7922579477
57.8392304264
57.8861657528
57.9330639563
57.9799250661
58.0267491117
58.0735361224
58.1202861274
58.1669991561
58.2136752376
58.2603144012
58.3069166761
58.3534820915
58.4000106765
58.4465024603
58.4929574719
58.5393757405
58.5857572951
58.6321021647
58.6784103784
58.7246819651
58.7709169539
58.8171153736
58.8632772533
58.9094026217
58.9554915078
59.0015439404
59.0475599484
59.0935395606
59.1394828057
59.1853897126
59.2312603099
59.2770946264
59.3228926907
59.3686545317
59.4143801778
59.4600696578
59.5057230002
59.5513402336
59.5969213866
59.6424664877
59.6879755654
59.7334486483
59.7788857647
59.8242869432
59.8696522121
59.9149816
59.960275135
60.0055328457
60.0507547603
60.0959409072
60.1410913145
60.1862060108
60.231285024
60.2763283826
60.3213361146
60.3663082482
60.4112448117
60.4561458331
60.5010113406
60.5458413623
60.5906359261
60.6353950602
60.6801187926
60.7248071513
60.7694601642
60.8140778593
60.8586602646
60.903207408
60.9477193173
60.9921960204
61.0366375452
61.0810439195
61.1254151711
61.1697513278
61.2140524173
61.2583184673
61.3025495057
61.34674556
61.3909066579
61.4350328272
61.4791240953
61.52318049
61.5672020388
61.6111887692
61.6551407089
61.6990578853
61.7429403259
61.7867880582
61.8306011096
61.8743795076
61.9181232796
61.961832453
62.0055070551
62.0491471133
62.0927526548
62.1363237071
62.1798602974
62.2233624529
62.2668302009
62.3102635685
62.3536625831
62.3970272717
62.4403576615
62.4836537796
62.5269156532
62.5701433093
62.613336775
62.6564960773
62.6996212432
62.7427122998
62.7857692741
62.8287921929
62.8717810832
62.914735972
62.9576568861
63.0005438524
63.0433968978
63.086216049
63.1290013329
63.1717527763
63.214470406
63.2571542486
63.2998043309
63.3424206797
63.3850033215
63.4275522831
63.4700675911
63.5125492721
63.5549973527
63.5974118595
63.639792819
63.6821402578
63.7244542024
63.7667346792
63.8089817148
63.8511953356
63.893375568
63.9355224385
63.9776359734
64.019716199
64.0617631418
64.1037768281
64.1457572841
64.1877045362
64.2296186105
64.2714995335
64.3133473311
64.3551620298
64.3969436556
64.4386922347
64.4804077933
64.5220903574
64.5637399532
64.6053566067
64.646940344
64.6884911911
64.7300091741
64.7714943189
64.8129466515
64.8543661979
64.8957529839
64.9371070356
64.9784283787
65.0197170392
65.0609730429
65.1021964157
65.1433871833
65.1845453716
65.2256710062
65.2667641131
65.3078247178
65.3488528461
65.3898485236
65.4308117761
65.4717426292
65.5126411086
65.5535072397
65.5943410482
65.6351425598
65.6759117998
65.7166487939
65.7573535675
65.7980261462
65.8386665553
65.8792748204
65.9198509669
65.9603950201
66.0009070055
66.0413869483
66.0818348741
66.122250808
66.1626347754
66.2029868016
66.2433069118
66.2835951313
66.3238514853
66.364075999
66.4042686976
66.4444296062
66.48455875
66.5246561542
66.5647218437
66.6047558438
66.6447581795
66.6847288757
66.7246679576
66.7645754502
66.8044513784
66.8442957671
66.8841086415
66.9238900262
66.9636399464
67.0033584268
67.0430454924
67.0827011679
67.1223254782
67.1619184482
67.2014801025
67.241010466
67.2805095635
67.3199774195
67.359414059
67.3988195064
67.4381937866
67.4775369242
67.5168489438
67.5561298699
67.5953797273
67.6345985405
67.673786334
67.7129431323
67.7520689601
67.7911638417
67.8302278017
67.8692608645
67.9082630546
67.9472343963
67.9861749141
68.0250846323
68.0639635754
68.1028117676
68.1416292332
68.1804159967
68.2191720822
68.257897514
68.2965923164
68.3352565136
68.3738901298
68.4124931892
68.4510657159
68.4896077342
68.5281192681
68.5666003417
68.6050509792
68.6434712046
68.6818610419
68.7202205153
68.7585496487
68.796848466
68.8351169914
68.8733552488
68.911563262
68.9497410551
68.9878886518
69.0260060762
69.064093352
69.1021505032
69.1401775534
69.1781745267
69.2161414466
69.2540783371
69.2919852218
69.3298621245
69.3677090689
69.4055260787
69.4433131776
69.4810703892
69.5187977372
69.5564952452
69.5941629368
69.6318008355
69.669408965
69.7069873488
69.7445360104
69.7820549733
69.819544261
69.857003897
69.8944339047
69.9318343076
69.9692051291
70.0065463926
70.0438581214
70.081140339
70.1183930686
70.1556163336
70.1928101573
70.2299745629
70.2671095738
70.3042152132
70.3412915044
70.3783384704
70.4153561346
70.4523445201
70.4893036501
70.5262335477
70.563134236
70.6000057381
70.6368480771
70.6736612762
70.7104453582
70.7472003463
70.7839262635
70.8206231327
70.857290977
70.8939298192
70.9305396824
70.9671205895
71.0036725633
71.0401956267
71.0766898026
71.1131551139
71.1495915834
71.1859992339
71.2223780882
71.258728169
71.2950494992
71.3313421014
71.3676059984
71.4038412129
71.4400477676
71.4762256852
71.5123749882
71.5484956993
71.5845878412
71.6206514365
71.6566865076
71.6926930772
71.7286711679
71.7646208021
71.8005420023
71.8364347911
71.8722991909
71.9081352242
71.9439429134
71.9797222809
72.0154733491
72.0511961404
72.0868906773
72.1225569819
72.1581950767
72.1938049839
72.2293867259
72.2649403249
72.3004658032
72.3359631831
72.3714324867
72.4068737363
72.442286954
72.4776721621
72.5130293826
72.5483586378
72.5836599497
72.6189333404
72.654178832
72.6893964467
72.7245862063
72.7597481331
72.7948822489
72.8299885758
72.8650671357
72.9001179507
72.9351410426
72.9701364335
73.0051041451
73.0400441994
73.0749566183
73.1098414236
73.1446986372
73.1795282809
73.2143303765
73.2491049457
73.2838520104
73.3185715924
73.3532637133
73.3879283948
73.4225656587
73.4571755267
73.4917580204
73.5263131615
73.5608409716
73.5953414723
73.6298146852
73.664260632
73.6986793341
73.7330708132
73.7674350907
73.8017721882
73.8360821272
73.8703649291
73.9046206154
73.9388492076
73.9730507271
74.0072251953
74.0413726336
74.0754930634
74.109586506
74.1436529828
74.1776925151
74.2117051242
74.2456908315
74.2796496581
74.3135816255
74.3474867547
74.381365067
74.4152165837
74.449041326
74.4828393149
74.5166105717
74.5503551175
74.5840729735
74.6177641607
74.6514287003
74.6850666133
74.7186779208
74.7522626438
74.7858208033
74.8193524205
74.8528575161
74.8863361113
74.919788227
74.9532138842
74.9866131037
75.0199859064
75.0533323134
75.0866523454
75.1199460233
75.1532133679
75.1864544001
75.2196691408
75.2528576106
75.2860198303
75.3191558208
75.3522656028
75.3853491969
75.418406624
75.4514379047
75.4844430597
75.5174221096
75.5503750752
75.583301977
75.6162028356
75.6490776717
75.6819265058
75.7147493585
75.7475462503
75.7803172018
75.8130622335
75.8457813659
75.8784746195
75.9111420148
75.9437835721
75.976399312
76.0089892548
76.041553421
76.074091831
76.1066045051
76.1390914636
76.171552727
76.2039883155
76.2363982495
76.2687825492
76.3011412349
76.3334743268
76.3657818453
76.3980638106
76.4303202428
76.4625511621
76.4947565888
76.5269365429
76.5590910447
76.5912201143
76.6233237718
76.6554020372
76.6874549307
76.7194824723
76.7514846822
76.7834615802
76.8154131865
76.8473395211
76.8792406038
76.9111164548
76.942967094
76.9747925412
77.0065928165
77.0383679397
77.0701179308
77.1018428096
77.1335425959
77.1652173097
77.1968669707
77.2284915988
77.2600912137
77.2916658354
77.3232154834
77.3547401776
77.3862399377
77.4177147834
77.4491647345
77.4805898106
77.5119900314
77.5433654165
77.5747159857
77.6060417585
77.6373427545
77.6686189934
77.6998704947
77.731097278
77.7622993628
77.7934767687
77.8246295152
77.8557576217
77.8868611079
77.9179399931
77.9489942969
77.9800240386
78.0110292376
78.0420099135
78.0729660856
78.1038977732
78.1348049958
78.1656877727
78.1965461232
78.2273800667
78.2581896224
78.2889748096
78.3197356476
78.3504721558
78.3811843532
78.4118722592
78.4425358929
78.4731752736
78.5037904204
78.5343813526
78.5649480891
78.5954906493
78.6260090522
78.6565033169
78.6869734626
78.7174195082
78.7478414729
78.7782393757
78.8086132356
78.8389630716
78.8692889028
78.8995907482
78.9298686266
78.9601225571
78.9903525587
79.0205586501
79.0507408504
79.0808991784
79.1110336531
79.1411442932
79.1712311177
79.2012941453
79.231333395
79.2613488854
79.2913406355
79.3213086639
79.3512529894
79.3811736308
79.4110706069
79.4409439363
79.4707936377
79.5006197298
79.5304222314
79.560201161
79.5899565373
79.6196883789
79.6493967045
79.6790815326
79.7087428818
79.7383807708
79.767995218
79.797586242
79.8271538613
79.8566980944
79.8862189599
79.9157164762
79.9451906618
79.9746415351
80.0040691146
80.0334734187
80.0628544658
80.0922122743
80.1215468625
80.150858249
80.1801464519
80.2094114896
80.2386533805
80.2678721429
80.2970677951
80.3262403552
80.3553898417
80.3845162727
80.4136196665
80.4427000414
80.4717574154
80.5007918068
80.5298032339
80.5587917146
80.5877572673
80.61669991
80.6456196609
80.674516538
80.7033905594
80.7322417433
80.7610701077
80.7898756706
80.8186584501
80.8474184642
80.8761557309
80.9048702682
80.933562094
80.9622312264
80.9908776833
81.0195014825
81.0481026422
81.07668118
81.105237114
81.133770462
81.1622812419
81.1907694716
81.2192351687
81.2476783513
81.2760990371
81.3044972438
81.3328729894
81.3612262914
81.3895571678
81.4178656361
81.4461517142
81.4744154198
81.5026567705
81.530875784
81.5590724781
81.5872468703
81.6153989783
81.6435288197
81.6716364121
81.6997217731
81.7277849204
81.7558258714
81.7838446438
81.8118412551
81.8398157227
81.8677680643
81.8956982973
81.9236064392
81.9514925075
81.9793565196
82.007198493
82.0350184451
82.0628163933
82.0905923551
82.1183463478
82.1460783888
82.1737884955
82.2014766852
82.2291429752
82.2567873829
82.2844099256
82.3120106205
82.339589485
82.3671465363
82.3946817917
82.4221952684
82.4496869836
82.4771569546
82.5046051985
82.5320317325
82.5594365739
82.5868197397
82.6141812471
82.6415211132
82.6688393552
82.6961359902
82.7234110351
82.7506645072
82.7778964235
82.805106801
82.8322956568
82.8594630079
82.8866088713
82.9137332639
82.9408362029
82.9679177051
82.9949777874
83.022016467
83.0490337606
83.0760296852
83.1030042576
83.1299574949
83.1568894138
83.1838000312
83.2106893639
83.2375574289
83.2644042428
83.2912298226
83.318034185
83.3448173469
83.3715793248
83.3983201357
83.4250397963
83.4517383233
83.4784157333
83.5050720432
83.5317072696
83.5583214292
83.5849145386
83.6114866145
83.6380376735
83.6645677322
83.6910768074
83.7175649154
83.744032073
83.7704782968
83.7969036032
83.8233080087
83.8496915301
83.8760541837
83.902395986
83.9287169537
83.955017103
83.9812964506
84.0075550128
84.0337928061
84.0600098469
84.0862061517
84.1123817368
84.1385366186
84.1646708135
84.1907843379
84.2168772081
84.2429494404
84.2690010512
84.2950320568
84.3210424735
84.3470323175
84.3730016052
84.3989503527
84.4248785764
84.4507862925
84.4766735171
84.5025402666
84.5283865571
84.5542124047
84.5800178257
84.6058028361
84.6315674523
84.6573116902
84.6830355659
84.7087390957
84.7344222956
84.7600851817
84.7857277699
84.8113500765
84.8369521174
84.8625339087
84.8880954664
84.9136368064
84.9391579448
84.9646588976
84.9901396806
85.01560031
85.0410408015
85.0664611712
85.091861435
85.1172416087
85.1426017082
85.1679417495
85.1932617484
85.2185617207
85.2438416823
85.2691016489
85.2943416366
85.3195616609
85.3447617377
85.3699418829
85.3951021121
85.4202424411
85.4453628856
85.4704634615
85.4955441843
85.5206050698
85.5456461337
85.5706673916
85.5956688593
85.6206505524
85.6456124864
85.6705546772
85.6954771402
85.720379891
85.7452629453
85.7701263187
85.7949700266
85.8197940847
85.8445985086
85.8693833136
85.8941485154
85.9188941294
85.9436201712
85.9683266562
85.9930135999
86.0176810177
86.0423289252
86.0669573376
86.0915662705
86.1161557393
86.1407257593
86.1652763459
86.1898075145
86.2143192805
86.2388116591
86.2632846659
86.2877383159
86.3121726247
86.3365876074
86.3609832793
86.3853596558
86.4097167521
86.4340545834
86.458373165
86.4826725121
86.5069526399
86.5312135636
86.5554552984
86.5796778595
86.6038812621
86.6280655212
86.6522306521
86.6763766698
86.7005035896
86.7246114264
86.7487001954
86.7727699117
86.7968205903
86.8208522464
86.8448648948
86.8688585507
86.8928332292
86.9167889451
86.9407257135
86.9646435495
86.9885424679
87.0124224837
87.0362836119
87.0601258674
87.0839492651
87.1077538201
87.131539547
87.155306461
87.1790545767
87.2027839092
87.2264944733
87.2501862837
87.2738593554
87.2975137031
87.3211493417
87.344766286
87.3683645507
87.3919441506
87.4155051006
87.4390474152
87.4625711094
87.4860761977
87.509562695
87.5330306159
87.5564799752
87.5799107874
87.6033230673
87.6267168295
87.6500920887
87.6734488595
87.6967871566
87.7201069945
87.7434083878
87.7666913512
87.7899558991
87.8132020463
87.8364298072
87.8596391963
87.8828302283
87.9060029176
87.9291572787
87.9522933261
87.9754110744
87.9985105379
88.0215917312
88.0446546686
88.0676993647
88.0907258339
88.1137340906
88.1367241491
88.1596960239
88.1826497294
88.20558528
88.2285026899
88.2514019735
88.2742831452
88.2971462194
88.3199912102
88.3428181321
88.3656269993
88.388417826
88.4111906266
88.4339454154
88.4566822065
88.4794010142
88.5021018527
88.5247847363
88.5474496791
88.5700966953
88.5927257991
88.6153370047
88.6379303263
88.6605057779
88.6830633737
88.7056031278
88.7281250544
88.7506291676
88.7731154813
88.7955840098
88.818034767
88.8404677671
88.8628830241
88.885280552
88.9076603648
88.9300224765
88.9523669012
88.9746936529
88.9970027454
89.0192941929
89.0415680091
89.0638242082
89.086062804
89.1082838104
89.1304872414
89.1526731108
89.1748414325
89.1969922205
89.2191254886
89.2412412506
89.2633395205
89.2854203119
89.3074836388
89.329529515
89.3515579542
89.3735689703
89.3955625771
89.4175387882
89.4394976176
89.4614390788
89.4833631857
89.505269952
89.5271593914
89.5490315175
89.5708863442
89.5927238851
89.6145441538
89.636347164
89.6581329294
89.6799014635
89.7016527801
89.7233868928
89.7451038151
89.7668035607
89.7884861431
89.8101515759
89.8317998727
89.853431047
89.8750451124
89.8966420824
89.9182219705
89.9397847903
89.9613305552
89.9828592787
90.0043709744
90.0258656556
90.0473433358
90.0688040285
90.0902477472
90.1116745051
90.1330843159
90.1544771927
90.1758531492
90.1972121985
90.2185543542
90.2398796296
90.2611880379
90.2824795927
90.3037543071
90.3250121945
90.3462532683
90.3674775416
90.3886850279
90.4098757404
90.4310496923
90.4522068969
90.4733473675
90.4944711172
90.5155781594
90.5366685072
90.5577421739
90.5787991725
90.5998395164
90.6208632187
90.6418702925
90.662860751
90.6838346074
90.7047918747
90.7257325661
90.7466566947
90.7675642736
90.788455316
90.8093298347
90.8301878431
90.851029354
90.8718543806
90.8926629358
90.9134550328
90.9342306845
90.954989904
90.9757327041
90.996459098
91.0171690986
91.0378627189
91.0585399718
91.0792008703
91.0998454272
91.1204736556
91.1410855683
91.1616811783
91.1822604984
91.2028235415
91.2233703206
91.2439008484
91.2644151378
91.2849132017
91.3053950529
91.3258607041
91.3463101684
91.3667434583
91.3871605868
91.4075615666
91.4279464105
91.4483151312
91.4686677415
91.4890042541
91.5093246818
91.5296290374
91.5499173334
91.5701895826
91.5904457977
91.6106859914
91.6309101764
91.6511183653
91.6713105707
91.6914868054
91.7116470819
91.7317914128
91.7519198108
91.7720322885
91.7921288585
91.8122095333
91.8322743256
91.8523232478
91.8723563126
91.8923735325
91.9123749199
91.9323604875
91.9523302478
91.9722842132
91.9922223962
92.0121448094
92.0320514651
92.0519423759
92.0718175543
92.0916770126
92.1115207632
92.1313488187
92.1511611915
92.1709578938
92.1907389382
92.210504337
92.2302541026
92.2499882474
92.2697067836
92.2894097237
92.30909708
92.3287688648
92.3484250904
92.3680657692
92.3876909134
92.4073005353
92.4268946472
92.4464732614
92.4660363901
92.4855840456
92.5051162401
92.5246329858
92.544134295
92.5636201798
92.5830906525
92.6025457253
92.6219854103
92.6414097197
92.6608186657
92.6802122603
92.6995905159
92.7189534444
92.7383010581
92.757633369
92.7769503892
92.7962521309
92.815538606
92.8348098268
92.8540658052
92.8733065533
92.8925320831
92.9117424068
92.9309375362
92.9501174835
92.9692822607
92.9884318797
93.0075663525
93.0266856911
93.0457899075
93.0648790136
93.0839530215
93.103011943
93.12205579
93.1410845745
93.1600983085
93.1790970037
93.1980806722
93.2170493257
93.2360029762
93.2549416355
93.2738653155
93.2927740281
93.311667785
93.3305465981
93.3494104792
93.3682594402
93.3870934928
93.4059126489
93.4247169201
93.4435063183
93.4622808553
93.4810405427
93.4997853924
93.5185154161
93.5372306255
93.5559310323
93.5746166482
93.593287485
93.6119435543
93.6305848678
93.6492114371
93.667823274
93.6864203901
93.7050027969
93.7235705063
93.7421235297
93.7606618789
93.7791855653
93.7976946007
93.8161889965
93.8346687644
93.853133916
93.8715844627
93.8900204162
93.9084417881
93.9268485897
93.9452408327
93.9636185285
93.9819816888
94.0003303249
94.0186644484
94.0369840707
94.0552892033
94.0735798576
94.0918560452
94.1101177775
94.1283650658
94.1465979217
94.1648163565
94.1830203817
94.2012100085
94.2193852486
94.2375461131
94.2556926134
94.2738247611
94.2919425673
94.3100460434
94.3281352008
94.3462100508
94.3642706047
94.3823168738
94.4003488695
94.4183666029
94.4363700854
94.4543593283
94.4723343428
94.4902951401
94.5082417316
94.5261741284
94.5440923418
94.561996383
94.5798862632
94.5977619936
94.6156235855
94.6334710498
94.651304398
94.6691236411
94.6869287902
94.7047198566
94.7224968513
94.7402597855
94.7580086703
94.7757435169
94.7934643363
94.8111711396
94.8288639379
94.8465427423
94.8642075639
94.8818584136
94.8994953027
94.917118242
94.9347272427
94.9523223158
94.9699034722
94.987470723
95.0050240792
95.0225635518
95.0400891517
95.05760089
95.0750987776
95.0925828254
95.1100530444
95.1275094455
95.1449520397
95.1623808379
95.179795851
95.1971970899
95.2145845654
95.2319582886
95.2493182702
95.2666645211
95.2839970522
95.3013158743
95.3186209984
95.3359124351
95.3531901954
95.37045429
95.3877047298
95.4049415255
95.4221646881
95.4393742281
95.4565701565
95.4737524839
95.4909212212
95.5080763791
95.5252179683
95.5423459995
95.5594604835
95.5765614311
95.5936488528
95.6107227595
95.6277831617
95.6448300702
95.6618634956
95.6788834487
95.69588994
95.7128829802
95.72986258
95.74682875
95.7637815008
95.780720843
95.7976467872
95.814559344
95.8314585241
95.8483443379
95.8652167961
95.8820759092
95.8989216878
95.9157541424
95.9325732836
95.9493791219
95.9661716678
95.9829509319
95.9997169245
96.0164696563
96.0332091378
96.0499353793
96.0666483914
96.0833481845
96.1000347691
96.1167081557
96.1333683546
96.1500153764
96.1666492314
96.18326993
96.1998774827
96.2164718998
96.2330531918
96.249621369
96.2661764417
96.2827184205
96.2992473155
96.3157631372
96.332265896
96.348755602
96.3652322657
96.3816958974
96.3981465073
96.4145841059
96.4310087033
96.4474203099
96.4638189359
96.4802045916
96.4965772872
96.5129370331
96.5292838394
96.5456177164
96.5619386743
96.5782467233
96.5945418736
96.6108241355
96.6270935192
96.6433500347
96.6595936924
96.6758245023
96.6920424746
96.7082476196
96.7244399472
96.7406194678
96.7567861913
96.7729401279
96.7890812878
96.805209681
96.8213253176
96.8374282078
96.8535183616
96.869595789
96.8856605002
96.9017125052
96.9177518141
96.9337784368
96.9497923835
96.9657936641
96.9817822887
96.9977582673
97.0137216099
97.0296723264
97.0456104269
97.0615359214
97.0774488197
97.093349132
97.1092368681
97.1251120379
97.1409746515
97.1568247187
97.1726622495
97.1884872538
97.2042997415
97.2200997225
97.2358872067
97.2516622039
97.2674247241
97.2831747771
97.2989123728
97.314637521
97.3303502316
97.3460505144
97.3617383793
97.377413836
97.3930768944
97.4087275643
97.4243658554
97.4399917777
97.4556053408
97.4712065545
97.4867954286
97.5023719729
97.5179361971
97.533488111
97.5490277242
97.5645550466
97.5800700878
97.5955728576
97.6110633657
97.6265416217
97.6420076353
97.6574614163
97.6729029743
97.688332319
97.70374946
97.719154407
97.7345471697
97.7499277576
97.7652961804
97.7806524478
97.7959965693
97.8113285545
97.8266484131
97.8419561546
97.8572517886
97.8725353248
97.8878067725
97.9030661416
97.9183134414
97.9335486815
97.9487718715
97.9639830208
97.9791821391
97.9943692359
98.0095443205
98.0247074026
98.0398584917
98.0549975972
98.0701247285
98.0852398953
98.1003431068
98.1154343727
98.1305137023
98.1455811051
98.1606365905
98.1756801679
98.1907118468
98.2057316366
98.2207395466
98.2357355863
98.2507197651
98.2656920922
98.2806525772
98.2956012294
98.3105380581
98.3254630727
98.3403762826
98.355277697
98.3701673253
98.3850451768
98.3999112609
98.4147655868
98.4296081638
98.4444390013
98.4592581085
98.4740654947
98.4888611692
98.5036451412
98.51841742
98.5331780148
98.5479269349
98.5626641896
98.5773897879
98.5921037392
98.6068060527
98.6214967376
98.636175803
98.6508432582
98.6654991124
98.6801433747
98.6947760542
98.7093971602
98.7240067019
98.7386046882
98.7531911285
98.7677660318
98.7823294072
98.7968812639
98.811421611
98.8259504576
98.8404678127
98.8549736855
98.8694680851
98.8839510204
98.8984225007
98.9128825349
98.9273311321
98.9417683014
98.9561940518
98.9706083922
98.9850113319
98.9994028796
99.0137830446
99.0281518357
99.042509262
99.0568553325
99.0711900561
99.0855134418
99.0998254986
99.1141262355
99.1284156613
99.1426937851
99.1569606158
99.1712161623
99.1854604335
99.1996934384
99.2139151859
99.2281256848
99.2423249441
99.2565129727
99.2706897794
99.2848553731
99.2990097627
99.3131529571
99.327284965
99.3414057955
99.3555154572
99.369613959
99.3837013098
99.3977775184
99.4118425935
99.4258965441
99.4399393788
99.4539711065
99.467991736
99.482001276
99.4959997354
99.5099871228
99.5239634471
99.5379287169
99.5518829411
99.5658261284
99.5797582874
99.593679427
99.6075895558
99.6214886825
99.6353768159
99.6492539647
99.6631201375
99.6769753429
99.6908195898
99.7046528867
99.7184752424
99.7322866654
99.7460871644
99.7598767481
99.773655425
99.7874232039
99.8011800933
99.8149261019
99.8286612382
99.8423855108
99.8560989285
99.8698014996
99.8834932329
99.8971741368
99.91084422
99.924503491
99.9381519583
99.9517896306
99.9654165162
99.9790326239
99.9926379621
100.006232539
100.019816364
100.033389445
100.04695179
100.060503408
100.074044308
100.087574498
100.101093986
100.114602781
100.128100892
100.141588326
100.155065093
100.1685312
100.181986656
100.19543147
100.20886565
100.222289205
100.235702142
100.24910447
100.262496198
100.275877334
100.289247887
100.302607864
100.315957274
100.329296125
100.342624426
100.355942186
100.369249412
100.382546113
100.395832296
100.409107972
100.422373147
100.43562783
100.448872029
100.462105753
100.47532901
100.488541809
100.501744157
100.514936062
100.528117534
100.541288579
100.554449208
100.567599427
100.580739245
100.59386867
100.606987711
100.620096375
100.633194671
100.646282608
100.659360192
100.672427433
100.685484339
100.698530917
100.711567176
100.724593125
100.737608771
100.750614122
100.763609187
100.776593973
100.789568489
100.802532743
100.815486744
100.828430498
100.841364015
100.854287302
100.867200368
100.88010322
100.892995867
100.905878316
100.918750576
100.931612656
100.944464562
100.957306303
100.970137887
100.982959321
100.995770615
101.008571776
101.021362813
101.034143732
101.046914542
101.059675251
101.072425868
101.085166399
101.097896854
101.110617239
101.123327564
101.136027835
101.148718061
101.16139825
101.17406841
101.186728548
101.199378673
101.212018793
101.224648915
101.237269047
101.249879198
101.262479375
101.275069586
101.287649838
101.300220141
101.312780501
101.325330927
101.337871426
101.350402006
101.362922676
101.375433442
101.387934313
101.400425297
101.412906401
101.425377633
101.437839002
101.450290514
101.462732178
101.475164001
101.487585991
101.499998157
101.512400505
101.524793043
101.53717578
101.549548723
101.56191188
101.574265258
101.586608865
101.59894271
101.611266799
101.62358114
101.635885742
101.648180611
101.660465756
101.672741184
101.685006903
101.697262921
101.709509245
101.721745882
101.733972842
101.74619013
101.758397755
101.770595725
101.782784048
101.794962729
101.807131779
101.819291203
101.83144101
101.843581207
101.855711802
101.867832803
101.879944216
101.89204605
101.904138313
101.916221011
101.928294152
101.940357745
101.952411796
101.964456312
101.976491303
101.988516774
102.000532734
102.01253919
102.02453615
102.036523621
102.04850161
102.060470126
102.072429175
102.084378765
102.096318904
102.1082496
102.120170858
102.132082688
102.143985096
102.15587809
102.167761678
102.179635866
102.191500662
102.203356075
102.21520211
102.227038776
102.238866079
102.250684029
102.26249263
102.274291892
102.286081822
102.297862426
102.309633713
102.321395689
102.333148362
102.34489174
102.356625829
102.368350637
102.380066172
102.391772441
102.40346945
102.415157208
102.426835722
102.438504999
102.450165045
102.46181587
102.47345748
102.485089881
102.496713083
102.508327091
102.519931913
102.531527556
102.543114028
102.554691335
102.566259486
102.577818487
102.589368346
102.600909069
102.612440665
102.623963139
102.6354765
102.646980755
102.65847591
102.669961974
102.681438953
102.692906854
102.704365685
102.715815452
102.727256164
102.738687826
102.750110447
102.761524033
102.772928592
102.784324131
102.795710656
102.807088175
102.818456696
102.829816224
102.841166768
102.852508335
102.86384093
102.875164563
102.886479239
102.897784966
102.909081751
102.920369601
102.931648522
102.942918523
102.95417961
102.96543179
102.976675071
102.987909458
102.99913496
103.010351583
103.021559335
103.032758222
103.043948251
103.05512943
103.066301765
103.077465263
103.088619932
103.099765778
103.110902809
103.12203103
103.13315045
103.144261075
103.155362913
103.166455969
103.177540252
103.188615768
103.199682523
103.210740526
103.221789782
103.232830299
103.243862083
103.254885143
103.265899483
103.276905112
103.287902036
103.298890262
103.309869798
103.320840649
103.331802823
103.342756326
103.353701166
103.364637349
103.375564882
103.386483773
103.397394027
103.408295652
103.419188654
103.430073041
103.440948818
103.451815994
103.462674574
103.473524566
103.484365977
103.495198812
103.506023079
103.516838785
103.527645937
103.53844454
103.549234603
103.560016131
103.570789132
103.581553612
103.592309578
103.603057036
103.613795994
103.624526458
103.635248436
103.645961932
103.656666955
103.667363511
103.678051607
103.688731249
103.699402444
103.710065198
103.72071952
103.731365414
103.742002888
103.752631948
103.763252602
103.773864855
103.784468715
103.795064187
103.805651279
103.816229998
103.826800349
103.83736234
103.847915977
103.858461267
103.868998216
103.879526831
103.890047118
103.900559085
103.911062737
103.921558082
103.932045125
103.942523874
103.952994334
103.963456513
103.973910418
103.984356054
103.994793428
104.005222546
104.015643416
104.026056044
104.036460436
104.046856598
104.057244538
104.067624262
104.077995776
104.088359087
104.098714201
104.109061124
104.119399864
104.129730427
104.140052819
104.150367046
104.160673116
104.170971034
104.181260807
104.191542442
104.201815944
104.21208132
104.222338578
104.232587722
104.24282876
104.253061698
104.263286543
104.2735033
104.283711976
104.293912578
104.304105112
104.314289584
104.324466001
104.334634369
104.344794695
104.354946984
104.365091243
104.375227479
104.385355698
104.395475906
104.405588109
104.415692315
104.425788528
104.435876757
104.445957005
104.456029282
104.466093591
104.47614994
104.486198336
104.496238783
104.50627129
104.516295861
104.526312503
104.536321223
104.546322027
104.55631492
104.56629991
104.576277002
104.586246203
104.596207519
104.606160956
104.616106521
104.626044219
104.635974057
104.645896042
104.655810178
104.665716474
104.675614933
104.685505564
104.695388372
104.705263363
104.715130544
104.72498992
104.734841499
104.744685285
104.754521285
104.764349506
104.774169953
104.783982633
104.793787552
104.803584715
104.81337413
104.823155802
104.832929737
104.842695941
104.852454421
104.862205183
104.871948232
104.881683576
104.891411219
104.901131168
104.910843429
104.920548009
104.930244913
104.939934147
104.949615718
104.959289631
104.968955892
104.978614508
104.988265485
104.997908829
105.007544545
105.01717264
105.026793119
105.03640599
105.046011257
105.055608927
105.065199006
105.0747815
105.084356415
105.093923756
105.103483531
105.113035744
105.122580402
105.13211751
105.141647076
105.151169104
105.1606836
105.170190572
105.179690024
105.189181962
105.198666393
105.208143322
105.217612756
105.2270747
105.23652916
105.245976142
105.255415652
105.264847697
105.274272281
105.28368941
105.293099092
105.302501331
105.311896133
105.321283504
105.330663451
105.340035979
105.349401094
105.358758801
105.368109107
105.377452018
105.386787539
105.396115676
105.405436435
105.414749822
105.424055842
105.433354502
105.442645808
105.451929765
105.461206378
105.470475654
105.479737599
105.488992219
105.498239518
105.507479504
105.516712181
105.525937555
105.535155633
105.54436642
105.553569922
105.562766145
105.571955094
105.581136775
105.590311193
105.599478356
105.608638268
105.617790934
105.626936362
105.636074556
105.645205523
105.654329267
105.663445795
105.672555112
105.681657225
105.690752138
105.699839858
105.70892039
105.71799374
105.727059913
105.736118916
105.745170753
105.754215431
105.763252956
105.772283332
105.781306565
105.790322662
105.799331628
105.808333468
105.817328188
105.826315794
105.835296291
105.844269686
105.853235982
105.862195188
105.871147306
105.880092345
105.889030308
105.897961202
105.906885032
105.915801804
105.924711524
105.933614196
105.942509827
105.951398422
105.960279986
105.969154526
105.978022047
105.986882554
105.995736053
106.004582549
106.013422048
106.022254556
106.031080078
106.039898619
106.048710186
106.057514783
106.066312416
106.075103091
106.083886813
106.092663587
106.10143342
106.110196316
106.118952281
106.127701321
106.136443441
106.145178646
106.153906943
106.162628336
106.17134283
106.180050433
106.188751148
106.197444981
106.206131938
106.214812024
106.223485245
106.232151605
106.240811111
106.249463768
106.258109582
106.266748557
106.275380699
106.284006014
106.292624506
106.301236182
106.309841046
106.318439105
106.327030363
106.335614826
106.344192499
106.352763388
106.361327497
106.369884833
106.378435401
106.386979206
106.395516253
106.404046548
106.412570096
106.421086902
106.429596972
106.438100311
106.446596924
106.455086817
106.463569995
106.472046464
106.480516228
106.488979293
106.497435664
106.505885347
106.514328347
106.522764669
106.531194318
106.539617299
106.548033619
106.556443282
106.564846294
106.573242659
106.581632383
106.590015471
106.598391929
106.606761762
106.615124974
106.623481572
106.63183156
106.640174944
106.648511729
106.65684192
106.665165522
106.673482541
106.681792982
106.690096849
106.698394149
106.706684886
106.714969066
106.723246693
106.731517773
106.739782311
106.748040313
106.756291783
106.764536726
106.772775149
106.781007055
106.78923245
106.79745134
106.805663729
106.813869622
106.822069025
106.830261943
106.838448381
106.846628343
106.854801836
106.862968865
106.871129433
106.879283547
106.887431212
106.895572432
106.903707213
106.91183556
106.919957478
106.928072972
106.936182048
106.944284709
106.952380962
106.960470811
106.968554261
106.976631318
106.984701987
106.992766272
107.000824179
107.008875712
107.016920878
107.02495968
107.032992124
107.041018214
107.049037957
107.057051356
107.065058417
107.073059145
107.081053546
107.089041623
107.097023381
107.104998827
107.112967965
107.1209308
107.128887336
107.13683758
107.144781535
107.152719207
107.160650601
107.168575722
107.176494574
107.184407163
107.192313494
107.200213571
107.2081074
107.215994985
107.223876332
107.231751445
107.239620329
107.247482989
107.255339431
107.263189658
107.271033677
107.278871491
107.286703107
107.294528528
107.302347759
107.310160806
107.317967673
107.325768366
107.333562888
107.341351246
107.349133444
107.356909486
107.364679378
107.372443124
107.38020073
107.3879522
107.395697539
107.403436752
107.411169844
107.418896819
107.426617683
107.43433244
107.442041095
107.449743653
107.457440119
107.465130498
107.472814793
107.480493011
107.488165156
107.495831233
107.503491247
107.511145201
107.518793102
107.526434954
107.534070762
107.54170053
107.549324264
107.556941968
107.564553646
107.572159305
107.579758947
107.587352579
107.594940205
107.602521829
107.610097457
107.617667092
107.625230741
107.632788408
107.640340096
107.647885812
107.65542556
107.662959344
107.670487169
107.67800904
107.685524962
107.69303494
107.700538977
107.708037079
107.715529251
107.723015497
107.730495822
107.73797023
107.745438726
107.752901315
107.760358002
107.767808791
107.775253687
107.782692694
107.790125818
107.797553063
107.804974433
107.812389933
107.819799568
107.827203342
107.834601261
107.841993328
107.849379548
107.856759927
107.864134468
107.871503176
107.878866056
107.886223113
107.89357435
107.900919773
107.908259386
107.915593195
107.922921202
107.930243414
107.937559834
107.944870467
107.952175318
107.959474391
107.966767692
107.974055223
107.981336991
107.988612999
107.995883253
108.003147756
108.010406513
108.017659529
108.024906808
108.032148356
108.039384175
108.046614272
108.05383865
108.061057314
108.068270268
108.075477517
108.082679066
108.089874919
108.097065081
108.104249555
108.111428347
108.118601461
108.125768902
108.132930673
108.14008678
108.147237227
108.154382018
108.161521159
108.168654652
108.175782504
108.182904718
108.190021298
108.19713225
108.204237578
108.211337285
108.218431377
108.225519859
108.232602733
108.239680006
108.246751681
108.253817762
108.260878255
108.267933163
108.274982492
108.282026244
108.289064426
108.296097041
108.303124093
108.310145588
108.317161528
108.32417192
108.331176767
108.338176074
108.345169844
108.352158083
108.359140795
108.366117983
108.373089654
108.38005581
108.387016456
108.393971597
108.400921236
108.407865379
108.41480403
108.421737192
108.428664871
108.435587071
108.442503795
108.449415049
108.456320836
108.463221161
108.470116029
108.477005443
108.483889408
108.490767928
108.497641008
108.504508652
108.511370863
108.518227647
108.525079008
108.53192495
108.538765477
108.545600594
108.552430304
108.559254613
108.566073524
108.572887042
108.57969517
108.586497914
108.593295277
108.600087264
108.606873879
108.613655126
108.62043101
108.627201534
108.633966703
108.640726521
108.647480993
108.654230122
108.660973914
108.667712371
108.674445499
108.681173301
108.687895782
108.694612945
108.701324796
108.708031338
108.714732576
108.721428514
108.728119155
108.734804505
108.741484567
108.748159345
108.754828844
108.761493068
108.768152021
108.774805707
108.78145413
108.788097295
108.794735205
108.801367866
108.80799528
108.814617453
108.821234387
108.827846088
108.83445256
108.841053806
108.847649832
108.85424064
108.860826235
108.867406621
108.873981803
108.880551784
108.887116569
108.893676162
108.900230566
108.906779786
108.913323826
108.91986269
108.926396382
108.932924906
108.939448267
108.945966469
108.952479514
108.958987409
108.965490156
108.971987759
108.978480224
108.984967553
108.991449751
108.997926823
109.004398771
109.0108656
109.017327315
109.023783919
109.030235416
109.03668181
109.043123105
109.049559306
109.055990416
109.06241644
109.068837381
109.075253243
109.081664031
109.088069748
109.094470399
109.100865988
109.107256517
109.113641993
109.120022417
109.126397796
109.132768131
109.139133428
109.145493691
109.151848923
109.158199128
109.164544311
109.170884475
109.177219625
109.183549763
109.189874895
109.196195025
109.202510155
109.20882029
109.215125435
109.221425593
109.227720767
109.234010963
109.240296183
109.246576432
109.252851714
109.259122032
109.265387391
109.271647795
109.277903246
109.284153751
109.290399311
109.296639932
109.302875616
109.309106369
109.315332193
109.321553094
109.327769073
109.333980137
109.340186288
109.34638753
109.352583867
109.358775304
109.364961843
109.371143489
109.377320246
109.383492117
109.389659107
109.39582122
109.401978458
109.408130826
109.414278328
109.420420968
109.42655875
109.432691677
109.438819753
109.444942982
109.451061368
109.457174915
109.463283626
109.469387506
109.475486558
109.481580786
109.487670194
109.493754785
109.499834564
109.505909534
109.511979699
109.518045064
109.52410563
109.530161404
109.536212387
109.542258585
109.5483
109.554336637
109.5603685
109.566395591
109.572417916
109.578435477
109.584448279
109.590456325
109.596459618
109.602458164
109.608451965
109.614441026
109.62042535
109.62640494
109.632379801
109.638349936
109.644315349
109.650276044
109.656232024
109.662183293
109.668129856
109.674071715
109.680008874
109.685941337
109.691869109
109.697792191
109.703710589
109.709624306
109.715533345
109.721437711
109.727337407
109.733232436
109.739122803
109.745008511
109.750889564
109.756765965
109.762637718
109.768504827
109.774367296
109.780225128
109.786078326
109.791926895
109.797770838
109.803610159
109.809444862
109.815274949
109.821100425
109.826921294
109.832737559
109.838549223
109.844356291
109.850158766
109.855956651
109.861749951
109.867538668
109.873322807
109.879102371
109.884877364
109.890647789
109.89641365
109.90217495
109.907931694
109.913683884
109.919431525
109.92517462
109.930913173
109.936647186
109.942376664
109.948101611
109.95382203
109.959537924
109.965249297
109.970956153
109.976658495
109.982356326
109.988049652
109.993738474
109.999422796
110.005102623
110.010777957
110.016448803
110.022115163
110.027777041
110.033434442
110.039087367
110.044735822
110.050379808
110.056019331
110.061654394
110.067284999
110.072911151
110.078532853
110.084150108
110.089762921
110.095371294
110.100975231
110.106574736
110.112169812
110.117760463
110.123346692
110.128928502
110.134505898
110.140078882
110.145647459
110.151211631
110.156771402
110.162326775
110.167877755
110.173424344
110.178966546
110.184504365
110.190037803
110.195566865
110.201091554
110.206611873
110.212127826
110.217639416
110.223146647
110.228649522
110.234148044
110.239642218
110.245132046
110.250617531
110.256098678
110.26157549
110.26704797
110.272516122
110.277979949
110.283439454
110.288894641
110.294345513
110.299792074
110.305234327
110.310672276
110.316105923
110.321535273
110.326960328
110.332381093
110.33779757
110.343209763
110.348617676
110.354021311
110.359420672
110.364815762
110.370206586
110.375593145
110.380975444
110.386353486
110.391727275
110.397096813
110.402462104
110.407823151
110.413179958
110.418532528
110.423880865
110.429224972
110.434564851
110.439900507
110.445231943
110.450559162
110.455882168
110.461200963
110.466515552
110.471825937
110.477132122
110.48243411
110.487731904
110.493025509
110.498314926
110.50360016
110.508881213
110.514158089
110.519430792
110.524699325
110.52996369
110.535223891
110.540479932
110.545731816
110.550979546
110.556223125
110.561462557
110.566697845
110.571928992
110.577156002
110.582378877
110.587597621
110.592812238
110.59802273
110.603229101
110.608431354
110.613629492
110.618823519
110.624013438
110.629199252
110.634380965
110.639558578
110.644732097
110.649901524
110.655066862
110.660228114
110.665385285
110.670538376
110.675687392
110.680832335
110.685973208
110.691110016
110.696242761
110.701371446
110.706496074
110.711616649
110.716733175
110.721845653
110.726954088
110.732058482
110.737158839
110.742255162
110.747347454
110.752435718
110.757519958
110.762600176
110.767676377
110.772748562
110.777816736
110.782880901
110.78794106
110.792997218
110.798049376
110.803097538
110.808141708
110.813181887
110.818218081
110.823250291
110.828278521
110.833302773
110.838323052
110.843339361
110.848351701
110.853360077
110.858364492
110.863364949
110.868361451
110.873354
110.878342601
110.883327257
110.888307969
110.893284742
110.898257579
110.903226483
110.908191457
110.913152503
110.918109626
110.923062828
110.928012112
110.932957482
110.93789894
110.94283649
110.947770135
110.952699877
110.95762572
110.962547667
110.967465722
110.972379886
110.977290163
110.982196557
110.98709907
110.991997706
110.996892467
111.001783357
111.006670378
111.011553534
111.016432827
111.021308262
111.02617984
111.031047565
111.03591144
111.040771468
111.045627652
111.050479995
111.0553285
111.06017317
111.065014009
111.069851018
111.074684202
111.079513563
111.084339105
111.08916083
111.093978741
111.098792841
111.103603134
111.108409622
111.113212308
111.118011196
111.122806288
111.127597587
111.132385097
111.137168821
111.14194876
111.146724919
111.151497301
111.156265907
111.161030742
111.165791809
111.170549109
111.175302647
111.180052425
111.184798447
111.189540714
111.194279231
111.199014
111.203745023
111.208472305
111.213195848
111.217915655
111.222631729
111.227344073
111.232052689
111.236757582
111.241458753
111.246156206
111.250849943
111.255539968
111.260226283
111.264908892
111.269587797
111.274263001
111.278934508
111.28360232
111.288266439
111.29292687
111.297583615
111.302236676
111.306886057
111.311531761
111.31617379
111.320812148
111.325446837
111.33007786
111.334705221
111.339328921
111.343948965
111.348565354
111.353178092
111.357787182
111.362392626
111.366994427
111.371592589
111.376187114
111.380778005
111.385365265
111.389948896
111.394528902
111.399105286
111.40367805
111.408247197
111.412812731
111.417374653
111.421932967
111.426487676
111.431038782
111.435586289
111.440130198
111.444670514
111.449207239
111.453740375
111.458269926
111.462795895
111.467318283
111.471837095
111.476352333
111.480863999
111.485372097
111.489876629
111.494377599
111.498875008
111.503368861
111.507859159
111.512345905
111.516829103
111.521308754
111.525784863
111.530257431
111.534726462
111.539191958
111.543653922
111.548112357
111.552567266
111.557018651
111.561466515
111.565910861
111.570351693
111.574789011
111.57922282
111.583653122
111.58807992
111.592503217
111.596923015
111.601339318
111.605752127
111.610161446
111.614567278
111.618969625
111.623368489
111.627763875
111.632155784
111.63654422
111.640929184
111.64531068
111.649688711
111.654063279
111.658434387
111.662802038
111.667166234
111.671526978
111.675884273
111.680238122
111.684588528
111.688935492
111.693279018
111.697619109
111.701955767
111.706288995
111.710618795
111.714945171
111.719268125
111.72358766
111.727903779
111.732216484
111.736525777
111.740831662
111.745134142
111.749433218
111.753728895
111.758021173
111.762310057
111.766595548
111.77087765
111.775156365
111.779431696
111.783703645
111.787972215
111.79223741
111.79649923
111.80075768
111.805012762
111.809264478
111.813512832
111.817757825
111.82199946
111.826237741
111.83047267
111.834704249
111.838932481
111.843157369
111.847378915
111.851597122
111.855811993
111.86002353
111.864231736
111.868436614
111.872638166
111.876836394
111.881031302
111.885222893
111.889411168
111.89359613
111.897777782
111.901956127
111.906131167
111.910302905
111.914471343
111.918636484
111.922798331
111.926956886
111.931112152
111.935264131
111.939412827
111.943558241
111.947700376
111.951839235
111.95597482
111.960107135
111.964236181
111.968361961
111.972484478
111.976603735
111.980719733
111.984832476
111.988941966
111.993048205
111.997151197
112.001250944
112.005347448
112.009440711
112.013530738
112.017617529
112.021701088
112.025781417
112.029858519
112.033932396
112.038003051
112.042070486
112.046134704
112.050195708
112.054253499
112.058308081
112.062359457
112.066407628
112.070452596
112.074494366
112.078532939
112.082568318
112.086600504
112.090629502
112.094655313
112.09867794
112.102697385
112.106713651
112.11072674
112.114736656
112.118743399
112.122746974
112.126747382
112.130744626
112.134738708
112.138729632
112.142717398
112.146702011
112.150683472
112.154661784
112.158636949
112.162608971
112.16657785
112.170543591
112.174506194
112.178465664
112.182422002
112.186375211
112.190325293
112.194272251
112.198216087
112.202156803
112.206094403
112.210028888
112.213960262
112.217888525
112.221813682
112.225735735
112.229654685
112.233570536
112.237483289
112.241392948
112.245299514
112.249202991
112.25310338
112.257000684
112.260894905
112.264786047
112.268674111
112.272559099
112.276441015
112.280319861
112.284195638
112.28806835
112.291937999
112.295804588
112.299668118
112.303528592
112.307386013
112.311240383
112.315091704
112.318939979
112.322785211
112.326627401
112.330466552
112.334302667
112.338135747
112.341965796
112.345792815
112.349616808
112.353437776
112.357255722
112.361070648
112.364882556
112.36869145
112.372497331
112.376300202
112.380100065
112.383896922
112.387690777
112.391481631
112.395269486
112.399054346
112.402836212
112.406615086
112.410390972
112.414163871
112.417933787
112.42170072
112.425464674
112.429225651
112.432983653
112.436738683
112.440490743
112.444239835
112.447985962
112.451729126
112.45546933
112.459206575
112.462940864
112.4666722
112.470400584
112.474126019
112.477848508
112.481568053
112.485284655
112.488998318
112.492709044
112.496416835
112.500121693
112.503823621
112.507522621
112.511218695
112.514911846
112.518602076
112.522289387
112.525973781
112.529655262
112.53333383
112.537009489
112.540682241
112.544352088
112.548019033
112.551683077
112.555344223
112.559002473
112.56265783
112.566310295
112.569959872
112.573606562
112.577250368
112.580891292
112.584529336
112.588164502
112.591796794
112.595426212
112.59905276
112.60267644
112.606297253
112.609915203
112.613530291
112.617142519
112.620751891
112.624358408
112.627962072
112.631562886
112.635160852
112.638755972
112.642348249
112.645937684
112.64952428
112.65310804
112.656688965
112.660267058
112.663842321
112.667414756
112.670984365
112.674551151
112.678115116
112.681676262
112.685234591
112.688790106
112.692342809
112.695892702
112.699439787
112.702984066
112.706525542
112.710064218
112.713600094
112.717133173
112.720663459
112.724190951
112.727715654
112.731237569
112.734756699
112.738273045
112.74178661
112.745297395
112.748805404
112.752310639
112.755813101
112.759312792
112.762809716
112.766303874
112.769795268
112.773283901
112.776769774
112.78025289
112.783733252
112.78721086
112.790685718
112.794157828
112.797627191
112.801093811
112.804557688
112.808018826
112.811477226
112.814932891
112.818385822
112.821836023
112.825283494
112.828728239
112.83217026
112.835609558
112.839046135
112.842479995
112.845911138
112.849339568
112.852765286
112.856188294
112.859608595
112.863026191
112.866441084
112.869853276
112.873262769
112.876669565
112.880073667
112.883475076
112.886873795
112.890269826
112.89366317
112.897053831
112.90044181
112.903827109
112.907209731
112.910589677
112.91396695
112.917341552
112.920713485
112.92408275
112.927449351
112.930813289
112.934174567
112.937533185
112.940889148
112.944242456
112.947593111
112.950941117
112.954286474
112.957629186
112.960969253
112.964306679
112.967641465
112.970973614
112.974303127
112.977630006
112.980954254
112.984275873
112.987594865
112.990911232
112.994224975
112.997536098
113.000844602
113.004150488
113.007453761
113.01075442
113.014052469
113.017347909
113.020640743
113.023930972
113.027218599
113.030503626
113.033786054
113.037065886
113.040343124
113.04361777
113.046889826
113.050159294
113.053426176
113.056690474
113.059952191
113.063211327
113.066467886
113.069721869
113.072973278
113.076222115
113.079468383
113.082712083
113.085953218
113.089191789
113.092427799
113.095661249
113.098892142
113.102120479
113.105346263
113.108569496
113.111790179
113.115008315
113.118223905
113.121436952
113.124647458
113.127855424
113.131060853
113.134263747
113.137464108
113.140661937
113.143857237
113.14705001
113.150240257
113.153427981
113.156613184
113.159795868
113.162976034
113.166153685
113.169328822
113.172501448
113.175671565
113.178839175
113.182004279
113.18516688
113.188326979
113.191484579
113.194639681
113.197792288
113.200942401
113.204090023
113.207235156
113.2103778
113.213517959
113.216655635
113.219790828
113.222923542
113.226053778
113.229181539
113.232306825
113.235429639
113.238549984
113.241667861
113.244783271
113.247896217
113.251006702
113.254114726
113.257220292
113.260323401
113.263424056
113.266522259
113.269618011
113.272711315
113.275802172
113.278890584
113.281976554
113.285060083
113.288141173
113.291219826
113.294296043
113.297369828
113.300441182
113.303510106
113.306576604
113.309640675
113.312702323
113.31576155
113.318818357
113.321872746
113.32492472
113.327974279
113.331021427
113.334066164
113.337108493
113.340148416
113.343185934
113.34622105
113.349253766
113.352284082
113.355312002
113.358337527
113.361360659
113.3643814
113.367399752
113.370415716
113.373429295
113.37644049
113.379449304
113.382455738
113.385459794
113.388461474
113.391460779
113.394457713
113.397452276
113.400444471
113.403434299
113.406421762
113.409406862
113.412389602
113.415369982
113.418348005
113.421323672
113.424296986
113.427267948
113.43023656
