-0.216247094401
1.4597547844
2.83509439231
3.96370830439
4.88985727532
5.64986200959
6.27352754747
6.78531212671
7.2052863591
7.54992033799
7.83272954446
8.06480488284
8.2552476317
8.41152636793
8.53976986129
8.64500742582
8.73136615403
8.80223276875
8.86038643989
8.90810777498
8.9472682575
8.97940364074
9.00577417525
9.02741403201
9.04517185943
9.05974406469
9.07170212472
9.08151499772
9.0895675143
9.09617546929
9.10159800631
9.10604778053
9.10969929834
9.11269576102
9.11515468058
9.11717248827
9.11882831626
9.12018710103
9.12130212991
9.12221713091
9.12296798754
9.12358414607
9.12408977034
9.12450468938
9.12484517503
9.12512458009
9.12535386196
9.12554201236
9.12569640998
9.12582310982
9.12592708065
9.12601239989
9.12608241349
9.12613986717
9.12618701409
9.1262257032
