-1.14699865007
-1.12344923157
-1.10001835069
-1.07670541077
-1.05350981814
-1.03043098212
-1.00746831501
-0.984621232072
-0.961889151499
-0.939271494421
-0.916767684878
-0.894377149812
-0.872099319048
-0.84993362528
-0.827879504059
-0.805936393778
-0.784103735655
-0.762380973721
-0.740767554807
-0.719262928527
-0.697866547265
-0.676577866163
-0.655396343105
-0.634321438703
-0.613352616285
-0.59248934188
-0.571731084205
-0.55107731465
-0.530527507269
-0.510081138759
-0.489737688454
-0.469496638308
-0.449357472884
-0.429319679337
-0.409382747404
-0.389546169393
-0.369809440165
-0.350172057123
-0.330633520203
-0.311193331854
-0.291850997034
-0.27260602319
-0.253457920247
-0.234406200601
-0.215450379099
-0.19658997303
-0.177824502116
-0.159153488493
-0.140576456704
-0.122092933685
-0.103702448753
-0.085404533594
-0.0671987222526
-0.0490845511175
-0.0310615589113
-0.0131292866786
0.00471272222577
0.0224649221485
0.0401277651494
0.0577017010126
0.0751871772583
0.0925846391542
0.109894529726
0.127117289771
0.144253357867
0.161303170382
0.178267161491
0.195145763181
0.211939405266
0.228648515397
0.245273519069
0.26181483964
0.278272898334
0.294648114255
0.310940904398
0.327151683658
0.343280864844
0.359328858685
0.375296073843
0.391182916922
0.406989792482
0.422717103044
0.438365249105
0.453934629143
0.469425639635
0.484838675057
0.500174127903
0.51543238869
0.530613845969
0.545718886337
0.560747894444
0.575701253002
0.590579342799
0.605382542705
0.620111229685
0.634765778803
0.649346563239
0.66385395429
0.678288321389
0.692650032107
0.706939452163
0.721156945439
0.735302873983
0.74937759802
0.763381475963
0.777314864422
0.79117811821
0.804971590354
0.818695632105
0.832350592946
0.845936820601
0.859454661042
0.872904458502
0.886286555479
0.899601292748
0.91284900937
0.926030042697
0.939144728384
0.952193400397
0.96517639102
0.978094030865
0.990946648879
1.00373457236
1.01645812694
1.02911763663
1.04171342381
1.05424580922
1.06671511201
1.0791216497
1.09146573824
1.10374769195
1.1159678236
1.12812644437
1.14022386389
1.15226039022
1.16423632986
1.17615198778
1.18800766742
1.19980367067
1.21154029793
1.22321784807
1.23483661846
1.24639690496
1.25789900196
1.26934320237
1.28072979761
1.29205907763
1.30333133094
1.31454684459
1.32570590417
1.33680879386
1.34785579639
1.35884719307
1.3697832638
1.38066428706
1.39149053995
1.40226229814
1.41297983594
1.42364342628
1.43425334071
1.44480984939
1.45531322117
1.46576372349
1.4761616225
1.48650718296
1.49680066833
1.50704234073
1.51723246097
1.52737128853
1.53745908161
1.54749609709
1.55748259056
1.56741881632
1.57730502741
1.58714147557
1.59692841129
1.6066660838
1.61635474106
1.62599462979
1.63558599549
1.64512908238
1.65462413348
1.6640713906
1.67347109429
1.68282348393
1.69212879766
1.70138727246
1.71059914409
1.71976464713
1.72888401498
1.73795747986
1.74698527283
1.75596762378
1.76490476145
1.77379691342
1.78264430613
1.79144716488
1.80020571383
1.80892017602
1.81759077337
1.82621772667
1.8348012556
1.84334157875
1.85183891359
1.86029347652
1.86870548281
1.8770751467
1.8854026813
1.89368829869
1.90193220985
1.91013462471
1.91829575215
1.9264158
1.93449497502
1.94253348296
1.95053152852
1.95848931536
1.96640704614
1.97428492247
1.98212314497
1.98992191323
1.99768142586
2.00540188045
2.01308347359
2.02072640091
2.02833085702
2.03589703558
2.04342512926
2.05091532976
2.05836782782
2.06578281322
2.07316047478
2.08050100037
2.08780457692
2.09507139041
2.1023016259
2.1094954675
2.1166530984
2.12377470087
2.13086045626
2.13791054502
2.14492514667
2.15190443983
2.15884860225
2.16575781074
2.17263224126
2.17947206886
2.18627746771
2.19304861112
2.19978567151
2.20648882045
2.21315822862
2.21979406587
2.22639650117
2.23296570266
2.23950183762
2.24600507249
2.25247557289
2.25891350357
2.26531902849
2.27169231075
2.27803351266
2.2843427957
2.29062032052
2.29686624699
2.30308073415
2.30926394027
2.31541602279
2.32153713838
2.32762744292
2.33368709148
2.33971623839
2.34571503717
2.35168364059
2.35762220062
2.36353086851
2.36940979471
2.37525912893
2.38107902012
2.38686961649
2.39263106549
2.39836351384
2.40406710752
2.40974199177
2.41538831109
2.42100620928
2.42659582939
2.43215731376
2.43769080402
2.44319644107
2.44867436512
2.45412471566
2.45954763149
2.46494325069
2.47031171067
2.47565314814
2.48096769912
2.48625549894
2.49151668225
2.49675138303
2.50195973459
2.50714186955
2.51229791988
2.51742801687
2.52253229117
2.52761087275
2.53266389093
2.53769147441
2.54269375119
2.54767084867
2.55262289359
2.55755001205
2.56245232951
2.56732997083
2.5721830602
2.57701172121
2.58181607682
2.58659624938
2.59135236061
2.59608453162
2.60079288293
2.60547753443
2.61013860541
2.61477621456
2.61939048
2.62398151921
2.6285494491
2.63309438601
2.63761644566
2.64211574322
2.64659239325
2.65104650975
2.65547820615
2.65988759531
2.6642747895
2.66863990044
2.6729830393
2.67730431666
2.68160384258
2.68588172655
2.69013807748
2.69437300378
2.69858661329
2.7027790133
2.70695031058
2.71110061135
2.71523002129
2.71933864556
2.72342658879
2.72749395508
2.73154084799
2.7355673706
2.73957362542
2.74355971448
2.74752573929
2.75147180084
2.75539799962
2.7593044356
2.76319120827
2.7670584166
2.77090615908
2.77473453367
2.77854363788
2.7823335687
2.78610442264
2.78985629573
2.7935892835
2.79730348103
2.80099898289
2.80467588318
2.80833427554
2.81197425313
2.81559590864
2.8191993343
2.82278462187
2.82635186265
2.82990114747
2.83343256673
2.83694621034
2.84044216779
2.84392052809
2.84738137983
2.85082481113
2.85425090968
2.85765976273
2.86105145708
2.8644260791
2.86778371473
2.87112444948
2.8744483684
2.87775555615
2.88104609694
2.88432007456
2.8875775724
2.89081867339
2.89404346008
2.89725201459
2.90044441861
2.90362075345
2.90678109998
2.9099255387
2.91305414966
2.91616701255
2.91926420663
2.92234581076
2.92541190343
2.92846256272
2.93149786629
2.93451789146
2.93752271513
2.9405124138
2.94348706362
2.94644674034
2.94939151932
2.95232147555
2.95523668365
2.95813721784
2.961023152
2.96389455961
2.96675151378
2.96959408729
2.9724223525
2.97523638145
2.97803624579
2.98082201681
2.98359376547
2.98635156234
2.98909547765
2.99182558127
2.99454194272
2.99724463119
2.99993371548
3.00260926409
3.00527134513
3.00792002641
3.01055537537
3.01317745911
3.01578634442
3.01838209773
3.02096478513
3.02353447239
3.02609122496
3.02863510794
3.0311661861
3.03368452391
3.0361901855
3.03868323466
3.04116373489
3.04363174935
3.04608734089
3.04853057204
3.05096150501
3.05338020172
3.05578672375
3.05818113239
3.06056348861
3.06293385307
3.06529228614
3.06763884787
3.06997359803
3.07229659605
3.07460790111
3.07690757205
3.07919566745
3.08147224555
3.08373736434
3.08599108151
3.08823345443
3.09046454021
3.09268439567
3.09489307733
3.09709064144
3.09927714396
3.10145264057
3.10361718667
3.10577083737
3.10791364753
3.1100456717
3.11216696418
3.114277579
3.11637756988
3.11846699032
3.12054589351
3.12261433241
3.12467235967
3.12672002771
3.12875738867
3.13078449444
3.13280139663
3.1348081466
3.13680479546
3.13879139405
3.14076799296
3.14273464252
3.14469139281
3.14663829367
3.14857539467
3.15050274513
3.15242039415
3.15432839055
3.15622678291
3.15811561959
3.15999494867
3.16186481803
3.16372527527
3.16557636777
3.16741814266
3.16925064686
3.17107392702
3.17288802957
3.17469300071
3.17648888641
3.17827573239
3.18005358416
3.18182248699
3.18358248593
3.18533362579
3.18707595116
3.18880950643
3.19053433572
3.19225048296
3.19395799186
3.1956569059
3.19734726833
3.19902912221
3.20070251036
3.2023674754
3.20402405972
3.20567230551
3.20731225474
3.20894394917
3.21056743036
3.21218273964
3.21378991815
3.21538900682
3.21698004636
3.2185630773
3.22013813994
3.2217052744
3.22326452058
3.22481591818
3.22635950672
3.22789532549
3.22942341362
3.23094381001
3.23245655338
3.23396168225
3.23545923496
3.23694924963
3.2384317642
3.23990681644
3.2413744439
3.24283468395
3.24428757379
3.24573315041
3.24717145061
3.24860251104
3.25002636812
3.25144305812
3.25285261711
3.25425508099
3.25565048547
3.25703886609
3.2584202582
3.25979469697
3.26116221741
3.26252285435
3.26387664242
3.26522361611
3.26656380971
3.26789725736
3.26922399301
3.27054405044
3.27185746327
3.27316426495
3.27446448875
3.27575816778
3.27704533499
3.27832602316
3.2796002649
3.28086809265
3.2821295387
3.28338463518
3.28463341404
3.28587590709
3.28711214596
3.28834216214
3.28956598695
3.29078365155
3.29199518696
3.29320062401
3.29439999342
3.29559332572
3.29678065129
3.29796200039
3.29913740308
3.3003068893
3.30147048883
3.3026282313
3.30378014619
3.30492626285
3.30606661044
3.30720121802
3.30833011447
3.30945332854
3.31057088884
3.31168282382
3.3127891618
3.31388993095
3.3149851593
3.31607487475
3.31715910504
3.31823787778
3.31931122044
3.32037916036
3.32144172473
3.32249894061
3.32355083492
3.32459743445
3.32563876585
3.32667485563
3.32770573018
3.32873141576
3.32975193848
3.33076732432
3.33177759915
