4.74939801899
4.9819467189
5.21110265399
5.43691532292
5.65943350223
5.87870525679
6.09477795026
6.30769825529
6.51751216359
6.72426499586
6.92800141163
7.12876541883
7.32660038338
7.52154903848
7.71365349389
7.90295524501
8.08949518183
8.27331359779
8.45445019848
8.63294411018
8.80883388836
8.98215752597
9.15295246166
9.3212555879
9.48710325888
9.65053129842
9.81157500769
9.97026917284
10.1266480725
10.2807454851
10.4325946965
10.5822285068
10.7296792374
10.8749787383
11.018158395
11.1592491348
11.2982814339
11.435285324
11.5702903984
11.7033258188
11.8344203215
11.9636022235
12.0908994285
12.2163394335
12.3399493338
12.4617558299
12.5817852324
12.7000634682
12.816616086
12.9314682615
13.0446448035
13.1561701584
13.2660684163
13.3743633156
13.4810782486
13.5862362661
13.6898600827
13.7919720816
13.8925943194
13.991748531
14.0894561342
14.1857382341
14.2806156281
14.3741088103
14.4662379754
14.5570230238
14.6464835655
14.7346389243
14.8215081422
14.9071099833
14.9914629379
15.0745852268
15.1564948045
15.2372093641
15.3167463401
15.3951229129
15.4723560123
15.5484623207
15.6234582777
15.6973600825
15.7701836984
15.8419448555
15.9126590546
15.9823415703
16.0510074542
16.1186715385
16.1853484389
16.2510525579
16.315798088
16.3795990144
16.4424691183
16.5044219801
16.5654709818
16.6256293103
16.6849099599
16.7433257357
16.8008892556
16.8576129536
16.9135090824
16.9685897156
17.0228667509
17.0763519125
17.1290567534
17.1809926579
17.2321708446
17.2826023681
17.3322981218
17.3812688403
17.4295251015
17.4770773288
17.5239357938
17.5701106181
17.6156117757
17.6604490951
17.7046322612
17.7481708179
