3.22086887427
3.50591267173
3.78889043717
4.06981714546
4.34870766289
4.62557674804
4.90043905249
5.17330912162
5.4442013954
5.71313020914
5.98010979421
6.24515427889
6.50827768899
6.76949394872
7.02881688131
7.28626020985
7.54183755792
7.79556245038
8.04744831405
8.29750847844
8.54575617643
8.79220454501
9.03686662592
9.2797553664
9.52088361984
9.76026414646
9.99790961399
10.2338325984
10.4680455843
10.7005609662
10.9313910483
11.1605480461
11.3880440861
11.6138912072
11.838101361
12.0606864125
12.2816581405
12.5010282386
12.7188083156
12.9350098963
13.1496444216
13.3627232499
13.574257657
13.7842588371
13.9927379031
14.1997058876
14.4051737431
14.6091523426
14.8116524805
15.0126848728
15.212260158
15.4103888973
15.6070815755
15.8023486013
15.9962003081
16.1886469541
16.3796987235
16.5693657265
16.7576580001
16.9445855085
17.1301581436
17.3143857257
17.497278004
17.6788446569
17.8590952927
18.03803945
18.2156865983
18.3920461386
18.5671274035
18.7409396582
18.9134921006
19.084793862
19.2548540074
19.4236815363
19.5912853828
19.7576744162
19.9228574418
20.0868432008
20.2496403711
20.4112575678
20.5717033434
20.7309861886
20.8891145324
21.0460967429
21.2019411272
21.3566559325
21.5102493461
21.6627294961
21.8141044515
21.9643822228
22.1135707626
22.2616779658
22.40871167
22.5546796561
22.6995896485
22.8434493157
22.9862662706
23.1280480709
23.2688022196
23.4085361651
23.547257302
23.6849729712
23.8216904607
23.9574170051
24.0921597872
24.2259259372
24.3587225339
24.4905566048
24.6214351263
24.7513650245
24.880353175
25.0084064037
25.1355314871
25.2617351525
25.3870240784
25.511404895
25.6348841844
25.7574684809
25.8791642715
25.9999779963
26.1199160486
26.2389847753
26.3571904775
26.4745394103
26.5910377839
26.7066917632
26.8215074684
26.9354909754
27.0486483162
27.1609854788
27.272508408
27.3832230056
27.4931351303
27.6022505986
27.7105751847
27.8181146211
27.9248745987
28.030860767
28.1360787346
28.2405340697
28.3442322999
28.4471789127
28.5493793559
28.650839038
28.751563328
28.8515575561
28.9508270139
29.0493769547
29.1472125935
29.2443391078
29.3407616373
29.4364852846
29.5315151154
29.6258561583
29.719513406
29.8124918146
29.9047963044
29.99643176
30.0874030308
30.1777149308
30.2673722391
30.3563797005
30.4447420249
30.5324638885
30.6195499334
30.7060047681
30.7918329676
30.877039074
30.9616275962
31.0456030105
31.1289697608
31.2117322588
31.2938948842
31.3754619849
31.4564378774
31.5368268467
31.6166331471
31.6958610018
31.7745146033
31.852598114
31.930115666
32.0070713613
32.0834692724
32.1593134422
32.2346078843
32.3093565831
32.3835634942
32.4572325447
32.530367633
32.6029726293
32.6750513758
32.7466076867
32.8176453489
32.8881681214
32.9581797364
33.0276838987
33.0966842864
33.1651845509
33.2331883172
33.3006991839
33.3677207237
33.4342564832
33.5003099835
33.56588472
33.6309841629
33.6956117571
33.7597709227
33.8234650549
33.8866975242
33.949471677
34.0117908351
34.0736582964
34.1350773348
34.1960512005
34.2565831203
34.3166762974
34.3763339119
34.4355591208
34.4943550581
34.5527248354
34.6106715414
34.6681982427
34.7253079835
34.782003786
34.8382886504
34.8941655553
34.9496374576
35.0047072928
35.0593779752
35.1136523978
35.1675334329
35.2210239317
35.2741267248
35.3268446225
35.3791804144
35.4311368702
35.4827167393
35.5339227513
35.5847576159
35.6352240232
35.6853246438
35.7350621291
35.7844391111
35.8334582027
35.882121998
35.9304330722
35.9783939819
36.0260072651
36.0732754414
36.1202010123
36.1667864609
36.2130342526
36.2589468346
36.3045266367
36.3497760709
36.3946975316
36.4392933962
36.4835660246
36.5275177595
36.571150927
36.614467836
36.6574707787
36.7001620309
36.7425438518
36.7846184841
36.8263881543
36.8678550729
36.9090214342
36.9498894168
36.9904611833
37.0307388807
37.0707246404
37.1104205785
37.1498287957
37.1889513773
37.2277903937
37.2663479002
37.3046259372
37.3426265303
37.3803516906
37.4178034143
37.4549836834
37.4918944653
37.5285377135
37.5649153669
37.6010293508
37.636881576
37.67247394
37.7078083262
37.7428866045
37.7777106312
37.8122822492
37.8466032878
37.8806755634
37.914500879
37.9480810246
37.9814177773
38.0145129011
38.0473681475
38.079985255
38.1123659498
38.1445119454
38.1764249429
38.2081066312
38.2395586867
38.2707827739
38.3017805452
38.3325536408
38.3631036893
38.3934323074
38.4235410999
38.4534316603
38.4831055702
38.5125644001
38.5418097088
38.570843044
38.599665942
38.6282799281
38.6566865167
38.6848872108
38.7128835029
38.7406768744
38.7682687962
38.7956607284
38.8228541206
38.8498504118
38.8766510306
38.9032573952
38.9296709137
38.9558929838
38.9819249932
39.0077683194
39.03342433
39.0588943828
39.0841798255
39.1092819963
39.1342022235
39.1589418259
39.1835021126
39.2078843834
39.2320899286
39.256120029
39.2799759563
39.303658973
39.3271703323
39.3505112784
39.3736830465
39.3966868628
39.4195239447
39.4421955007
39.4647027304
39.487046825
39.5092289669
39.53125033
39.5531120795
39.5748153725
39.5963613573
39.6177511742
39.6389859552
39.6600668239
39.6809948958
39.7017712786
39.7223970716
39.7428733664
39.7632012465
39.7833817877
39.8034160579
39.8233051172
39.8430500183
39.8626518059
39.8821115173
39.9014301825
39.9206088235
39.9396484555
39.9585500859
39.977314715
39.9959433358
40.0144369341
40.0327964886
40.0510229707
40.0691173452
40.0870805694
40.1049135939
40.1226173626
40.1401928122
40.1576408727
40.1749624677
40.1921585136
40.2092299205
40.2261775918
40.2430024242
40.2597053083
40.2762871278
40.2927487603
40.3090910769
40.3253149424
40.3414212153
40.3574107481
40.3732843867
40.3890429713
40.4046873358
40.420218308
40.4356367098
40.4509433572
40.4661390602
40.4812246229
40.4962008435
40.5110685148
40.5258284233
40.5404813502
40.5550280709
40.5694693553
40.5838059674
40.5980386661
40.6121682044
40.6261953301
40.6401207855
40.6539453076
40.6676696278
40.6812944724
40.6948205626
40.708248614
40.7215793372
40.7348134378
40.747951616
40.7609945671
40.7739429813
40.7867975438
40.7995589349
40.8122278299
40.8248048992
40.8372908083
40.8496862181
40.8619917845
40.8742081586
40.8863359869
40.8983759113
40.9103285689
40.9221945921
40.933974609
40.9456692429
40.9572791126
40.9688048326
40.9802470128
40.9916062587
41.0028831714
41.0140783476
41.0251923799
41.0362258563
41.0471793607
41.0580534729
41.0688487681
41.0795658177
41.0902051888
41.1007674445
41.1112531437
41.1216628413
41.1319970881
41.142256431
41.152441413
41.162552573
41.172590446
41.1825555634
41.1924484524
41.2022696365
41.2120196355
41.2216989653
41.2313081381
41.2408476625
41.2503180433
41.2597197816
41.2690533749
41.2783193173
41.287518099
41.2966502068
41.3057161239
41.3147163302
41.3236513019
41.3325215119
41.3413274295
41.3500695207
41.3587482482
41.3673640712
41.3759174457
41.3844088243
41.3928386564
41.401207388
41.409515462
41.4177633182
41.4259513928
41.4340801193
41.4421499278
41.4501612453
41.4581144959
41.4660101003
41.4738484764
41.481630039
41.4893551999
41.4970243679
41.5046379489
41.5121963457
41.5196999583
41.5271491838
41.5345444164
41.5418860475
41.5491744655
41.5564100563
41.5635932025
41.5707242845
41.5778036795
41.5848317622
41.5918089045
41.5987354756
41.6056118421
41.6124383679
41.6192154142
41.6259433396
41.6326225002
41.6392532494
41.6458359382
41.6523709149
41.6588585252
41.6652991125
41.6716930177
41.6780405791
41.6843421326
41.6905980117
41.6968085474
41.7029740684
41.7090949009
41.7151713689
41.7212037939
41.7271924952
41.7331377897
41.7390399919
41.7448994143
41.7507163668
41.7564911574
41.7622240916
41.7679154728
41.7735656021
41.7791747787
41.7847432992
41.7902714585
41.7957595489
41.8012078611
41.8066166832
41.8119863015
41.8173170001
41.8226090612
41.8278627648
41.833078389
41.8382562096
41.8433965008
41.8484995345
41.8535655808
41.8585949078
41.8635877817
41.8685444665
41.8734652248
41.8783503167
41.8832000009
41.8880145341
41.8927941709
41.8975391643
41.9022497654
41.9069262236
41.9115687862
41.9161776989
41.9207532057
41.9252955486
41.9298049681
41.9342817028
41.9387259895
41.9431380636
41.9475181583
41.9518665057
41.9561833356
41.9604688767
41.9647233557
41.9689469976
41.9731400261
41.977302663
41.9814351287
41.9855376417
41.9896104192
41.9936536767
41.9976676282
42.0016524861
42.0056084612
42.009535763
42.0134345992
42.0173051761
42.0211476987
42.0249623702
42.0287493925
42.032508966
42.0362412896
42.0399465609
42.043624976
42.0472767294
42.0509020145
42.0545010231
42.0580739457
42.0616209712
42.0651422875
42.0686380809
42.0721085364
42.0755538375
42.0789741667
42.0823697049
42.0857406319
42.089087126
42.0924093643
42.0957075225
42.0989817754
42.102232296
42.1054592565
42.1086628276
42.1118431789
42.1150004785
42.1181348937
42.1212465902
42.1243357328
42.1274024849
42.1304470088
42.1334694656
42.1364700153
42.1394488167
42.1424060273
42.1453418037
42.1482563013
42.1511496742
42.1540220756
42.1568736575
42.1597045708
42.1625149653
42.1653049897
42.1680747916
42.1708245177
42.1735543135
42.1762643233
42.1789546907
42.181625558
42.1842770665
42.1869093565
42.1895225674
42.1921168374
42.1946923039
42.197249103
42.1997873702
42.2023072397
42.2048088448
42.2072923181
42.2097577908
42.2122053934
42.2146352556
42.2170475058
42.2194422717
42.2218196801
42.2241798567
42.2265229265
42.2288490134
42.2311582406
42.2334507302
42.2357266036
42.2379859812
42.2402289825
42.2424557263
42.2446663303
42.2468609117
42.2490395864
42.2512024699
42.2533496765
42.2554813199
42.2575975128
42.2596983674
42.2617839947
42.2638545052
42.2659100083
42.2679506129
42.2699764269
42.2719875576
42.2739841114
42.2759661939
42.27793391
42.2798873639
42.2818266589
42.2837518977
42.2856631821
42.2875606133
42.2894442917
42.2913143169
42.293170788
42.2950138031
42.2968434599
42.2986598551
42.3004630848
42.3022532445
42.3040304289
42.305794732
42.3075462473
42.3092850674
42.3110112843
42.3127249894
42.3144262733
42.3161152261
42.3177919372
42.3194564952
42.3211089884
42.3227495041
42.3243781291
42.3259949497
42.3276000513
42.329193519
42.330775437
42.3323458891
42.3339049584
42.3354527273
42.3369892778
42.3385146913
42.3400290483
42.3415324291
42.3430249132
42.3445065796
42.3459775067
42.3474377724
42.3488874538
42.3503266278
42.3517553705
42.3531737575
42.3545818639
42.3559797641
42.3573675322
42.3587452415
42.3601129651
42.3614707752
42.3628187438
42.3641569421
42.365485441
42.3668043108
42.3681136212
42.3694134416
42.3707038408
42.3719848869
42.3732566479
42.3745191911
42.3757725831
42.3770168905
42.3782521789
42.3794785138
42.3806959601
42.3819045822
42.383104444
42.3842956091
42.3854781405
42.3866521008
42.387817552
42.388974556
42.3901231738
42.3912634663
42.3923954938
42.3935193163
42.3946349931
42.3957425834
42.3968421457
42.3979337383
42.3990174189
42.4000932448
42.401161273
42.4022215601
42.403274162
42.4043191345
42.405356533
42.4063864122
42.4074088268
42.4084238308
42.4094314779
42.4104318215
42.4114249145
42.4124108094
42.4133895584
42.4143612133
42.4153258256
42.4162834462
42.4172341258
42.4181779149
42.4191148632
42.4200450204
42.4209684358
42.4218851581
42.4227952358
42.4236987173
42.4245956502
42.425486082
42.4263700598
42.4272476305
42.4281188404
42.4289837357
42.4298423622
42.4306947652
42.4315409899
42.432381081
42.4332150831
42.4340430402
42.4348649962
42.4356809945
42.4364910784
42.4372952907
42.438093674
42.4388862705
42.4396731222
42.4404542706
42.4412297572
42.441999623
42.4427639087
42.4435226548
42.4442759014
42.4450236883
42.4457660553
42.4465030414
42.4472346858
42.4479610271
42.4486821038
42.4493979541
42.4501086158
42.4508141266
42.4515145237
42.4522098442
42.452900125
42.4535854026
42.4542657131
42.4549410927
42.4556115771
42.4562772017
42.4569380018
42.4575940123
42.458245268
42.4588918033
42.4595336524
42.4601708494
42.4608034278
42.4614314213
42.4620548629
42.4626737858
42.4632882227
42.4638982061
42.4645037682
42.4651049411
42.4657017567
42.4662942464
42.4668824418
42.4674663738
42.4680460734
42.4686215713
42.4691928979
42.4697600834
42.4703231579
42.4708821512
42.4714370929
42.4719880122
42.4725349384
42.4730779005
42.4736169271
42.4741520467
42.4746832877
42.4752106783
42.4757342462
42.4762540193
42.476770025
42.4772822906
42.4777908433
42.4782957099
42.4787969171
42.4792944916
42.4797884596
42.4802788472
42.4807656804
42.4812489851
42.4817287866
42.4822051105
42.482677982
42.483147426
42.4836134675
42.484076131
42.484535441
42.484991422
42.4854440979
42.4858934928
42.4863396304
42.4867825344
42.4872222281
42.4876587349
42.4880920778
42.4885222798
42.4889493637
42.4893733519
42.4897942671
42.4902121315
42.490626967
42.4910387959
42.4914476397
42.4918535202
42.4922564588
42.4926564769
42.4930535956
42.4934478359
42.4938392187
42.4942277647
42.4946134945
42.4949964285
42.4953765869
42.4957539899
42.4961286575
42.4965006094
42.4968698653
42.4972364449
42.4976003674
42.4979616521
42.4983203183
42.4986763848
42.4990298704
42.499380794
42.499729174
42.5000750289
42.500418377
42.5007592365
42.5010976254
42.5014335616
42.501767063
42.502098147
42.5024268313
42.5027531333
42.5030770702
42.5033986592
42.5037179172
42.5040348612
42.504349508
42.5046618742
42.5049719763
42.5052798307
42.5055854538
42.5058888617
42.5061900705
42.506489096
42.5067859542
42.5070806607
42.5073732312
42.5076636811
42.5079520257
42.5082382804
42.5085224603
42.5088045804
42.5090846557
42.5093627009
42.5096387309
42.5099127601
42.5101848032
42.5104548744
42.5107229882
42.5109891586
42.5112533998
42.5115157257
42.5117761503
42.5120346872
42.5122913503
42.5125461531
42.512799109
42.5130502314
42.5132995337
42.513547029
42.5137927304
42.514036651
42.5142788036
42.514519201
42.514757856
42.5149947812
42.5152299892
42.5154634923
42.515695303
42.5159254335
