0	0	
1	0	
1	0	
1	0	
1	0	
1	0	
1	0	
1	0	
1	0	
1	0	
1	0	
1	0	
2	0	
3	0	
3	0	
3	0	
3	0	
3	0	
3	1	
3	1	
3	1	
3	1	
3	1	
3	1	
3	1	
3	1	
3	1	
3	1	
3	1	
3	1	
3	1	
3	1	
3	1	
3	1	
3	1	
3	1	
4	1	
4	1	
4	1	
4	1	
4	1	
4	1	
4	2	
4	2	
5	2	
5	2	
5	2	
6	2	
6	2	
6	2	
6	2	
7	2	
7	2	
7	2	
7	2	
7	3	
7	3	
7	3	
7	3	
7	3	
7	3	
7	3	
7	3	
7	3	
7	3	
7	3	
7	3	
7	3	
7	3	
7	3	
7	3	
7	4	
7	4	
7	4	
7	4	
7	4	
7	4	
7	4	
7	4	
7	4	
7	4	
7	4	
7	4	
7	4	
7	4	
7	4	
7	4	
7	4	
7	4	
7	4	
7	4	
7	4	
7	4	
7	4	
7	4	
7	4	
7	4	
7	4	
7	4	
7	4	
7	4	
7	4	
7	5	
7	6	
7	6	
7	6	
7	6	
7	6	
7	6	
7	6	
7	6	
7	6	
8	6	
8	6	
8	6	
8	6	
8	6	
8	6	
8	6	
8	6	
8	6	
8	6	
8	6	
8	6	
8	6	
8	7	
8	7	
8	7	
8	7	
8	7	
8	7	
8	7	
8	7	
8	8	
8	8	
8	8	
8	8	
8	8	
9	8	
9	9	
9	9	
9	9	
9	9	
9	9	
9	9	
9	9	
9	9	
9	9	
9	9	
9	9	
9	9	
9	9	
9	9	
9	9	
9	9	
9	9	
9	9	
9	9	
9	9	
9	9	
9	9	
9	9	
9	9	
9	10	
9	10	
9	10	
9	10	
9	10	
9	10	
9	10	
9	10	
9	10	
9	10	
9	11	
9	11	
9	11	
9	11	
9	11	
9	11	
9	11	
9	11	
9	11	
9	11	
9	11	
9	11	
9	11	
9	11	
9	11	
9	11	
10	11	
10	11	
11	11	
11	11	
11	11	
11	12	
11	12	
11	12	
11	12	
11	12	
11	12	
11	12	
11	12	
11	12	
11	12	
11	12	
11	12	
11	12	
11	12	
11	12	
11	12	
11	12	
11	12	
11	12	
11	12	
11	12	
11	12	
11	12	
11	12	
11	12	
11	12	
11	12	
11	12	
11	12	
11	12	
11	12	
11	12	
11	12	
11	12	
11	12	
11	12	
11	12	
11	12	
11	12	
11	12	
11	12	
11	12	
11	12	
11	12	
11	12	
11	12	
11	12	
11	12	
11	12	
11	13	
11	13	
11	13	
11	13	
11	13	
11	13	
11	13	
11	13	
11	13	
11	13	
11	13	
11	13	
11	13	
11	13	
11	13	
11	13	
12	13	
12	13	
12	13	
12	13	
12	13	
12	13	
12	13	
12	13	
12	13	
12	13	
12	13	
12	14	
12	14	
12	14	
12	14	
12	14	
12	14	
12	14	
12	14	
12	14	
12	14	
12	14	
12	14	
12	14	
12	14	
12	14	
12	14	
12	14	
12	14	
12	14	
12	14	
12	14	
12	14	
12	14	
12	15	
12	15	
12	15	
12	15	
12	15	
13	15	
13	15	
13	15	
13	15	
13	15	
13	15	
13	15	
13	15	
13	15	
13	16	
13	16	
13	16	
13	16	
13	17	
13	17	
13	17	
13	17	
13	17	
13	17	
13	17	
13	17	
13	17	
14	18	
14	18	
14	18	
14	18	
14	19	
14	19	
14	19	
14	19	
14	19	
14	19	
14	19	
14	19	
14	19	
14	19	
14	19	
14	19	
14	19	
14	19	
14	19	
14	19	
14	19	
14	19	
14	19	
15	19	
15	19	
15	20	
16	20	
16	20	
16	20	
16	20	
16	20	
16	20	
16	20	
16	20	
16	20	
16	20	
16	20	
16	20	
17	20	
17	20	
18	20	
18	20	
18	20	
18	20	
18	20	
18	20	
18	20	
18	21	
18	21	
18	21	
18	21	
18	21	
18	21	
18	21	
18	21	
18	21	
18	21	
18	21	
18	21	
18	21	
18	21	
18	21	
18	21	
18	21	
18	21	
18	21	
18	21	
18	21	
18	21	
18	21	
19	21	
19	21	
20	21	
20	21	
20	21	
20	21	
20	21	
20	21	
20	21	
20	21	
20	22	
20	22	
20	22	
20	22	
20	22	
20	22	
20	22	
20	22	
20	22	
20	22	
20	22	
20	22	
20	22	
20	22	
20	22	
20	22	
20	22	
20	22	
20	22	
20	22	
20	22	
20	22	
20	22	
20	22	
20	22	
20	22	
20	22	
20	22	
20	22	
20	22	
20	22	
20	22	
20	22	
20	22	
20	22	
20	22	
20	22	
20	22	
20	23	
20	23	
20	23	
20	23	
20	23	
20	23	
20	23	
21	23	
21	23	
21	23	
21	23	
21	23	
21	23	
21	23	
21	23	
21	23	
21	23	
21	23	
21	24	
21	24	
21	24	
21	24	
21	24	
21	24	
21	24	
21	24	
21	24	
21	24	
21	24	
21	24	
21	24	
21	24	
21	24	
21	24	
21	24	
21	24	
21	24	
21	24	
21	24	
21	24	
21	24	
21	24	
21	24	
21	24	
21	24	
21	24	
21	24	
22	24	
22	24	
22	24	
22	24	
22	24	
22	24	
22	24	
22	24	
22	24	
22	24	
22	24	
22	25	
22	25	
22	25	
22	25	
22	25	
22	25	
22	25	
22	25	
22	25	
22	25	
22	25	
22	25	
22	25	
22	25	
22	26	
23	26	
23	26	
23	26	
23	26	
23	26	
23	26	
23	26	
23	26	
23	26	
23	26	
23	26	
23	26	
23	26	
23	26	
23	26	
23	26	
23	26	
23	26	
23	26	
23	26	
23	26	
23	26	
23	26	
23	26	
23	26	
24	26	
24	26	
24	26	
24	26	
24	26	
24	26	
24	26	
24	26	
24	26	
24	26	
24	26	
24	26	
24	26	
24	26	
24	26	
24	26	
24	26	
24	26	
24	26	
24	26	
24	26	
24	26	
24	26	
24	26	
24	26	
24	26	
24	26	
24	26	
24	26	
24	26	
24	26	
24	26	
24	26	
24	26	
24	26	
24	26	
24	26	
24	26	
24	26	
24	26	
24	26	
24	27	
25	27	
25	27	
26	27	
26	27	
26	27	
26	27	
26	27	
26	27	
26	27	
26	27	
26	27	
26	27	
26	27	
26	27	
26	28	
26	28	
26	28	
26	28	
26	28	
26	28	
26	28	
26	28	
26	28	
26	28	
26	28	
26	28	
26	28	
26	28	
26	28	
26	28	
26	28	
26	28	
26	28	
26	28	
26	28	
26	28	
26	28	
26	28	
26	28	
26	28	
26	28	
26	28	
26	28	
26	28	
26	28	
26	28	
26	28	
26	28	
26	28	
26	28	
26	28	
26	28	
26	28	
26	28	
26	28	
26	28	
26	28	
26	28	
26	28	
26	28	
26	28	
26	28	
26	28	
26	28	
26	28	
26	28	
26	28	
26	28	
26	28	
26	28	
26	28	
26	28	
26	28	
26	28	
26	28	
26	28	
26	28	
26	28	
26	28	
26	28	
26	28	
26	28	
26	28	
26	28	
26	28	
26	28	
27	28	
27	28	
27	28	
27	28	
27	28	
27	28	
27	28	
27	28	
27	28	
27	28	
27	28	
27	28	
27	28	
27	28	
27	28	
27	28	
27	29	
27	29	
27	29	
27	29	
27	29	
27	29	
27	29	
27	29	
27	29	
27	29	
27	29	
27	29	
27	29	
27	29	
27	29	
27	29	
27	29	
27	29	
27	29	
27	29	
27	29	
27	30	
27	31	
27	31	
27	31	
27	31	
27	31	
27	31	
27	31	
27	31	
27	31	
27	31	
27	31	
27	31	
27	31	
27	31	
27	31	
27	31	
27	31	
27	31	
27	31	
27	31	
27	32	
27	32	
27	32	
27	32	
27	32	
28	32	
28	32	
28	32	
28	32	
28	32	
28	32	
28	32	
28	32	
28	32	
28	32	
28	32	
28	32	
28	33	
28	34	
28	34	
28	34	
28	34	
28	34	
28	34	
29	34	
29	34	
29	34	
29	34	
29	34	
29	34	
29	34	
29	34	
29	34	
29	34	
29	34	
29	34	
29	34	
29	34	
29	34	
29	34	
29	34	
29	34	
29	34	
29	34	
29	34	
29	34	
29	34	
29	34	
29	34	
29	34	
29	34	
29	34	
29	34	
29	34	
29	34	
29	34	
29	34	
29	34	
29	35	
29	35	
29	35	
29	35	
29	35	
29	35	
29	35	
29	35	
29	35	
29	35	
29	35	
29	35	
29	36	
29	36	
29	36	
29	36	
29	36	
29	36	
29	36	
29	36	
29	36	
29	36	
29	36	
29	36	
29	36	
29	36	
29	36	
29	36	
29	36	
29	36	
29	36	
29	36	
29	36	
29	36	
29	36	
29	37	
29	37	
29	37	
29	37	
29	37	
29	37	
29	37	
29	37	
29	37	
29	37	
30	37	
30	37	
30	37	
30	37	
30	37	
30	37	
30	37	
30	37	
30	37	
30	37	
30	37	
30	37	
30	37	
31	37	
31	37	
31	37	
31	37	
31	37	
31	37	
31	37	
31	37	
31	37	
31	37	
31	37	
31	37	
31	37	
31	37	
31	37	
31	37	
31	37	
31	37	
31	37	
31	37	
31	37	
31	37	
31	37	
31	37	
31	37	
31	38	
31	38	
31	38	
31	38	
32	38	
32	38	
32	38	
32	38	
32	38	
32	38	
32	38	
32	38	
32	38	
32	38	
32	38	
32	38	
32	38	
32	38	
32	38	
32	38	
32	38	
32	38	
32	38	
32	38	
32	38	
32	38	
32	38	
32	38	
32	38	
32	38	
32	38	
32	38	
32	38	
32	38	
32	38	
32	38	
32	38	
32	38	
32	38	
32	38	
32	38	
32	38	
32	39	
32	39	
32	39	
32	39	
32	39	
32	39	
32	39	
32	39	
32	39	
32	39	
32	39	
32	39	
32	39	
32	39	
32	39	
32	39	
32	39	
32	39	
32	39	
32	39	
32	39	
32	39	
32	39	
32	39	
32	39	
32	39	
32	39	
32	39	
32	39	
32	39	
33	39	
33	39	
33	39	
33	39	
33	39	
33	39	
33	39	
33	39	
33	39	
33	39	
33	39	
33	39	
33	39	
33	39	
33	39	
33	39	
33	39	
33	39	
33	39	
33	39	
33	39	
33	39	
33	39	
33	39	
33	39	
33	39	
33	39	
33	39	
33	39	
33	39	
33	39	
33	39	
33	39	
33	39	
33	39	
33	39	
33	39	
33	39	
33	39	
33	39	
33	39	
33	39	
33	39	
33	39	
33	39	
33	39	
33	39	
33	40	
33	40	
33	40	
33	40	
33	40	
33	40	
33	40	
33	40	
33	40	
33	40	
33	40	
33	40	
33	40	
33	40	
33	40	
34	40	
34	40	
34	41	
34	41	
34	41	
34	41	
34	41	
34	41	
34	41	
34	41	
34	41	
34	41	
34	41	
34	41	
34	41	
34	41	
34	41	
34	41	
35	41	
35	41	
35	41	
35	41	
35	41	
35	41	
35	41	
35	41	
35	41	
35	41	
35	41	
35	41	
35	41	
35	41	
35	41	
35	41	
35	41	
35	41	
35	41	
35	41	
35	41	
35	41	
35	41	
35	41	
35	41	
35	41	
35	41	
35	41	
35	41	
35	41	
35	41	
35	41	
35	41	
35	41	
35	41	
35	41	
35	41	
35	41	
35	41	
35	41	
35	41	
35	41	
35	41	
35	41	
35	41	
35	42	
35	42	
35	42	
35	42	
35	42	
35	42	
35	42	
35	42	
35	42	
35	42	
35	42	
35	42	
35	42	
35	42	
36	42	
36	42	
36	42	
36	42	
36	42	
36	42	
36	42	
36	42	
36	42	
36	42	
36	42	
37	42	
37	42	
37	42	
37	42	
37	42	
37	42	
37	42	
37	42	
37	42	
37	42	
37	42	
37	42	
38	42	
38	42	
38	42	
38	42	
38	42	
38	42	
38	42	
38	42	
38	42	
38	42	
38	42	
38	42	
38	42	
38	42	
38	42	
38	42	
38	42	
38	42	
38	42	
38	42	
38	42	
38	42	
38	42	
38	42	
38	42	
38	42	
38	42	
38	42	
38	42	
38	42	
38	42	
38	42	
38	42	
38	42	
38	42	
38	42	
38	42	
38	42	
38	42	
38	42	
38	42	
38	42	
38	42	
38	42	
38	42	
38	42	
38	42	
38	42	
38	42	
38	42	
38	42	
38	42	
38	42	
38	42	
38	42	
38	42	
38	42	
38	42	
38	42	
38	42	
38	43	
38	43	
38	43	
38	43	
38	43	
38	43	
38	43	
38	43	
38	43	
38	43	
38	43	
38	43	
38	43	
38	44	
38	44	
38	44	
38	44	
38	44	
38	44	
38	44	
38	44	
38	44	
38	44	
38	44	
38	44	
38	44	
38	44	
38	44	
38	44	
38	44	
38	44	
38	44	
38	44	
38	44	
38	44	
38	44	
38	44	
38	44	
38	44	
38	44	
38	44	
38	45	
38	45	
38	45	
38	45	
38	45	
38	45	
38	45	
38	45	
38	45	
38	45	
38	45	
38	45	
38	45	
38	45	
38	45	
38	45	
38	45	
38	45	
38	45	
38	45	
38	45	
38	45	
38	45	
38	45	
38	45	
38	45	
38	45	
38	45	
38	45	
38	45	
38	45	
38	45	
38	45	
38	45	
38	45	
38	45	
38	45	
38	45	
38	45	
38	45	
38	45	
38	45	
38	45	
38	45	
38	45	
38	45	
38	45	
39	45	
39	45	
39	45	
39	45	
39	45	
39	45	
39	45	
39	45	
39	45	
39	45	
39	45	
39	45	
39	45	
39	45	
39	45	
39	45	
39	45	
39	45	
39	45	
40	45	
40	45	
40	45	
40	45	
40	45	
40	45	
40	45	
40	45	
40	45	
40	45	
40	45	
40	45	
40	45	
40	45	
40	45	
40	45	
40	45	
40	45	
40	45	
40	45	
40	45	
40	45	
40	45	
40	45	
40	45	
40	45	
40	45	
40	45	
40	45	
40	45	
40	45	
40	45	
40	45	
40	45	
40	45	
40	45	
40	45	
40	45	
40	45	
40	45	
40	45	
40	45	
40	45	
40	45	
40	45	
40	45	
40	45	
40	45	
40	45	
40	45	
40	45	
40	45	
40	45	
40	45	
40	45	
40	45	
40	45	
40	45	
40	45	
40	45	
40	45	
40	45	
40	45	
40	45	
40	45	
40	45	
40	45	
40	45	
40	45	
40	45	
40	45	
40	45	
40	45	
40	45	
40	45	
40	45	
40	45	
40	45	
40	45	
40	45	
41	45	
41	45	
41	45	
41	45	
41	45	
41	45	
41	45	
41	45	
41	45	
41	45	
41	45	
41	45	
41	45	
41	45	
41	45	
41	45	
41	45	
41	45	
41	45	
41	45	
41	45	
41	45	
41	45	
41	45	
41	45	
41	45	
41	45	
41	45	
41	45	
41	45	
41	45	
41	45	
41	45	
41	45	
41	45	
41	45	
41	45	
41	45	
41	45	
41	45	
41	45	
41	45	
41	45	
41	46	
41	46	
41	46	
41	46	
41	46	
41	46	
41	46	
41	46	
41	46	
41	46	
41	46	
41	46	
41	46	
41	46	
41	46	
41	46	
41	46	
41	46	
41	46	
41	46	
41	46	
41	46	
41	46	
41	46	
41	46	
41	46	
41	46	
41	46	
41	46	
41	46	
41	46	
41	46	
41	46	
41	46	
41	46	
41	46	
41	46	
41	46	
41	46	
41	46	
41	46	
41	46	
41	46	
41	46	
41	46	
41	46	
41	46	
41	46	
41	46	
42	46	
42	46	
42	46	
42	46	
42	46	
42	46	
42	46	
42	46	
42	46	
42	46	
42	46	
42	46	
42	46	
42	46	
42	46	
42	46	
42	46	
42	46	
42	46	
42	46	
42	46	
42	46	
42	46	
42	46	
42	46	
42	46	
42	46	
42	46	
42	46	
42	46	
42	46	
42	46	
42	46	
42	46	
42	46	
42	46	
42	46	
42	46	
42	46	
42	47	
42	47	
42	47	
42	47	
42	47	
42	47	
42	47	
42	47	
42	47	
42	47	
42	47	
42	47	
42	47	
42	47	
42	47	
42	47	
42	47	
42	47	
42	47	
42	47	
42	47	
42	47	
43	47	
43	47	
43	47	
43	47	
43	47	
43	47	
43	47	
43	47	
43	47	
43	47	
43	47	
43	47	
43	47	
43	47	
43	47	
43	47	
43	47	
43	47	
43	47	
43	47	
43	47	
43	47	
43	47	
43	47	
43	47	
43	47	
43	47	
43	47	
43	47	
43	47	
43	47	
43	47	
43	47	
43	47	
43	47	
43	47	
43	47	
43	47	
43	47	
43	47	
43	47	
43	47	
43	47	
43	48	
43	48	
43	48	
43	48	
43	48	
43	48	
43	48	
43	48	
43	48	
43	48	
43	48	
43	48	
43	48	
43	48	
43	48	
43	48	
43	48	
43	48	
43	48	
43	48	
43	48	
43	48	
43	48	
43	48	
43	48	
43	48	
43	48	
43	48	
43	48	
43	48	
43	48	
43	48	
43	48	
43	48	
43	48	
43	48	
43	48	
43	48	
43	48	
43	48	
43	48	
43	48	
43	48	
43	48	
43	48	
43	48	
43	48	
43	48	
43	48	
43	48	
43	48	
43	48	
43	48	
43	48	
43	48	
43	48	
43	48	
43	48	
43	48	
43	48	
43	48	
43	48	
43	48	
43	48	
43	48	
43	48	
43	48	
43	48	
43	48	
43	48	
43	48	
43	48	
43	48	
43	48	
43	48	
43	48	
43	48	
43	48	
43	48	
43	48	
43	48	
43	48	
43	48	
43	48	
43	48	
43	48	
43	48	
43	48	
43	48	
43	48	
43	48	
43	48	
43	48	
43	48	
43	48	
43	48	
43	48	
43	48	
43	48	
43	49	
43	49	
43	49	
43	49	
43	49	
43	49	
43	49	
43	49	
43	49	
43	49	
43	49	
43	49	
43	49	
43	49	
43	49	
43	49	
43	49	
43	49	
43	49	
43	49	
43	49	
43	49	
43	49	
43	49	
43	49	
43	49	
43	49	
44	49	
44	49	
44	49	
44	49	
44	49	
44	49	
44	49	
44	49	
44	49	
44	49	
44	49	
44	49	
44	49	
44	49	
44	49	
44	49	
44	49	
44	49	
45	49	
45	49	
45	49	
45	49	
45	49	
45	49	
45	49	
45	49	
45	49	
45	49	
45	49	
45	49	
45	49	
45	49	
45	49	
45	49	
45	49	
45	49	
45	49	
45	49	
45	49	
45	49	
45	49	
45	49	
45	49	
45	49	
45	49	
45	49	
45	49	
45	49	
45	49	
45	49	
45	49	
45	49	
45	49	
45	49	
45	49	
45	49	
45	49	
45	49	
45	49	
45	49	
45	49	
45	49	
46	49	
46	49	
46	49	
46	49	
46	49	
46	49	
46	49	
46	49	
46	49	
46	49	
46	49	
46	49	
46	49	
46	49	
46	49	
46	49	
46	49	
46	49	
46	49	
46	49	
46	49	
46	49	
46	49	
46	49	
46	49	
46	49	
46	49	
46	49	
46	49	
46	49	
46	49	
46	49	
46	49	
46	49	
46	49	
46	49	
46	49	
46	49	
46	49	
46	49	
46	49	
46	49	
46	49	
46	49	
46	49	
46	49	
46	49	
46	49	
46	49	
46	49	
46	49	
46	49	
46	49	
46	49	
46	49	
46	49	
46	49	
46	49	
46	49	
46	49	
46	49	
46	49	
46	49	
46	49	
46	49	
46	49	
46	49	
46	49	
46	49	
46	49	
46	49	
46	49	
46	49	
46	49	
46	49	
46	49	
46	49	
46	49	
46	49	
46	49	
46	49	
47	49	
47	49	
47	49	
47	49	
47	49	
47	49	
47	49	
47	49	
47	49	
47	49	
47	49	
47	49	
47	49	
47	49	
47	49	
47	49	
47	49	
47	49	
47	49	
47	49	
47	49	
47	49	
47	49	
47	49	
47	49	
47	49	
47	49	
47	49	
47	49	
47	50	
47	50	
47	50	
47	50	
47	50	
47	50	
47	50	
47	50	
47	50	
48	50	
48	50	
48	50	
48	50	
48	50	
48	50	
48	50	
48	50	
48	50	
48	50	
48	50	
48	50	
48	50	
48	50	
48	50	
48	50	
48	50	
48	50	
48	50	
48	50	
48	50	
48	50	
48	50	
48	50	
48	50	
48	50	
48	50	
48	50	
48	50	
48	50	
48	50	
48	50	
48	50	
48	50	
48	50	
48	50	
48	50	
48	50	
48	50	
48	50	
48	50	
48	50	
48	50	
48	50	
48	50	
48	50	
48	50	
48	50	
48	50	
48	50	
48	50	
48	50	
48	50	
48	50	
48	50	
48	50	
48	50	
48	50	
48	50	
48	50	
48	50	
48	50	
48	50	
48	50	
48	50	
48	50	
48	50	
48	50	
48	50	
48	50	
48	50	
48	50	
48	50	
48	50	
49	50	
49	50	
49	50	
49	50	
49	50	
49	50	
49	50	
49	50	
49	50	
49	50	
49	50	
49	50	
49	50	
49	50	
49	50	
49	50	
49	50	
49	50	
49	50	
49	50	
49	50	
49	50	
49	50	
49	50	
49	50	
49	50	
49	50	
49	50	
49	50	
49	50	
49	50	
49	50	
49	50	
49	50	
49	50	
49	50	
49	50	
49	50	
49	50	
49	50	
49	50	
49	50	
49	50	
49	50	
49	50	
49	50	
49	50	
49	50	
49	50	
49	50	
49	50	
49	50	
49	50	
49	50	
49	50	
49	50	
49	50	
49	50	
49	50	
49	50	
49	50	
49	50	
49	50	
49	50	
49	50	
49	50	
49	50	
49	50	
49	50	
49	50	
49	50	
49	50	
49	50	
49	50	
49	50	
49	50	
49	50	
49	50	
49	50	
49	50	
49	50	
49	50	
49	50	
49	50	
49	50	
49	50	
49	50	
49	50	
49	50	
49	50	
49	50	
49	50	
49	50	
49	50	
49	50	
49	50	
49	50	
49	50	
49	50	
49	50	
49	50	
49	50	
49	50	
49	50	
49	50	
49	50	
49	50	
49	50	
49	50	
49	50	
49	50	
49	50	
49	50	
49	50	
49	50	
49	50	
49	50	
49	50	
49	50	
49	50	
49	50	
49	50	
49	50	
49	50	
49	50	
49	50	
49	50	
49	50	
49	50	
49	50	
49	50	
49	50	
49	50	
49	50	
49	50	
49	50	
49	50	
49	50	
49	50	
49	50	
49	50	
49	50	
49	50	
49	50	
49	50	
49	50	
49	50	
49	50	
49	50	
49	50	
49	50	
49	50	
49	50	
49	50	
49	50	
49	50	
49	50	
49	50	
49	50	
49	50	
49	50	
49	50	
49	50	
49	50	
49	50	
49	50	
49	50	
49	50	
49	50	
49	50	
49	50	
49	50	
49	50	
49	50	
49	50	
49	50	
49	50	
49	50	
49	50	
49	50	
49	50	
49	50	
49	50	
49	50	
49	50	
49	50	
49	50	
49	50	
49	50	
49	50	
49	50	
49	50	
49	50	
49	50	
49	50	
49	50	
49	50	
49	50	
49	50	
49	50	
49	50	
49	50	
49	50	
49	50	
49	50	
49	50	
49	50	
49	50	
49	50	
49	50	
49	50	
49	50	
49	50	
49	50	
49	50	
49	50	
49	50	
49	50	
49	50	
49	50	
49	50	
49	50	
49	50	
49	50	
49	50	
49	50	
49	50	
49	50	
49	50	
49	50	
49	50	
49	50	
49	50	
49	50	
49	50	
49	50	
49	50	
49	50	
49	50	
49	50	
49	50	
49	50	
49	50	
49	50	
49	50	
49	50	
49	50	
49	50	
49	50	
49	50	
49	50	
49	50	
49	50	
49	50	
49	50	
49	50	
49	50	
49	50	
49	50	
49	50	
49	50	
49	50	
49	50	
49	50	
49	50	
49	50	
49	50	
49	50	
49	50	
49	50	
49	50	
49	50	
49	50	
49	50	
49	50	
49	50	
49	50	
49	50	
49	50	
49	50	
49	50	
49	50	
49	50	
49	50	
49	50	
49	50	
49	50	
49	50	
49	50	
49	50	
49	50	
49	50	
49	50	
49	50	
49	50	
49	50	
49	50	
49	50	
49	50	
49	50	
49	50	
49	50	
49	50	
49	50	
49	50	
49	50	
49	50	
49	50	
49	50	
49	50	
49	50	
49	50	
49	50	
49	50	
49	50	
49	50	
49	50	
49	50	
49	50	
49	50	
49	50	
49	50	
49	50	
49	50	
49	50	
49	50	
49	50	
49	50	
49	50	
49	50	
49	50	
49	50	
49	50	
49	50	
49	50	
49	50	
49	50	
49	50	
49	50	
49	50	
49	50	
49	50	
49	50	
49	50	
49	50	
49	50	
49	50	
49	50	
49	50	
49	50	
49	50	
49	50	
49	50	
49	50	
49	50	
49	50	
49	50	
49	50	
49	50	
49	50	
49	50	
49	50	
49	50	
49	50	
49	50	
49	50	
49	50	
49	50	
49	50	
49	50	
49	50	
49	50	
49	50	
49	50	
49	50	
49	50	
49	50	
49	50	
49	50	
49	50	
49	50	
49	50	
49	50	
49	50	
49	50	
49	50	
49	50	
49	50	
49	50	
49	50	
49	50	
49	50	
49	50	
49	50	
49	50	
49	50	
49	50	
49	50	
49	50	
49	50	
49	50	
49	50	
49	50	
49	50	
49	50	
49	50	
49	50	
49	50	
49	50	
49	50	
49	50	
49	50	
49	50	
49	50	
49	50	
49	50	
49	50	
49	50	
49	50	
49	50	
49	50	
49	50	
49	50	
49	50	
49	50	
49	50	
49	50	
49	50	
49	50	
49	50	
49	50	
49	50	
49	50	
49	50	
49	50	
49	50	
49	50	
49	50	
49	50	
49	50	
49	50	
49	50	
49	50	
49	50	
49	50	
49	50	
49	50	
49	50	
49	50	
49	50	
49	50	
49	50	
49	50	
49	50	
49	50	
49	50	
49	50	
49	50	
49	50	
49	50	
49	50	
49	50	
49	50	
49	50	
49	50	
49	50	
49	50	
49	50	
49	50	
49	50	
49	50	
49	50	
49	50	
49	50	
49	50	
49	50	
49	50	
49	50	
49	50	
49	50	
49	50	
49	50	
49	50	
49	50	
49	50	
49	50	
49	50	
49	50	
49	50	
49	50	
49	50	
49	50	
49	50	
49	50	
49	50	
49	50	
49	50	
49	50	
49	50	
49	50	
49	50	
49	50	
49	50	
49	50	
49	50	
49	50	
49	50	
49	50	
49	50	
49	50	
49	50	
49	50	
49	50	
49	50	
49	50	
49	50	
49	50	
49	50	
49	50	
49	50	
49	50	
49	50	
49	50	
49	50	
49	50	
49	50	
49	50	
49	50	
49	50	
49	50	
49	50	
49	50	
49	50	
49	50	
49	50	
49	50	
49	50	
49	50	
49	50	
49	50	
49	50	
49	50	
49	50	
49	50	
49	50	
49	50	
49	50	
49	50	
49	50	
49	50	
49	50	
49	50	
49	50	
49	50	
49	50	
49	50	
49	50	
49	50	
49	50	
49	50	
49	50	
49	50	
49	50	
49	50	
49	50	
49	50	
49	50	
49	50	
49	50	
49	50	
49	50	
49	50	
49	50	
49	50	
49	50	
49	50	
49	50	
49	50	
49	50	
49	50	
49	50	
49	50	
49	50	
49	50	
49	50	
49	50	
49	50	
49	50	
49	50	
49	50	
49	50	
49	50	
49	50	
49	50	
49	50	
49	50	
49	50	
49	50	
49	50	
49	50	
49	50	
49	50	
49	50	
49	50	
49	50	
49	50	
49	50	
49	50	
49	50	
49	50	
49	50	
49	50	
49	50	
49	50	
49	50	
49	50	
49	50	
49	50	
49	50	
49	50	
49	50	
49	50	
49	50	
49	50	
49	50	
49	50	
49	50	
49	50	
49	50	
49	50	
49	50	
49	50	
49	50	
49	50	
49	50	
49	50	
49	50	
49	50	
49	50	
49	50	
49	50	
49	50	
49	50	
49	50	
49	50	
49	50	
49	50	
49	50	
49	50	
49	50	
49	50	
49	50	
49	50	
49	50	
49	50	
49	50	
49	50	
49	50	
49	50	
49	50	
49	50	
49	50	
49	50	
49	50	
49	50	
49	50	
49	50	
49	50	
49	50	
49	50	
49	50	
49	50	
49	50	
49	50	
49	50	
49	50	
49	50	
49	50	
49	50	
49	50	
49	50	
49	50	
49	50	
49	50	
49	50	
49	50	
49	50	
49	50	
49	50	
