-3.51093082997	-3.3963101869	-3.62555147305
-3.38858811845	-3.27474979278	-3.50242640696
-3.26704738243	-3.15398622697	-3.38010846407
-3.14630336484	-3.03401426626	-3.25859235343
-3.02635084307	-2.91482872166	-3.13787281879
-2.90718462873	-2.79642443823	-3.01794463832
-2.78879956747	-2.6787962948	-2.89880262447
-2.6711905387	-2.56193920377	-2.78044162367
-2.55435245541	-2.44584811089	-2.66285651613
-2.43828026392	-2.33051799505	-2.54604221562
-2.32296894371	-2.21594386804	-2.42999366928
-2.20841350714	-2.10212077436	-2.31470585733
-2.09460899927	-1.98904379098	-2.20017379294
-1.98155049766	-1.87670802715	-2.08639252194
-1.8692331121	-1.76510862417	-1.97335712264
-1.75765198449	-1.65424075521	-1.86106270563
-1.64680228852	-1.54409962506	-1.74950441353
-1.53667922955	-1.43468046993	-1.63867742081
-1.42727804436	-1.3259785573	-1.52857693359
-1.31859400095	-1.21798918563	-1.41919818938
-1.21062239836	-1.11070768422	-1.31053645694
-1.10335856642	-1.00412941298	-1.20258703604
-0.996797865578	-0.89824976224	-1.09534525725
-0.890935686708	-0.793064152537	-0.988806481746
-0.785767450887	-0.688568034434	-0.882966101136
-0.681288609211	-0.584756888316	-0.777819537218
-0.577494642594	-0.481626224191	-0.673362241809
-0.474381061573	-0.3791715815	-0.569589696537
-0.371943406114	-0.277388528923	-0.466497412653
-0.270177245422	-0.176272664187	-0.364080930831
-0.169078177742	-0.0758196138772	-0.262335820977
-0.068641830177	0.0239749667555	-0.161257682039
0.031136141507	0.123115393979	-0.0608421418158
0.130260053066	0.221605955768	0.0389151432352
0.228734191966	0.319450911992	0.138018488181
0.326562817568	0.416654494592	0.236472179804
0.423750161313	0.513220907774	0.334280476783
0.520300426901	0.609154328182	0.431447609882
0.61621779048	0.704458905084	0.52797778213
0.711506400821	0.799138760548	0.623875169003
0.806170379499	0.893197989623	0.719143918608
0.900213821072	0.986640660515	0.813788151857
0.993640793257	1.07947081476	0.90781196265
1.08645533711	1.17169246741	1.00121941805
1.17866146718	1.26330960719	1.09401455846
1.27026317174	1.35432619667	1.18620139779
1.36126441287	1.44474617248	1.27778392365
1.45166912671	1.5345734454	1.3687660975
1.54148122359	1.62381190061	1.45915185483
1.6307045882	1.7124653978	1.54894510534
1.71934307978	1.80053777138	1.63814973311
1.80740053226	1.88803283061	1.72676959673
1.89488075444	1.97495435979	1.81480852951
1.98178753015	2.0613061184	1.90227033964
2.06812461844	2.14709184129	1.98915881033
2.15389575368	2.23231523883	2.07547770001
2.23910464579	2.31697999705	2.16123074246
2.32375498035	2.40108977783	2.24642164698
2.40785041881	2.48464821906	2.33105409856
2.49139459858	2.56765893477	2.41513175804
2.57439113326	2.65012551529	2.49865826224
2.65684361275	2.73205152743	2.58163722417
2.73875560341	2.81344051461	2.66407223313
2.82013064822	2.89429599704	2.74596685491
2.90097226696	2.97462147183	2.82732463191
2.98128395632	3.0544204132	2.90814908332
3.06106919006	3.13369627255	2.98844370525
3.14033141918	3.2124524787	3.0682119709
3.21907407206	3.29069243797	3.14745733069
3.2973005546	3.36841953436	3.22618321245
3.37501425038	3.44563712969	3.30439302151
3.4522185208	3.52234856373	3.38209014089
3.52891670522	3.59855715437	3.45927793143
3.6051121211	3.67426619775	3.53595973193
3.68080806418	3.7494789684	3.61213885933
3.75600780859	3.82419871939	3.68781860879
3.83071460697	3.89842868247	3.7630022539
3.90493169066	3.97217206818	3.83769304678
3.97866226983	4.04543206605	3.91189421823
4.05190953358	4.11821184469	3.98560897786
4.12467665013	4.19051455192	4.05884051426
4.1969667669	4.26234331496	4.13159199511
4.26878301072	4.3337012405	4.20386656732
4.34012848789	4.40459141489	4.27566735718
4.41100628436	4.47501690424	4.34699747047
4.48141946584	4.54498075454	4.41785999263
4.55137107797	4.61448599186	4.48825798887
4.6208641464	4.68353562239	4.55819450429
4.68990167696	4.75213263264	4.62767256405
4.75848665576	4.82027998954	4.69669517347
4.82662204937	4.88798064055	4.76526531816
4.89431080486	4.95523751385	4.83338596418
4.96155585004	5.02205351838	4.90106005813
5.02836009349	5.08843154405	4.96829052729
5.09472642472	5.15437446181	5.03508027976
5.16065771434	5.21988512378	5.10143220459
5.22615681409	5.28496636341	5.16734917186
5.29122655706	5.34962099556	5.23283403286
5.35586975774	5.41385181663	5.29788962017
5.42008921219	5.47766160472	5.36251874784
5.48388769812	5.54105311969	5.42672421142
5.54726797505	5.60402910332	5.49050878817
5.61023278441	5.66659227942	5.55387523713
5.67278484965	5.72874535394	5.61682629926
5.73492687637	5.7904910151	5.67936469756
5.79666155244	5.8518319335	5.74149313716
5.85799154811	5.91277076221	5.80321430546
5.91891951611	5.97331013695	5.86453087227
5.97944809181	6.03345267612	5.92544548986
6.03957989328	6.09320098099	5.98596079314
6.09931752143	6.15255763576	6.04607939974
6.15866356014	6.2115252077	6.10580391014
6.21762057634	6.27010624724	6.16513690775
6.27619112013	6.32830328811	6.22408095906
6.33437772488	6.38611884741	6.28263861373
6.3921829074	6.44355542577	6.34081240473
6.44960916795	6.50061550739	6.39860484839
6.50665899043	6.55730156021	6.45601844456
6.56333484245	6.61361603599	6.51305567671
6.61963917545	6.66956137043	6.56971901201
6.67557442478	6.72513998323	6.6260109015
6.73114300985	6.78035427827	6.68193378009
6.78634733421	6.83520664363	6.73749006678
6.84118978563	6.88969945178	6.79268216469
6.89567273625	6.94383505961	6.84751246119
6.94979854266	6.99761580857	6.90198332801
7.00356954598	7.05104402475	6.95609712131
7.05698807202	7.10412201901	7.00985618182
7.1100564313	7.15685208705	7.06326283493
7.16277691924	7.20923650954	7.11631939078
7.21515181618	7.26127755217	7.16902814436
7.26718338752	7.3129774658	7.22139137564
7.31887388382	7.36433848653	7.2734113496
7.37022554087	7.4153628358	7.32509031642
7.42124057983	7.4660527205	7.3764305115
7.47192120727	7.51641033304	7.42743415559
7.52226961531	7.56643785146	7.4781034549
7.57228798171	7.61613743953	7.52844060115
7.62197846993	7.66551124684	7.57844777171
7.67134322927	7.71456140887	7.62812712968
7.72038439494	7.76329004712	7.67748082397
7.76910408814	7.81169926919	7.72651098941
7.81750441617	7.85979116883	7.77521974682
7.86558747253	7.9075678261	7.82360920315
7.91335533697	7.95503130742	7.8716814515
7.96081007563	8.00218366565	7.91943857128
8.00795374109	8.0490269402	7.96688262825
8.05478837249	8.09556315712	8.01401567463
8.1013159956	8.14179432917	8.0608397492
8.14753862291	8.18772245592	8.10735687736
8.1934582537	8.23334952383	8.15356907125
8.23907687417	8.27867750633	8.19947832979
8.28439645748	8.32370836395	8.24508663883
8.32941896388	8.36844404432	8.29039597119
8.37414634075	8.41288648233	8.33540828675
8.4185805227	8.4570376002	8.38012553255
8.46272343168	8.50089930751	8.42454964286
8.50657697702	8.54447350137	8.46868253927
8.55014305555	8.58776206641	8.51252613079
8.59342355166	8.63076687494	8.5560823139
8.63642033739	8.67348978698	8.59935297265
8.6791352725	8.71593265036	8.64233997874
8.72157020456	8.75809730079	8.6850451916
8.76372696904	8.79998556197	8.72747045848
8.80560738938	8.84159924563	8.76961761451
8.84721327704	8.88294015162	8.81148848279
8.88854643164	8.924010068	8.85308487447
8.92960864098	8.9648107711	8.89440858884
8.97040168116	9.00534402562	8.93546141338
9.01092731661	9.04561158469	8.97624512385
9.05118730021	9.08561518993	9.01676148439
9.09118337336	9.12535657157	9.05701224755
9.13091726603	9.16483744848	9.09699915441
9.17039069685	9.20405952826	9.13672393463
9.20960537319	9.24302450734	9.17618830653
9.24856299123	9.28173407101	9.21539397716
9.28726523603	9.32018989351	9.25434264241
9.32571378158	9.35839363813	9.293035987
9.36391029095	9.39634695722	9.33147568467
9.40185641625	9.43405149233	9.36966339813
9.43955379879	9.47150887424	9.40760077922
9.47700406914	9.50872072303	9.44528946895
9.51420884713	9.54568864819	9.48273109757
9.55116974202	9.58241424861	9.51992728464
9.58788835249	9.61889911275	9.55687963911
9.62436626676	9.65514481864	9.59358975937
9.66060506262	9.69115293394	9.63005923335
9.69660630754	9.72692501607	9.66628963856
9.73237155871	9.76246261223	9.70228254217
9.76790236308	9.79776725947	9.73803950107
9.80320025751	9.83284048477	9.77356206196
9.83826676875	9.8676838051	9.80885176139
9.87310341355	9.90229872749	9.84391012583
9.90771169873	9.93668674908	9.87873867177
9.94209312122	9.97084935722	9.91333890573
9.97624916813	10.0047880295	9.94771232437
10.0101813168	10.0385042338	9.98186041453
10.043891035	10.0719994284	10.0157846533
10.0773797808	10.105275062	10.0494865081
10.1106490026	10.1383325738	10.0829674368
10.1437001395	10.1711733937	10.1162288875
10.1765346211	10.2037989421	10.1492722991
10.2091538675	10.23621063	10.1820991008
10.2415592896	10.2684098593	10.2147107125
10.2737522892	10.3003980226	10.247108545
10.3057342587	10.3321765036	10.2792939996
10.3375065814	10.3637466767	10.3112684685
10.3690706316	10.3951099073	10.3430333348
10.4004277745	10.4262675519	10.3745899725
10.4315793665	10.4572209582	10.4059397466
10.4625267549	10.487971465	10.4370840131
10.4932712784	10.5185204022	10.4680241193
10.5238142668	10.5488690911	10.4987614034
10.5541570411	10.5790188444	10.5292971951
10.5843009138	10.6089709661	10.5596328151
10.6142471887	10.6387267516	10.5897695757
10.6439971612	10.668287488	10.6197087804
10.6735521179	10.6976544538	10.6494517243
10.7029133373	10.7268289192	10.6789996939
10.7320820894	10.7558121459	10.7083539673
10.7610596357	10.7846053876	10.7375158144
10.7898472297	10.8132098896	10.7664864964
10.8184461166	10.8416268892	10.7952672666
10.8468575333	10.8698576153	10.8238593699
10.8750827088	10.897903289	10.852264043
10.9031228638	10.9257651234	10.8804825147
10.9309792113	10.9534443235	10.9085160054
10.9586529561	10.9809420864	10.9363657279
10.9861452951	11.0082596015	10.9640328868
11.0134574176	11.0353980503	10.9915186788
11.0405905049	11.0623586066	11.0188242929
11.0675457306	11.0891424365	11.0459509101
11.0943242606	11.1157506983	11.072899704
11.1209272532	11.1421845431	11.0996718401
11.147355859	11.168445114	11.1262684765
11.1736112212	11.1945335469	11.1526907636
11.1996944754	11.2204509701	11.1789398444
11.2256067498	11.2461985046	11.2050168543
11.2513491652	11.2717772641	11.2309229213
11.2769228351	11.2971883548	11.256659166
11.3023288656	11.3224328758	11.2822267015
11.3275683557	11.347511919	11.3076266338
11.3526423969	11.3724265691	11.3328600617
11.3775520739	11.3971779037	11.3579280766
11.4022984641	11.4217669933	11.3828317629
11.4268826379	11.4461949014	11.4075721977
11.4513056585	11.4704626846	11.4321504512
11.4755685825	11.4945713926	11.4565675867
11.4996724592	11.5185220679	11.4808246602
11.5236183313	11.5423157466	11.504922721
11.5474072345	11.5659534577	11.5288628115
11.5710401977	11.5894362237	11.5526459673
11.5945182431	11.6127650601	11.576273217
11.6178423863	11.635940976	11.5997455828
11.6410136361	11.6589649739	11.6230640799
11.6640329948	11.6818380494	11.646229717
11.686901458	11.7045611919	11.6692434961
11.7096200149	11.7271353843	11.6921064127
11.732189648	11.7495616028	11.7148194558
11.7546113338	11.7718408175	11.7373836078
11.7768860419	11.793973992	11.7597998447
11.7990147358	11.8159620835	11.7820691362
11.8209983727	11.837806043	11.8041924456
11.8428379034	11.8595068155	11.8261707298
11.8645342726	11.8810653394	11.8480049394
11.8860884187	11.9024825472	11.869696019
11.9075012741	11.9237593652	11.8912449069
11.9287737648	11.9448967136	11.912652535
11.9499068111	11.9658955068	11.9339198295
11.970901327	11.9867566529	11.9550477102
11.9917582205	12.0074810542	11.9760370911
12.0124783939	12.028069607	11.9968888801
12.0330627433	12.0485232019	12.017603979
12.0535121591	12.0688427236	12.0381832841
12.0738275258	12.0890290507	12.0586276853
12.0940097221	12.1090830565	12.0789380672
12.1140596209	12.1290056083	12.0991153082
12.1339780896	12.1487975678	12.119160281
12.1537659896	12.168459791	12.1390738528
12.1734241768	12.1879931283	12.158856885
12.1929535016	12.2073984247	12.1785102332
12.2123548086	12.2266765193	12.1980347476
12.231628937	12.245828246	12.2174312726
12.2507767205	12.2648544332	12.2367006475
12.2697989873	12.2837559037	12.2558437055
12.2886965602	12.3025334751	12.2748612749
12.3074702565	12.3211879596	12.2937541782
12.3261208884	12.3397201639	12.3125232325
12.3446492625	12.3581308896	12.3311692499
12.3630561802	12.376420933	12.3496930369
12.3813424376	12.3945910852	12.3680953946
12.3995088259	12.4126421321	12.3863771191
12.4175561306	12.4305748543	12.4045390012
12.4354851324	12.4483900276	12.4225818266
12.4532966068	12.4660884224	12.4405063756
12.4709913243	12.4836708043	12.4583134235
12.4885700501	12.5011379337	12.4760037408
12.5060335447	12.518490566	12.4935780925
12.5233825633	12.5357294519	12.5110372388
12.5406178564	12.5528553368	12.528381935
12.5577401694	12.5698689616	12.5456129313
12.5747502431	12.5867710621	12.562730973
12.5916488131	12.6035623694	12.5797368006
12.6084366103	12.6202436096	12.5966311498
12.6251143609	12.6368155043	12.6134147512
12.6416827862	12.6532787703	12.6300883309
12.658142603	12.6696341196	12.64665261
12.674494523	12.6858822595	12.6631083052
12.6907392537	12.7020238929	12.6794561281
12.7068774977	12.7180597179	12.6956967859
12.722909953	12.7339904281	12.7118309812
12.738837313	12.7498167125	12.7278594118
12.7546602667	12.7655392556	12.7437827711
12.7703794985	12.7811587375	12.7596017477
12.7859956883	12.7966758337	12.775317026
12.8015095115	12.8120912153	12.7909292858
12.8169216392	12.8274055491	12.8064392024
12.832232738	12.8426194974	12.8218474466
12.8474434701	12.8577337183	12.837154685
12.8625544936	12.8727488655	12.8523615796
12.8775664619	12.8876655885	12.8674687883
12.8924800245	12.9024845323	12.8824769646
12.9072958263	12.9172063379	12.8973867575
12.9220145083	12.9318316422	12.9121988122
12.9366367069	12.9463610776	12.9269137692
12.9511630549	12.9607952725	12.941532265
12.9655941803	12.9751348513	12.9560549321
12.9799307075	12.9893804341	12.9704823986
12.9941732565	13.0035326372	12.9848152885
13.0083224433	13.0175920726	12.9990542218
13.0223788801	13.0315593484	13.0131998146
13.0363431747	13.0454350688	13.0272526785
13.0502159312	13.0592198337	13.0412134215
13.0639977497	13.0729142396	13.0550826475
13.0776892261	13.0865188786	13.0688609564
13.0912909528	13.1000343393	13.0825489443
13.1048035181	13.1134612061	13.096147203
13.1182275064	13.1268000598	13.109656321
13.1315634984	13.1400514773	13.1230768824
13.1448120708	13.1532160318	13.1364094679
13.1579737969	13.1662942927	13.1496546542
13.1710492457	13.1792868255	13.1628130141
13.184038983	13.1921941923	13.1758851169
13.1969435705	13.2050169514	13.1888715279
13.2097635664	13.2177556572	13.201772809
13.2224995253	13.2304108609	13.2145895182
13.2351519979	13.2429831097	13.2273222098
13.2477215317	13.2554729474	13.2399714347
13.2602086702	13.2678809142	13.25253774
13.2726139535	13.2802075468	13.2650216692
13.2849379183	13.2924533784	13.2774237624
13.2971810976	13.3046189385	13.289744556
13.309344021	13.3167047534	13.3019845829
13.3214272144	13.3287113458	13.3141443727
13.3334312007	13.340639235	13.3262244512
13.345356499	13.3524889368	13.338225341
13.3572036251	13.3642609639	13.3501475613
13.3689730914	13.3759558254	13.3619916277
13.3806654071	13.387574027	13.3737580526
13.3922810778	13.3991160714	13.3854473449
13.403820606	13.4105824576	13.3970600102
13.4152844908	13.4219736817	13.4085965509
13.426673228	13.4332902364	13.4200574659
13.4379873103	13.444532611	13.4314432511
13.449227227	13.4557012919	13.4427543989
13.4603934643	13.466796762	13.4539913987
13.4714865052	13.4778195014	13.4651547363
13.4825068295	13.4887699867	13.4762448949
13.4934549139	13.4996486916	13.4872623539
13.5043312318	13.5104560866	13.4982075901
13.5151362538	13.5211926391	13.5090810769
13.5258704472	13.5318588136	13.5198832845
13.5365342763	13.5424550712	13.5306146804
13.5471282023	13.5529818704	13.5412757285
13.5576526835	13.5634396665	13.5518668902
13.5681081751	13.5738289117	13.5623886235
13.5784951293	13.5841500554	13.5728413836
13.5888139954	13.594403544	13.5832256226
13.5990652197	13.604589821	13.5935417896
13.6092492457	13.614709327	13.603790331
13.6193665138	13.6247624996	13.61397169
13.6294174616	13.6347497736	13.624086307
13.6394025239	13.6446715811	13.6341346195
13.6493221326	13.6545283512	13.6441170622
13.6591767167	13.6643205101	13.6540340669
13.6689667024	13.6740484814	13.6638860625
13.6786925133	13.6837126859	13.6736734752
13.68835457	13.6933135416	13.6833967284
13.6979532904	13.7028514636	13.6930562426
13.7074890897	13.7123268646	13.7026524357
13.7169623803	13.7217401543	13.7121857228
13.726373572	13.7310917399	13.7216565162
13.7357230719	13.7403820258	13.7310652255
13.7450112844	13.749611414	13.7404122579
13.7542386112	13.7587803035	13.7496980176
13.7634054515	13.767889091	13.7589229062
13.7725122017	13.7769381703	13.7680873227
13.7815592557	13.785927933	13.7771916637
13.7905470049	13.7948587677	13.7862363229
13.799475838	13.8037310609	13.7952216915
13.8083461411	13.8125451961	13.8041481582
13.8171582981	13.8213015548	13.8130161092
13.82591269	13.8300005154	13.821825928
13.8346096955	13.8386424545	13.8305779956
13.8432496908	13.8472277456	13.8392726907
13.8518330496	13.8557567601	13.8479103894
13.8603601431	13.8642298669	13.8564914653
13.8688313402	13.8726474326	13.8650162896
13.8772470073	13.8810098211	13.8734852309
13.8856075084	13.8893173941	13.8818986558
13.8939132051	13.897570511	13.890256928
13.9021644567	13.9057695288	13.8985604091
13.91036162	13.9139148019	13.9068094583
13.9185050496	13.9220066829	13.9150044324
13.9265950978	13.9300455215	13.9231456859
13.9346321145	13.9380316656	13.931233571
13.9426164473	13.9459654605	13.9392684374
13.9505484415	13.9538472493	13.9472506328
13.9584284403	13.9616773731	13.9551805025
13.9662567844	13.9694561704	13.9630583893
13.9740338126	13.9771839777	13.9708846342
13.9817598611	13.9848611292	13.9786595755
13.9894352641	13.992487957	13.9863835497
13.9970603537	14.0000647909	13.9940568909
14.0046354597	14.0075919587	14.0016799309
14.0121609097	14.0150697859	14.0092529995
14.0196370291	14.022498596	14.0167764242
14.0270641415	14.0298787102	14.0242505306
14.0344425679	14.0372104478	14.0316756419
14.0417726276	14.0444941258	14.0390520793
14.0490546377	14.0517300594	14.0463801618
14.056288913	14.0589185614	14.0536602064
14.0634757666	14.0660599428	14.0608925281
14.0706155092	14.0731545124	14.0680774397
14.0777084496	14.0802025771	14.0752152519
14.0847548948	14.0872044418	14.0823062735
14.0917551494	14.0941604092	14.0893508113
14.0987095162	14.1010707803	14.09634917
14.1056182961	14.1079358539	14.1033016522
14.1124817879	14.114755927	14.1102085587
14.1193002884	14.1215312944	14.1170701883
14.1260740925	14.1282622494	14.1238868378
14.1328034934	14.1349490829	14.130658802
14.1394887819	14.1415920843	14.1373863739
14.1461302474	14.1481915408	14.1440698445
14.152728177	14.1547477378	14.1507095028
14.1592828561	14.161260959	14.1573056361
14.1657945684	14.167731486	14.1638585297
14.1722635953	14.1741595988	14.170368467
14.1786902168	14.1805455752	14.1768357296
14.1850747107	14.1868896916	14.1832605974
14.1914173533	14.1931922223	14.1896433481
14.1977184189	14.1994534399	14.1959842579
14.20397818	14.2056736152	14.202283601
14.2101969074	14.2118530173	14.20854165
14.2163748701	14.2179919134	14.2147586756
14.2225123353	14.2240905691	14.2209349466
14.2286095685	14.2301492481	14.2270707302
14.2346668333	14.2361682124	14.2331662918
14.2406843918	14.2421477224	14.2392218952
14.2466625043	14.2480880368	14.2452378021
14.2526014293	14.2539894124	14.2512142729
14.2585014238	14.2598521045	14.2571515661
14.2643627429	14.2656763666	14.2630499385
14.2701856401	14.2714624507	14.2689096452
14.2759703673	14.277210607	14.2747309397
14.2817171747	14.2829210842	14.2805140738
14.287426311	14.2885941292	14.2862592977
14.2930980229	14.2942299873	14.2919668598
14.2987325559	14.2998289025	14.2976370071
14.3043301536	14.3053911167	14.3032699848
14.3098910583	14.3109168707	14.3088660366
14.3154155103	14.3164064033	14.3144254045
14.3209037487	14.321859952	14.319948329
14.3263560108	14.3272777528	14.325435049
14.3317725325	14.3326600398	14.3308858019
14.3371535481	14.338007046	14.3363008233
14.3424992902	14.3433190025	14.3416803477
14.3478099902	14.3485961392	14.3470246075
14.3530858777	14.3538386842	14.3523338341
14.358327181	14.3590468644	14.357608257
14.3635341267	14.3642209049	14.3628481045
14.3687069401	14.3693610297	14.3680536031
14.3738458449	14.3744674609	14.3732249781
14.3789510633	14.3795404194	14.378362453
14.3840228163	14.3845801247	14.3834662503
14.3890613231	14.3895867948	14.3885365905
14.3940668017	14.3945606461	14.3935736931
14.3990394687	14.3995018938	14.3985777759
14.403979539	14.4044107517	14.4035490554
14.4088872264	14.409287432	14.4084877466
14.4137627431	14.4141321456	14.4133940631
14.4186063001	14.4189451022	14.4182682172
14.4234181068	14.4237265098	14.4231104197
14.4281983714	14.4284765754	14.4279208801
14.4329473006	14.4331955042	14.4326998064
14.4376650998	14.4378835005	14.4374474053
14.4423519731	14.4425407669	14.4421638822
14.4470081232	14.447167505	14.4468494412
14.4516337516	14.4517639148	14.4515042849
14.4562290582	14.4563301951	14.4561286146
14.4607942419	14.4608665435	14.4607226304
14.4653295	14.4653731561	14.465286531
14.4698350289	14.4698502279	14.4698205138
14.4743110233	14.4742979525	14.4743247749
14.4787576769	14.4787165222	14.4787995092
14.483175182	14.4831061283	14.4832449102
14.4875637296	14.4874669604	14.4876611702
14.4919235096	14.4917992073	14.4920484803
14.4962547106	14.4961030563	14.4964070302
14.5005575199	14.5003786936	14.5007370084
14.5048321236	14.5046263041	14.5050386022
14.5090787067	14.5088460716	14.5093119978
14.5132974527	14.5130381784	14.51355738
14.5174885442	14.517202806	14.5177749323
14.5216521624	14.5213401345	14.5219648372
14.5257884874	14.5254503427	14.5261272761
14.5298976982	14.5295336086	14.5302624288
14.5339799725	14.5335901086	14.5343704743
14.5380354868	14.5376200183	14.5384515904
14.5420644166	14.541623512	14.5425059534
14.5460669362	14.5456007627	14.5465337388
14.5500432186	14.5495519426	14.5505351208
14.5539934359	14.5534772225	14.5545102725
14.5579177588	14.5573767722	14.5584593659
14.5618163573	14.5612507603	14.5623825717
14.5656893998	14.5650993545	14.5662800597
14.5695370539	14.5689227211	14.5701519984
14.573359486	14.5727210255	14.5739985554
14.5771568615	14.5764944321	14.5778198969
14.5809293446	14.580243104	14.5816161884
14.5846770985	14.5839672033	14.5853875941
14.5884002853	14.5876668912	14.5891342769
14.592099066	14.5913423276	14.5928563992
14.5957736007	14.5949936716	14.5965541217
14.5994240482	14.5986210809	14.6002276045
14.6030505664	14.6022247127	14.6038770065
14.6066533123	14.6058047226	14.6075024855
14.6102324415	14.6093612655	14.6111041984
14.6137881091	14.6128944953	14.6146823009
14.6173204687	14.6164045648	14.6182369479
14.6208296731	14.6198916258	14.621768293
14.6243158741	14.6233558292	14.625276489
14.6277792226	14.6267973246	14.6287616878
14.6312198683	14.6302162611	14.63222404
14.6346379599	14.6336127864	14.6356636953
14.6380336455	14.6369870475	14.6390808027
14.6414070718	14.6403391904	14.6424755099
14.6447583848	14.6436693599	14.6458479637
14.6480877294	14.6469777002	14.64919831
14.6513952497	14.6502643543	14.6525266937
14.6546810886	14.6535294644	14.6558332589
14.6579453884	14.6567731717	14.6591181485
14.6611882901	14.6599956165	14.6623815046
14.6644099341	14.6631969382	14.6656234684
14.6676104598	14.6663772752	14.6688441801
14.6707900055	14.6695367651	14.672043779
14.6739487088	14.6726755446	14.6752224036
14.6770867063	14.6757937493	14.6783801913
14.6802041337	14.6788915142	14.6815172787
14.6833011259	14.6819689733	14.6846338016
14.6863778169	14.6850262597	14.6877298946
14.6894343397	14.6880635055	14.6908056918
14.6924708264	14.6910808422	14.6938613262
14.6954874086	14.6940784002	14.6968969299
14.6984842165	14.6970563093	14.6999126344
14.70146138	14.7000146982	14.7029085699
14.7044190276	14.7029536948	14.7058848661
14.7073572875	14.7058734263	14.7088416518
14.7102762865	14.708774019	14.7117790549
14.7131761511	14.7116555982	14.7146972023
14.7160570066	14.7145182888	14.7175962204
14.7189189777	14.7173622144	14.7204762345
14.7217621881	14.720187498	14.7233373693
14.7245867608	14.722994262	14.7261797484
14.727392818	14.7257826276	14.7290034948
14.730180481	14.7285527154	14.7318087307
14.7329498705	14.7313046454	14.7345955774
14.7357011062	14.7340385364	14.7373641554
14.7384343071	14.7367545068	14.7401145845
14.7411495915	14.739452674	14.7428469838
14.7438470768	14.7421331547	14.7455614712
14.7465268796	14.7447960649	14.7482581644
14.7491891159	14.7474415197	14.7509371799
14.7518339008	14.7500696336	14.7535986337
14.7544613488	14.7526805201	14.7562426408
14.7570715734	14.7552742923	14.7588693155
14.7596646876	14.7578510623	14.7614787717
14.7622408035	14.7604109416	14.764071122
14.7648000326	14.7629540409	14.7666464786
14.7673424855	14.7654804702	14.769204953
14.7698682723	14.7679903387	14.7717466558
14.7723775021	14.7704837551	14.7742716969
14.7748702836	14.7729608271	14.7767801856
14.7773467244	14.7754216619	14.7792722304
14.7798069319	14.7778663659	14.781747939
14.7822510122	14.7802950449	14.7842074187
14.7846790713	14.7827078039	14.7866507756
14.7870912141	14.7851047473	14.7890781156
14.7894875448	14.7874859787	14.7914895436
14.7918681673	14.7898516011	14.7938851639
14.7942331844	14.7922017169	14.7962650802
14.7965826984	14.7945364277	14.7986293955
14.7989168111	14.7968558345	14.8009782119
14.8012356232	14.7991600375	14.803311631
14.8035392352	14.8014491365	14.8056297539
14.8058277466	14.8037232305	14.8079326808
14.8081012565	14.8059824177	14.8102205112
14.8103598632	14.808226796	14.8124933442
14.8126036644	14.8104564624	14.8147512781
14.8148327571	14.8126715134	14.8169944106
14.8170472377	14.8148720446	14.8192228385
14.8192472021	14.8170581514	14.8214366585
14.8214327454	14.8192299283	14.8236359662
14.8236039621	14.8213874692	14.8258208567
14.8257609461	14.8235308674	14.8279914246
14.8279037908	14.8256602156	14.8301477637
14.8300325888	14.8277756059	14.8322899674
14.8321474321	14.8298771299	14.8344181282
14.8342484124	14.8319648784	14.8365323383
14.8363356204	14.8340389416	14.8386326891
14.8384091464	14.8360994094	14.8407192714
14.8404690802	14.8381463709	14.8427921756
14.8425155108	14.8401799145	14.8448514912
14.8445485266	14.8422001282	14.8468973073
14.8465682158	14.8442070994	14.8489297125
14.8485746656	14.846200915	14.8509487946
14.8505679628	14.848181661	14.8529546411
14.8525481936	14.8501494233	14.8549473385
14.8545154437	14.8521042869	14.8569269733
14.8564697981	14.8540463364	14.8588936308
14.8584113415	14.8559756557	14.8608473964
14.8603401578	14.8578923284	14.8627883544
14.8622563303	14.8597964373	14.8647165888
14.8641599421	14.8616880647	14.866632183
14.8660510753	14.8635672925	14.86853522
14.867929812	14.865434202	14.8704257819
14.8697962331	14.8672888739	14.8723039506
14.8716504197	14.8691313884	14.8741698073
14.8734924517	14.8709618252	14.8760234327
14.8753224089	14.8727802636	14.8778649071
14.8771403705	14.874586782	14.87969431
14.878946415	14.8763814588	14.8815117206
14.8807406207	14.8781643714	14.8833172175
14.882523065	14.879935597	14.8851108788
14.8842938252	14.8816952123	14.8868927821
14.8860529777	14.8834432933	14.8886630045
14.8878005987	14.8851799156	14.8904216225
14.8895367638	14.8869051543	14.8921687123
14.8912615481	14.8886190841	14.8939043493
14.8929750261	14.8903217791	14.8956286086
14.8946772721	14.892013313	14.8973415649
14.8963683595	14.8936937588	14.8990432923
14.8980483616	14.8953631893	14.9007338643
14.899717351	14.8970216767	14.902413354
14.9013753999	14.8986692927	14.9040818342
14.9030225801	14.9003061086	14.905739377
14.9046589627	14.9019321952	14.9073860541
14.9062846186	14.9035476228	14.9090219367
14.9078996181	14.9051524612	14.9106470955
14.909504031	14.9067467799	14.912261601
14.9110979267	14.9083306479	14.9138655229
14.9126813742	14.9099041336	14.9154589305
14.9142544419	14.9114673051	14.9170418929
14.915817198	14.9130202301	14.9186144784
14.9173697099	14.9145629756	14.9201767552
14.9189120449	14.9160956084	14.9217287907
14.9204442696	14.9176181948	14.9232706522
14.9219664504	14.9191308006	14.9248024063
14.923478653	14.9206334914	14.9263241193
14.9249809429	14.9221263319	14.927835857
14.9264733851	14.923609387	14.9293376847
14.927956044	14.9250827205	14.9308296675
14.9294289839	14.9265463964	14.9323118699
14.9308922685	14.9280004779	14.933784356
14.932345961	14.9294450279	14.9352471895
14.9337901243	14.9308801089	14.9367004337
14.9352248209	14.9323057829	14.9381441514
14.9366501128	14.9337221116	14.939578405
14.9380660618	14.9351291563	14.9410032567
14.9394727289	14.9365269778	14.9424187681
14.9408701752	14.9379156366	14.9438250003
14.9422584609	14.9392951928	14.9452220142
14.9436376463	14.9406657059	14.9466098703
14.9450077908	14.9420272353	14.9479886285
14.9463689539	14.9433798399	14.9493583486
14.9477211943	14.9447235782	14.9507190897
14.9490645706	14.9460585083	14.9520709107
14.9503991408	14.9473846879	14.9534138702
14.9517249627	14.9487021744	14.9547480261
14.9530420937	14.9500110248	14.9560734362
14.9543505906	14.9513112957	14.9573901578
14.9556505102	14.9526030433	14.9586982479
14.9569419085	14.9538863235	14.959997763
14.9582248416	14.9551611918	14.9612887595
14.9594993648	14.9564277033	14.962571293
14.9607655334	14.9576859129	14.9638454192
14.962023402	14.9589358748	14.965111193
14.963273025	14.9601776433	14.9663686693
14.9645144566	14.961411272	14.9676179025
14.9657477505	14.9626368143	14.9688589465
14.9669729599	14.9638543231	14.9700918551
14.9681901378	14.9650638512	14.9713166817
14.969399337	14.9662654508	14.972533479
14.9706006096	14.9674591739	14.9737423
14.9717940078	14.9686450722	14.9749431967
14.972979583	14.9698231969	14.9761362211
14.9741573866	14.970993599	14.9773214249
14.9753274695	14.9721563291	14.9784988594
14.9764898824	14.9733114375	14.9796685753
14.9776446754	14.9744589742	14.9808306235
14.9787918986	14.9755989888	14.981985054
14.9799316016	14.9767315306	14.9831319169
14.9810638336	14.9778566485	14.9842712617
14.9821886437	14.9789743914	14.9854031378
14.9833060805	14.9800848074	14.9865275941
14.9844161923	14.9811879446	14.9876446792
14.9855190272	14.9822838508	14.9887544415
14.9866146328	14.9833725733	14.9898569289
14.9877030565	14.9844541593	14.9909521892
14.9887843454	14.9855286554	14.9920402698
14.9898585464	14.9865961083	14.9931212176
14.9909257057	14.9876565639	14.9941950794
14.9919858697	14.9887100683	14.9952619018
14.9930390842	14.989756667	14.9963217308
14.9940853946	14.9907964052	14.9973746123
14.9951248463	14.9918293279	14.9984205918
14.9961574843	14.9928554799	14.9994597146
14.9971833532	14.9938749054	15.0004920257
14.9982024973	14.9948876485	15.0015175696
14.9992149608	14.9958937532	15.0025363908
15.0002207874	14.9968932628	15.0035485332
15.0012200207	14.9978862206	15.0045540408
15.0022127038	14.9988726696	15.0055529569
15.0031988797	14.9998526524	15.0065453249
15.0041785912	15.0008262115	15.0075311875
15.0051518804	15.0017933888	15.0085105875
15.0061187896	15.0027542263	15.0094835673
15.0070793606	15.0037087656	15.0104501688
15.0080336348	15.0046570478	15.011410434
15.0089816537	15.005599114	15.0123644044
15.0099234581	15.006535005	15.0133121211
15.0108590888	15.0074647612	15.0142536253
15.0117885864	15.0083884229	15.0151889577
15.0127119909	15.00930603	15.0161181586
15.0136293424	15.0102176221	15.0170412684
15.0145406805	15.0111232388	15.0179583268
15.0154460447	15.0120229191	15.0188693737
15.016345474	15.0129167021	15.0197744484
15.0172390075	15.0138046263	15.02067359
15.0181266837	15.0146867301	15.0215668375
15.019008541	15.0155630518	15.0224542294
15.0198846176	15.0164336292	15.0233358043
15.0207549514	15.0172984999	15.0242116001
15.0216195801	15.0181577014	15.0250816548
15.0224785409	15.0190112709	15.025946006
15.0233318712	15.0198592452	15.0268046912
15.0241796077	15.020701661	15.0276577474
15.0250217872	15.0215385548	15.0285052115
15.025858446	15.0223699628	15.0293471203
15.0266896204	15.0231959209	15.03018351
15.0275153464	15.0240164648	15.031014417
15.0283356596	15.0248316301	15.0318398771
15.0291505955	15.0256414519	15.0326599261
15.0299601894	15.0264459654	15.0334745994
15.0307644763	15.0272452053	15.0342839323
15.0315634909	15.0280392062	15.0350879597
15.0323572679	15.0288280024	15.0358867165
15.0331458415	15.029611628	15.0366802372
15.0339292459	15.030390117	15.0374685561
15.034707515	15.0311635029	15.0382517073
15.0354806824	15.0319318194	15.0390297248
15.0362487816	15.0326950995	15.039802642
15.0370118458	15.0334533763	15.0405704926
15.0377699079	15.0342066826	15.0413333097
15.0385230009	15.034955051	15.0420911263
15.0392711572	15.0356985139	15.0428439751
15.0400144092	15.0364371033	15.0435918888
15.0407527891	15.0371708513	15.0443348997
15.0414863288	15.0378997896	15.0450730399
15.04221506	15.0386239496	15.0458063413
15.0429390143	15.0393433628	15.0465348358
15.043658223	15.0400580603	15.0472585547
15.0443727171	15.0407680729	15.0479775295
15.0450825276	15.0414734314	15.0486917911
15.0457876852	15.0421741663	15.0494013705
15.0464882203	15.0428703078	15.0501062985
15.0471841634	15.0435618861	15.0508066053
15.0478755444	15.0442489312	15.0515023215
15.0485623934	15.0449314726	15.052193477
15.0492447399	15.04560954	15.0528801018
15.0499226135	15.0462831627	15.0535622256
15.0505960436	15.0469523698	15.0542398778
15.0512650592	15.0476171902	15.0549130878
15.0519296894	15.0482776527	15.0555818847
15.0525899627	15.0489337859	15.0562462974
15.0532459079	15.0495856182	15.0569063547
15.0538975533	15.0502331776	15.0575620851
15.054544927	15.0508764924	15.0582135169
15.0551880571	15.0515155902	15.0588606785
15.0558269713	15.0521504987	15.0595035977
15.0564616974	15.0527812454	15.0601423024
15.0570922628	15.0534078575	15.0607768201
15.0577186947	15.0540303622	15.0614071784
15.0583410202	15.0546487864	15.0620334045
15.0589592663	15.0552631568	15.0626555255
15.0595734598	15.0558735	15.0632735683
15.060183627	15.0564798425	15.0638875596
15.0607897946	15.0570822103	15.0644975261
15.0613919886	15.0576806296	15.065103494
15.0619902351	15.0582751263	15.0657054896
15.06258456	15.0588657261	15.0663035389
15.0631749891	15.0594524545	15.0668976678
15.0637615478	15.0600353368	15.0674879021
15.0643442615	15.0606143984	15.0680742671
15.0649231554	15.0611896642	15.0686567884
15.0654982546	15.0617611592	15.069235491
15.0660695839	15.062328908	15.0698104001
15.0666371681	15.0628929353	15.0703815404
15.0672010316	15.0634532653	15.0709489368
15.067761199	15.0640099223	15.0715126137
15.0683176944	15.0645629305	15.0720725955
15.0688705418	15.0651123137	15.0726289065
15.0694197653	15.0656580957	15.0731815707
15.0699653885	15.0662003001	15.073730612
15.070507435	15.0667389504	15.0742760541
15.0710459284	15.0672740698	15.0748179207
15.0715808919	15.0678056815	15.0753562352
15.0721123485	15.0683338084	15.0758910209
15.0726403214	15.0688584735	15.0764223009
15.0731648334	15.0693796995	15.0769500982
15.0736859071	15.0698975088	15.0774744356
15.0742035651	15.0704119238	15.0779953358
15.0747178298	15.0709229669	15.0785128214
15.0752287233	15.0714306601	15.0790269147
15.0757362679	15.0719350253	15.0795376379
15.0762404855	15.0724360844	15.0800450132
15.0767413978	15.0729338591	15.0805490625
15.0772390266	15.0734283709	15.0810498075
15.0777333933	15.0739196411	15.0815472701
15.0782245194	15.0744076911	15.0820414716
15.078712426	15.0748925419	15.0825324335
15.0791971344	15.0753742145	15.0830201769
15.0796786655	15.0758527298	15.0835047231
15.08015704	15.0763281084	15.0839860929
15.0806322787	15.0768003708	15.0844643072
15.0811044021	15.0772695376	15.0849393866
15.0815734307	15.077735629	15.0854113517
15.0820393848	15.0781986652	15.085880223
15.0825022844	15.0786586662	15.0863460207
15.0829621497	15.0791156519	15.0868087649
15.0834190004	15.079569642	15.0872684757
15.0838728565	15.0800206562	15.0877251729
15.0843237374	15.080468714	15.0881788763
15.0847716628	15.0809138349	15.0886296056
15.0852166519	15.0813560379	15.0890773802
15.0856587241	15.0817953423	15.0895222195
15.0860978984	15.0822317671	15.0899641428
15.0865341938	15.0826653311	15.0904031691
15.0869676293	15.083096053	15.0908393174
15.0873982235	15.0835239516	15.0912726066
15.0878259951	15.0839490454	15.0917030556
15.0882509626	15.0843713526	15.0921306827
15.0886731444	15.0847908916	15.0925555067
15.0890925587	15.0852076806	15.0929775458
15.0895092237	15.0856217374	15.0933968183
15.0899231574	15.0860330802	15.0938133423
15.0903343777	15.0864417266	15.0942271359
15.0907429024	15.0868476943	15.094638217
15.0911487491	15.0872510009	15.0950466032
15.0915519354	15.0876516638	15.0954523124
15.0919524788	15.0880497004	15.0958553621
15.0923503966	15.0884451278	15.0962557696
15.0927457059	15.0888379632	15.0966535523
15.093138424	15.0892282236	15.0970487274
15.0935285677	15.0896159259	15.0974413121
15.0939161539	15.0900010867	15.0978313232
15.0943011995	15.0903837228	15.0982187776
15.0946837211	15.0907638507	15.0986036922
15.0950637351	15.0911414869	15.0989860836
15.0954412581	15.0915166477	15.0993659683
15.0958163064	15.0918893493	15.0997433627
15.0961888961	15.0922596079	15.1001182831
15.0965590435	15.0926274394	15.1004907459
15.0969267646	15.0929928598	15.100860767
15.0972920751	15.0933558848	15.1012283625
15.097654991	15.0937165302	15.1015935483
15.0980155279	15.0940748116	15.1019563402
15.0983737014	15.0944307444	15.102316754
15.0987295271	15.0947843442	15.102674805
15.0990830202	15.095135626	15.103030509
15.0994341962	15.0954846052	15.1033838812
15.0997830702	15.0958312969	15.1037349369
15.1001296572	15.096175716	15.1040836913
15.1004739723	15.0965178774	15.1044301596
15.1008160303	15.0968577959	15.1047743566
15.1011558461	15.0971954863	15.1051162974
15.1014934344	15.0975309631	15.1054559966
15.1018288097	15.0978642409	15.1057934689
15.1021619866	15.0981953341	15.106128729
15.1024929794	15.0985242569	15.1064617914
15.1028218026	15.0988510236	15.1067926705
15.1031484702	15.0991756484	15.1071213806
15.1034729965	15.0994981453	15.1074479358
15.1037953955	15.0998185282	15.1077723504
15.1041156811	15.100136811	15.1080946383
15.1044338672	15.1004530074	15.1084148136
15.1047499675	15.1007671312	15.10873289
15.1050639958	15.1010791959	15.1090488813
15.1053759655	15.101389215	15.1093628012
15.1056858902	15.1016972019	15.1096746632
15.1059937833	15.10200317	15.1099844809
15.1062996582	15.1023071325	15.1102922676
15.1066035279	15.1026091025	15.1105980367
15.1069054058	15.102909093	15.1109018014
15.1072053048	15.1032071172	15.1112035748
15.1075032379	15.1035031878	15.11150337
15.1077992181	15.1037973176	15.1118012
15.108093258	15.1040895194	15.1120970775
15.1083853704	15.1043798059	15.1123910156
15.108675568	15.1046681895	15.1126830267
15.1089638633	15.1049546828	15.1129731236
15.1092502688	15.1052392981	15.1132613189
15.1095347969	15.1055220477	15.1135476249
15.1098174598	15.1058029439	15.1138320541
15.1100982699	15.1060819989	15.1141146188
15.1103772392	15.1063592246	15.1143953312
15.1106543798	15.1066346331	15.1146742035
15.1109297036	15.1069082364	15.1149512476
15.1112032228	15.1071800461	15.1152264757
15.1114749489	15.1074500742	15.1154998995
15.1117448938	15.1077183322	15.1157715309
15.1120130692	15.1079848318	15.1160413817
15.1122794867	15.1082495844	15.1163094636
15.1125441578	15.1085126017	15.1165757881
15.1128070939	15.1087738948	15.1168403668
15.1130683064	15.1090334752	15.117103211
15.1133278066	15.109291354	15.1173643323
15.1135856058	15.1095475424	15.1176237418
15.1138417151	15.1098020515	15.1178814508
15.1140961455	15.1100548923	15.1181374704
15.1143489081	15.1103060757	15.1183918118
15.1146000138	15.1105556127	15.1186444858
15.1148494734	15.1108035139	15.1188955036
15.1150972978	15.1110497901	15.1191448758
15.1153434977	15.111294452	15.1193926133
15.1155880837	15.1115375101	15.1196387267
15.1158310664	15.1117789749	15.1198832269
15.1160724563	15.112018857	15.1201261243
15.1163122639	15.1122571667	15.1203674294
15.1165504994	15.1124939142	15.1206071526
15.1167871734	15.1127291098	15.1208453045
15.1170222958	15.1129627638	15.1210818951
15.1172558771	15.1131948861	15.1213169348
15.1174879271	15.1134254869	15.1215504338
15.117718456	15.113654576	15.1217824021
15.1179474738	15.1138821635	15.1220128498
15.1181749904	15.1141082592	15.1222417868
15.1184010155	15.1143328728	15.1224692231
15.118625559	15.1145560141	15.1226951685
15.1188486305	15.1147776927	15.1229196327
15.1190702399	15.1149979181	15.1231426255
15.1192903965	15.1152167	15.1233641565
15.1195091099	15.1154340478	15.1235842353
15.1197263897	15.1156499709	15.1238028714
15.1199422452	15.1158644786	15.1240200742
15.1201566857	15.1160775802	15.1242358533
15.1203697205	15.1162892849	15.1244502178
15.1205813588	15.1164996019	15.1246631772
15.1207916098	15.1167085402	15.1248747405
15.1210004826	15.116916109	15.1250849169
15.1212079862	15.1171223172	15.1252937156
15.1214141295	15.1173271736	15.1255011455
15.1216189216	15.1175306873	15.1257072157
15.1218223712	15.1177328669	15.125911935
15.1220244872	15.1179337212	15.1261153123
15.1222252782	15.1181332589	15.1263173564
15.1224247531	15.1183314886	15.126518076
15.1226229204	15.118528419	15.1267174799
15.1228197886	15.1187240584	15.1269155766
15.1230153664	15.1189184155	15.1271123747
15.1232096621	15.1191114985	15.1273078828
15.1234026841	15.1193033159	15.1275021092
15.1235944409	15.1194938759	15.1276950625
15.1237849407	15.1196831868	15.1278867508
15.1239741917	15.1198712568	15.1280771826
15.1241622022	15.120058094	15.128266366
15.1243489802	15.1202437064	15.1284543093
15.1245345339	15.1204281022	15.1286410206
15.1247188712	15.1206112892	15.1288265079
15.1249020002	15.1207932755	15.1290107792
15.1250839287	15.1209740688	15.1291938427
15.1252646647	15.121153677	15.129375706
15.1254442159	15.1213321079	15.1295563773
15.1256225901	15.1215093692	15.1297358641
15.125799795	15.1216854686	15.1299141744
15.1259758384	15.1218604136	15.1300913158
15.1261507277	15.1220342118	15.1302672959
15.1263244706	15.1222068708	15.1304421225
15.1264970747	15.122378398	15.130615803
15.1266685472	15.1225488009	15.130788345
15.1268388958	15.1227180868	15.1309597559
15.1270081276	15.122886263	15.1311300432
15.1271762502	15.1230533368	15.1312992142
15.1273432706	15.1232193154	15.1314672762
15.1275091963	15.123384206	15.1316342365
15.1276740342	15.1235480158	15.1318001023
15.1278377916	15.1237107518	15.1319648809
15.1280004756	15.1238724211	15.1321285792
15.1281620931	15.1240330306	15.1322912045
15.1283226512	15.1241925874	15.1324527637
15.1284821569	15.1243510982	15.1326132639
15.1286406169	15.12450857	15.1327727119
15.1287980382	15.1246650096	15.1329311146
15.1289544276	15.1248204237	15.133088479
15.1291097919	15.1249748191	15.1332448119
15.1292641377	15.1251282024	15.1334001199
15.1294174717	15.1252805803	15.1335544098
15.1295698006	15.1254319594	15.1337076883
15.129721131	15.1255823462	15.133859962
15.1298714693	15.1257317471	15.1340112375
15.1300208222	15.1258801688	15.1341615214
15.1301691961	15.1260276175	15.1343108201
15.1303165973	15.1261740998	15.1344591401
15.1304630323	15.1263196218	15.1346064878
15.1306085074	15.1264641899	15.1347528696
15.1307530289	15.1266078104	15.1348982918
15.130896603	15.1267504895	15.1350427608
15.131039236	15.1268922333	15.1351862827
15.131180934	15.127033048	15.1353288638
15.1313217031	15.1271729396	15.1354705102
15.1314615495	15.1273119142	15.135611228
15.1316004792	15.1274499779	15.1357510234
15.1317384981	15.1275871365	15.1358899025
15.1318756124	15.1277233961	15.1360278711
15.1320118278	15.1278587625	15.1361649353
15.1321471503	15.1279932416	15.136301101
15.1322815857	15.1281268392	15.1364363741
15.1324151399	15.128259561	15.1365707604
15.1325478186	15.1283914128	15.1367042658
15.1326796276	15.1285224004	15.136836896
15.1328105726	15.1286525293	15.1369686568
15.1329406592	15.1287818052	15.1370995538
15.1330698931	15.1289102338	15.1372295928
15.1331982798	15.1290378204	15.1373587794
15.1333258249	15.1291645708	15.137487119
15.133452534	15.1292904903	15.1376146174
15.1335784124	15.1294155844	15.13774128
15.1337034657	15.1295398585	15.1378671122
15.1338276993	15.129663318	15.1379921196
15.1339511185	15.1297859682	15.1381163076
15.1340737286	15.1299078144	15.1382396814
15.134195535	15.130028862	15.1383622465
15.134316543	15.130149116	15.1384840081
15.1344367577	15.1302685818	15.1386049716
15.1345561844	15.1303872645	15.1387251421
15.1346748283	15.1305051693	15.1388445248
15.1347926944	15.1306223012	15.138963125
15.1349097879	15.1307386652	15.1390809477
15.1350261138	15.1308542666	15.139197998
15.1351416772	15.1309691101	15.139314281
15.1352564831	15.1310832008	15.1394298018
15.1353705363	15.1311965437	15.1395445653
15.135483842	15.1313091436	15.1396585764
15.1355964049	15.1314210055	15.1397718402
15.1357082299	15.131532134	15.1398843615
15.1358193219	15.1316425342	15.1399961452
15.1359296857	15.1317522106	15.1401071961
15.1360393261	15.1318611681	15.1402175191
15.1361482477	15.1319694114	15.1403271188
15.1362564553	15.1320769452	15.1404360001
15.1363639536	15.1321837741	15.1405441677
15.1364707473	15.1322899027	15.1406516261
15.1365768409	15.1323953357	15.1407583802
15.136682239	15.1325000775	15.1408644344
15.1367869462	15.1326041328	15.1409697934
15.1368909671	15.1327075059	15.1410744618
15.1369943061	15.1328102015	15.141178444
15.1370969676	15.1329122239	15.1412817446
15.1371989563	15.1330135775	15.141384368
15.1373002763	15.1331142668	15.1414863187
15.1374009322	15.133214296	15.141587601
15.1375009283	15.1333136696	15.1416882195
15.1376002689	15.1334123917	15.1417881783
15.1376989583	15.1335104668	15.1418874819
15.1377970008	15.1336078989	15.1419861345
15.1378944006	15.1337046924	15.1420841404
15.1379911619	15.1338008514	15.1421815039
15.1380872889	15.1338963801	15.1422782291
15.1381827859	15.1339912826	15.1423743203
15.1382776568	15.134085563	15.1424697815
15.1383719058	15.1341792254	15.142564617
15.138465537	15.1342722738	15.1426588308
15.1385585544	15.1343647124	15.1427524269
15.1386509621	15.1344565449	15.1428454096
15.1387427641	15.1345477755	15.1429377827
15.1388339642	15.1346384081	15.1430295503
15.1389245666	15.1347284466	15.1431207163
15.139014575	15.1348178949	15.1432112846
15.1391039934	15.1349067569	15.1433012593
15.1391928256	15.1349950364	15.1433906442
15.1392810756	15.1350827372	15.1434794431
15.139368747	15.1351698631	15.1435676599
15.1394558438	15.1352564179	15.1436552985
15.1395423696	15.1353424053	15.1437423625
15.1396283282	15.1354278291	15.1438288558
15.1397137234	15.135512693	15.1439147821
15.1397985588	15.1355970006	15.1440001451
15.139882838	15.1356807555	15.1440849486
15.1399665649	15.1357639614	15.1441691961
15.1400497428	15.1358466219	15.1442528914
15.1401323755	15.1359287405	15.144336038
15.1402144666	15.1360103209	15.1444186396
15.1402960195	15.1360913665	15.1445006997
15.1403770378	15.1361718809	15.1445822218
15.1404575251	15.1362518675	15.1446632096
15.1405374847	15.1363313297	15.1447436665
15.1406169202	15.1364102711	15.1448235959
15.140695835	15.1364886951	15.1449030014
15.1407742325	15.136566605	15.1449818863
15.1408521161	15.1366440041	15.1450602542
15.1409294891	15.1367208959	15.1451381083
15.141006355	15.1367972837	15.145215452
15.1410827169	15.1368731708	15.1452922888
15.1411585784	15.1369485604	15.1453686218
15.1412339425	15.1370234559	15.1454444545
15.1413088126	15.1370978604	15.14551979
15.1413831919	15.1371717772	15.1455946317
15.1414570837	15.1372452095	15.1456689828
15.141530491	15.1373181604	15.1457428465
15.1416034172	15.1373906331	15.145816226
15.1416758654	15.1374626308	15.1458891245
15.1417478386	15.1375341565	15.1459615451
15.14181934	15.1376052134	15.146033491
15.1418903728	15.1376758045	15.1461049652
15.1419609399	15.1377459328	15.1461759709
15.1420310444	15.1378156015	15.1462465111
15.1421006894	15.1378848135	15.146316589
15.1421698778	15.1379535718	15.1463862074
15.1422386127	15.1380218794	15.1464553695
15.1423068971	15.1380897393	15.1465240782
15.1423747338	15.1381571543	15.1465923365
15.1424421258	15.1382241274	15.1466601473
15.1425090761	15.1382906615	15.1467275136
15.1425755875	15.1383567595	15.1467944383
15.1426416629	15.1384224242	15.1468609243
15.1427073052	15.1384876585	15.1469269744
15.1427725172	15.1385524651	15.1469925916
15.1428373017	15.138616847	15.1470577787
15.1429016615	15.1386808068	15.1471225384
15.1429655995	15.1387443474	15.1471868736
15.1430291183	15.1388074715	15.147250787
15.1430922208	15.1388701818	15.1473142815
15.1431549096	15.138932481	15.1473773597
15.1432171874	15.1389943719	15.1474400245
15.1432790571	15.139055857	15.1475022785
15.1433405211	15.1391169391	15.1475641244
15.1434015823	15.1391776209	15.1476255648
15.1434622432	15.1392379048	15.1476866025
15.1435225064	15.1392977936	15.1477472401
15.1435823746	15.1393572899	15.1478074802
15.1436418504	15.1394163961	15.1478673253
15.1437009363	15.1394751149	15.1479267782
15.1437596349	15.1395334488	15.1479858414
15.1438179487	15.1395914003	15.1480445174
15.1438758802	15.1396489719	15.1481028087
15.143933432	15.1397061662	15.1481607179
15.1439906065	15.1397629855	15.1482182475
15.1440474063	15.1398194324	15.1482754
15.1441038337	15.1398755093	15.1483321778
15.1441598912	15.1399312186	15.1483885834
15.1442155813	15.1399865628	15.1484446193
15.1442709063	15.1400415441	15.1485002878
15.1443258686	15.1400961651	15.1485555915
15.1443804707	15.140150428	15.1486105325
15.1444347148	15.1402043352	15.1486651135
15.1444886033	15.140257889	15.1487193366
15.1445421386	15.1403110918	15.1487732043
15.144595323	15.1403639459	15.1488267188
15.1446481587	15.1404164535	15.1488798826
15.1447006481	15.1404686169	15.1489326978
15.1447527934	15.1405204384	15.1489851669
15.1448045969	15.1405719202	15.149037292
15.1448560608	15.1406230645	15.1490890753
15.1449071874	15.1406738736	15.1491405193
15.1449579788	15.1407243496	15.149191626
15.1450084373	15.1407744948	15.1492423977
15.145058565	15.1408243112	15.1492928365
15.1451083641	15.1408738011	15.1493429447
15.1451578367	15.1409229666	15.1493927245
15.1452069851	15.1409718099	15.1494421779
15.1452558113	15.1410203329	15.1494913071
15.1453043174	15.1410685379	15.1495401143
15.1453525056	15.1411164269	15.1495886015
15.1454003779	15.141164002	15.1496367709
15.1454479364	15.1412112652	15.1496846245
15.1454951831	15.1412582187	15.1497321644
15.1455421201	15.1413048643	15.1497793927
15.1455887494	15.1413512042	15.1498263114
15.1456350731	15.1413972403	15.1498729225
15.1456810931	15.1414429747	15.1499192281
15.1457268114	15.1414884092	15.1499652301
15.1457722301	15.141533546	15.1500109305
15.145817351	15.1415783869	15.1500563314
15.1458621762	15.1416229338	15.1501014347
15.1459067075	15.1416671887	15.1501462423
15.1459509469	15.1417111536	15.1501907562
15.1459948963	15.1417548303	15.1502349782
15.1460385576	15.1417982206	15.1502789104
15.1460819327	15.1418413265	15.1503225546
15.1461250235	15.1418841499	15.1503659127
15.1461678318	15.1419266926	15.1504089865
15.1462103595	15.1419689564	15.150451778
15.1462526084	15.1420109431	15.150494289
15.1462945804	15.1420526547	15.1505365213
15.1463362772	15.1420940928	15.1505784768
15.1463777007	15.1421352593	15.1506201572
15.1464188527	15.1421761559	15.1506615645
15.1464597349	15.1422167845	15.1507027002
15.1465003491	15.1422571467	15.1507435663
15.1465406971	15.1422972444	15.1507841646
15.1465807806	15.1423370792	15.1508244967
15.1466206014	15.142376653	15.1508645644
15.1466601611	15.1424159673	15.1509043694
15.1466994615	15.1424550239	15.1509439135
15.1467385043	15.1424938245	15.1509831984
15.1467772911	15.1425323707	15.1510222258
15.1468158237	15.1425706643	15.1510609973
15.1468541037	15.1426087069	15.1510995147
15.1468921328	15.1426465001	15.1511377795
15.1469299126	15.1426840455	15.1511757936
15.1469674447	15.1427213449	15.1512135584
15.1470047308	15.1427583997	15.1512510757
15.1470417725	15.1427952117	15.151288347
15.1470785714	15.1428317823	15.151325374
15.1471151291	15.1428681133	15.1513621583
15.1471514471	15.1429042061	15.1513987015
15.147187527	15.1429400623	15.1514350051
15.1472233704	15.1429756834	15.1514710707
15.1472589789	15.1430110711	15.1515068999
15.147294354	15.1430462268	15.1515424943
15.1473294971	15.143081152	15.1515778553
15.1473644099	15.1431158484	15.1516129845
15.1473990939	15.1431503172	15.1516478834
15.1474335505	15.1431845602	15.1516825535
15.1474677812	15.1432185787	15.1517169964
15.1475017875	15.1432523741	15.1517512135
15.1475355709	15.1432859481	15.1517852063
15.1475691328	15.143319302	15.1518189762
15.1476024748	15.1433524372	15.1518525248
15.1476355982	15.1433853553	15.1518858535
15.1476685044	15.1434180575	15.1519189636
15.147701195	15.1434505454	15.1519518568
15.1477336713	15.1434828204	15.1519845343
15.1477659346	15.1435148838	15.1520169976
15.1477979865	15.143546737	15.1520492481
15.1478298283	15.1435783814	15.1520812871
15.1478614613	15.1436098184	15.1521131162
15.147892887	15.1436410493	15.1521447366
15.1479241067	15.1436720755	15.1521761497
15.1479551217	15.1437028983	15.1522073569
15.1479859335	15.1437335191	15.1522383595
15.1480165432	15.1437639391	15.1522691589
15.1480469523	15.1437941598	15.1522997564
15.1480771621	15.1438241823	15.1523301533
15.1481071738	15.1438540081	15.152360351
15.1481369888	15.1438836383	15.1523903507
15.1481666084	15.1439130743	15.1524201537
15.1481960338	15.1439423174	15.1524497614
15.1482252663	15.1439713688	15.1524791749
15.1482543072	15.1440002297	15.1525083957
15.1482831577	15.1440289015	15.1525374249
15.1483118191	15.1440573853	15.1525662639
15.1483402927	15.1440856824	15.1525949137
15.1483685795	15.1441137941	15.1526233758
15.148396681	15.1441417214	15.1526516513
15.1484245982	15.1441694657	15.1526797414
15.1484523325	15.1441970281	15.1527076474
15.1484798849	15.1442244099	15.1527353705
15.1485072567	15.1442516121	15.1527629118
15.1485344491	15.1442786361	15.1527902726
15.1485614633	15.1443054829	15.152817454
15.1485883004	15.1443321537	15.1528444573
15.1486149615	15.1443586497	15.1528712835
15.1486414479	15.144384972	15.1528979339
15.1486677606	15.1444111218	15.1529244095
15.1486939009	15.1444371002	15.1529507117
15.1487198698	15.1444629083	15.1529768414
15.1487456685	15.1444885472	15.1530027998
15.1487712981	15.144514018	15.153028588
15.1487967596	15.1445393219	15.1530542072
15.1488220543	15.1445644599	15.1530796585
15.1488471832	15.1445894332	15.1531049429
15.1488721473	15.1446142427	15.1531300615
15.1488969478	15.1446388896	15.1531550155
15.1489215857	15.144663375	15.153179806
15.1489460621	15.1446876998	15.1532044339
15.1489703781	15.1447118652	15.1532289003
15.1489945346	15.1447358722	15.1532532064
15.1490185328	15.1447597218	15.1532773532
15.1490423738	15.1447834151	15.1533013416
15.1490660584	15.1448069531	15.1533251729
15.1490895877	15.1448303368	15.1533488478
15.1491129629	15.1448535672	15.1533723676
15.1491361848	15.1448766454	15.1533957333
15.1491592545	15.1448995722	15.1534189457
15.1491821729	15.1449223488	15.153442006
15.1492049411	15.1449449761	15.1534649151
15.1492275601	15.144967455	15.153487674
15.1492500308	15.1449897866	15.1535102838
15.1492723542	15.1450119718	15.1535327453
15.1492945313	15.1450340116	15.1535550596
15.149316563	15.145055907	15.1535772276
15.1493384502	15.1450776588	15.1535992503
15.149360194	15.145099268	15.1536211286
15.1493817953	15.1451207355	15.1536428635
15.149403255	15.1451420624	15.1536644559
15.1494245739	15.1451632495	15.1536859068
15.1494457532	15.1451842976	15.1537072171
15.1494667936	15.1452052078	15.1537283877
15.1494876961	15.145225981	15.1537494195
15.1495084616	15.1452466179	15.1537703134
15.1495290909	15.1452671196	15.1537910703
15.149549585	15.1452874869	15.1538116912
15.1495699448	15.1453077207	15.1538321769
15.1495901711	15.1453278219	15.1538525283
15.1496102648	15.1453477913	15.1538727464
15.1496302268	15.1453676298	15.1538928318
15.149650058	15.1453873382	15.1539127856
15.1496697592	15.1454069175	15.1539326086
15.1496893312	15.1454263684	15.1539523017
15.1497087749	15.1454456919	15.1539718657
15.1497280912	15.1454648886	15.1539913014
15.1497472808	15.1454839595	15.1540106097
15.1497663446	15.1455029055	15.1540297914
15.1497852835	15.1455217272	15.1540488474
15.1498040983	15.1455404255	15.1540677785
15.1498227897	15.1455590013	15.1540865855
15.1498413585	15.1455774553	15.1541052692
15.1498598057	15.1455957884	15.1541238304
15.1498781319	15.1456140013	15.1541422699
15.149896338	15.1456320948	15.1541605886
15.1499144248	15.1456500696	15.1541787872
15.149932393	15.1456679267	15.1541968664
15.1499502434	15.1456856667	15.1542148272
15.1499679768	15.1457032905	15.1542326702
15.1499855939	15.1457207987	15.1542503963
15.1500030956	15.1457381921	15.1542680062
15.1500204825	15.1457554715	15.1542855006
15.1500377555	15.1457726377	15.1543028803
15.1500549153	15.1457896913	15.1543201461
15.1500719625	15.1458066331	15.1543372988
15.150088898	15.1458234639	15.1543543389
15.1501057225	15.1458401844	15.1543712674
15.1501224367	15.1458567953	15.1543880849
15.1501390414	15.1458732972	15.1544047922
15.1501555372	15.1458896911	15.15442139
15.1501719248	15.1459059774	15.1544378789
15.1501882051	15.145922157	15.1544542598
15.1502043786	15.1459382305	15.1544705332
15.1502204461	15.1459541987	15.1544867
15.1502364083	15.1459700622	15.1545027608
15.1502522658	15.1459858217	15.1545187164
15.1502680194	15.1460014779	15.1545345673
15.1502836697	15.1460170315	15.1545503143
15.1502992175	15.1460324831	15.1545659582
15.1503146633	15.1460478335	15.1545814994
15.1503300079	15.1460630832	15.1545969388
15.1503452518	15.146078233	15.154612277
15.1503603959	15.1460932834	15.1546275146
15.1503754407	15.1461082352	15.1546426523
15.1503903868	15.146123089	15.1546576908
15.150405235	15.1461378454	15.1546726307
15.1504199859	15.1461525051	15.1546874727
15.1504346401	15.1461670687	15.1547022174
15.1504491982	15.1461815369	15.1547168654
15.1504636608	15.1461959102	15.1547314174
15.1504780287	15.1462101892	15.1547458741
15.1504923024	15.1462243747	15.1547602359
15.1505064825	15.1462384672	15.1547745036
15.1505205697	15.1462524673	15.1547886778
15.1505345645	15.1462663757	15.154802759
15.1505484676	15.1462801929	15.154816748
15.1505622795	15.1462939195	15.1548306452
15.1505760009	15.1463075561	15.1548444514
15.1505896324	15.1463211033	15.154858167
15.1506031745	15.1463345618	15.1548717928
15.1506166278	15.146347932	15.1548853292
15.150629993	15.1463612146	15.1548987769
15.1506432705	15.1463744101	15.1549121364
15.150656461	15.1463875191	15.1549254083
15.150669565	15.1464005422	15.1549385933
15.1506825831	15.1464134799	15.1549516918
15.1506955159	15.1464263328	15.1549647044
15.150708364	15.1464391015	15.1549776318
15.1507211278	15.1464517864	15.1549904744
15.1507338079	15.1464643883	15.1550032328
15.1507464049	15.1464769075	15.1550159076
15.1507589193	15.1464893446	15.1550284993
15.1507713517	15.1465017002	15.1550410084
15.1507837026	15.1465139749	15.1550534356
15.1507959726	15.146526169	15.1550657813
15.1508081621	15.1465382833	15.155078046
15.1508202717	15.1465503181	15.1550902304
15.1508323019	15.146562274	15.1551023349
15.1508442533	15.1465741516	15.15511436
15.1508561263	15.1465859513	15.1551263063
15.1508679215	15.1465976737	15.1551381743
15.1508796394	15.1466093192	15.1551499645
15.1508912805	15.1466208884	15.1551616774
15.1509028452	15.1466323817	15.1551733136
15.1509143342	15.1466437997	15.1551848734
15.1509257478	15.1466551429	15.1551963575
15.1509370866	15.1466664117	15.1552077663
15.1509483511	15.1466776066	15.1552191003
15.1509595417	15.1466887282	15.15523036
15.150970659	15.1466997769	15.1552415459
15.1509817034	15.1467107531	15.1552526585
15.1509926755	15.1467216574	15.1552636982
15.1510035755	15.1467324902	15.1552746655
15.1510144042	15.146743252	15.155285561
15.1510251618	15.1467539432	15.155296385
15.151035849	15.1467645644	15.1553071381
15.1510464661	15.146775116	15.1553178207
15.1510570136	15.1467855984	15.1553284332
15.1510674919	15.146796012	15.1553389762
15.1510779016	15.1468063574	15.1553494501
15.151088243	15.146816635	15.1553598553
15.1510985166	15.1468268453	15.1553701924
15.1511087229	15.1468369886	15.1553804616
15.1511188623	15.1468470654	15.1553906635
15.1511289352	15.1468570761	15.1554007986
15.1511389421	15.1468670213	15.1554108672
15.1511488834	15.1468769012	15.1554208698
15.1511587595	15.1468867164	15.1554308069
15.1511685709	15.1468964673	15.1554406788
15.151178318	15.1469061542	15.1554504859
15.1511880012	15.1469157776	15.1554602288
15.1511976209	15.146925338	15.1554699079
15.1512071775	15.1469348357	15.1554795235
15.1512166715	15.1469442711	15.155489076
15.1512261033	15.1469536447	15.1554985659
15.1512354732	15.1469629568	15.1555079937
15.1512447817	15.1469722079	15.1555173596
15.1512540292	15.1469813983	15.1555266641
15.1512632161	15.1469905285	15.1555359076
15.1512723428	15.1469995989	15.1555450906
15.1512814096	15.1470086098	15.1555542133
15.151290417	15.1470175616	15.1555632762
15.1512993653	15.1470264548	15.1555722798
15.151308255	15.1470352896	15.1555812243
15.1513170864	15.1470440666	15.1555901101
15.15132586	15.147052786	15.1555989377
15.151334576	15.1470614483	15.1556077075
15.1513432349	15.1470700538	15.1556164198
15.151351837	15.1470786028	15.1556250749
15.1513603827	15.1470870959	15.1556336733
15.1513688724	15.1470955332	15.1556422154
15.1513773065	15.1471039153	15.1556507014
15.1513856853	15.1471122424	15.1556591318
15.1513940091	15.1471205149	15.155667507
15.1514022784	15.1471287332	15.1556758273
15.1514104935	15.1471368976	15.155684093
15.1514186547	15.1471450085	15.1556923045
15.1514267625	15.1471530663	15.1557004622
15.1514348171	15.1471610712	15.1557085664
15.1514428188	15.1471690236	15.1557166175
15.1514507682	15.147176924	15.1557246159
15.1514586654	15.1471847725	15.1557325618
15.1514665109	15.1471925696	15.1557404556
15.1514743049	15.1472003156	15.1557482976
15.1514820478	15.1472080108	15.1557560883
15.15148974	15.1472156555	15.1557638279
15.1514973818	15.1472232502	15.1557715167
15.1515049734	15.1472307951	15.1557791551
15.1515125153	15.1472382905	15.1557867435
15.1515200078	15.1472457367	15.1557942821
15.1515274511	15.1472531342	15.1558017713
15.1515348457	15.1472604832	15.1558092115
15.1515421918	15.147267784	15.1558166028
15.1515494897	15.1472750369	15.1558239457
15.1515567398	15.1472822424	15.1558312404
15.1515639424	15.1472894005	15.1558384874
15.1515710977	15.1472965118	15.1558456868
15.1515782062	15.1473035764	15.155852839
15.151585268	15.1473105947	15.1558599444
15.1515922836	15.1473175671	15.1558670032
15.1515992531	15.1473244937	15.1558740157
15.151606177	15.1473313749	15.1558809822
15.1516130555	15.147338211	15.1558879031
15.1516198889	15.1473450023	15.1558947785
15.1516266775	15.1473517491	15.155901609
15.1516334216	15.1473584517	15.1559083946
15.1516401215	15.1473651103	15.1559151358
15.1516467775	15.1473717253	15.1559218328
15.1516533899	15.1473782969	15.1559284858
15.1516599589	15.1473848254	15.1559350953
15.1516664848	15.1473913111	15.1559416614
15.151672968	15.1473977544	15.1559481845
15.1516794087	15.1474041554	15.1559546648
15.1516858071	15.1474105144	15.1559611027
15.1516921636	15.1474168318	15.1559674983
15.1516984785	15.1474231077	15.1559738521
15.1517047519	15.1474293425	15.1559801641
15.1517109842	15.1474355364	15.1559864348
15.1517171757	15.1474416898	15.1559926644
15.1517233266	15.1474478028	15.1559988532
15.1517294371	15.1474538757	15.1560050013
15.1517355077	15.1474599088	15.1560111092
15.1517415384	15.1474659024	15.1560171771
15.1517475295	15.1474718567	15.1560232051
15.1517534815	15.1474777719	15.1560291937
15.1517593943	15.1474836484	15.156035143
15.1517652685	15.1474894863	15.1560410533
15.1517711041	15.147495286	15.1560469248
15.1517769015	15.1475010477	15.1560527579
15.1517826608	15.1475067716	15.1560585527
15.1517883825	15.147512458	15.1560643095
15.1517940666	15.1475181071	15.1560700286
15.1517997134	15.1475237192	15.1560757102
15.1518053233	15.1475292945	15.1560813546
15.1518108963	15.1475348332	15.1560869619
15.1518164328	15.1475403357	15.1560925325
15.1518219331	15.147545802	15.1560980666
15.1518273973	15.1475512326	15.1561035644
15.1518328256	15.1475566275	15.1561090262
15.1518382184	15.1475619871	15.1561144521
15.1518435758	15.1475673116	15.1561198425
15.1518488981	15.1475726011	15.1561251976
15.1518541856	15.147577856	15.1561305175
15.1518594383	15.1475830764	15.1561358026
15.1518646566	15.1475882626	15.1561410531
15.1518698408	15.1475934148	15.1561462691
15.1518749909	15.1475985333	15.1561514509
15.1518801073	15.1476036181	15.1561565988
15.1518851901	15.1476086697	15.1561617129
15.1518902396	15.1476136881	15.1561667935
15.1518952561	15.1476186737	15.1561718407
15.1519002396	15.1476236266	15.1561768549
15.1519051905	15.147628547	15.1561818363
15.1519101089	15.1476334351	15.1561867849
15.1519149951	15.1476382912	15.1561917012
15.1519198492	15.1476431155	15.1561965852
15.1519246715	15.1476479081	15.1562014371
15.1519294622	15.1476526694	15.1562062573
15.1519342216	15.1476573994	15.1562110459
15.1519389497	15.1476620984	15.1562158031
15.1519436468	15.1476667666	15.1562205291
15.1519483131	15.1476714043	15.1562252241
15.1519529489	15.1476760115	15.1562298884
15.1519575542	15.1476805885	15.156234522
15.1519621294	15.1476851355	15.1562391253
15.1519666745	15.1476896527	15.1562436985
15.1519711899	15.1476941403	15.1562482416
15.1519756757	15.1476985985	15.156252755
15.1519801321	15.1477030275	15.1562572388
15.1519845592	15.1477074274	15.1562616931
15.1519889574	15.1477117985	15.1562661183
15.1519933267	15.1477161409	15.1562705145
15.1519976674	15.1477204549	15.1562748818
15.1520019796	15.1477247406	15.1562792206
15.1520062635	15.1477289982	15.1562835309
15.1520105194	15.1477332279	15.1562878129
15.1520147474	15.1477374298	15.1562920669
15.1520189476	15.1477416042	15.1562962929
15.1520231203	15.1477457513	15.1563004913
15.1520272657	15.1477498712	15.1563046621
15.1520313839	15.147753964	15.1563088057
15.1520354751	15.1477580301	15.156312922
15.1520395395	15.1477620695	15.1563170114
15.1520435772	15.1477660824	15.1563210739
15.1520475885	15.147770069	15.1563251098
15.1520515734	15.1477740294	15.1563291193
15.1520555323	15.147777964	15.1563331025
15.1520594652	15.1477818727	15.1563370596
15.1520633723	15.1477857558	15.1563409907
15.1520672538	15.1477896134	15.1563448961
15.1520711099	15.1477934458	15.1563487758
15.1520749407	15.147797253	15.1563526301
15.1520787464	15.1478010353	15.1563564592
15.1520825271	15.1478047928	15.1563602632
15.152086283	15.1478085256	15.1563640422
15.1520900144	15.147812234	15.1563677965
15.1520937212	15.1478159181	15.1563715261
15.1520974038	15.147819578	15.1563752313
15.1521010622	15.147823214	15.1563789122
15.1521046967	15.1478268261	15.156382569
15.1521083073	15.1478304145	15.1563862018
15.1521118942	15.1478339794	15.1563898108
15.1521154577	15.1478375209	15.1563933961
15.1521189978	15.1478410393	15.1563969579
15.1521225146	15.1478445345	15.1564004964
15.1521260085	15.1478480069	15.1564040117
15.1521294794	15.1478514565	15.1564075039
15.1521329275	15.1478548834	15.1564109733
15.1521363531	15.147858288	15.1564144199
15.1521397562	15.1478616701	15.1564178439
15.152143137	15.1478650302	15.1564212455
15.1521464957	15.1478683682	15.1564246247
15.1521498323	15.1478716843	15.1564279818
15.152153147	15.1478749787	15.156431317
15.15215644	15.1478782515	15.1564346302
15.1521597115	15.1478815028	15.1564379217
15.1521629615	15.1478847328	15.1564411917
15.1521661902	15.1478879417	15.1564444402
15.1521693977	15.1478911295	15.1564476674
15.1521725842	15.1478942964	15.1564508735
15.1521757498	15.1478974426	15.1564540585
15.1521788946	15.1479005681	15.1564572227
15.1521820189	15.1479036732	15.1564603661
15.1521851226	15.1479067578	15.1564634889
15.1521882061	15.1479098223	15.1564665913
15.1521912693	15.1479128667	15.1564696733
15.1521943124	15.1479158911	15.1564727351
15.1521973356	15.1479188958	15.1564757768
15.1522003389	15.1479218807	15.1564787986
15.1522033226	15.147924846	15.1564818006
15.1522062867	15.1479277919	15.1564847829
15.1522092314	15.1479307185	15.1564877457
15.1522121568	15.1479336259	15.156490689
15.152215063	15.1479365143	15.1564936131
15.1522179501	15.1479393837	15.156496518
15.1522208184	15.1479422343	15.1564994038
15.1522236678	15.1479450662	15.1565022707
15.1522264985	15.1479478796	15.1565051188
15.1522293107	15.1479506745	15.1565079483
15.1522321045	15.1479534511	15.1565107592
15.1522348799	15.1479562095	15.1565135517
15.1522376372	15.1479589499	15.1565163258
15.1522403764	15.1479616722	15.1565190818
15.1522430976	15.1479643767	15.1565218197
15.152245801	15.1479670635	15.1565245397
15.1522484866	15.1479697327	15.1565272419
15.1522511547	15.1479723844	15.1565299263
15.1522538052	15.1479750186	15.1565325931
15.1522564384	15.1479776357	15.1565352425
15.1522590544	15.1479802355	15.1565378744
15.1522616531	15.1479828184	15.1565404892
15.1522642349	15.1479853843	15.1565430868
15.1522667997	15.1479879334	15.1565456673
15.1522693477	15.1479904657	15.156548231
15.152271879	15.1479929815	15.1565507778
15.1522743937	15.1479954808	15.1565533079
15.152276892	15.1479979637	15.1565558215
15.1522793738	15.1480004303	15.1565583186
15.1522818394	15.1480028807	15.1565607993
15.1522842888	15.1480053151	15.1565632637
15.1522867222	15.1480077336	15.156565712
15.1522891396	15.1480101361	15.1565681443
15.1522915412	15.148012523	15.1565705606
15.152293927	15.1480148942	15.156572961
15.1522962972	15.1480172498	15.1565753458
15.1522986519	15.14801959	15.1565777149
15.1523009911	15.1480219149	15.1565800684
15.1523033149	15.1480242245	15.1565824066
15.1523056236	15.148026519	15.1565847294
15.1523079171	15.1480287984	15.1565870369
15.1523101956	15.1480310629	15.1565893294
15.1523124591	15.1480333126	15.1565916068
15.1523147078	15.1480355475	15.1565938693
15.1523169418	15.1480377677	15.156596117
15.1523191611	15.1480399734	15.1565983499
15.1523213659	15.1480421647	15.1566005682
15.1523235562	15.1480443416	15.156602772
15.1523257322	15.1480465042	15.1566049613
15.1523278939	15.1480486526	15.1566071362
15.1523300414	15.148050787	15.1566092969
15.1523321749	15.1480529073	15.1566114434
15.1523342943	15.1480550138	15.1566135759
15.1523363999	15.1480571065	15.1566156944
15.1523384917	15.1480591854	15.156617799
15.1523405697	15.1480612507	15.1566198898
15.1523426342	15.1480633025	15.1566219669
15.1523446851	15.1480653408	15.1566240303
15.1523467225	15.1480673658	15.1566260803
15.1523487466	15.1480693775	15.1566281168
15.1523507575	15.148071376	15.15663014
15.1523527551	15.1480733614	15.1566321499
15.1523547397	15.1480753338	15.1566341466
15.1523567112	15.1480772932	15.1566361302
15.1523586699	15.1480792398	15.1566381009
15.1523606157	15.1480811737	15.1566400586
15.1523625487	15.1480830949	15.1566420035
15.152364469	15.1480850035	15.1566439356
15.1523663768	15.1480868995	15.156645855
15.1523682721	15.1480887832	15.1566477619
15.1523701549	15.1480906545	15.1566496563
15.1523720254	15.1480925135	15.1566515383
15.1523738837	15.1480943604	15.1566534079
15.1523757297	15.1480961951	15.1566552653
15.1523775637	15.1480980178	15.1566571105
15.1523793856	15.1480998286	15.1566589436
15.1523811956	15.1481016275	15.1566607647
15.1523829937	15.1481034146	15.1566625738
15.1523847801	15.14810519	15.1566643711
15.1523865547	15.1481069537	15.1566661566
15.1523883177	15.1481087059	15.1566679304
15.1523900692	15.1481104466	15.1566696926
15.1523918091	15.1481121759	15.1566714432
15.1523935377	15.1481138939	15.1566731823
15.1523952549	15.1481156006	15.1566749101
15.1523969609	15.1481172961	15.1566766265
15.1523986556	15.1481189805	15.1566783316
15.1524003393	15.1481206539	15.1566800256
15.152402012	15.1481223162	15.1566817085
15.1524036736	15.1481239677	15.1566833804
15.1524053244	15.1481256084	15.1566850413
15.1524069644	15.1481272383	15.1566866913
15.1524085936	15.1481288575	15.1566883305
15.1524102121	15.1481304661	15.1566899589
15.15241182	15.1481320642	15.1566915767
15.1524134174	15.1481336518	15.1566931838
15.1524150043	15.148135229	15.1566947805
15.1524165808	15.1481367958	15.1566963666
15.152418147	15.1481383524	15.1566979424
15.1524197029	15.1481398988	15.1566995078
15.1524212486	15.148141435	15.156701063
15.1524227842	15.1481429612	15.156702608
15.1524243097	15.1481444774	15.1567041428
15.1524258252	15.1481459836	15.1567056676
15.1524273308	15.1481474799	15.1567071824
15.1524288265	15.1481489665	15.1567086872
15.1524303124	15.1481504433	15.1567101822
15.1524317885	15.1481519104	15.1567116674
15.152433255	15.1481533679	15.1567131429
15.1524347119	15.1481548158	15.1567146087
15.1524361592	15.1481562543	15.1567160649
15.152437597	15.1481576833	15.1567175115
15.1524390255	15.148159103	15.1567189487
15.1524404445	15.1481605133	15.1567203764
15.1524418542	15.1481619144	15.1567217948
15.1524432547	15.1481633064	15.1567232038
15.1524446461	15.1481646892	15.1567246037
15.1524460283	15.1481660629	15.1567259943
15.1524474014	15.1481674276	15.1567273759
15.1524487655	15.1481687834	15.1567287484
15.1524501207	15.1481701303	15.1567301119
15.152451467	15.1481714684	15.1567314664
15.1524528045	15.1481727977	15.1567328121
15.1524541333	15.1481741183	15.1567341489
15.1524554533	15.1481754302	15.156735477
15.1524567646	15.1481767335	15.1567367964
15.1524580674	15.1481780283	15.1567381071
15.1524593616	15.1481793146	15.1567394093
15.1524606473	15.1481805925	15.1567407029
15.1524619247	15.148181862	15.156741988
15.1524631936	15.1481831231	15.1567432647
15.1524644542	15.148184376	15.156744533
15.1524657066	15.1481856207	15.1567457931
15.1524669507	15.1481868572	15.1567470448
15.1524681867	15.1481880857	15.1567482884
15.1524694146	15.148189306	15.1567495238
15.1524706344	15.1481905184	15.1567507511
15.1524718463	15.1481917228	15.1567519703
15.1524730502	15.1481929194	15.1567531816
15.1524742462	15.1481941081	15.1567543849
15.1524754343	15.148195289	15.1567555803
15.1524766147	15.1481964621	15.1567567679
15.1524777874	15.1481976276	15.1567579478
15.1524789523	15.1481987854	15.1567591198
15.1524801096	15.1481999356	15.1567602842
15.1524812594	15.1482010783	15.156761441
15.1524824016	15.1482022135	15.1567625902
15.1524835363	15.1482033413	15.1567637318
15.1524846635	15.1482044617	15.156764866
15.1524857834	15.1482055747	15.1567659927
15.1524868959	15.1482066804	15.1567671121
15.1524880012	15.1482077789	15.1567682241
15.1524890992	15.1482088702	15.1567693288
15.15249019	15.1482099543	15.1567704262
15.1524912736	15.1482110313	15.1567715165
15.1524923502	15.1482121013	15.1567725997
15.1524934197	15.1482131643	15.1567736757
15.1524944822	15.1482142202	15.1567747447
15.1524955377	15.1482152693	15.1567758066
15.1524965863	15.1482163115	15.1567768616
15.152497628	15.1482173468	15.1567779097
15.1524986629	15.1482183754	15.156778951
15.152499691	15.1482193972	15.1567799854
15.1525007124	15.1482204123	15.156781013
15.1525017271	15.1482214208	15.1567820339
15.1525027351	15.1482224227	15.156783048
15.1525037365	15.148223418	15.1567840556
15.1525047314	15.1482244067	15.1567850565
15.1525057197	15.148225389	15.1567860509
15.1525067015	15.1482263649	15.1567870387
15.152507677	15.1482273343	15.1567880201
15.152508646	15.1482282974	15.1567889951
15.1525096087	15.1482292542	15.1567899636
15.152510565	15.1482302047	15.1567909258
15.1525115151	15.148231149	15.1567918817
15.152512459	15.1482320871	15.1567928314
15.1525133966	15.148233019	15.1567937748
15.1525143282	15.1482339449	15.156794712
15.1525152536	15.1482348646	15.1567956431
15.152516173	15.1482357784	15.156796568
15.1525170863	15.1482366861	15.1567974869
15.1525179936	15.1482375879	15.1567983998
15.152518895	15.1482384838	15.1567993067
15.1525197905	15.1482393738	15.1568002077
15.1525206801	15.148240258	15.1568011028
15.1525215639	15.1482411364	15.1568019919
15.1525224419	15.148242009	15.1568028753
15.1525233141	15.1482428759	15.1568037529
15.1525241807	15.1482437371	15.1568046247
15.1525250415	15.1482445927	15.1568054908
15.1525258967	15.1482454427	15.1568063512
15.1525267463	15.1482462871	15.156807206
15.1525275903	15.1482471259	15.1568080551
15.1525284288	15.1482479593	15.1568088988
15.1525292618	15.1482487872	15.1568097368
15.1525300893	15.1482496097	15.1568105694
15.1525309114	15.1482504267	15.1568113965
15.1525317281	15.1482512385	15.1568122183
15.1525325395	15.1482520449	15.1568130346
15.1525333455	15.148252846	15.1568138455
15.1525341463	15.1482536419	15.1568146512
15.1525349418	15.1482544325	15.1568154516
15.1525357321	15.148255218	15.1568162467
15.1525365172	15.1482559983	15.1568170366
15.1525372972	15.1482567735	15.1568178213
15.1525380721	15.1482575436	15.1568186009
15.1525388418	15.1482583087	15.1568193754
15.1525396066	15.1482590688	15.1568201448
15.1525403663	15.1482598238	15.1568209092
15.152541121	15.148260574	15.1568216685
15.1525418708	15.1482613192	15.1568224229
15.1525426157	15.1482620595	15.1568231723
15.1525433557	15.148262795	15.1568239168
15.1525440908	15.1482635256	15.1568246564
15.1525448212	15.1482642515	15.1568253912
15.1525455467	15.1482649726	15.1568261212
15.1525462675	15.148265689	15.1568268464
15.1525469835	15.1482664007	15.1568275668
15.1525476949	15.1482671077	15.1568282825
15.1525484016	15.1482678101	15.1568289935
15.1525491037	15.1482685078	15.1568296999
15.1525498011	15.148269201	15.1568304016
15.152550494	15.1482698897	15.1568310987
15.1525511824	15.1482705738	15.1568317913
15.1525518662	15.1482712535	15.1568324793
15.1525525456	15.1482719287	15.1568331628
15.1525532205	15.1482725995	15.1568338418
15.1525538909	15.1482732659	15.1568345164
15.152554557	15.1482739279	15.1568351865
15.1525552187	15.1482745856	15.1568358523
15.1525558761	15.1482752389	15.1568365137
15.1525565292	15.148275888	15.1568371707
15.152557178	15.1482765328	15.1568378235
15.1525578225	15.1482771734	15.1568384719
15.1525584628	15.1482778098	15.1568391162
15.1525590989	15.1482784421	15.1568397562
15.1525597309	15.1482790702	15.156840392
15.1525603587	15.1482796941	15.1568410236
15.1525609824	15.148280314	15.1568416511
15.152561602	15.1482809298	15.1568422745
15.1525622175	15.1482815416	15.1568428938
15.152562829	15.1482821494	15.156843509
15.1525634365	15.1482827532	15.1568441202
15.15256404	15.148283353	15.1568447274
15.1525646396	15.1482839489	15.1568453306
15.1525652352	15.1482845409	15.1568459298
15.1525658269	15.148285129	15.1568465252
15.1525664147	15.1482857132	15.1568471166
15.1525669987	15.1482862936	15.1568477042
15.1525675789	15.1482868703	15.1568482878
15.1525681553	15.1482874431	15.1568488677
15.1525687278	15.1482880122	15.1568494438
15.1525692967	15.1482885775	15.1568500161
15.1525698618	15.1482891392	15.1568505846
15.1525704231	15.1482896972	15.1568511494
15.1525709809	15.1482902515	15.1568517106
15.1525715349	15.1482908021	15.156852268
15.1525720853	15.1482913492	15.1568528218
15.1525726322	15.1482918927	15.1568533719
15.1525731754	15.1482924326	15.1568539185
15.1525737151	15.148292969	15.1568544614
15.1525742512	15.1482935018	15.1568550008
15.1525747838	15.1482940312	15.1568555367
15.1525753129	15.1482945571	15.1568560691
15.1525758386	15.1482950796	15.1568565979
15.1525763608	15.1482955986	15.1568571233
15.1525768796	15.1482961142	15.1568576453
15.152577395	15.1482966265	15.1568581638
15.152577907	15.1482971353	15.1568586789
15.1525784156	15.1482976409	15.1568591907
15.152578921	15.1482981431	15.1568596991
15.152579423	15.1482986421	15.1568602042
15.1525799217	15.1482991378	15.1568607059
15.1525804171	15.1482996302	15.1568612044
15.1525809093	15.1483001194	15.1568616996
15.1525813983	15.1483006054	15.1568621915
15.1525818841	15.1483010882	15.1568626803
15.1525823667	15.1483015678	15.1568631658
15.1525828461	15.1483020443	15.1568636481
15.1525833224	15.1483025177	15.1568641273
15.1525837955	15.148302988	15.1568646033
15.1525842656	15.1483034551	15.1568650763
15.1525847325	15.1483039193	15.1568655461
15.1525851965	15.1483043803	15.1568660128
15.1525856573	15.1483048384	15.1568664765
15.1525861152	15.1483052935	15.1568669371
15.15258657	15.1483057455	15.1568673948
15.1525870219	15.1483061946	15.1568678494
15.1525874708	15.1483066408	15.156868301
15.1525879168	15.1483070841	15.1568687497
15.1525883598	15.1483075244	15.1568691954
15.1525887999	15.1483079618	15.1568696383
15.1525892372	15.1483083964	15.1568700782
15.1525896716	15.1483088282	15.1568705152
15.1525901031	15.1483092571	15.1568709494
15.1525905318	15.1483096832	15.1568713807
15.1525909577	15.1483101065	15.1568718092
15.1525913808	15.148310527	15.1568722349
15.1525918011	15.1483109448	15.1568726577
15.1525922187	15.1483113598	15.1568730779
15.1525926335	15.1483117721	15.1568734952
15.1525930457	15.1483121817	15.1568739099
15.1525934551	15.1483125886	15.1568743218
15.1525938618	15.1483129929	15.156874731
15.1525942659	15.1483133945	15.1568751375
15.1525946673	15.1483137935	15.1568755414
15.1525950661	15.1483141898	15.1568759426
15.1525954623	15.1483145836	15.1568763412
15.1525958558	15.1483149748	15.1568767372
15.1525962468	15.1483153634	15.1568771305
15.1525966353	15.1483157494	15.1568775213
15.1525970212	15.148316133	15.1568779096
15.1525974045	15.148316514	15.1568782953
15.1525977854	15.1483168925	15.1568786784
15.1525981637	15.1483172686	15.1568790591
15.1525985396	15.1483176421	15.1568794372
15.152598913	15.1483180133	15.1568798129
15.1525992839	15.148318382	15.1568801861
15.1525996525	15.1483187482	15.1568805569
15.1526000186	15.1483191121	15.1568809252
15.1526003823	15.1483194736	15.1568812912
15.1526007436	15.1483198327	15.1568816547
15.1526011026	15.1483201895	15.1568820158
15.1526014592	15.1483205439	15.1568823746
15.1526018134	15.1483208961	15.156882731
15.1526021654	15.1483212459	15.1568830851
15.152602515	15.1483215934	15.1568834369
15.1526028624	15.1483219386	15.1568837863
15.1526032074	15.1483222816	15.1568841335
15.1526035502	15.1483226223	15.1568844784
15.1526038908	15.1483229608	15.156884821
15.1526042291	15.148323297	15.1568851614
15.1526045652	15.1483236311	15.1568854996
15.1526048991	15.148323963	15.1568858355
15.1526052308	15.1483242926	15.1568861692
15.1526055604	15.1483246202	15.1568865008
15.1526058878	15.1483249456	15.1568868302
15.152606213	15.1483252688	15.1568871574
15.1526065361	15.14832559	15.1568874824
15.1526068571	15.148325909	15.1568878054
15.152607176	15.1483262259	15.1568881262
15.1526074928	15.1483265408	15.1568884449
15.1526078075	15.1483268536	15.1568887616
15.1526081201	15.1483271643	15.1568890761
15.1526084307	15.1483274731	15.1568893886
15.1526087393	15.1483277797	15.156889699
15.1526090458	15.1483280844	15.1568900075
15.1526093504	15.1483283871	15.1568903138
15.1526096529	15.1483286878	15.1568906182
15.1526099535	15.1483289865	15.1568909206
15.1526102521	15.1483292833	15.156891221
15.1526105487	15.1483295781	15.1568915194
15.1526108434	15.148329871	15.1568918159
15.1526111361	15.148330162	15.1568921104
15.152611427	15.148330451	15.156892403
15.1526117159	15.1483307382	15.1568926937
15.1526120029	15.1483310235	15.1568929825
15.1526122881	15.1483313069	15.1568932694
15.1526125713	15.1483315885	15.1568935544
15.1526128528	15.1483318682	15.1568938375
15.1526131323	15.148332146	15.1568941188
15.1526134101	15.1483324221	15.1568943982
15.152613686	15.1483326963	15.1568946758
15.1526139601	15.1483329688	15.1568949516
15.1526142325	15.1483332395	15.1568952256
15.152614503	15.1483335083	15.1568954978
15.1526147717	15.1483337755	15.1568957682
15.1526150387	15.1483340408	15.1568960368
15.152615304	15.1483343045	15.1568963037
15.1526155675	15.1483345664	15.1568965688
15.1526158293	15.1483348266	15.1568968322
15.1526160894	15.1483350851	15.1568970938
15.1526163477	15.1483353419	15.1568973537
15.1526166044	15.148335597	15.156897612
15.1526168594	15.1483358504	15.1568978685
15.1526171127	15.1483361022	15.1568981234
15.1526173643	15.1483363523	15.1568983765
15.1526176144	15.1483366008	15.1568986281
15.1526178627	15.1483368476	15.1568988779
15.1526181095	15.1483370929	15.1568991262
15.1526183546	15.1483373365	15.1568993728
15.1526185981	15.1483375785	15.1568996178
15.15261884	15.148337819	15.1568998612
15.1526190803	15.1483380579	15.156900103
15.1526193191	15.1483382952	15.1569003432
15.1526195563	15.1483385309	15.1569005818
15.1526197919	15.1483387651	15.1569008189
15.152620026	15.1483389978	15.1569010544
15.1526202586	15.1483392289	15.1569012884
15.1526204896	15.1483394585	15.1569015208
15.1526207191	15.1483396867	15.1569017517
15.1526209471	15.1483399133	15.1569019811
15.1526211737	15.1483401384	15.156902209
15.1526213987	15.1483403621	15.1569024354
15.1526216223	15.1483405843	15.1569026603
15.1526218443	15.148340805	15.1569028838
15.152622065	15.1483410243	15.1569031058
15.1526222842	15.1483412422	15.1569033263
15.1526225019	15.1483414586	15.1569035454
15.1526227183	15.1483416736	15.156903763
15.1526229332	15.1483418872	15.1569039792
15.1526231467	15.1483420995	15.156904194
15.1526233588	15.1483423103	15.1569044074
15.1526235695	15.1483425197	15.1569046194
15.1526237788	15.1483427277	15.15690483
15.1526239868	15.1483429344	15.1569050392
15.1526241934	15.1483431398	15.1569052471
15.1526243986	15.1483433438	15.1569054535
15.1526246025	15.1483435464	15.1569056587
15.1526248051	15.1483437478	15.1569058625
15.1526250063	15.1483439478	15.1569060649
15.1526252062	15.1483441465	15.156906266
15.1526254048	15.1483443439	15.1569064659
15.1526256021	15.14834454	15.1569066643
15.1526257981	15.1483447348	15.1569068615
15.1526259928	15.1483449283	15.1569070574
15.1526261863	15.1483451206	15.1569072521
15.1526263784	15.1483453116	15.1569074454
15.1526265694	15.1483455013	15.1569076375
15.152626759	15.1483456898	15.1569078283
15.1526269474	15.1483458771	15.1569080179
15.1526271346	15.1483460632	15.1569082062
15.1526273206	15.148346248	15.1569083933
15.1526275053	15.1483464316	15.1569085791
15.1526276889	15.148346614	15.1569087638
15.1526278712	15.1483467953	15.1569089472
15.1526280523	15.1483469753	15.1569091295
15.1526282323	15.1483471541	15.1569093105
15.152628411	15.1483473318	15.1569094903
15.1526285886	15.1483475083	15.156909669
15.152628765	15.1483476837	15.1569098465
15.1526289403	15.1483478579	15.1569100228
15.1526291144	15.148348031	15.156910198
15.1526292874	15.1483482029	15.1569103721
15.1526294593	15.1483483737	15.1569105449
15.15262963	15.1483485434	15.1569107167
15.1526297996	15.1483487119	15.1569108873
15.1526299681	15.1483488794	15.1569110568
15.1526301355	15.1483490458	15.1569112252
15.1526303017	15.1483492111	15.1569113925
15.1526304669	15.1483493753	15.1569115587
15.1526306311	15.1483495384	15.1569117239
15.1526307941	15.1483497004	15.1569118879
15.1526309561	15.1483498614	15.1569120508
15.152631117	15.1483500213	15.1569122127
15.1526312768	15.1483501802	15.1569123735
15.1526314356	15.1483503381	15.1569125333
15.1526315934	15.1483504949	15.156912692
15.1526317501	15.1483506507	15.1569128497
15.1526319058	15.1483508054	15.1569130064
15.1526320605	15.1483509592	15.156913162
15.1526322142	15.1483511119	15.1569133166
15.1526323669	15.1483512636	15.1569134702
15.1526325185	15.1483514144	15.1569136228
15.1526326692	15.1483515641	15.1569137743
15.1526328189	15.1483517129	15.1569139249
15.1526329676	15.1483518607	15.1569140745
15.1526331153	15.1483520075	15.1569142232
15.152633262	15.1483521534	15.1569143708
15.1526334078	15.1483522983	15.1569145175
