0.579168490116	-5.27419440069	6.43253138092
0.355864390755	-2.78000771068	3.49173649219
0.146076664268	-0.989673906166	1.2818272347
-7.64543983678e-12	-1.89147086559e-05	1.8914693365e-05
-0.0592071581197	-0.427141419925	0.308727103686
-0.0453528878505	-0.299802122172	0.209096346471
2.70574673777e-11	-1.85926215992e-05	1.85926757141e-05
0.0321725358533	-0.116989496142	0.181334567849
0.0288915525705	-0.0935183341758	0.151301439317
-5.80087089475e-11	-1.95906401618e-05	1.95905241444e-05
-0.0253671971807	-0.11580914933	0.0650747549681
-0.0245404831912	-0.10503996898	0.0559590025971
9.91633442027e-11	-2.47207583014e-05	2.47209566281e-05
0.024048493935	-0.0430187338828	0.0911157217527
0.0242398690767	-0.0381974393231	0.0866771774766
-1.49327661347e-10	-3.15530518398e-05	3.15527531844e-05
-0.0253041421835	-0.0810420294027	0.0304337450357
-0.0261373390061	-0.0794270190117	0.0271523409994
2.09126937989e-10	-3.58267556617e-05	3.58271739155e-05
0.0283607739825	-0.0212384307612	0.0779599787261
0.0297476946402	-0.0184546914081	0.0779500806884
-2.7944224712e-10	-3.3752164009e-05	3.37516051245e-05
-0.0330902852472	-0.079133272945	0.0129527024505
-0.0350623493508	-0.0802700638377	0.010145365136
3.63115759683e-10	-3.01665945606e-05	3.01673207921e-05
0.0396706137213	-0.00422516565525	0.0835663930979
0.0423411064364	-0.00104020679191	0.0857224196648
-4.62136995338e-10	-2.89573701402e-05	2.89564458662e-05
-0.048528162152	-0.0910932206943	-0.00596310360972
-0.052103813528	-0.0943459772598	-0.00986164979618
5.78893377678e-10	-2.17673226695e-05	2.17684804562e-05
0.0604137788134	0.0186872519572	0.10214030567
0.0652512132974	0.0237298076618	0.106772618933
-7.1554495662e-10	-7.1554495662e-10	-7.1554495662e-10
-0.076642410419	-0.117834886863	-0.0354499339746
-0.083391150632	-0.124452306554	-0.0423299947096
8.73114913702e-10	8.73114913702e-10	8.73114913702e-10
0.0997000275588	0.0588500210882	0.140550034029
0.109678769842	0.0689132577875	0.150444281897
-1.04773789644e-09	-1.04773789644e-09	-1.04773789644e-09
-0.134936846473	-0.175566264414	-0.094307428531
-0.151299561982	-0.191874438078	-0.110724685886
1.2314558262e-09	-1.11019999742e-05	1.11044628858e-05
0.196388753653	0.155901827642	0.236875679664
0.228884575971	0.188432932873	0.269336219069
-1.40335032484e-09	-2.33781663382e-05	2.33753596375e-05
-0.335523006599	-0.375917713652	-0.295128299546
-0.432506930546	-0.472878781817	-0.392135079275
1.54250301421e-09	-2.68716352748e-05	2.68747202808e-05
0.957969389261	0.917634437881	0.998304340641
2.10794657463	2.06762644099	2.14826670828
2.99999999838	2.99997151076	3.000028486
3.36529784398	3.32500164214	3.40559404582
3.26699945586	3.22671286642	3.3072860453
3.00000000164	2.99996945555	3.00003054773
2.84371726826	2.80344620617	2.88398833035
2.87905172883	2.83878690599	2.91931655166
2.99999999837	2.99996979277	3.00003020397
3.06829504801	3.02804030496	3.10854979105
3.04703536064	3.00678466752	3.08728605377
3.00000000162	2.99997300718	3.00002699606
2.99089650882	2.95065235966	3.03114065797
3.00904939866	2.96880787787	3.04929091945
2.99999999838	2.99997060523	3.00002939153
2.95301956191	2.91278228703	2.9932568368
2.93176070834	2.89152513947	2.97199627721
3.00000000163	2.9999655941	3.00003440916
3.12088999101	3.08065717902	3.161122803
3.15622275038	3.11599104703	3.19645445372
2.99999999836	2.99996528108	3.00003471563
2.73306484349	2.69283493203	2.77329475496
2.63476909046	2.59453989948	2.67499828145
3.00000000162	2.99996733707	3.00003266617
3.89198021464	3.85175218743	3.93220824185
5.04195373432	5.00172617441	5.08218129423
5.99999999846	5.99996816176	6.00003183515
6.43259226052	6.39236545729	6.47281906376
6.33561315276	6.29538665467	6.37583965086
6.0000000014	5.99997401084	6.00002599196
5.77101439565	5.73078839182	5.81124039947
5.80350412529	5.76327832079	5.8437299298
5.99999999877	5.99998753809	6.00001245945
6.15142022594	6.11119474274	6.19164570914
6.13506497363	6.09483961837	6.17529032889
6.00000000105	5.99998887682	6.00001112527
5.89017679901	5.84995164871	5.9304019493
5.9001467264	5.85992165683	5.94037179596
5.99999999913	5.99997547936	6.00002451889
6.08356319511	6.04333825481	6.12378813542
6.07682432178	6.03659943295	6.11704921062
6.00000000071	5.9999648022	6.00003519922
5.93454670131	5.89432189529	5.97477150734
5.93937414266	5.8991493706	5.97959891473
5.99999999942	5.99995998753	6.00004001132
6.05233447295	6.01210975712	6.09255918879
6.04876667708	6.00854198482	6.08899136934
6.00000000046	5.99996309364	6.00003690727
5.95741028317	5.91718563096	5.99763493539
5.96008015536	5.91985551964	6.00030479107
5.99999999964	5.9999690732	6.00003092608
6.03529795147	5.99507334223	6.07552256071
6.03330809476	5.99308349516	6.07353269436
6.00000000027	5.99997025472	6.00002974582
5.97010528915	5.9298807037	6.01032987461
5.97155311942	5.93132853932	6.01177769951
5.9999999998	5.99996499477	6.00003500483
6.0260203496	5.98579577669	6.06624492251
6.02502637723	5.98480180568	6.06525094878
6.00000000013	5.99995997593	6.00004002434
5.97655207735	5.9363275092	6.0167766455
5.97714483329	5.93692026742	6.01736939916
5.99999999993	5.99995730643	6.00004269342
6.02205003563	5.98182547356	6.06227459771
6.02183595397	5.98161139458	6.06206051337
6.00000000002	5.99996008217	6.00003991787
5.97821048545	5.93798593224	6.01843503866
5.97803685	5.93781229959	6.0182614004
6.00000000003	5.99996570796	6.0000342921
6.02273157992	5.98250703422	6.06295612562
6.02334353856	5.9831189943	6.06356808282
5.99999999991	5.9999693657	6.00003063412
5.974913507	5.93468896524	6.01513804877
5.97374612249	5.93352158097	6.013970664
6.00000000014	5.99996920642	6.00003079386
6.02931067866	5.9890861379	6.06953521941
6.03127423244	5.99104969224	6.07149877263
5.9999999998	5.99997125673	6.00002874287
5.96365905738	5.92343451956	6.0038835952
5.96039830803	5.92017377147	6.00062284459
6.00000000024	5.99997586406	6.00002413643
6.04817571351	6.00795117804	6.08840024898
6.0538578813	6.01363334628	6.09408241631
5.99999999971	5.99997488872	6.0000251107
5.93048128263	5.89025674724	5.97070581802
5.91948834483	5.87926380903	5.95971288062
6.0000000003	5.99997409165	6.00002590895
6.11351050911	6.07328597362	6.15373504459
6.13918384595	6.09895931055	6.17940838134
5.99999999973	5.99997547679	6.00002452267
5.76969615668	5.72947162282	5.80992069055
5.68157037647	5.64134584355	5.7217949094
6.00000000016	5.99997926413	6.00002073618
6.82344629207	6.78322175986	6.86367082428
7.96155123252	7.92132670088	8.00177576415
9.00000000005	8.99997980999	9.00002019011
9.53972815411	9.4995036216	9.57995268663
9.45816052383	9.41793599075	9.49838505692
8.99999999962	8.99997450346	9.00002549579
8.6115128934	8.57128835748	8.65173742933
8.62117474424	8.58095020679	8.66139928168
9.00000000075	8.99996895553	9.00003104598
9.39370662301	9.35348208324	9.43393116278
9.41866033025	9.3784357907	9.4588848698
8.99999999885	8.99996710339	9.00003289431
8.47794551231	8.43772097281	8.51817005182
8.37668757694	8.33646303751	8.41691211637
9.00000000149	8.99996949192	9.00003051107
10.1722766546	10.1320521164	10.2125011928
11.3447881373	11.3045635997	11.3850126748
11.9999999983	11.999969515	12.0000304815
12.0409268673	12.0007023294	12.0811514052
11.8550626828	11.814838144	11.8952872215
12.0000000018	11.9999692309	12.0000307728
12.7619527802	12.7217282407	12.8021773197
13.9372840908	13.8970595517	13.97750863
14.9999999982	14.9999685209	15.0000314754
15.5047049219	15.4644803825	15.5449294612
15.3968684981	15.3566439584	15.4370930379
15.0000000017	14.9999677115	15.0000322919
14.7253034232	14.6850788833	14.7655279632
14.763490423	14.7232658836	14.8037149623
14.9999999985	14.9999689516	15.0000310454
15.1826887702	15.1424642315	15.2229133088
15.162917571	15.1226930336	15.2031421084
15.0000000013	14.9999718385	15.000028164
14.8678415396	14.8276170035	14.9080660757
14.8800719387	14.8398474032	14.9202964743
14.9999999989	14.9999735487	15.0000264492
15.0998378868	15.0596133513	15.1400624223
15.0914817736	15.0512572372	15.13170631
15.0000000009	14.9999702266	15.0000297752
14.9226994707	14.8824749316	14.9629240099
14.9287617416	14.8885372008	14.9689862823
14.9999999993	14.9999669192	15.0000330794
15.0607379196	15.0205133795	15.1009624596
15.0561711714	15.0159466324	15.0963957105
15.0000000006	14.9999710553	15.0000289459
14.9518423992	14.9116178639	14.9920669344
14.9553662374	14.9151417032	14.9955907716
14.9999999995	14.9999774997	15.0000224994
15.0383981047	14.9981735731	15.0786226363
15.0356364556	14.9954119245	15.0758609866
15.0000000004	14.999983379	15.0000166217
14.9692772942	14.9290527648	15.0095018236
14.9714636816	14.9312391531	15.0116882101
14.9999999997	14.9999928755	15.0000071239
15.0246319906	14.9844074633	15.0648565178
15.0228893155	14.9826647889	15.0631138421
15.0000000003	14.9999959978	15.0000040027
14.9802303653	14.9400058374	15.0204548933
14.981625853	14.9414013236	15.0218503824
14.9999999998	14.9999810276	15.000018972
15.0158715004	14.9756469669	15.0560960338
15.0147501762	14.9745256407	15.0549747117
15.0000000002	14.9999712021	15.0000287982
14.9872637221	14.9470391838	15.0274882603
14.9881673517	14.9479428126	15.0283918907
14.9999999999	14.9999686117	15.000031388
15.0102074691	14.9699829297	15.0504320086
15.0094771772	14.969252638	15.0497017163
15.0000000001	14.9999693033	15.0000306969
14.991838334	14.9516137958	15.0320628722
14.9924305358	14.9522059982	15.0326550734
14.9999999999	14.9999716564	15.0000283434
15.0065005081	14.966275972	15.0467250442
15.0060181294	14.9657935935	15.0462426652
15.0000000001	14.9999725222	15.000027478
14.994855095	14.9546305589	15.035079631
14.995250509	14.9550259725	15.0354750456
14.9999999999	14.9999710314	15.0000289685
15.004030725	14.963806188	15.044255262
15.0037036267	14.9634790902	15.0439281632
15.0	14.9999717573	15.0000282428
14.9968945236	14.9566699872	15.0371190599
14.9971686857	14.9569441493	15.0373932222
15.0	14.9999722274	15.0000277725
15.002325686	14.9621011499	15.0425502222
15.0020915949	14.9618670589	15.042316131
15.0	14.9999724919	15.0000275081
14.9983452214	14.958120685	15.0385697579
14.9985502123	14.9583256761	15.0387747485
15.0	14.9999726971	15.0000273028
15.0010613204	14.9608367841	15.0412858566
15.0008758302	14.9606512931	15.0411003673
15.0	14.9999710154	15.0000289847
14.9994824752	14.9592579371	15.0397070133
14.9996571472	14.9594326091	15.0398816854
15.0	14.9999687658	15.0000312342
14.9999979392	14.9597734002	15.0402224782
14.9998259103	14.959601371	15.0400504496
15.0	14.9999690895	15.0000309105
15.0005217542	14.9602972157	15.0407462928
15.000699192	14.9604746548	15.0409237292
15.0	14.9999717664	15.0000282335
14.9989341167	14.9587095811	15.0391586522
14.9987429613	14.9585184262	15.0389674965
15.0	14.9999754993	15.0000245008
15.0016599335	14.9614354004	15.0418844665
15.0018737646	14.9616492325	15.0420982967
15.0	14.9999805675	15.0000194324
14.9976682445	14.957443714	15.0378927749
14.9974217029	14.957197173	15.0376462328
15.0	14.9999848403	15.0000151598
15.0031128981	14.9628883687	15.0433374275
15.0034037452	14.9631792156	15.0436282748
14.9999999999	14.9999818018	15.000018198
14.9959598613	14.9557353301	15.0361843926
14.9956109826	14.9553864507	15.0358355146
15.0000000001	14.9999782584	15.0000217417
15.0051573101	14.9649327764	15.0453818438
15.0055807732	14.9653562388	15.0458053076
14.9999999999	14.9999737128	15.000026287
14.9934824456	14.9532579096	15.0337069816
14.9929641414	14.9527396047	15.0331886782
15.0000000001	14.9999714017	15.0000285985
15.0081861986	14.9679616615	15.0484107357
15.0088244501	14.9685999137	15.0490489866
14.9999999999	14.9999737315	15.0000262682
14.989755439	14.9495309045	15.0299799736
14.9889657288	14.9487411959	15.0291902617
15.0000000001	14.9999812963	15.000018704
15.0127952024	14.9725706724	15.0530197325
15.013776499	14.9735519702	15.0540010278
14.9999999998	14.999991924	15.0000080756
14.9840304708	14.9438059446	15.024254997
14.9828055316	14.9425810059	15.0230300574
15.0000000002	15.0000000002	15.0000000002
15.0199394188	14.979714895	15.0601639427
15.0214772412	14.9812527172	15.0617017651
14.9999999997	14.9999999997	14.9999999997
14.9750639143	14.9348393906	15.0152884381
14.9731179181	14.9328933949	15.0133424414
15.0000000003	15.0000000003	15.0000000003
15.0312826634	14.99105814	15.0715071868
15.0337741139	14.9935495911	15.0739986368
14.9999999996	14.9999999996	14.9999999996
14.9605457247	14.9203212015	15.0007702478
14.9572988853	14.9170743622	14.9975234085
15.0000000005	15.0000000005	15.0000000005
15.0501969157	15.0099723915	15.09042144
15.0545454186	15.014320894	15.0947699432
14.9999999994	14.9999999994	14.9999999994
14.9352169224	14.8949923964	14.9754414484
14.9291388056	14.8889142792	14.969363332
15.0000000007	15.0000000007	15.0000000007
15.0856228156	15.0453982888	15.1258473425
15.094716189	15.0544916623	15.1349407156
14.9999999991	14.9999975895	15.0000024088
14.8820458242	14.8418212969	14.9222703515
14.8668300196	14.8266054917	14.9070545475
15.000000001	14.9999888535	15.0000111485
15.1756556334	15.1354311033	15.2158801635
15.2066778115	15.1664532808	15.2469023421
14.9999999989	14.9999819352	15.0000180626
14.6900255257	14.6498009937	14.7302500576
14.5949340607	14.5547095276	14.6351585937
15.0000000012	14.9999767735	15.0000232289
15.9262263353	15.8860018017	15.9664508688
17.0737575786	17.0335330445	17.1139821127
17.9999999988	17.9999751368	18.0000248608
18.4050822758	18.3648577418	18.4453068098
18.3099910624	18.269766528	18.3502155969
18.0000000011	17.9999767835	18.0000232188
17.7933048377	17.7530803045	17.8335293709
17.8243265007	17.7841019685	17.8645510329
17.999999999	17.9999812937	18.0000187042
18.1331891571	18.0929646266	18.1734136875
18.1179741551	18.0777496249	18.1581986853
18.0000000009	17.9999853401	18.0000146617
17.9052619116	17.8650373828	17.9454864404
17.9143541573	17.874129629	17.9545786857
17.9999999993	17.9999897128	18.0000102857
18.0708868407	18.0306623131	18.1111113684
18.0648102293	18.0245857009	18.1050347577
18.0000000006	17.9999880692	18.0000119321
17.9454239886	17.9051994594	17.9856485179
17.949770538	17.9095460082	17.9899950678
17.9999999995	17.9999818542	18.0000181448
18.0427380846	18.0025135527	18.0829626166
18.0394937383	17.9992692056	18.0797182711
18.0000000004	17.9999770726	18.0000229282
17.9661808099	17.9259562765	18.0064053433
17.9686691112	17.9284445767	18.0088936458
17.9999999997	17.999975705	18.0000242943
18.0269373724	17.9867128375	18.0671619073
18.0249953288	17.9847707937	18.0652198639
18.0000000003	17.9999749037	18.0000250968
17.978454668	17.9382301337	18.0186792024
17.9799875495	17.9397630154	18.0202120836
17.9999999998	17.9999769479	18.0000230516
18.0172785439	17.9770540109	18.057503077
18.0160597649	17.9758352321	18.0562842978
18.0000000002	17.9999778299	18.0000221704
17.9861195085	17.9458949757	18.0263440414
17.9870931374	17.9468686046	18.0273176702
17.9999999999	17.9999773381	18.0000226616
18.0111630441	17.9709385107	18.0513875775
18.0103828677	17.9701583347	18.0506074006
18.0000000001	17.9999786664	18.0000213338
17.9910159739	17.9507914417	18.0312405061
17.9916423797	17.9514178479	18.0318669115
17.9999999999	17.9999814687	18.0000185311
18.0072337008	17.9670091694	18.0474582323
18.0067301083	17.9665055772	18.0469546395
18.0000000001	17.9999816008	18.0000183993
17.9941738654	17.9539493338	18.0343983969
17.9945790628	17.9543545304	18.0348035951
17.9999999999	17.9999789586	18.0000210412
18.0046933733	17.9644688408	18.0449179058
18.0043671686	17.9641426363	18.0445917009
18.0	17.9999796081	18.0000203919
17.9962186699	17.9559941383	18.0364432016
17.9964813742	17.9562568428	18.0367059057
18.0	17.9999821586	18.0000178413
18.0030467704	17.9628222404	18.0432713004
18.0028351567	17.9626106273	18.043059686
18.0	17.9999859976	18.0000140025
17.9975449632	17.9573204337	18.0377694927
17.9977154478	17.9574909186	18.0379399769
18.0	17.9999832002	18.0000167997
18.0019782962	17.9617537637	18.0422028287
18.0018409336	17.9616163994	18.0420654677
18.0	17.9999722863	18.0000277137
17.9984058309	17.9581812924	18.0386303695
17.9985165135	17.9582919729	18.0387410541
18.0	17.999965035	18.000034965
18.0012846469	17.961060103	18.0415091907
18.0011954587	17.9609709144	18.041420003
18.0	17.9999620714	18.0000379286
17.998964769	17.9587402246	18.0391893134
17.9990366389	17.9588120943	18.0392611835
18.0	17.9999621315	18.0000378684
18.0008342447	17.9606097	18.0410587894
18.0007763292	17.9605517848	18.0410008737
18.0	17.999964739	18.0000352611
17.9993277182	17.9591031734	18.0395522629
17.9993743891	17.9591498454	18.0395989328
18.0	17.9999637151	18.0000362849
18.0005417643	17.9603172196	18.040766309
18.0005041545	17.9602796096	18.0407286993
18.0	17.9999626401	18.0000373599
17.9995634136	17.9593388672	18.0397879599
17.9995937217	17.9593691762	18.0398182672
18.0	17.9999605998	18.0000394002
18.000351828	17.9601272828	18.0405763732
18.000327404	17.9601028591	18.0405519488
18.0	17.9999627256	18.0000372744
17.9997164752	17.9594919332	18.0399410173
17.9997361576	17.9595116162	18.039960699
18.0	17.9999665544	18.0000334456
18.0002284819	17.9600039416	18.0404530221
18.0002126206	17.9599880809	18.0404371604
18.0	17.9999678966	18.0000321034
17.999815875	17.9595913361	18.0400404139
17.999828657	17.9596041188	18.0400531952
18.0	17.9999717353	18.0000282647
18.0001483794	17.959923843	18.0403729158
18.0001380789	17.9599135432	18.0403626145
18.0	17.9999736469	18.0000263531
17.9998804266	17.959655891	18.0401049621
17.9998887274	17.9596641904	18.0401132643
18.0	17.9999704178	18.0000295821
18.0000963598	17.9598718204	18.0403208991
18.0000896705	17.9598651298	18.0403142112
18.0	17.9999647912	18.0000352088
17.9999223472	17.9596978042	18.0401468903
17.9999277379	17.9597031944	18.0401522814
18.0	17.9999625445	18.0000374555
18.0000625775	17.9598380332	18.0402871217
18.0000582333	17.959833689	18.0402827776
18.0	17.9999628008	18.0000371992
17.9999495711	17.9597250277	18.0401741146
17.9999530719	17.9597285282	18.0401776157
18.0	17.9999626242	18.0000373758
18.0000406387	17.9598160939	18.0402651836
18.0000378176	17.959813272	18.0402623631
18.0	17.9999595968	18.0000404032
17.9999672508	17.9597427033	18.0401917982
17.9999695242	17.9597449768	18.0401940716
18.0	17.9999598639	18.0000401361
18.0000263914	17.9598018457	18.0402509371
18.0000245593	17.9598000146	18.040249104
18.0	17.9999629439	18.0000370561
17.9999787321	17.9597541905	18.0402032738
17.9999802086	17.959755668	18.0402047491
18.0	17.9999682603	18.0000317397
18.000017139	17.9597926003	18.0402416776
18.0000159492	17.9597914108	18.0402404875
18.0	17.9999688398	18.0000311602
17.9999861883	17.9597616488	18.0402107279
17.9999871471	17.9597626078	18.0402116865
18.0	17.9999670636	18.0000329364
18.0000111303	17.9597865896	18.040235671
18.0000103576	17.9597858169	18.0402348983
18.0	17.9999663512	18.0000336488
17.9999910305	17.9597664897	18.0402155713
17.9999916532	17.959767112	18.0402161943
18.0	17.999966419	18.000033581
18.0000072282	17.9597826871	18.0402317693
18.0000067264	17.9597821853	18.0402312675
18.0	17.9999657563	18.0000342437
17.9999941751	17.9597696341	18.0402187161
17.9999945794	17.9597700387	18.0402191201
18.0	17.9999680009	18.0000319991
18.0000046941	17.9597801546	18.0402292336
18.0000043682	17.9597798294	18.040228907
18.0	17.9999699096	18.0000300904
17.9999962172	17.9597716797	18.0402207547
17.9999964798	17.9597719431	18.0402210165
18.0	17.9999724618	18.0000275382
18.0000030484	17.9597785122	18.0402275846
18.0000028368	17.9597783009	18.0402273727
18.0	17.9999725778	18.0000274222
17.9999975434	17.9597730075	18.0402220792
17.9999977139	17.9597731785	18.0402222494
18.0	17.9999742248	18.0000257752
18.0000019797	17.959777445	18.0402265143
18.0000018423	17.9597773082	18.0402263763
18.0	17.9999786809	18.0000213191
17.9999984046	17.9597738727	18.0402229366
17.9999985154	17.9597739845	18.0402230463
18.0	17.9999834897	18.0000165102
18.0000012856	17.9597767559	18.0402258154
18.0000011964	17.9597766666	18.0402257261
18.0	17.9999849208	18.0000150792
17.9999989639	17.959774434	18.0402234939
17.9999990359	17.9597745059	18.0402235658
18.0	17.9999830528	18.0000169472
18.0000008349	17.959776304	18.0402253658
18.0000007769	17.9597762456	18.0402253083
18.0	17.9999823471	18.0000176529
17.9999993272	17.9597747959	18.0402238584
17.9999993739	17.9597748421	18.0402239057
18.0	17.9999799336	18.0000200664
18.0000005422	17.95977601	18.0402250744
18.0000005046	17.9597759721	18.040225037
18.0	17.9999794107	18.0000205892
17.9999995631	17.9597750301	18.040224096
17.9999995934	17.959775061	18.0402241258
18.0	17.9999785838	18.0000214161
18.0000003521	17.9597758192	18.040224885
18.0000003277	17.9597757945	18.0402248608
18.0	17.9999757107	18.0000242893
17.9999997162	17.9597751817	18.0402242507
17.9999997359	17.9597752009	18.040224271
18.0	17.9999743003	18.0000256997
18.0000002287	17.9597756928	18.0402247645
18.0000002128	17.9597756767	18.0402247489
18.0	17.9999731413	18.0000268587
17.9999998157	17.9597752793	18.0402243521
17.9999998285	17.9597752921	18.0402243649
18.0	17.9999712858	18.0000287142
18.0000001485	17.9597756109	18.0402246861
18.0000001382	17.9597755992	18.0402246772
18.0	17.9999678707	18.0000321293
17.9999998803	17.95977534	18.0402244207
17.9999998886	17.9597753484	18.0402244289
18.0	17.9999678554	18.0000321446
18.0000000964	17.9597755572	18.0402246357
18.0000000897	17.9597755512	18.0402246282
18.0	17.9999706245	18.0000293755
17.9999999223	17.9597753855	18.0402244591
17.9999999277	17.9597753911	18.0402244643
18.0	17.9999717499	18.00002825
18.0000000626	17.9597755258	18.0402245995
18.0000000583	17.959775522	18.0402245945
18.0	17.9999725712	18.0000274288
17.9999999495	17.9597754132	18.0402244859
17.999999953	17.9597754172	18.0402244888
18.0	17.9999732196	18.0000267804
18.0000000407	17.9597755056	18.0402245757
18.0000000378	17.9597755025	18.0402245732
18.0	17.999973782	18.000026218
17.9999999672	17.9597754313	18.0402245032
17.9999999695	17.9597754331	18.0402245059
18.0	17.9999714624	18.0000285376
18.0000000264	17.9597754894	18.0402245634
18.0000000246	17.9597754871	18.040224562
18.0	17.9999703566	18.0000296434
17.9999999787	17.959775441	18.0402245164
17.9999999802	17.9597754424	18.040224518
18.0	17.9999702379	18.0000297621
18.0000000171	17.9597754794	18.0402245549
18.000000016	17.959775479	18.0402245529
18.0	17.9999718437	18.0000281563
17.9999999862	17.9597754488	18.0402245235
17.9999999871	17.9597754498	18.0402245245
18.0	17.9999717362	18.0000282638
18.0000000111	17.9597754746	18.0402245477
18.0000000104	17.9597754738	18.0402245469
18.0	17.9999727999	18.0000272001
17.999999991	17.9597754555	18.0402245266
17.9999999916	17.9597754569	18.0402245264
18.0	17.9999762667	18.0000237333
18.0000000072	17.9597754738	18.0402245407
18.0000000067	17.9597754739	18.0402245396
18.0	17.9999798961	18.0000201039
17.9999999942	17.9597754626	18.0402245257
17.9999999946	17.9597754639	18.0402245253
18.0	17.9999823427	18.0000176573
18.0000000047	17.9597754744	18.040224535
18.0000000044	17.959775475	18.0402245338
18.0	17.9999855045	18.0000144954
17.9999999962	17.9597754675	18.0402245249
17.9999999965	17.9597754677	18.0402245252
18.0	17.9999902279	18.0000097721
18.000000003	17.9597754751	18.0402245309
18.0000000028	17.9597754748	18.0402245309
18.0	17.9999932648	18.0000067351
17.9999999975	17.9597754695	18.0402245256
17.9999999977	17.9597754695	18.0402245259
18.0	17.9999899481	18.0000100519
18.000000002	17.9597754739	18.0402245301
18.0000000018	17.9597754736	18.0402245301
18.0	17.9999955266	18.0000044734
17.9999999984	17.9597754713	18.0402245255
17.9999999985	17.9597754722	18.0402245248
18.0	18.0	18.0
18.0000000013	17.9597754747	18.0402245278
18.0000000012	17.9597754748	18.0402245276
18.0	17.9999970052	18.0000029948
17.999999999	17.9597754715	18.0402245264
17.999999999	17.9597754712	18.0402245269
18.0	17.9999902918	18.0000097082
18.0000000008	17.9597754725	18.0402245292
18.0000000008	17.9597754726	18.0402245289
18.0	17.9999887806	18.0000112193
17.9999999993	17.9597754709	18.0402245277
17.9999999994	17.9597754705	18.0402245282
18.0	17.9999871724	18.0000128276
18.0000000005	17.9597754715	18.0402245296
18.0000000005	17.9597754709	18.0402245301
18.0	17.9999834114	18.0000165886
17.9999999996	17.9597754688	18.0402245303
17.9999999996	17.9597754683	18.0402245309
18.0	17.9999798472	18.0000201528
18.0000000003	17.9597754679	18.0402245328
18.0000000003	17.9597754676	18.040224533
18.0	17.9999780554	18.0000219446
17.9999999997	17.9597754671	18.0402245323
17.9999999997	17.959775468	18.0402245315
18.0	17.9999800918	18.0000199082
18.0000000002	17.9597754689	18.0402245315
18.0000000002	17.9597754689	18.0402245315
18.0	17.9999806571	18.0000193429
17.9999999998	17.9597754686	18.040224531
17.9999999998	17.9597754687	18.040224531
18.0	17.9999799245	18.0000200755
18.0000000001	17.9597754679	18.0402245324
18.0000000001	17.9597754675	18.0402245328
18.0	17.9999769257	18.0000230743
17.9999999999	17.9597754661	18.0402245337
17.9999999999	17.959775466	18.0402245337
18.0	17.9999756532	18.0000243468
18.0000000001	17.9597754658	18.0402245344
18.0000000001	17.9597754659	18.0402245343
18.0	17.9999757406	18.0000242594
17.9999999999	17.9597754662	18.0402245336
17.9999999999	17.9597754668	18.0402245331
18.0	17.9999779564	18.0000220436
18.0000000001	17.9597754679	18.0402245322
18.0000000001	17.9597754681	18.040224532
18.0	17.9999795713	18.0000204287
17.9999999999	17.959775468	18.0402245319
17.9999999999	17.9597754688	18.0402245311
18.0	17.9999826597	18.0000173403
18.0	17.9597754694	18.0402245307
18.0	17.9597754701	18.0402245299
18.0	17.9999825628	18.0000174372
18.0	17.9597754696	18.0402245303
18.0	17.959775469	18.0402245309
18.0	17.9999817308	18.0000182692
18.0	17.959775469	18.040224531
18.0	17.9597754688	18.0402245312
18.0	17.9999826881	18.0000173119
18.0	17.9597754699	18.04022453
18.0	17.9597754706	18.0402245294
18.0	17.9999890733	18.0000109267
18.0	17.9597754716	18.0402245284
18.0	17.9597754719	18.0402245281
18.0	17.9999891018	18.0000108982
18.0	17.9597754713	18.0402245286
18.0	17.9597754708	18.0402245291
18.0	17.9999853392	18.0000146608
18.0	17.9597754698	18.0402245302
18.0	17.9597754682	18.0402245318
18.0	17.999978793	18.0000212069
18.0	17.959775467	18.040224533
18.0	17.9597754664	18.0402245336
18.0	17.9999767913	18.0000232087
18.0	17.9597754661	18.0402245339
18.0	17.9597754659	18.0402245341
18.0	17.9999752027	18.0000247973
18.0	17.9597754651	18.0402245349
18.0	17.9597754649	18.0402245351
18.0	17.9999741715	18.0000258285
18.0	17.9597754652	18.0402245348
18.0	17.9597754655	18.0402245345
18.0	17.9999758799	18.0000241201
18.0	17.9597754668	18.0402245332
18.0	17.9597754669	18.0402245331
18.0	17.9999788506	18.0000211494
18.0	17.9597754679	18.0402245321
18.0	17.959775468	18.040224532
18.0	17.9999804611	18.0000195389
18.0	17.9597754683	18.0402245317
18.0	17.9597754679	18.0402245321
18.0	17.9999786578	18.0000213422
18.0	17.9597754678	18.0402245322
18.0	17.9597754677	18.0402245323
18.0	17.9999788285	18.0000211715
18.0	17.9597754674	18.0402245325
18.0	17.9597754668	18.0402245332
18.0	17.9999757534	18.0000242465
18.0	17.9597754657	18.0402245343
18.0	17.9597754648	18.0402245352
18.0	17.9999726166	18.0000273834
18.0	17.9597754635	18.0402245365
18.0	17.9597754628	18.0402245371
18.0	17.9999710798	18.0000289202
18.0	17.959775462	18.040224538
18.0	17.9597754614	18.0402245386
18.0	17.9999688256	18.0000311744
18.0	17.9597754601	18.0402245399
18.0	17.9597754602	18.0402245398
18.0	17.9999671258	18.0000328742
18.0	17.9597754596	18.0402245404
18.0	17.959775459	18.040224541
18.0	17.999969288	18.000030712
18.0	17.9597754601	18.0402245399
18.0	17.9597754615	18.0402245385
18.0	17.9999701752	18.0000298247
18.0	17.9597754621	18.040224538
18.0	17.9597754619	18.0402245381
18.0	17.9999693912	18.0000306088
18.0	17.9597754613	18.0402245387
18.0	17.9597754596	18.0402245403
18.0	17.9999653657	18.0000346343
18.0	17.9597754559	18.0402245441
18.0	17.9597754543	18.0402245457
18.0	17.9999596167	18.0000403833
18.0	17.9597754518	18.0402245482
18.0	17.9597754515	18.0402245485
18.0	17.9999589937	18.0000410063
18.0	17.9597754524	18.0402245476
18.0	17.9597754529	18.0402245472
18.0	17.9999604586	18.0000395414
18.0	17.9597754531	18.0402245469
18.0	17.9597754524	18.0402245475
18.0	17.9999581862	18.0000418138
18.0	17.9597754504	18.0402245497
18.0	17.9597754493	18.0402245508
18.0	17.9999552122	18.0000447878
17.9999999999	17.9597754477	18.0402245522
17.9999999999	17.9597754479	18.040224552
18.0	17.9999551047	18.0000448953
18.0000000001	17.9597754482	18.0402245519
18.0000000001	17.9597754492	18.0402245509
18.0	17.9999566749	18.0000433251
17.9999999999	17.9597754502	18.0402245497
17.9999999999	17.9597754504	18.0402245494
18.0	17.9999568782	18.0000431218
18.0000000001	17.9597754499	18.0402245503
18.0000000001	17.959775449	18.0402245512
18.0	17.9999548364	18.0000451636
17.9999999999	17.959775447	18.0402245527
17.9999999999	17.9597754469	18.0402245528
18.0	17.9999539301	18.0000460699
18.0000000001	17.9597754473	18.040224553
18.0000000001	17.9597754484	18.0402245519
18.0	17.9999562504	18.0000437496
17.9999999998	17.9597754507	18.0402245489
17.9999999998	17.9597754516	18.040224548
18.0	17.9999590665	18.0000409335
18.0000000002	17.9597754534	18.040224547
18.0000000002	17.959775454	18.0402245465
18.0	17.9999605998	18.0000394002
17.9999999997	17.9597754545	18.040224545
17.9999999997	17.959775454	18.0402245454
18.0	17.9999634652	18.0000365348
18.0000000003	17.9597754584	18.0402245423
18.0000000004	17.9597754598	18.0402245409
18.0	17.9999683503	18.0000316497
17.9999999996	17.9597754603	18.0402245389
17.9999999995	17.959775461	18.0402245381
18.0	17.9999691147	18.0000308853
18.0000000005	17.9597754614	18.0402245396
18.0000000006	17.9597754608	18.0402245403
18.0	17.9999674443	18.0000325556
17.9999999993	17.959775458	18.0402245407
17.9999999993	17.9597754582	18.0402245404
18.0	17.9999660834	18.0000339166
18.0000000008	17.9597754582	18.0402245434
18.0000000009	17.9597754575	18.0402245442
18.0	17.999963253	18.000036747
17.999999999	17.9597754546	18.0402245434
17.9999999989	17.9597754539	18.040224544
18.0	17.9999617732	18.0000382268
18.0000000012	17.9597754562	18.0402245463
18.0000000013	17.9597754564	18.0402245463
18.0	17.9999627819	18.000037218
17.9999999985	17.9597754547	18.0402245423
17.9999999983	17.9597754552	18.0402245415
18.0	17.9999644024	18.0000355976
18.0000000019	17.9597754597	18.0402245441
18.000000002	17.9597754599	18.0402245442
18.0	17.9999652633	18.0000347367
17.9999999976	17.9597754558	18.0402245394
17.9999999975	17.9597754563	18.0402245386
18.0	17.9999672665	18.0000327335
18.0000000029	17.9597754643	18.0402245416
18.0000000031	17.9597754652	18.0402245411
18.0	17.9999736381	18.0000263619
17.9999999964	17.9597754619	18.0402245309
17.9999999961	17.9597754633	18.0402245289
18.0	17.9999799542	18.0000200457
18.0000000045	17.9597754734	18.0402245356
18.0000000048	17.9597754744	18.0402245353
18.0	17.999982496	18.000017504
17.9999999944	17.9597754633	18.0402245255
17.999999994	17.9597754628	18.0402245251
18.0	17.9999799983	18.0000200017
18.0000000069	17.959775475	18.0402245389
18.0000000075	17.9597754749	18.0402245401
18.0	17.9999786627	18.0000213373
17.9999999914	17.9597754585	18.0402245242
17.9999999907	17.9597754575	18.040224524
18.0	17.9999760547	18.0000239453
18.0000000107	17.9597754761	18.0402245453
18.0000000115	17.9597754766	18.0402245464
18.0	17.9999729097	18.0000270903
17.9999999867	17.95977545	18.0402245234
17.9999999857	17.959775449	18.0402245224
18.0	17.9999719036	18.0000280964
18.0000000165	17.9597754807	18.0402245523
18.0000000177	17.9597754824	18.0402245531
18.0	17.9999755724	18.0000244276
17.9999999795	17.9597754467	18.0402245124
17.999999978	17.9597754456	18.0402245104
18.0	17.9999801465	18.0000198534
18.0000000254	17.9597754937	18.040224557
18.0000000273	17.9597754948	18.0402245597
18.0	17.9999780495	18.0000219505
17.9999999685	17.959775435	18.040224502
17.9999999662	17.9597754325	18.0402244998
18.0	17.9999770564	18.0000229436
18.0000000391	17.9597755051	18.0402245731
18.000000042	17.9597755082	18.0402245758
18.0	17.9999765933	18.0000234067
17.9999999515	17.9597754175	18.0402244855
17.9999999479	17.9597754139	18.0402244819
18.0	17.9999771186	18.0000228814
18.0000000602	17.9597755265	18.0402245939
18.0000000647	17.959775531	18.0402245983
18.0	17.9999766643	18.0000233357
17.9999999253	17.959775391	18.0402244596
17.9999999198	17.9597753853	18.0402244542
18.0	17.9999752404	18.0000247596
18.0000000927	17.9597755575	18.0402246278
18.0000000996	17.9597755649	18.0402246342
18.0	17.9999746466	18.0000253534
17.999999885	17.9597753504	18.0402244196
17.9999998764	17.9597753428	18.0402244101
18.0	17.999977852	18.000022148
18.0000001427	17.9597756105	18.0402246749
18.0000001533	17.9597756219	18.0402246848
18.0	17.9999834411	18.0000165588
17.9999998229	17.9597752935	18.0402243524
17.9999998097	17.9597752803	18.0402243392
18.0	17.9999869182	18.0000130818
18.0000002197	17.9597756911	18.0402247483
18.0000002361	17.9597757066	18.0402247656
18.0	17.999984502	18.000015498
17.9999997274	17.9597751971	18.0402242576
17.999999707	17.9597751763	18.0402242377
18.0	17.9999805702	18.0000194298
18.0000003383	17.9597758064	18.0402248703
18.0000003636	17.9597758315	18.0402248956
18.0	17.9999792165	18.0000207835
17.9999995802	17.9597750477	18.0402241126
17.9999995488	17.9597750156	18.040224082
18.0	17.999977062	18.000022938
18.000000521	17.9597759877	18.0402250542
18.0000005598	17.959776026	18.0402250937
18.0	17.9999776504	18.0000223496
17.9999993535	17.9597748218	18.0402238852
17.9999993053	17.9597747744	18.0402238362
18.0	17.9999865162	18.0000134838
18.0000008022	17.9597762741	18.0402253303
18.0000008621	17.9597763344	18.0402253897
18.0	18.0	18.0
17.9999990045	17.9597744768	18.0402235323
17.9999989303	17.9597744017	18.0402234588
18.0	17.9999891327	18.0000108673
18.0000012353	17.9597767044	18.0402257662
18.0000013274	17.9597767954	18.0402258595
18.0	17.9999798164	18.0000201836
17.9999984671	17.9597739338	18.0402230004
17.9999983528	17.9597738197	18.0402228858
18.0	17.9999813114	18.0000186886
18.0000019022	17.9597773698	18.0402264345
18.0000020441	17.9597775116	18.0402265765
18.0	17.9999845624	18.0000154376
17.9999976396	17.9597731078	18.0402221714
17.9999974635	17.9597729309	18.0402219961
18.0	17.999988595	18.000011405
18.000002929	17.9597783959	18.0402274622
18.0000031475	17.9597786139	18.0402276812
18.0	17.9999905625	18.0000094375
17.9999963653	17.9597718306	18.0402209
17.9999960942	17.95977156	18.0402206284
18.0	18.0	18.0
18.0000045103	17.959779974	18.0402290465
18.0000048467	17.9597803091	18.0402293843
18.0	18.0	18.0
17.9999944032	17.9597698623	18.0402189441
17.9999939857	17.9597694419	18.0402185295
18.0	18.0	18.0
18.0000069451	17.9597823949	18.0402314954
18.0000074632	17.9597829082	18.0402320182
18.0	18.0	18.0
17.9999913817	17.9597668159	18.0402159476
17.9999907388	17.9597661669	18.0402153107
18.0	18.0	18.0
18.0000106945	17.9597861072	18.0402352817
18.0000114922	17.9597868959	18.0402360886
18.0	18.0	18.0
17.9999867292	17.9597621103	18.0402113481
17.9999857392	17.9597611063	18.0402103721
18.0	18.0	18.0
18.0000164679	17.9597918006	18.0402411351
18.0000176964	17.9597930065	18.0402423862
18.0	18.0	18.0
17.9999795649	17.9597548195	18.0402043103
17.9999780404	17.9597532594	18.0402028215
18.0	18.0	18.0
18.0000253581	17.959800488	18.0402502283
18.0000272499	17.9598023248	18.0402521749
18.0	18.0	18.0
17.9999685328	17.9597434706	18.0401935949
17.9999661853	17.9597410384	18.0401913321
18.0	17.9999934641	18.0000065359
18.0000390482	17.9598136922	18.0402644042
18.0000419613	17.9598164762	18.0402674463
18.0	17.9999823295	18.0000176705
17.9999515443	17.9597257392	18.0401773494
17.9999479293	17.9597219258	18.0401739328
18.0	17.9999773807	18.0000226193
18.0000601301	17.9598336352	18.040286625
18.0000646162	17.9598378179	18.0402914145
18.0	17.9999768438	18.0000231562
17.9999253821	17.9596978283	18.040152936
17.9999198148	17.9596917937	18.0401478358
18.0	17.9999769482	18.0000230518
18.0000925977	17.9598634125	18.040321783
18.0000995073	17.9598696011	18.0403294135
18.0	17.9999717279	18.0000282721
17.9998850872	17.9596533882	18.0401167863
17.9998765113	17.959643702	18.0401093205
18.0	17.9999687061	18.0000312939
18.0001426106	17.9599070432	18.040378178
18.0001532561	17.9599159816	18.0403905306
18.0	17.9999705663	18.0000294337
17.9998230057	17.9595814858	18.0400645255
17.9998097888	17.9595656409	18.0400539367
18.0	17.9999761751	18.0000238249
18.0002196869	17.9599689981	18.0404703756
18.0002361006	17.9599813622	18.040490839
18.0	17.9999783156	18.0000216844
17.9997272869	17.9594624702	18.0399921037
17.9997068943	17.9594358383	18.0399779504
18.0	17.9999773143	18.0000226857
18.0003386069	17.9600520223	18.0406251915
18.0003639594	17.9600677612	18.0406601575
18.0	17.9999772253	18.0000227747
17.9995794465	17.9592593169	18.0398995761
17.9995478962	17.9592129484	18.0398828439
18.0	17.99998025	18.00001975
18.0005225832	17.9601507355	18.0408944308
18.0005619071	17.960167204	18.0409566102
18.0	17.9999832884	18.0000167115
17.9993501528	17.9588985116	18.0398017941
17.9993010238	17.9588140977	18.0397879498
18.0	17.9999826507	18.0000173493
18.0008090264	17.9602341451	18.0413839078
18.0008706283	17.960241203	18.0415000537
18.0	17.9999796233	18.0000203766
17.9989910301	17.9582255068	18.0397565534
17.9989133594	17.958063341	18.0397633777
18.0	17.9999799039	18.0000200961
18.001261747	17.9602005803	18.0423229137
18.0013605078	17.9601680217	18.0425529939
18.0	17.9999790191	18.0000209808
17.998415523	17.9568941121	18.039936934
17.998288331	17.9565618013	18.0400148607
18.0	17.9999781608	18.0000218392
18.0020026864	17.959760525	18.0442448477
18.0021696675	17.9596046126	18.0447347224
18.0	17.9999783299	18.00002167
17.9974431831	17.9540618744	18.0408244918
17.9972176284	17.953321855	18.0411134018
18.0	17.9999802947	18.0000197054
18.0033156287	17.9581079207	18.0485233367
18.0036332912	17.9575903109	18.0496762715
18.0	17.9999796526	18.0000203473
17.995594115	17.9473917373	18.0437964926
17.9951189733	17.9455197772	18.0447181694
18.0	17.9999792515	18.0000207486
18.0060844794	17.9527948068	18.0593741519
18.0068587386	17.9511208575	18.0625966198
17.9999999999	17.9999800826	18.0000199173
17.9910633438	17.9286260393	18.0535006483
17.989638399	17.9225711739	18.056705624
18.0	17.9999809719	18.0000190282
18.0145211941	17.9340217093	18.095020679
18.0176512501	17.9272092982	18.1080932019
17.9999999999	17.9999806115	18.0000193884
17.9719473294	17.8495374425	18.0943572162
17.9628902403	17.8137282082	18.1120522723
18.0	17.9999807095	18.0000192906
18.0749319351	17.8204827008	18.3293811695
18.1181693097	17.7502350478	18.4861035715
