2.40130922133
1.79330123684
0.906943107605
1.3073986338e-12
-0.599092149945
-0.622457349623
-1.22781784739e-11
1.07494079793
2.20978668749
3.00000000004
3.25211561889
3.11163364619
2.9999999999
3.37355790613
4.43802582255
6.00000000018
7.56474774168
8.63168619794
8.99999999974
8.88094083414
8.74255272269
9.00000000032
9.77230563203
10.8701531167
11.9999999996
13.0061751466
13.9542645936
15.0000000004
16.1722019107
17.2730389857
17.9999999997
18.2017919072
18.0552035754
18.0000000002
18.4589710654
19.5479873997
20.9999999999
22.3669906763
23.3490322655
24.0
24.6550824058
25.6414376386
27.0000000002
28.4334640222
29.516114216
29.9999999997
29.9871165186
29.8528824727
30.0000000004
30.6344034164
31.7052387404
32.9999999994
34.2757105224
35.3270500239
36.0000000007
36.2280408876
36.1180276606
35.9999999991
36.3188032329
37.3617706859
39.000000001
40.6843680672
41.7751521208
41.9999999988
41.6791576136
41.5021452775
42.0000000013
43.1313912725
44.3324074652
44.9999999985
45.005018255
44.7955042666
45.0000000015
45.8761293202
47.0869075123
47.9999999985
48.2451557657
48.0397662751
48.0000000014
48.6071920607
49.7941767936
50.9999999987
51.6292534862
51.5140446489
51.0000000012
50.6197807262
50.6624053584
50.9999999989
51.2775737523
51.2561268481
51.0000000009
50.7744524104
50.7842454454
50.9999999992
51.2083112598
51.2127957512
51.0000000007
50.7459380683
50.6903619255
50.9999999994
51.7125731426
52.758425867
54.0000000005
55.2532892796
56.3109507567
56.9999999996
57.2618241681
57.1935527247
57.0000000004
56.8748366493
56.8940636996
56.9999999997
57.0804885775
57.071553516
57.0000000003
56.9420463503
56.9473983245
56.9999999997
57.0437966223
57.0401018761
57.0000000002
56.9662665357
56.9690468724
56.9999999998
57.0260093634
57.0237895006
57.0000000002
56.9802558241
56.9821166279
56.9999999998
57.0144104857
57.0127717335
57.0000000001
56.9903734259
56.9919050998
56.9999999999
57.005045437
57.0034965978
57.0000000001
56.9997443672
57.0014854813
56.9999999999
56.9946231943
56.9923774118
57.0000000001
57.0130758296
57.0165093762
56.9999999999
56.9742584017
56.9677939697
57.0000000001
57.0520760863
57.0681666141
56.9999999999
56.8704995805
56.8061885719
57.0
57.6121260531
58.6647773543
60.0
61.3348227437
62.3870725286
63.0
63.195427223
63.131532369
63.0
62.9289427478
62.9445872458
63.0
63.0364772637
63.0305052171
63.0
62.9776817926
62.9805581256
63.0
63.0151841286
63.013581788
63.0
62.9889171008
62.9899029594
63.0
63.0085021319
63.0078519476
63.0
62.9932266342
62.99367585
63.0
63.0055676663
63.0052490922
63.0
62.9952900505
62.99551709
63.0
63.0041014506
63.0039431978
63.0
62.9963157862
62.9964188093
63.0
63.0034236834
63.003367877
63.0
62.9967002527
62.9967132332
63.0
63.0033019924
63.0033300443
63.0
62.9965728172
62.9965034626
63.0
63.0036779791
63.0037907249
63.0
62.9959375995
62.9957776181
63.0
63.0045937763
63.0048066617
63.0
62.9947089377
62.9944354784
63.0
63.0061794775
63.0065234653
63.0
62.992708532
62.9922813746
63.0
63.0086680517
63.0091942558
62.9999999999
62.9896393476
62.9889942331
63.0000000001
63.0124336147
63.0132225291
62.9999999999
62.9850322792
62.9840681681
63.0000000001
63.0180652649
63.0192446658
62.9999999999
62.9781423345
62.9766954799
63.0000000001
63.0265173987
63.0283013925
62.9999999998
62.9677223739
62.9655047799
63.0000000002
63.03946619
63.0422572117
62.9999999997
62.9514320434
62.9478527508
63.0000000003
63.0603470267
63.0650695032
62.9999999996
62.9238931266
62.9173853727
63.0000000004
63.0983071369
63.107907641
62.9999999995
62.8677389738
62.8519063988
63.0000000006
63.1919562355
63.2237506005
62.9999999994
62.6712055375
62.5751222845
63.0000000007
63.9483080877
65.0971415599
65.9999999993
66.3786858664
66.2818479664
66.0000000007
65.8255387612
65.8589654031
65.9999999993
66.0928145504
66.0741534623
66.0000000007
65.9575555439
65.9719326502
65.9999999994
65.9995878968
65.984356673
66.0000000006
66.0521967159
66.0764876027
65.9999999994
65.8453928212
65.7722121205
66.0000000006
66.6656612362
67.7294661209
68.9999999994
70.2433447597
71.2788533099
72.0000000006
72.34875322
72.316999823
71.9999999994
71.6382723913
71.5580211168
72.0000000006
72.9455526926
74.0876698192
74.9999999994
75.3984448377
75.3058653464
75.0000000005
74.793741571
74.8233727961
74.9999999995
75.1363465818
75.1220288322
75.0000000004
74.8996820283
74.9081082391
74.9999999997
75.0783395367
75.0728235654
75.0000000003
74.9363364809
74.9401571723
74.9999999998
75.0534068372
75.0507012661
75.0000000002
74.9538521204
74.9557497949
74.9999999999
75.0411185037
75.0398559775
75.0000000001
74.9621160929
74.9628413968
75.0
75.0362017444
75.0359631868
75.0
74.9640425006
74.9638094393
75.0
75.0371378181
75.0378594807
74.9999999999
74.9601719748
74.9589085931
75.0000000001
75.044232519
75.0461400693
74.9999999998
74.9492719554
74.946539226
75.0000000002
75.0599792182
75.0638598202
74.9999999997
74.9268069117
74.9211687264
75.0000000003
75.0927305371
75.1013993262
74.9999999996
74.8762024224
74.8614026152
75.0000000004
75.1802582469
75.2108720184
74.9999999995
74.6866378476
74.59194311
75.0000000005
75.9284413095
77.0755953416
77.9999999995
78.4039719169
78.3092286629
78.0000000005
77.7934081918
77.8241207584
77.9999999995
78.1339679264
78.1190154504
78.0000000004
77.9037461116
77.9126270146
77.9999999996
78.0729842656
78.0670667435
78.0000000003
77.9429001338
77.9471376121
77.9999999997
78.0455426653
78.0423621992
78.0000000002
77.9632248481
77.9656879681
77.9999999998
78.0299357858
78.0279874656
78.0000000002
77.9755008735
77.977064257
77.9999999999
78.0201218958
78.0188550773
78.0000000001
77.9834331725
77.9844665518
77.9999999999
78.0136622883
78.0128154811
78.0000000001
77.9887204161
77.9894165025
77.9999999999
78.0093195244
78.0087461107
78.0
77.9922959259
77.9927689758
78.0
78.0063709124
78.0059802694
78.0
77.9947302688
77.9950530812
78.0
78.0043596094
78.0040927245
78.0
77.9963929166
77.9966136343
78.0
78.002984686
78.0028021092
78.0
77.9975301856
77.9976812353
78.0
78.0020438351
78.0019188557
78.0
77.9983086314
77.9984120474
78.0
78.0013997102
78.001314133
78.0
77.9988416412
77.9989124591
78.0
78.0009586312
78.0009000258
78.0
77.9992066544
77.9992551541
78.0
78.0006565607
78.0006164237
78.0
77.999456639
77.9994898555
78.0
78.0004496793
78.0004221898
78.0
77.9996278502
77.9996506001
78.0
78.0003079874
78.0002891599
78.0
77.9997451126
77.999760694
78.0
78.0002109425
78.0001980475
78.0
77.9998254259
77.9998360977
78.0
78.0001444759
78.0001356441
78.0
77.999880433
77.9998877422
78.0
78.0000989525
78.0000929035
78.0
77.9999181078
77.9999231139
78.0
78.0000677732
78.0000636301
78.0
77.9999439116
77.9999473404
78.0
78.0000464181
78.0000435805
78.0
77.9999615849
77.9999639333
78.0
78.0000317918
78.0000298483
78.0
77.9999736896
77.9999752981
78.0
78.0000217739
78.0000204428
78.0
77.9999819804
77.9999830821
78.0
78.0000149124
78.0000140006
78.0
77.9999876592
77.9999884138
78.0
78.0000102125
78.000009588
78.0
77.999991549
77.9999920659
78.0
78.000006993
78.0000065652
78.0
77.9999942138
77.9999945679
78.0
78.0000047872
78.000004494
78.0
77.9999960398
77.9999962826
78.0
78.0000032754
78.0000030744
78.0
77.9999972917
77.9999974583
78.0
78.0000022384
78.0000021003
78.0
77.9999981511
77.9999982656
78.0
78.0000015258
78.0000014308
78.0
77.9999987425
77.9999988214
78.0
78.0000010344
78.0000009686
78.0
77.9999991515
77.9999992065
78.0
78.000000693
78.0000006469
78.0
77.9999994376
77.9999994765
78.0
78.000000452
78.000000419
78.0
77.9999996422
77.9999996706
78.0
78.0000002765
78.0000002517
78.0
77.9999997949
77.9999998169
78.0
78.0000001411
78.000000121
78.0
77.9999999178
77.9999999367
78.0
78.0000000262
78.0000000078
78.0
78.0000000289
78.0000000474
78.0
77.999999915
77.9999998957
78.0
78.0000001441
78.0000001649
78.0
77.9999997915
77.9999997685
78.0
78.0000002803
78.0000003063
78.0
77.9999996378
77.9999996078
78.0
78.000000457
78.0000004921
78.0
77.9999994316
77.9999993902
78.0
78.0000007001
78.0000007493
78.0
77.9999991431
77.9999990843
78.0
78.0000010446
78.0000011151
78.0
77.9999987303
77.9999986455
78.0
78.0000015405
78.0000016425
78.0
77.9999981334
77.9999980105
78.0
78.0000022597
78.000002408
78.0
77.999997266
77.999997087
78.0
78.0000033065
78.0000035226
78.0
77.9999960022
77.9999957413
78.0
78.0000048326
78.0000051478
78.0
77.999994159
77.9999937782
78.0
78.0000070592
78.0000075192
78.0
77.999991469
77.9999909133
78.0
78.0000103091
78.0000109806
78.0
77.9999875424
77.9999867311
78.0
78.0000150535
78.0000160338
78.0
77.99998181
77.9999806255
78.0
78.0000219799
78.0000234112
78.0
77.9999734407
77.9999717113
78.0
78.0000320926
78.0000341823
78.0
77.9999612213
77.9999586963
78.0
78.0000468577
78.0000499087
78.0
77.9999433802
77.9999396935
78.0
78.0000684157
78.0000728706
78.0
77.9999173305
77.9999119474
78.0
78.0000998933
78.0001063981
78.0
77.9998792936
77.999871433
78.0
78.0001458576
78.0001553566
78.0
77.999823748
77.9998122683
78.0
78.0002129848
78.0002268592
78.0
77.9997426185
77.9997258482
78.0
78.0003110474
78.0003313211
78.0
77.999624071
77.9995995566
78.0
78.0004543902
78.0004840419
78.0
77.9994506919
77.9994148094
78.0
78.0006641965
78.0007076489
78.0
77.9991966336
77.9991439617
78.0
78.000972143
78.0010360834
78.0
77.9988228337
77.9987450491
78.0
78.0014268259
78.0015217439
78.0
77.9982680874
77.9981517439
78.0
78.0021066392
78.002250167
78.0
77.9974296961
77.9972509813
78.0
78.0031501174
78.0033756182
78.0
77.9961137959
77.9958238533
78.0
78.004840857
78.0052236442
78.0
77.9938834523
77.9933592127
78.0
78.0078931833
78.008648131
78.0
77.9894886929
77.9883248878
78.0
78.014677033
78.0166442987
78.0
77.9779640715
77.9741903537
78.0
78.037084132
78.0457567985
78.0
77.9246763379
77.8983135301
78.0
78.215008971
78.347904704
