-1.95551411154
-1.05759058824
-0.376695354921
7.77617970016e-11
0.104922349186
0.0599698058999
-3.2582647691e-10
-0.0056613203692
0.0184633277702
8.04902811069e-10
-0.0880016980091
-0.154115709626
-1.52340362547e-09
0.573328586679
1.62542830814
3.00000000242
4.37687193126
5.43122547954
5.99999999662
6.14546118403
6.07773689739
6.00000000421
5.99279428804
6.01502893638
5.99999999515
5.94821470475
5.92998599814
6.0000000052
6.11414059602
6.14439205684
5.99999999482
5.75628453768
5.66427304017
6.00000000467
6.84855361422
7.9907338692
8.99999999635
9.50170631343
9.41523085136
9.00000000217
8.66565373488
8.68183071505
8.99999999956
9.31747335239
9.33294345664
8.9999999987
8.58766526762
8.50200271629
9.00000000277
10.0037158921
11.1448239949
11.9999999962
12.3449510983
12.2545590389
12.0000000043
11.8405424373
11.8679722076
11.9999999956
12.0958975492
12.0834999016
12.0000000043
11.9347128477
11.9415646927
11.9999999961
12.047684934
12.0433999483
12.0000000035
11.9636267413
11.9665402612
11.9999999969
12.0285304323
12.0264284105
12.0000000026
11.977209224
11.9787922359
11.9999999977
12.0184226852
12.0171925817
12.0000000019
11.9849981253
11.9859763868
11.9999999984
12.0122653992
12.0114736896
12.0000000014
11.9899594348
11.9906090772
11.9999999988
12.0082079407
12.0076685832
12.000000001
11.9933189512
11.9937717044
11.9999999992
12.0053946889
12.0050102339
12.0000000007
11.9957020765
11.9960328547
11.9999999994
12.0033496758
12.0030605433
12.0000000006
11.997484165
11.9977418384
11.9999999995
12.0017672526
12.0015321605
12.0000000005
11.9989217239
11.9991422118
11.9999999995
12.0004256118
12.0002123214
12.0000000004
12.0002126145
12.0004258278
11.9999999995
11.9991423188
11.9989220888
12.0000000005
12.0015310387
12.001765604
11.9999999995
11.9977449337
11.9974882326
12.0000000006
12.0030538584
12.0033412531
11.9999999994
11.9960459196
11.995718208
12.0000000007
12.0049859411
12.0053650186
11.9999999991
11.9938156583
11.9933723039
12.000000001
12.0075902881
12.0081132413
11.9999999988
11.9907473078
11.9901263035
12.0000000014
12.0112307663
12.0119723854
11.9999999983
11.9864026604
11.9855123523
12.000000002
12.0164436615
12.017518326
11.9999999977
11.9801133253
11.9788077952
12.0000000028
12.0240805487
12.0256795973
11.9999999967
11.9707641606
11.9687837156
12.0000000039
12.0356529306
12.0381442542
11.9999999954
11.9562163159
11.9530116574
12.0000000055
12.0543527055
12.0586107809
11.9999999936
11.9313839238
11.9254482433
12.0000000073
12.0889759059
12.0978746523
11.9999999917
11.8793259829
11.8643527083
12.0000000093
12.1776065574
12.2083473929
11.99999999
11.6889473729
11.5941626266
12.0000000104
12.9263715934
14.0735872263
14.9999999896
15.4058790063
15.311094714
15.00000001
14.7916091477
14.82234906
14.9999999907
15.1356940119
15.1207221601
15.0000000083
14.9020738248
14.9109706018
14.9999999927
15.0746097827
15.0686766831
15.0000000064
14.9413227748
14.9455775726
14.9999999945
15.047065398
15.043864822
15.0000000046
14.9617655362
14.9642518376
14.9999999961
15.0313226255
15.0293483082
15.0000000033
14.9741944205
14.9757860338
14.9999999972
15.0213419861
15.0200454444
15.0000000023
14.9823031501
14.9833669766
14.9999999981
15.0147008063
15.0138235438
15.0000000016
14.9877727858
14.9884987212
14.9999999986
15.0101786066
15.009576442
15.0000000011
14.9915217026
14.9920220382
14.9999999991
15.0070649489
15.0066487372
15.0000000008
14.9941110964
14.9944576095
14.9999999993
15.0049096072
15.0046209582
15.0000000005
14.9959062677
14.9961468098
14.9999999995
15.0034137689
15.0032132614
15.0000000004
14.9971530621
14.9973202299
14.9999999997
15.002374336
15.0022349458
15.0000000003
14.9980197479
14.9981359868
14.9999999998
15.0016516142
15.0015546752
15.0000000002
14.9986224621
14.9987033092
14.9999999998
15.0011489557
15.001081527
15.0000000001
14.9990416894
14.9990979279
14.9999999999
15.0007993034
15.0007523972
15.0000000001
14.9993333182
14.999372441
14.9999999999
15.0005560663
15.0005234351
15.0000000001
14.999536195
14.9995634119
14.9999999999
15.0003868519
15.0003641509
15.0
14.999677333
14.9996962675
15.0
15.0002691315
15.0002533385
15.0
14.9997755215
14.9997886942
15.0
15.0001872341
15.000176247
15.0
14.9998438308
14.999852995
15.0
15.0001302584
15.0001226147
15.0
14.9998913534
14.9998977288
15.0
15.0000906206
15.0000853029
15.0
14.9999244147
14.9999288501
15.0
15.0000630446
15.0000593451
15.0
14.9999474154
14.9999505011
15.0
15.00004386
15.0000412863
15.0
14.999963417
14.9999655637
15.0
15.0000305134
15.0000287228
15.0
14.9999745492
14.9999760427
15.0
15.0000212281
15.0000199824
15.0
14.9999822939
14.9999833329
15.0
15.0000147684
15.0000139017
15.0
14.9999876819
14.9999884047
15.0
15.0000102743
15.0000096714
15.0
14.9999914303
14.9999919332
15.0
15.0000071478
15.0000067284
15.0
14.9999940381
14.9999943879
15.0
15.0000049727
15.0000046809
15.0
14.9999958523
14.9999960957
15.0
15.0000034595
15.0000032565
15.0
14.9999971145
14.9999972838
15.0
15.0000024068
15.0000022656
15.0
14.9999979925
14.9999981103
15.0
15.0000016744
15.0000015761
15.0
14.9999986034
14.9999986854
15.0
15.0000011649
15.0000010965
15.0
14.9999990284
14.9999990854
15.0
15.0000008104
15.0000007628
15.0
14.999999324
14.9999993637
15.0
15.0000005638
15.0000005307
15.0
14.9999995297
14.9999995573
15.0
15.0000003922
15.0000003692
15.0
14.9999996728
14.999999692
15.0
15.0000002729
15.0000002569
15.0
14.9999997724
14.9999997857
15.0
15.0000001898
15.0000001787
15.0
14.9999998417
14.9999998509
15.0
15.0000001321
15.0000001243
15.0
14.9999998898
14.9999998963
15.0
15.0000000919
15.0000000865
15.0
14.9999999234
14.9999999279
15.0
15.0000000639
15.0000000602
15.0
14.9999999467
14.9999999498
15.0
15.0000000445
15.0000000419
15.0
14.9999999629
14.9999999651
15.0
15.0000000309
15.0000000291
15.0
14.9999999742
14.9999999757
15.0
15.0000000215
15.0000000203
15.0
14.999999982
14.9999999831
15.0
15.000000015
15.0000000141
15.0
14.9999999875
14.9999999882
15.0
15.0000000104
15.0000000098
15.0
14.9999999913
14.9999999918
15.0
15.0000000072
15.0000000068
15.0
14.999999994
14.9999999943
15.0
15.000000005
15.0000000047
15.0
14.9999999958
14.999999996
15.0
15.0000000035
15.0000000033
15.0
14.9999999971
14.9999999972
15.0
15.0000000024
15.0000000023
15.0
14.999999998
14.9999999981
15.0
15.0000000017
15.0000000016
15.0
14.9999999986
14.9999999987
15.0
15.0000000012
15.0000000011
15.0
14.999999999
14.9999999991
15.0
15.0000000008
15.0000000008
15.0
14.9999999993
14.9999999994
15.0
15.0000000006
15.0000000005
15.0
14.9999999995
14.9999999995
15.0
15.0000000004
15.0000000004
15.0
14.9999999997
14.9999999997
15.0
15.0000000003
15.0000000003
15.0
14.9999999998
14.9999999998
15.0
15.0000000002
15.0000000002
15.0
14.9999999998
14.9999999998
15.0
15.0000000001
15.0000000001
15.0
14.9999999999
14.9999999999
15.0
15.0000000001
15.0000000001
15.0
14.9999999999
14.9999999999
15.0
15.0000000001
15.0000000001
15.0
14.9999999999
14.9999999999
15.0
15.0
15.0
15.0
15.0
15.0
15.0
15.0
15.0
15.0
15.0
15.0
15.0
15.0
15.0
15.0
15.0
15.0
15.0
15.0
15.0
15.0
15.0
15.0
15.0
15.0
15.0
15.0
15.0
15.0
15.0
15.0
15.0
15.0
15.0
15.0
15.0
15.0
15.0
15.0
15.0
15.0
15.0
15.0
15.0
15.0
15.0
15.0
15.0
15.0
15.0
15.0
15.0
15.0
15.0
15.0
15.0
15.0
15.0
15.0
15.0
15.0
15.0
15.0
15.0
15.0
15.0
15.0
15.0
15.0
15.0
15.0
15.0
15.0
15.0
15.0
15.0
15.0
15.0
15.0
15.0
15.0
15.0
15.0
15.0
15.0
15.0
15.0
15.0
15.0
15.0
15.0
15.0
15.0
15.0
15.0
15.0
15.0
15.0
15.0
15.0
15.0
15.0
15.0
15.0
15.0
15.0
15.0
15.0
15.0
15.0
15.0
15.0
15.0
15.0
15.0
15.0
15.0
15.0
15.0
15.0
15.0
15.0
15.0
15.0
15.0
15.0
15.0
15.0
15.0
15.0
15.0
15.0
15.0
15.0
15.0
15.0
15.0
15.0
15.0
15.0
15.0
15.0
15.0
15.0
15.0
15.0
15.0
15.0
15.0
15.0
15.0
15.0
15.0
15.0
15.0
15.0
15.0
15.0
15.0
15.0
15.0
15.0
15.0
15.0
15.0
15.0
15.0
15.0
15.0
15.0
15.0
15.0
15.0
15.0
15.0
15.0
15.0
15.0
15.0
15.0
15.0
15.0
15.0
15.0
15.0
15.0
15.0
15.0
15.0
15.0
15.0
15.0
15.0
15.0
15.0
15.0
15.0
15.0
15.0
15.0
15.0
15.0
15.0
15.0
15.0
15.0
15.0
15.0
15.0
15.0
15.0
15.0
15.0
15.0
15.0
15.0
15.0
15.0
15.0
15.0
15.0
15.0
15.0
15.0
15.0
15.0
15.0
15.0
15.0
15.0
15.0
15.0
15.0
15.0
15.0
15.0
15.0
15.0
15.0
15.0
15.0
15.0
15.0
15.0
15.0
15.0
15.0
15.0
15.0
15.0
15.0
15.0
15.0
15.0
15.0
15.0
15.0
15.0
15.0
15.0
15.0
15.0
15.0
15.0
15.0
15.0
15.0
15.0
15.0
15.0
15.0
15.0
15.0
15.0
15.0
15.0
15.0
15.0
15.0
15.0
15.0
15.0
15.0
15.0
15.0
15.0
15.0
15.0
15.0
15.0
15.0
15.0
15.0
15.0
15.0
15.0
15.0
15.0
15.0
15.0
15.0
15.0
15.0
15.0
15.0
15.0
15.0
15.0
15.0
15.0
15.0
15.0
15.0
15.0
15.0
15.0
15.0
15.0
15.0
15.0
15.0
15.0
15.0
15.0
15.0
15.0
15.0
15.0
15.0
15.0
15.0
15.0
15.0
15.0
15.0
15.0
15.0
15.0
15.0
15.0
15.0
15.0
15.0
15.0
15.0
15.0
15.0
15.0
15.0
15.0
15.0
15.0
15.0
15.0
15.0
15.0
15.0
15.0
15.0
15.0
15.0
15.0
15.0
15.0
15.0
15.0
15.0
15.0
15.0
15.0
15.0
15.0
15.0
15.0
15.0
15.0
15.0
15.0
15.0
15.0
15.0
15.0
15.0
15.0
15.0
15.0
15.0
15.0
15.0
15.0
15.0
15.0
15.0
15.0
15.0
15.0
15.0
15.0
15.0
15.0
15.0
15.0
15.0
15.0
15.0
15.0
15.0
15.0
15.0
15.0
15.0
15.0
15.0
15.0
15.0
15.0
15.0
15.0
15.0
15.0
15.0
15.0
15.0
15.0
15.0
15.0
15.0
15.0
15.0
15.0
15.0
15.0
15.0
15.0
15.0
15.0
15.0
15.0
15.0
15.0
15.0
15.0
15.0
15.0
15.0
15.0
15.0
15.0
15.0
15.0
15.0
15.0
15.0
15.0
15.0
15.0
15.0
15.0
15.0
15.0
15.0
15.0
15.0
15.0
15.0
15.0
15.0
15.0
15.0
15.0
15.0
15.0
15.0
15.0
15.0
15.0
15.0
15.0
15.0
15.0
15.0
15.0
15.0
15.0
15.0
15.0
15.0
15.0
15.0
15.0
15.0
15.0
15.0
15.0
15.0
15.0
15.0
15.0
15.0
15.0
15.0
15.0
15.0
15.0
15.0
15.0
15.0
15.0
15.0
15.0
15.0
15.0
15.0
15.0
15.0
15.0
15.0
15.0
15.0
15.0
15.0
15.0
15.0
15.0
15.0
15.0
15.0
15.0
15.0
15.0
15.0
15.0
15.0
15.0
15.0
15.0
15.0
15.0
15.0
15.0
15.0
15.0
15.0
15.0
15.0
15.0
15.0
15.0
15.0
15.0
15.0
15.0
15.0
15.0
15.0
15.0
15.0
15.0
15.0
15.0
15.0
15.0
15.0
15.0
15.0
15.0
15.0
15.0
15.0
15.0
15.0
15.0
15.0
15.0
15.0
15.0
15.0
15.0
15.0
15.0
15.0
15.0
15.0
15.0
15.0
15.0
15.0
15.0
15.0
15.0
15.0
15.0
15.0
15.0
15.0
15.0
15.0
15.0
15.0
15.0
15.0
15.0
15.0
15.0
15.0
15.0
15.0
15.0
15.0
15.0
15.0
15.0
15.0
15.0
15.0
15.0
15.0
15.0
15.0
15.0
15.0
15.0
15.0
15.0
15.0
15.0
15.0
15.0
15.0
15.0
15.0
15.0
15.0
15.0
15.0
15.0
15.0
15.0
15.0
15.0
15.0
15.0
15.0
15.0
15.0
15.0
15.0
15.0
15.0
15.0
15.0
15.0
15.0
15.0
15.0
15.0
15.0
15.0
15.0
15.0
15.0
15.0
15.0
15.0
15.0
15.0
15.0
15.0
15.0
15.0
15.0
15.0
15.0
15.0
15.0
15.0
15.0
15.0
15.0
15.0
15.0
15.0
15.0
15.0
15.0
15.0
15.0
15.0
15.0
15.0
15.0
15.0
15.0
15.0
15.0
15.0
15.0
15.0
15.0
15.0
15.0
15.0
15.0
15.0
15.0
15.0
15.0
15.0
15.0
15.0
15.0
15.0
15.0
15.0
15.0
15.0
15.0
15.0
15.0
15.0
15.0
15.0
15.0
15.0
15.0
15.0
15.0
15.0
15.0
15.0
15.0
15.0
15.0
15.0
15.0
15.0
15.0
15.0
15.0
15.0
15.0
15.0
15.0
15.0
15.0
15.0
15.0
15.0
15.0
15.0
15.0
15.0
15.0
15.0
15.0
15.0
15.0
15.0
15.0
15.0
15.0
15.0
15.0
15.0
15.0
15.0
15.0
15.0
15.0
15.0
15.0
15.0
15.0
15.0
15.0
15.0
15.0
15.0
15.0
15.0
15.0
15.0
15.0
15.0
15.0
15.0
15.0
15.0
15.0
15.0
15.0
15.0
15.0
15.0
15.0
15.0
15.0
15.0
15.0
15.0
15.0
15.0
15.0
15.0
15.0
15.0
15.0
15.0
15.0
15.0
15.0
15.0
15.0
15.0
15.0
15.0
15.0
15.0
15.0
15.0
15.0
15.0
15.0
15.0
15.0
15.0
15.0
15.0
15.0
15.0
15.0
15.0
15.0
15.0
15.0
15.0
15.0
15.0
15.0
15.0
15.0
15.0
15.0
15.0
15.0
15.0
15.0
15.0
15.0
15.0
15.0
15.0
15.0
15.0
15.0
15.0
15.0
15.0
15.0
15.0
15.0
15.0
15.0
15.0
15.0
15.0
15.0
15.0
15.0
15.0
15.0
15.0
15.0
15.0
15.0
15.0
15.0
15.0
15.0
15.0
15.0
15.0
15.0
15.0
15.0
15.0
15.0
15.0
15.0
15.0
15.0
15.0
15.0
15.0
15.0
15.0
15.0
15.0
15.0
15.0
15.0
15.0
15.0
15.0
15.0
15.0
15.0
15.0
15.0
15.0
15.0
15.0
15.0
15.0
15.0
15.0
15.0
15.0
15.0
15.0
15.0
15.0
15.0
15.0
15.0
15.0
15.0
15.0
15.0
15.0
15.0
15.0
15.0
15.0
15.0
15.0
15.0
15.0
15.0
15.0
15.0
15.0
15.0
15.0
15.0
15.0
15.0
15.0
15.0
15.0
15.0
15.0
15.0
15.0
15.0
15.0
15.0
15.0
15.0
15.0
15.0
15.0
15.0
15.0
15.0
15.0
15.0
15.0
15.0
15.0
15.0
15.0
15.0
15.0
15.0
15.0
15.0
15.0
15.0
15.0
15.0
15.0
15.0
15.0
15.0
15.0
15.0
15.0
15.0
15.0
15.0
15.0
15.0
15.0
15.0
15.0
15.0
15.0
15.0
15.0
15.0
15.0
15.0
15.0
15.0
15.0
15.0
15.0
15.0
15.0
15.0
15.0
15.0
15.0
15.0
15.0
15.0
15.0
15.0
15.0
15.0
15.0
15.0
15.0
15.0
15.0
15.0
15.0
15.0
15.0
15.0
15.0
15.0
15.0
15.0
15.0
15.0
15.0
15.0
15.0
15.0
15.0
15.0
15.0
15.0
15.0
15.0
15.0
15.0
15.0
15.0
15.0
15.0
15.0
15.0
15.0
15.0
15.0
15.0
15.0
15.0
15.0
15.0
15.0
15.0
15.0
15.0
15.0
15.0
15.0
15.0
15.0
15.0
15.0
15.0
15.0
15.0
15.0
15.0
15.0
15.0
15.0
15.0
15.0
15.0
15.0
15.0
15.0
15.0
15.0
15.0
15.0
15.0
15.0
15.0
15.0
15.0
15.0
15.0
15.0
15.0
15.0
15.0
15.0
15.0
15.0
15.0
15.0
15.0
15.0
15.0
15.0
15.0
15.0
15.0
15.0
15.0
15.0
15.0
15.0
15.0
15.0
15.0
15.0
15.0
15.0
15.0
15.0
15.0
15.0
15.0
15.0
15.0
15.0
15.0
15.0
15.0
15.0
15.0
15.0
15.0
15.0
15.0
15.0
15.0
15.0
15.0
15.0
15.0
15.0
15.0
15.0
15.0
15.0
15.0
15.0
15.0
15.0
15.0
15.0
15.0
15.0
15.0
15.0
15.0
15.0
15.0
15.0
15.0
15.0
15.0
15.0
15.0
15.0
15.0
15.0
15.0
15.0
15.0
15.0
15.0
15.0
15.0
15.0
15.0
15.0
15.0
15.0
15.0
15.0
15.0
15.0
15.0
15.0
15.0
15.0
15.0
15.0
15.0
15.0
15.0
15.0
15.0
15.0
15.0
15.0
15.0
15.0
15.0
15.0
15.0
15.0
15.0
15.0
15.0
15.0
15.0
15.0
15.0
15.0
15.0
15.0
15.0
15.0
15.0
15.0
15.0
15.0
15.0
15.0
15.0
15.0
15.0
15.0
15.0
15.0
15.0
15.0
15.0
15.0
15.0
15.0
15.0
15.0
15.0
15.0
15.0
15.0
15.0
15.0
15.0
15.0
15.0
15.0
15.0
15.0
15.0
15.0
15.0
15.0
15.0
15.0
15.0
15.0
15.0
15.0
15.0
15.0
15.0
15.0
15.0
15.0
15.0
15.0
15.0
15.0
15.0
15.0
15.0
15.0
15.0
15.0
15.0
15.0
15.0
15.0
15.0
15.0
15.0
15.0
15.0
15.0
15.0
15.0
15.0
15.0
15.0
15.0
15.0
15.0
15.0
15.0
15.0
15.0
15.0
15.0
15.0
15.0
15.0
15.0
15.0
15.0
15.0
15.0
15.0
15.0
15.0
15.0
15.0
15.0
15.0
15.0
15.0
15.0
15.0
15.0
15.0
15.0
15.0
15.0
15.0
15.0
15.0
15.0
15.0
15.0
15.0
15.0
15.0
15.0
15.0
15.0
15.0
15.0
15.0
15.0
15.0
15.0
15.0
15.0
15.0
15.0
15.0
15.0
15.0
15.0
15.0
15.0
15.0
15.0
15.0
15.0
15.0
15.0
15.0
15.0
15.0
15.0
15.0
15.0
15.0
15.0
15.0
15.0
15.0
15.0
15.0
15.0
15.0
15.0
15.0
15.0
15.0
15.0
15.0
15.0
15.0
15.0
15.0
15.0
15.0
15.0
15.0
15.0
15.0
15.0
15.0
15.0
15.0
15.0
15.0
15.0
14.9999999999
15.0
15.0000000001
15.0000000001
15.0
14.9999999999
14.9999999999
15.0
15.0000000001
15.0000000001
15.0
14.9999999999
14.9999999999
15.0
15.0000000001
15.0000000001
15.0
14.9999999999
14.9999999999
15.0
15.0000000002
15.0000000002
15.0
14.9999999998
14.9999999998
15.0
15.0000000002
15.0000000002
15.0
14.9999999997
14.9999999997
15.0
15.0000000003
15.0000000004
15.0
14.9999999996
14.9999999996
15.0
15.0000000005
15.0000000005
15.0
14.9999999994
14.9999999994
15.0
15.0000000007
15.0000000007
15.0
14.9999999992
14.9999999991
15.0
15.000000001
15.000000001
15.0
14.9999999988
14.9999999987
15.0
15.0000000014
15.0000000015
15.0
14.9999999983
14.9999999982
15.0
15.000000002
15.0000000022
15.0
14.9999999975
14.9999999974
15.0
15.0000000029
15.0000000031
15.0
14.9999999965
14.9999999962
15.0
15.0000000042
15.0000000045
15.0
14.9999999949
14.9999999946
15.0
15.0000000061
15.0000000065
15.0
14.9999999927
14.9999999922
15.0
15.0000000087
15.0000000093
15.0
14.9999999895
14.9999999889
15.0
15.0000000126
15.0000000134
15.0
14.9999999849
14.999999984
15.0
15.0000000181
15.0000000192
15.0
14.9999999783
14.999999977
15.0
15.000000026
15.0000000276
15.0
14.9999999688
14.9999999669
15.0
15.0000000373
15.0000000397
15.0
14.9999999552
14.9999999524
15.0
15.0000000537
15.000000057
15.0
14.9999999356
14.9999999316
15.0
15.0000000772
15.000000082
15.0
14.9999999075
14.9999999017
15.0
15.0000001109
15.0000001178
15.0
14.999999867
14.9999998587
15.0
15.0000001594
15.0000001694
15.0
14.9999998088
14.9999997969
15.0
15.0000002292
15.0000002435
15.0
14.9999997252
14.9999997081
15.0
15.0000003294
15.0000003499
15.0
14.9999996051
14.9999995804
15.0
15.0000004735
15.000000503
15.0
14.9999994323
14.9999993969
15.0
15.0000006806
15.000000723
15.0
14.999999184
14.9999991331
15.0
15.0000009783
15.0000010393
15.0
14.9999988271
14.999998754
15.0
15.0000014062
15.0000014939
15.0
14.999998314
14.9999982089
15.0
15.0000020213
15.0000021473
15.0
14.9999975766
14.9999974255
15.0
15.0000029055
15.0000030866
15.0
14.9999965166
14.9999962994
15.0
15.0000041763
15.0000044367
15.0
14.9999949929
14.9999946808
15.0
15.0000060031
15.0000063773
15.0
14.9999928027
14.9999923541
15.0
15.000008629
15.0000091669
15.0
14.9999896545
14.9999890095
15.0
15.0000124036
15.0000131768
15.0
14.9999851289
14.9999842017
15.0
15.0000178297
15.0000189413
15.0
14.9999786229
14.99997729
15.0
15.0000256306
15.000027229
15.0
14.9999692687
14.999967352
15.0
15.0000368481
15.0000391469
15.0
14.9999558155
14.9999530581
15.0
15.0000529851
15.0000562933
15.0
14.9999364555
14.9999324853
15.0
15.0000762188
15.0000809855
15.0
14.9999085612
14.9999028346
15.0
15.000109729
15.0001166149
15.0
14.999868269
14.9998599785
15.0
15.0001582366
15.0001682367
15.0
14.9998097655
14.9997976717
15.0
15.0002289783
15.0002436591
15.0
14.9997239094
14.9997059928
15.0
15.0003337273
15.0003557593
15.0
14.9995951516
14.9995677674
15.0
15.0004936782
15.0005282298
14.9999999999
14.9993934767
14.9993489621
15.0000000001
15.0007532862
15.0008123079
14.9999999999
14.9990495839
14.9989682106
15.0000000001
15.0012270306
15.0013452668
14.9999999999
14.9983613563
14.9981770913
15.0000000001
15.0023011798
15.0026165495
14.9999999999
14.9965131045
14.9958998352
15.0000000001
15.0059464062
15.0073768922
14.9999999999
14.9877047085
14.9832846186
15.0000000001
15.0359006603
15.0585925076
